0.0	0.024768417427628683	0.0	0.28990243794416276	0.24751546757817974	
0.0	0.0	0.09171967564389227	0.38211474283443936	0.2226965069744876	
0.060185138622042215	0.011725851629728237	0.013576277301320452	0.3533802135191689	0.13109143914589155	
0.0	0.12338557712787444	0.0	0.0	0.1355553108008618	
0.0	0.0	0.0	0.0	0.0	
0.0	0.08900533214723623	0.026906329764408658	0.4359883701260638	0.06312500234347186	
0.0	0.0	0.0	0.0	0.0	
0.0	0.0	0.6371182917599209	0.0	0.0	
0.11581108667293868	0.0	0.0	0.09634007941999356	0.16552794134709106	
0.0	0.0	0.0916245074810218	0.4985456109067721	0.15375294375782	
0.0	0.5244405307778899	0.0	0.30569204134096006	0.05844280047140182	
0.08718264685456156	0.09557242537504995	0.2956589178040394	0.053926656919665826	0.0	
0.0	0.2097951439070789	0.2748515795975109	0.4938705404188437	0.0641201249157274	
0.0	0.0	0.0	0.8060705914826738	0.12547116591931498	
0.09913284187011348	0.2690095838421712	0.0	0.043248402695260535	0.06295247086279042	
0.0	0.08991267860699581	0.024071957132211254	0.0632378977133647	0.5268830289160844	
0.4267238838090502	0.0	0.10446609094321348	0.4449652629696112	0.05138106171734818	
0.25813721121742517	0.46944434940884655	0.39244417247917235	0.42010774706927495	0.22358256857984418	
0.014891755921633517	0.09273025933503773	0.005848378865721586	0.03538070390320684	0.32412682331415965	
0.0	0.2964605759020947	0.0	0.38324984579326743	0.09204485009079824	
0.0	0.04634228845346338	0.037219536752874406	0.7579611266449979	0.04030473352276436	
0.032949103637381356	0.05133112753540889	6.68166810993609E-5	0.3072049301019337	0.21139544585056655	
0.10706083328607222	0.0	0.12218518916606938	0.0	0.034517112787226155	
0.0	0.11666771810676799	0.0	0.14738824417808827	0.07838278065754666	
0.3813083102307162	0.13180864151378838	0.03323799639811641	0.0	0.3486111936842063	
0.0	0.0	0.0	0.6025052327100242	0.04838882169559745	
0.004942516258218704	0.29352399111104294	0.0	0.0	0.0	
0.0	0.4161809329407726	0.3706631824033967	0.3241212075033312	0.0	
0.0	0.19572476371922182	0.20466693482789303	0.050430244411599184	0.04238326844203257	
0.35481901342692135	0.06943855531005423	0.1369486584815311	0.0	0.09614635363541346	
0.07783069460069843	0.0	0.0	0.10378288766420056	0.0	
0.0	0.25182704931274613	0.0	0.33955624672764817	0.0	
0.0	0.01582471441422299	0.10496425997375516	0.8672189606346866	0.19586893385836876	
0.0	0.09215386598016716	0.12225124627677891	0.22775920014468967	0.10142934463826854	
0.5387127511803703	0.009796713050488464	0.0	0.284009240701271	0.0	
0.18990682436501455	0.23626862782704905	0.22695822080969438	0.42416790115797626	0.23634428527625045	
0.0	0.25298870141737795	0.3402615664776231	0.05659975597415933	0.036163503903125116	
0.0	0.019246437644347813	6.766983471693895E-6	0.14258258040308464	0.188177774398926	
0.2543316576329103	0.03657752441363952	0.2821368803047504	0.19469776022517402	0.2655929551260196	
0.08309340186444511	0.021478009477176176	0.2886600658928923	0.005618203767876718	0.11131157474193491	
0.2517911789315844	0.12324847037612816	0.09791583754904346	0.14314747317850604	0.12726400302710938	
0.0	0.3284580213933372	0.2777001029068201	0.1582322275652312	0.15418025782471922	
0.0	0.0	0.6618295180398265	0.12939004333181878	0.18495307046859094	
0.0634573865524259	0.057595805101697595	0.21971945558838019	0.3439084141313721	0.4111627579721423	
0.2320530827196418	0.08449624451058185	0.038517817333910985	0.22214561784543635	0.11292325441676646	
0.23022927460693107	0.23732119806816943	0.09330634328241469	0.06537379812253276	0.015744953199663125	
0.03402114473273686	0.09191409275953892	0.09151874701449651	0.21174794387731838	0.22148649689968714	
0.17816240656200935	0.2863122344986852	0.0026407507608073293	0.01675523364468461	0.34727337894700017	
0.0	0.10602239405889442	0.2851467726637761	0.08590219557380159	0.09407048076808419	
0.0	0.03158070487350214	0.03228654584573756	0.430931287307759	0.19540127036946225	
0.0	0.39372762210387413	0.12400636202831446	0.010506195916455168	0.0	
0.0	0.06581229315697962	0.2677512080570998	0.1412182931302567	0.08291191894989691	
0.10057842601748711	0.5729699898653378	0.4588510572824608	0.0	2.786705634983155E-5	
0.0	0.0	0.3380094598499486	0.1432427551217034	0.0	
0.13947597756164679	0.059751486998411554	0.0	0.0	0.10797874047859787	
0.0	0.17921197362591246	0.3057331782222481	0.0057543224753977135	0.0	
0.0	0.0	0.0	0.0	0.0	
0.11205762283843756	0.0	0.0	0.21620361991663747	0.05719870109380532	
0.22844149217409496	0.032505937879036655	0.032563631167879976	0.2546162950387986	0.23733165933633404	
0.0	0.17939291954605538	0.24127033650904062	0.09205746427681417	0.0	
0.1362437234562845	0.21142887174730465	0.07106204284848469	0.14851704399905344	0.0	
0.0564171464475628	0.0	0.2555600965349124	0.14515855614547715	0.19295202739308084	
0.16853837402066016	0.07639929656858077	0.49369661587058883	0.45069208927745913	0.0	
0.17247619898143335	0.005279942547890771	0.1229483172807889	0.11193848330544572	0.03658186676492631	
0.3597692664172553	0.0	0.0	0.27522400641640077	0.0015716248712789845	
0.0	0.0	0.15100904588711112	0.21913969125281124	0.0821883340885496	
0.3908058805762853	0.38248793383201585	0.022943292967265192	0.15350483998303627	0.050447000547115095	
0.0	0.3451347047073176	0.24101647886649497	0.15337606761132544	0.0	
0.23753361211279392	0.006171063106897576	0.3484599578091145	0.12695341632932983	0.0728899205357914	
0.2903732739245552	0.38341338443755885	0.21232416601551685	0.21586247375947368	0.04699792661666745	
0.4639227083948416	0.005175324627034313	0.2272075046132888	0.7867627499724575	0.10819583006098629	
0.129657130419683	0.16631908860302988	0.04073601513173959	0.36285025556220096	0.015320818921729077	
0.08795996341086648	0.0018092594251681738	0.0	0.0	0.0	
0.27436125957343316	0.0	0.0	0.0	0.0	
0.0	0.15381061491625586	0.016257086106020845	0.1825732108245467	0.015297262972025185	
0.13079205164156385	0.06583349821301057	0.04871267655090644	0.20373122152514558	0.2207768236263352	
0.0	0.19248488248860182	0.20897898206625112	0.12127594987830818	0.3141303149850697	
0.0	0.10389347942731068	0.5784540325734719	0.2939181594879516	0.17737579553141217	
0.0	0.09758286092021519	0.0	0.0	0.036184980241610584	
0.18738692017062356	0.04026919935047823	0.0	0.030129869184601046	0.11896051628520014	
0.358615850259623	0.49566355400423606	0.13882249992494086	0.0624157400143389	0.18348255859489937	
0.06675522612950578	0.047916256488974907	3.858766420885695E-4	0.1988203734718271	0.001655674568293021	
0.20887482398262935	0.32045687911492804	0.34366132440833935	0.03466396097144995	0.3247447970266193	
0.051466184313881704	0.11921144276859479	0.09781232617687616	0.19918649805060173	0.15825364574709763	
0.0	0.19473055299975164	0.003527715236473423	0.33565789440171295	0.01731787229441802	
0.1451401332406086	1.126148283827225	0.19285172991311894	0.0	0.2146019715254541	
0.0	0.5192494060582491	0.14071969586020244	0.6519184956421007	0.15232313289261082	
0.17460642556699693	0.247402620634203	0.08827217404772321	0.0817846843687087	0.19373461202980635	
0.10078770576468682	0.01598518836729479	0.10933967771912194	0.13912892128096213	0.07832915167813438	
0.11518161391163148	0.4494800520962923	0.2938575735143838	0.12263285467488416	0.3403416712951671	
0.30834771648809006	0.0	0.020858441272728383	0.16854758276908205	0.13868226480072884	
0.09511785416071442	0.4114424696423287	0.03815247035585886	0.28584688903208505	0.0	
0.007493787162822455	0.1465479978929888	0.19185396445565303	0.3434452568106444	0.030147147415423625	
0.0	0.17502257174453242	0.11127877063846106	0.1366905681021605	0.07651891111272205	
0.0	0.27142722152043286	0.1537106531546836	0.14397090778086016	0.14309511390595098	
0.28531026819555083	0.042841234483433625	0.24736497415225475	0.2304555714795317	0.24433383757238286	
0.2694162831931605	0.35360405794180416	0.12557701362923748	0.0	0.0	
0.10693654787725779	0.2295058065570743	0.15379084702015317	0.0	0.0	
0.07110610223764734	0.04230895836321779	0.32187264660917664	0.30185613314605864	0.09367255324712565	
0.31787851377877463	0.03010101356566607	0.5735629769880917	0.13361120484769945	0.008427051167769945	
0.37380845719653677	0.22887511595833007	0.11598440122412117	0.37359431365615864	0.0025671533703146426	
0.09405512255049399	0.006799599640887316	0.0	0.2410437546828374	0.29293736899427286	
0.29941196158529504	0.119452426722368	0.42669005947922906	0.18967651378234798	0.3736090079573698	
0.06359505240205375	0.34702426192848895	0.0	0.22524089777396236	0.0	
0.0	0.0	0.0	0.0	0.0	
0.299197112873455	0.1891966084482816	0.21292473946701868	0.03791106194530899	0.0	
1.8989112737967433E-4	0.0	0.24176432767819947	0.15769297614754518	0.02278120400063908	
0.0	0.06218646779091009	0.0	0.8639272604987565	0.0	
0.2960188210696036	0.035047133113939345	0.2800466838823387	0.03326467846047754	0.27742939033491826	
0.5258724340270574	0.0	0.478637481943996	0.36687533163791425	0.09986930247781318	
0.11190914958543097	0.18287106161829686	0.14567265886702147	0.06292928056435941	0.1213790269154721	
0.1367552895419004	0.2232649266831761	0.05993702058340381	0.15226134278928358	0.2717936260741243	
0.40362346532412113	0.12859421748266042	0.41282763267964245	0.29904993683945963	0.11339698408828433	
0.20459171039846116	0.0	0.38245838413943756	0.18264481309404973	0.2713821563072572	
0.0	0.0	0.16041674284572938	0.3832169897026676	0.35292507686154245	
0.20611082487619695	0.1982861497092333	0.47070432298054743	0.18895573122469358	0.5494386839738303	
0.4695375949083136	0.1023399270148881	0.3228023401025829	0.4110764676534999	0.36902580175362854	
0.47935472283083247	0.0	2.3309197821487937E-4	0.01116383381489774	0.0701226002259779	
0.23878624907700868	0.06819974859483854	0.1602960857448627	0.0	0.0	
0.0	0.08364939527717281	0.0	0.05347907481430597	0.01641491960760909	
0.010963953693048388	0.0	0.0	0.6136461143278646	0.0041627475225726835	
0.0	0.0	0.0	0.2876100589296094	0.0	
0.2369191805349587	0.007678423481492484	0.3166158573171175	0.25812969610261277	0.3445664173705786	
0.11337689499834057	0.10056361139343488	0.043021001710988	0.3437280560405703	0.04333521573365895	
0.2862845325012465	0.5089190095417196	0.4828501646884969	0.0	0.020610541605366628	
0.6211192300522999	0.5092261899739575	0.0	0.2825533641070962	0.0	
0.03836709855609503	0.613147514306664	0.27345366286243517	0.10847124818658176	0.11214403670676228	
0.0	0.0	0.5212019797804095	0.18528878686182051	0.2583523745017491	
0.29532126658022195	0.41419706937415396	0.06865854888891566	0.6813990647670946	0.060578701414186094	
0.23199332821883847	0.010212158960631514	0.015647984371880107	0.04533779085817234	0.10576592214903925	
0.025694379666295283	0.058802752817737156	0.26114956177119236	0.0	0.18133641169123255	
0.4303144328270863	0.4299794352721076	0.10940164305403502	0.19771670079331483	0.1639311688503144	
0.31821566369198495	0.37697160796838547	0.1925485428258894	0.1238432294090181	0.1859674096317498	
0.09808715259047492	0.0	0.1299178433218864	0.0	0.08058004907191313	
0.1579580535697379	0.13549370952674028	0.2513727821336778	0.2962874905724476	0.2397111690007949	
9.246176706273437E-5	0.02720273273870633	3.218303911863747E-4	4.6856020347744846E-4	0.05083637215927977	
0.16749000306594333	0.0	0.28305278111891413	0.0028728152387158456	0.12217067528600614	
0.30574234959045804	0.12681272054747442	0.4685593998364587	0.14982934991206898	0.8077014005551209	
0.21356523642485895	0.19460447097328035	0.06774218127810096	0.14261311021256468	0.2652729629845547	
0.187608387717704	0.2910820842995598	0.13346624245155925	0.008145397708766603	0.14881913907182623	
0.35017752113657563	0.09494362976624517	0.4802612103416431	0.3006032613499665	0.31923938272291297	
0.27159224973204527	0.15184539459924176	0.08684148695560008	0.3507994774906672	0.0	
0.04052720043995457	0.0	0.0	0.34717268797935613	0.3419497021986908	
0.11663185930082742	0.38133208195786317	0.45728595492712143	0.4916589023014953	0.23319678221302118	
0.23193971409055142	0.1625334798460272	0.4070117726250588	0.4265269507795181	0.5374782264411098	
0.03902683193942313	0.1567007952804951	0.05110600924849977	0.21532590028913673	0.19310112925430947	
0.2790435514533164	0.0	0.12557964885217854	0.009926244943573454	0.04660518537034167	
0.23443956384653247	0.2707287837826433	0.06593044364970391	0.12186289636780472	0.0	
0.39855720610096906	0.0	0.2614330565853778	0.18684062076588848	0.10047851331550528	
0.15315983506784142	0.029973789846761807	0.0	0.15495695527690284	0.223837482103203	
0.3638927670596895	0.5179023216257912	0.32546389543509024	0.29027662249944536	0.06997295834537355	
0.19042312969426312	0.09730232753016997	0.015423532380558325	0.3040955774730196	0.0	
0.06050503520614866	0.370565968558802	0.0	0.0	0.3700816903588385	
0.0	0.387911238043246	0.02209964083139499	0.1517145172299642	0.1748999808433718	
0.18791804913201568	0.020110423630623788	0.0880454524352187	0.008522559885691222	0.08297537586266344	
0.19072986974869338	0.2258775907642986	0.35043981427601933	0.26922627568895124	0.4109476219901851	
0.2918077126625691	0.034008332056021474	0.012701530433544371	0.07254179651810017	0.1342360624960403	
0.11724687744987168	0.31132422180218566	0.24826104781144906	0.04159744314774425	0.4375194911696822	
0.05524302095433674	0.044225679342986594	0.0316789153457937	0.24592254801783028	0.14692911132909522	
0.40638460656656916	0.15180051129422	0.039164363304946506	0.2687273224841963	0.021687104891149375	
0.33496083351031375	0.1287455604803225	0.15426026578723495	0.0	0.32114761535061587	
0.0	0.1705841263498027	0.0	0.0	0.0	
0.08683547792274748	0.28526825250923693	0.029684229101065576	0.5378362870336767	0.5339220100708301	
0.0	0.17783008867923913	0.19516196835486874	0.16335410800512334	0.07857027403584978	
0.0	0.006788080154466618	0.0	0.0	0.0	
0.07654618533154225	0.1841233618414196	0.36456913291040177	0.09136515935190676	0.26556021690282006	
0.04799920434665828	0.0011738607065246947	0.27818719044556794	0.05170592149051849	0.0	
0.03326182402992783	0.17952958310666778	0.1585920666498477	0.0487863218349054	0.06611925178906991	
0.15711382613466482	0.10991394557783768	0.04668631048475814	0.2516670876731485	0.008092782437195908	
0.1092742752188611	0.033541491374217566	0.2639074146665393	0.034616543610433	0.26445633561341914	
0.12265456138085506	0.21647015987283327	0.19317989826660056	0.2706602663022262	0.24847046723417787	
0.014418829872572717	0.1337218087561163	0.5125542221523395	0.2266460941290958	0.1381056301017095	
0.18038075331374734	0.12294504008223718	0.0	0.5448410713198157	0.0	
0.16400239177026105	0.17836693627623207	0.2349813517352608	0.0030100336192703287	0.12395490135938851	
0.3194956364594298	0.0	9.436847775590184E-4	0.0	0.009684994115333264	
0.0	0.17446186887323242	0.236641353737055	0.052351392722549926	0.17096879678729035	
0.1740244896977857	0.1263304934935236	0.12481980406891185	0.23428859917412276	0.05320861148530034	
0.3456553664081751	0.4261458366546586	0.23730351438333364	0.23295040151615987	0.14744553487128265	
0.15750282497553672	0.02800191416097627	0.13055466325909235	0.07344808730543663	0.2799268106330193	
0.2187372835209811	0.019060457977338425	0.0916462005618422	0.0	3.76798245628281E-4	
0.019357621096322785	0.22236001130487593	0.2213631052498787	0.005658412157239689	0.20354694074149368	
0.1898304008070891	0.031130866990909715	0.031787649041549175	0.01799211325394995	0.03128176382111608	
0.0	0.09420706499118318	0.1430203715939024	0.1016775633463928	0.0	
0.0	0.0	0.5166973836141169	0.0	0.16241898959204387	
0.2155579796921468	0.3566333354952709	0.1686321465178533	0.1371530153039524	0.46876993104449244	
0.0	0.0	0.19050981070071848	0.0	0.0	
0.43204476820318555	0.2275768812006119	0.17299821685698208	0.3873647666756044	0.0	
0.11209350282057247	0.018837778798527813	0.13951802021290755	0.02600797662485956	0.09856642575665933	
0.0	0.012251173844342692	0.2247186490775226	0.07508039571440923	0.05909434477218775	
0.0	0.0	0.0	0.40974940060326054	0.0	
0.007872491826339303	0.16407004782670234	0.08881022267241867	0.03674270942367231	0.03598527685300179	
0.0	0.0	0.27778776153043566	0.06250243810323948	0.0	
0.26419359093493755	0.15522452928999486	0.24293204274819463	0.2278408583351037	0.22720552177115508	
0.0	0.3340842913175271	0.0	0.004705486648171962	0.21478074011356793	
0.017432018047668266	0.13936823886426422	0.18578207761025017	0.2354120741937549	0.11490121100750601	
0.0	0.0	0.0	0.0	0.0	
0.0	0.0	0.0	0.0	0.17523270455954357	
0.0	0.21415040777366637	0.25657037470533983	0.21076184262691397	0.05489716874119063	
0.5958970996861038	0.0	0.00860207705835978	0.39378521465259714	0.0	
0.20829192200467783	0.16497266480566428	0.23182881506667694	0.0	0.0	
0.005444059408163503	0.11455270474455354	0.0	0.21010059923927119	0.0	
0.0041690254263847875	0.13460453588176916	9.063557758664575E-4	0.27222714156536937	0.2557290263402008	
0.024789135859413378	0.020758108940497826	0.018652880103624363	0.30530319989401056	0.03065998998024716	
0.2778641690394063	0.8350605434948426	0.43341478537557765	0.42380710598146437	0.39312585569816844	
0.05593112418230855	0.0930191196708325	0.029916021764027	0.09208302077968146	0.2465776491051261	
0.0	0.13812030751586457	0.17539550127898482	0.18741849149854511	4.398054072327691E-4	
0.024572028404186316	0.14878353925996818	0.18249168939953286	0.0	0.0	
0.35918161141463956	0.053329621165505645	0.04527357988498363	0.19696501972901742	0.02204137129327012	
0.286243898981582	0.256949507396424	0.16935908836169736	0.17158962015297902	0.1342837257578478	
0.0	0.15103837819924282	0.12077428621863574	0.006211917828700264	0.09105895486907815	
0.0861427808552146	0.13354425558429323	0.2754263601717096	0.12053568276732604	0.24994957749975738	
0.16507423703671492	0.10646026215616443	0.09476679665273048	0.17127559849034907	0.12216559809287274	
0.23970947890611147	0.29310690132330824	0.3527209485808207	0.098196208766349	0.0	
0.1667822240278743	0.0606509606810123	0.2456524474735093	0.2169971741596423	0.004005935048610159	
0.3177580728189012	0.1651556087183423	0.0	0.24681915653686817	0.1590977030531857	
0.42380303267439917	0.0019570906099161743	8.865219000218124E-5	0.0	0.19594158821590174	
0.29976145099747303	0.16477856077469927	0.2449755870469577	0.08799047290873131	0.19451637474196506	
0.25025516666085434	0.06431440555902769	0.10343807944781971	0.08955768897012557	0.0728989441335148	
0.46931830155319487	0.5474818955729932	0.17999937471171437	0.5702372700399877	0.16689116007055638	
0.2683354710949163	0.19856840190728176	0.36434048410094194	0.0	0.04588856744962129	
0.17913911044156472	0.11828555359608041	0.248272819651606	0.3199634165196307	0.09285631037847585	
0.023325501266450905	0.0	0.31777685918234844	0.36813035290204643	0.16306358500483717	
0.16486077647074313	0.0	0.0	0.4020011857369546	0.09859832632270421	
0.20042944383557637	0.0	0.0	0.19285729833827975	0.0	
0.15009850888423068	0.2922005659183759	0.23497853665785987	0.12646407976498367	0.4046607418757843	
0.1065315581633891	0.21680877353675437	0.2669298079177763	0.18320863071884594	0.2591470666341917	
0.14468768401550244	0.16699971582867665	0.3582195494348677	0.08616084312306975	0.15968024734023997	
0.3344137374841225	0.0	0.0	0.08985610684398065	0.20774573961240564	
0.05954879948801343	0.2333999100262045	0.13557305936482475	0.5887266419824877	0.11353944534830093	
0.26863756845312636	0.40800525307996954	0.2809339784643864	0.06849153865714984	0.21297030457711452	
0.0	0.0	0.028445932843782634	0.07909371270164066	0.4121187303048443	
0.18818118412291657	0.0	0.0	0.02799101538374743	0.0	
0.03339181010585291	0.1878362099213276	0.1775368159064981	0.0	0.08563592522081294	
0.035888538095450916	0.0	0.0	0.01680342260895964	0.15069241511550177	
0.18997085286418167	0.25061168765559705	0.2737239048860567	0.28043002354719127	0.27705041304049305	
0.16706816819963666	0.10841865809948416	0.2663464510993003	0.28715625449667687	0.23751541245949526	
0.1892906910486493	0.006911628316089369	0.0	0.1963510539388122	0.09777538524134759	
0.2252036162802351	0.0749199371318427	0.16826255636507886	0.07978373340541381	0.09029725532058883	
0.3671603988545034	0.06900089257436398	0.34669388200611195	0.11364600550031118	0.15504490681780608	
0.0	0.047978639525035865	0.3576235301812536	0.19634392997141054	0.09932357769522936	
0.18919600498509292	0.007983638093002883	0.15783858570700213	0.15915448343894242	0.2089013830966615	
0.14090888625537984	0.3402968302774405	0.4188676377418114	0.00859581603604678	0.22000826466677564	
0.14385477628259555	0.16832010386521687	0.14348950998344603	0.20976922256274577	0.22954023547552563	
0.06173600265918152	0.19234248948523522	0.12936995887456523	0.1509313823243753	0.24306116760638952	
0.232539205048738	0.27347110823017945	0.12275863785098058	0.6928951175198951	0.4115884134127478	
0.285110084196735	0.0	0.3185617994619878	0.37483076652554154	1.973881780092689E-5	
0.1740516262567234	0.2197987982989433	0.17709699145145397	0.09603974282128401	0.22187245535891253	
0.09071499326743263	0.04504505718913874	0.14787369227866923	0.20237180575127509	0.04759439492201652	
0.03717758619607573	0.27868215087078324	0.19099538527111953	0.27740396392766725	0.18690839774221285	
0.036333896327987315	0.026143612473559067	0.0	0.03183868501902921	0.19729834062529253	
0.026463650954391238	0.03609920927427506	0.04495605586600538	0.20105001541703202	0.21843674860387913	
0.071678440575726	0.08713450904502268	0.06702921196494352	0.10414079759364475	0.0	
0.025424355335648414	0.10829375290230168	0.2746572103145536	0.2256566964109368	0.09345478264156988	
0.11539540167202973	0.20375310494934196	0.23540485272042977	0.15712818544540885	0.5378965591287266	
0.22439673165192167	0.23189471406021117	0.16403392229053493	0.07509706606821642	0.1560701144637487	
0.3301789987712874	0.6008468813809072	0.006750422808696319	0.02829688756274154	0.18908065105100869	
0.0	0.1905737908234362	0.0941022030149195	0.0	0.22324592916981256	
9.70633553044452E-4	0.14623258436562536	0.0	0.0	0.006938303795340087	
0.10454772954353662	0.2953668132356741	0.27494742878011075	0.14817271190457493	0.13263272945064994	
0.019520832530884744	0.28090443884799315	0.02673361599538642	0.16236349061274288	0.08502877269341738	
0.09022202189295234	0.0	0.24633984591277416	0.22938164280699172	0.0	
0.09737826979682405	0.0	0.19868083489809454	0.1867295334531844	0.04308219729183159	
5.459164417096956E-4	0.0	0.02660646248975538	0.1538832262248888	0.0	
0.06423814396950013	0.03753543350801346	0.08283004018181653	0.032619565121513615	0.056332097937379255	
0.09653200573428455	0.30241371278945417	0.3122543747702583	0.0	0.1453771479154699	
0.11323325075273824	0.26539671912096835	0.11286289078292833	0.190222153425848	0.029656857482485432	
0.11543148846552333	0.20168999604740545	0.3121209402638853	0.1836213520787064	0.1600902862718524	
0.08795148622226302	0.07703032870534114	0.2828394878754973	0.24159723208864642	0.131502629848033	
0.053213345637223554	0.2030250405026437	0.04134818348117456	0.18609853949952274	0.14171373976260662	
0.09870572112331606	0.2186634519310423	0.17190518753115916	0.18597398304359924	0.09794539842998774	
0.19520549208999288	0.08028136742535705	0.259622706448475	0.6734594223310558	0.36539110611452674	
0.06668537994419822	0.1327717856589687	0.0	0.09369499906853729	0.018309197753644185	
0.1441736946163576	0.2576044083844479	0.193848068618181	0.09259133765790727	0.3282171718231985	
0.17742217177468494	0.10494460733864636	0.1411282678818905	0.033518494229527365	0.02022904819361977	
0.0	0.21181272453689182	0.3176054684796191	0.30041055785060344	0.14140237404402248	
0.0662390039617144	0.20155632208074536	0.1883561122066031	0.11337003980865429	0.03334041585037556	
0.3015551043810508	0.004515051018837224	0.31586415069201235	0.16754234792619244	0.0	
0.029393769386531293	0.060853478555726134	0.22112780226369208	0.1454122221535242	0.08737260636722617	
0.2104349888757147	0.03055342730491824	0.0772779584517756	0.0425637276755081	0.06566104870509093	
0.07120579344578828	0.3863979535648226	0.34881718617889435	0.5737116535083371	0.4872583727200163	
0.30132704229388046	0.12159227753458397	0.5432774263693197	0.005528752817667271	0.0	
0.18865122557606626	0.09227246909668556	0.3164431101226945	0.18495068684887334	0.31064121962044927	
0.2630809110330722	0.1837303777592648	0.06408075535219619	0.24063472374968306	0.18607775928934467	
0.1292549387824699	0.22833819891064308	0.18789064460288177	0.2233519833507904	0.21223039096157006	
0.10767442979213411	0.17793217454661883	0.16591064542486408	0.2804466215902205	0.27155769355550075	
0.19743430023905603	0.06673524284114725	0.0	0.0	0.01543082132023047	
0.15137411351977978	0.35800598683983503	0.18447784358859856	0.2946544374595353	0.37992632639485385	
0.2887085556074024	0.05396597485523241	0.19056699995759288	0.2900142581577697	0.13108843588789088	
0.23260815994410522	0.1764939604047882	0.2498634195859883	0.18861876539972472	0.22246525565429734	
0.06306539061803833	0.11936127243201029	0.29195950975979257	0.06656277793537976	0.2934337028935548	
0.028784995714166085	0.24522841535002837	0.2297561209336374	0.18405608427252632	0.26785727018079897	
0.0	0.0	0.38250872504537653	0.33457345601018146	0.0	
0.2730361825632595	0.22763329914223676	0.17731374783038528	0.17698034296003026	0.08743123705796596	
0.15560318633260473	0.14282631571520793	0.19746041546169704	0.2061162745417864	0.032282330541937035	
0.31661698104831515	0.46589481657527254	0.1270744972831611	0.3238939643534827	0.47776182658684235	
0.11969117031036716	0.0942111850703719	0.0068256444389679745	0.1847841202265663	0.14632587829161076	
0.27251506664482805	0.2952450493631919	0.10734697524173253	0.23315279683150217	0.24373017863164112	
0.05153337880137989	0.0	0.17774095962012385	0.21585173805523636	0.4548966710463856	
0.3113764167914248	0.10361534766913566	0.14648354032285374	0.07366638209621879	0.11964243564228273	
0.10717056102139215	0.2087080637657736	0.23848607780989148	0.2740286242338173	0.21542979950197524	
0.4490629614972299	0.4396463036673205	0.2465088960069488	0.6238232569629829	0.2923564791534458	
0.22104769263653995	0.3449077004159565	0.1406625520289863	0.22974851325658202	0.31289327490457264	
0.12010647081709297	0.17472043083157865	0.2845976673041418	0.25583021198237904	0.26542020193371507	
0.2630947407206046	0.13065252547499065	0.002542920442906196	0.04966825788427868	0.2431897401633399	
0.029849914552634537	0.003971610785853672	0.04860489374005714	0.02620836896325915	0.14866683593459631	
0.013999154094783984	0.0	0.0	0.0	0.0	
0.05432295689890464	0.28309140798924587	0.20618870061120864	0.13060931377536517	0.15889895297970794	
0.15613181239840712	0.0858957107385373	0.17775327994090517	0.05913397266956586	0.2758616495762136	
0.0	0.0	0.0	0.334639717015839	0.17074429298394378	
0.24707495514669217	0.1963000817186252	0.28352628982569833	0.04735473021039886	0.12934164206045887	
0.057800037093848705	0.049518860615219436	0.16890378231972747	0.2468209239831554	0.15679679940371688	
0.20962765542101874	0.03030875152698039	0.005830706004271528	0.1382646759446	0.1473612016874999	
0.26843517704720166	0.13881105763079488	0.2676989417814939	0.25888058510042694	0.22926922810320574	
0.12569762675235438	0.0	0.19665605745455556	0.18812161300255278	0.0	
0.07450608700821959	0.3756943146677422	0.10878218861910492	0.3926603410638374	0.369443714059105	
0.0	0.0	0.0	0.2038710798534513	0.0	
0.25831737880705125	0.08201025222105318	0.41704602413001873	0.16018062217750798	0.1364459028615986	
0.5985471584804829	0.25941368361650874	0.3285499278501961	0.06919058048204185	0.278436296443069	
0.19019709372179908	0.16073120377164646	0.05124271054549879	0.04072608090765592	0.26074067426510705	
0.08052932151505962	0.23761065972375875	0.21792564499214592	0.08731716928772901	0.07884237310622794	
0.09892820989534999	0.10017422820166123	0.3244535388265657	0.0	0.19762336800150088	
0.2661661466097957	0.09147533063138895	0.24303295768612987	0.1756023232442202	0.08815550092462125	
0.051415696957300576	0.0	3.7742348625078226E-4	0.08785684650299296	0.1332997885959909	
0.06472234962909063	0.050997607935471825	0.1067608699790683	0.2551068037539586	0.271122975474124	
0.083136310082883	0.11159738809521119	0.20586408754854327	0.25589165511893264	0.2535882825385603	
0.5253759858959353	0.36087667712126364	0.5064193187896658	0.2033520415091163	0.2344104220539724	
0.1910802647433456	0.001861069873932012	0.2266013285232834	0.13205627001156753	0.05669758517127457	
0.3938020144460406	0.12721897522445927	0.2889888636553034	0.03271550638537771	0.12506399500054502	
0.19670012851295876	0.2847438432775582	0.13730992711581197	0.1391377590728113	0.20613838374904225	
0.09727450280328352	0.09415142974473135	0.10405183425549801	0.08925634008155894	0.2954175692602268	
0.3480066140739622	0.4819379047699906	0.2224624665336663	0.1437671286415303	0.18980088326079605	
0.6762996647348692	0.5525933655220812	0.4862074800889225	0.6054732500556949	0.52666192338735	
0.27937476812214834	0.1224842364992705	0.1059778471888399	0.09471737424667007	0.1931756827303372	
0.3591690845335435	0.24411805172337747	0.1919845217500936	0.4400122640273691	0.21931028235089806	
8.398021345992135E-4	0.24955254296790216	0.028760491164622582	0.2271881246604392	0.2587938689741797	
0.1584236827059355	0.28175318039277236	0.4067317882977342	0.28592064139648204	0.5704446664225157	
0.0	0.0	0.20929258065994974	0.06674971232732206	0.0	
0.2034210766566138	0.0	0.2295360917198773	0.3672206450160779	0.3037252875660042	
0.24918499857826545	0.17456120505042416	0.25819104445147034	0.056917400010563265	0.15737078063709461	
0.18549438171670127	0.25577218927227247	3.6122807367818153E-5	0.05051364935511608	0.1346741864660761	
0.1542375442150045	0.14488497561677824	0.14876758618775301	0.13729967308919996	0.19708693563484067	
0.07466608482904631	0.29033687161316785	0.21442956344123418	0.19864182020856536	0.2200984286262401	
0.024217355372625673	0.15476609556449422	0.24630973451969013	0.04229305783734228	0.2554743236449533	
0.21613196321168263	0.12820521517204161	0.2537893615495472	0.1534202564939162	0.15357766303202094	
0.28794669199113476	0.039932871341196816	0.21574849451932876	0.14448472397421905	0.23797750145189067	
0.0	0.15446876579716956	0.0	0.0	0.06900371433910138	
0.08924388241784123	0.10756813789704896	0.12081642778667076	0.06271253769751724	0.2010156561761651	
0.0	0.13284501307303243	0.19128106219088742	0.027492352535543423	0.0	
0.11128056798266889	0.05540185293912146	0.21409389859062758	0.015198120169623002	0.003412619132939888	
0.07874489794457808	0.0	0.1342120173902316	0.29533946527753996	0.26262358188373863	
0.015010885286179698	0.010411091841609073	0.03844739582898036	0.0025006157088448473	0.0	
0.4223031668063191	0.23428758676041303	0.21778885996379685	0.055125197207176686	0.07636405446847049	
0.26711858456949245	0.06874950368389166	0.32904707105611775	0.14278803263506853	0.20826640264504354	
0.20281250232565637	0.037719107454058015	0.11771290027802095	0.0	0.40457017197580214	
0.2032194417768545	0.2740182235087957	0.273112200459767	0.2103921252249086	0.3899439452471715	
0.28661443500258976	0.07047850570989764	0.18117236727256128	0.1901190686470344	0.21214639492807835	
0.33412310702833736	0.19253781616060936	0.28192151142822064	0.5199088707630414	0.20869205260374205	
0.3623414168495448	0.13957472537641652	0.20214990365028698	0.0019718777765930454	0.4201470166866644	
0.3612450184277869	0.006238445797329426	0.4723310140059739	0.007429015558411196	0.0761635579200175	
0.0	0.007162429501357126	0.22807860280532807	0.0	0.0	
0.0857365292748287	0.19105621484307966	0.17415041108649515	0.17120252968394284	0.16021038485209355	
0.0	0.0	0.20599574827877262	0.0	0.0	
0.14036410025162005	0.1350328384061577	0.08933499872897319	0.008478833865671165	0.17679672719585177	
0.2515663277787391	0.23260621260547973	0.19215732155237167	0.4447685813349262	0.3279337888310559	
0.28416597258882903	0.18818538919274058	0.2287124553793634	0.2504685816542917	0.03252986875223928	
0.1208532344346819	0.16854553157335822	0.2025610459472726	0.2056838096249625	0.19699821350548757	
0.2027057316412771	0.27932045204495326	0.07849293142219725	0.22909430904953895	0.02612479338515658	
0.17309547482248658	0.0749161149427708	0.24127549936586576	0.05893496698995525	0.2900175629621976	
0.1470208136852301	0.0	0.1598619620653175	0.13516868731435785	0.18883656151457479	
0.15662716522259096	0.12486834797175156	0.07429933853370664	0.24814223958545845	0.18147586616114691	
0.0	0.18156554002345432	0.0	0.12846275107619468	0.0	
0.16382442556804977	0.5246318126398447	0.0	0.0639744764595001	0.0	
0.0	0.0	0.0058813240734046125	0.0	0.15044342052720605	
0.1799807345106787	0.17710710294387064	0.0	0.1156320272375956	0.08834761231229109	
0.42057304849275606	0.22256839563849448	0.0	0.0	0.13281828360620837	
0.02505311966778026	0.04396656314967019	0.22307964473653183	5.994230320589758E-4	4.7219083144501737E-4	
0.1367754209829831	0.1911091709527141	0.267324135763518	0.3380626496565813	0.2565933691178958	
0.14737031687443017	0.26076135075747237	0.0517452294530469	0.1465200097825655	0.05698865675235509	
0.16246827571141453	0.25527085679990896	0.24708328418688447	0.2759483338127034	0.20678230866875322	
0.28652733752029047	0.25435817730308224	0.0694705669009206	0.16620951508196694	0.27882643826883	
0.2333971096970928	0.23391926300316498	0.019351397885169052	0.29344569544870414	0.2481475628812062	
0.06803465012123623	0.17498140684700067	0.0020837078843695847	0.14525123436966902	0.00863018487265143	
0.07808151381088989	0.1105607693022361	0.02142346109329636	0.2708195964199048	0.04400377661717423	
0.2149578886891884	0.26452952647398986	0.24370951889640485	0.11067127350206983	0.24763907955843917	
0.10124906737882058	0.08505896091024659	0.10714459756157381	0.17004333564273877	0.1375950670840289	
0.15921414996836442	0.2848802928350853	0.2870329600439783	0.3450124389465493	0.09433579348801296	
0.0815242197751473	0.2544499134303826	0.2693250117242119	0.15525521459423777	0.20925645741092763	
0.04513138518888986	0.019841068175320598	0.0720105992736619	0.25737655838050144	0.12791871880829386	
0.2508828945727029	0.12243760415321757	0.11985990172934423	0.08696021722830304	0.1932919083778537	
0.29227930549378484	0.11241347670573713	0.12007381210780986	0.15415857429030733	0.19302534995510645	
0.06742217074837054	0.14907332211363203	0.3294370442453301	0.02009275695134988	0.2167066056980284	
0.11411620011156214	0.041081156018419586	0.11504191760768676	0.16811190117637093	0.0	
0.08545146014286466	0.08604479980012643	2.0197470655928162E-4	0.061222187123820604	0.20301716305432832	
0.15097818668249746	0.0960921403260753	0.287074136549654	0.17030926601068114	0.2695506379958767	
0.10485807897350072	0.2392359740924429	0.14757329051172607	0.11297566483945849	0.13339529867319325	
0.24664625422035766	0.01495639199175672	0.09036347432299724	0.009601032764959215	0.019454796495674834	
0.04129106907126618	0.08014533518870527	0.15662183601728774	0.1360391776221489	0.13318039940296791	
0.11397228954360493	0.0027954003870980693	0.1797067257697947	0.09123002480867846	0.26259878144166277	
0.18497156100529513	0.16170458152315328	0.2768430154670995	0.07517460384599477	0.2970258941807159	
0.09487612731284203	0.2872261134577824	0.18465761155832475	0.19216929924803636	0.039154945117514224	
0.1810149496831105	0.0	0.0	0.10173416014441732	0.09514419473303361	
0.03929162438273465	0.19747085744387813	0.039542528201735684	0.02657909052568547	0.08563072315955067	
0.23726013805253834	0.06122843914848332	0.04370216128400144	0.06864925578607488	0.028166272944736014	
0.15747777669282567	0.5080313214113663	0.1381297482719825	0.39378407556815687	0.2925986107497219	
0.11917410685177181	0.2458307172071371	0.5073080537694514	0.0	0.12441128816840852	
0.09894303078740431	0.24004166620051715	0.18181654599849242	0.24082625661885676	0.1010063616263763	
0.09774289055810183	0.16316301904242145	0.08614023890166649	0.0405757192225012	0.010479458516124784	
0.43605400891627777	0.24445950542497874	0.16253444085975116	0.24256333796455523	0.1033514125555941	
0.14670441992540806	0.10010897690501053	0.032656104461942594	0.18561698362449985	0.07398904187483052	
0.02901845567490967	0.059320919957213954	0.14312531709497817	0.25677211751470685	0.04918537170680993	
0.032476326468838294	0.03564486984430934	0.22107558648755649	0.11187243210420462	0.292595008678987	
0.1698728787782978	6.560219601936609E-5	0.2712641943496305	0.029670144289663622	0.07089085305888683	
0.28694044182441286	0.10449882824575091	0.13201311409614236	0.24955592993292164	0.1681956140184206	
0.22725642426184678	0.0727747581305733	0.0	0.08545481570663817	0.039016226100254105	
0.02849318171552637	0.09577408409035568	0.25232655528275316	0.20179821426137382	0.14491382393039187	
0.2911418784813137	0.2591300653234022	0.3973308216389272	0.2896010212324474	0.19592669848441407	
0.05320395058366608	0.22937688495842193	0.48860239702268304	0.12390393765185946	0.16582140326392777	
0.23367919123704894	0.29106516486341505	0.2117748927468616	0.13434350090359273	0.21077715945012157	
0.21805326778291603	0.0	0.1403213866114174	0.1569577167172781	0.06823066944359049	
0.22825412488996516	0.0791733294778798	0.1827354030994199	0.2490619463206751	0.07215427860431244	
0.27992915009198255	0.1213202099825491	0.153025150742682	0.0	0.0	
0.0	0.2616441022058221	0.0	0.3081533241292115	0.1719621858877131	
0.04001237463704313	0.12637254378006949	0.03537039127510866	0.0403682280147379	0.09618491564008846	
0.2341240774575041	0.26885534089366037	0.2362158497297958	0.3423377703432466	0.05779964431185288	
0.17434943506183245	0.07774214363709794	0.049783748039496645	0.13803310883254113	0.016048989101575616	
0.0908580135494751	0.31956101794354075	0.03960479133257039	0.48789407432955195	0.4188023831114387	
0.2480989696114171	0.1940421428157766	0.12097710674325159	0.09512372781679963	0.013660693632699866	
0.2014790382026267	0.2519894527451774	0.09224013470602636	0.2709816948610339	0.2902349342713324	
0.2789078389123938	0.0	0.005665737859790422	0.0	0.15500336647401397	
0.19121061628864572	0.2876000441155253	0.40961751025793564	0.0	0.0	
0.005193787637565314	0.2645228886914533	0.04363816051619666	0.17792923288581558	0.11512354912518818	
0.09841811424155773	0.15078852291372158	0.0936693176902837	0.10875502474419668	0.2511548120166652	
0.14565593333961058	0.0792887715435657	0.2676477887558722	0.05774258580885459	0.0649700157377819	
0.09261869131986632	0.1381769241283025	0.16104588364357167	0.08740917275247755	0.12745037492978717	
0.28594142732129235	0.195818372663586	0.015627574172429538	0.19367899531150745	0.25777605863578257	
0.16749016876168918	0.21388290064511628	0.138241839294911	0.24509108088353992	0.1767780195575865	
0.12311028743611381	0.26846411602495995	0.2612146342926376	0.1690783860895653	0.1522349558076965	
0.0	0.2448008685015155	0.03447499820333437	0.1936631980021956	0.18701470873760925	
0.11125470972831435	0.09427846712320408	0.2607885108884749	0.21907785126924506	0.007380968974176219	
0.3787869866651284	0.2767928462620764	0.28931625840610964	0.16510878682710384	0.36886240421170396	
0.06119600417373916	0.04220004900670045	0.09973138548014393	0.09459546465996584	0.03424458935424537	
0.2290154203343003	0.032918951146585426	0.21431999091330725	0.047096674705226625	0.010601540133838388	
0.2036263816080781	0.13323152083040277	0.17275441774815306	0.2833179573567897	0.17667699213392515	
0.09774949027118279	0.2861194811178327	0.2832464475339734	0.24849079969813523	4.008508145311621E-4	
0.03234419677578572	0.12041485661495387	0.0355990667894684	0.056584798671263634	0.22060412754482142	
0.2862940809728502	0.19660486488183274	0.04408616861138672	0.16473573082231724	0.15374283714249792	
0.2319454993172093	0.1618352836681059	0.061331077594082996	0.22770847131469446	0.09811639069205978	
0.175706282753297	0.0068595553387959165	0.1129471198530967	0.04123014532456023	0.07452338781399274	
0.2820258019010079	0.009479731489617355	0.07825863140966302	0.032298964336206215	0.21821215086874515	
0.07911428035617254	0.2863514626296812	0.06563957205435049	0.07319094109330354	0.024299595831819787	
0.2365865670023999	0.2739719111353005	0.13918470500786886	0.29231729013096924	0.0174574240260814	
0.23015522766275676	0.007098203132510113	0.18436291803523422	0.2711076445766939	0.279496484062316	
0.11492795604204817	0.25973240089734334	0.17114521827593138	0.10049819519786798	0.26652548423918654	
0.24170873604921006	0.01270312439576195	0.13010858538175274	0.24008817269622273	0.29769604148001105	
0.21800129350834815	0.12322822241779212	0.3619627685180543	0.05896065238544549	0.008250102436936427	
0.04366401044500291	0.2961759950425824	0.2907067238307355	0.1505910438872525	0.10512246857453517	
0.17595715846252274	0.12435676697354255	0.07563212201511535	0.13104762212108198	0.1452330135318836	
0.09297133080736289	0.08503797496009913	0.1622656438444404	0.1603616108508056	0.1438112329738598	
0.36248660877419386	0.13783032255007607	0.11173174494428263	0.08699372306740655	0.13289631782677946	
0.3590936638588217	0.25900972831051505	0.3270134945030195	0.3681575858904891	0.2578956391391096	
0.19161140157705525	0.42152672442788286	0.2281870718411832	0.23969503087729999	0.2242188437076722	
0.23883192634068162	0.261028523287352	0.11002543962677724	0.15780670753003628	0.024437059861817913	
0.07403600070375548	0.11012977825829635	0.24993855881381336	0.06811113141604382	0.15454232515301788	
0.0	0.3709375168458667	0.5591866400462002	0.17905482871860837	0.24164185277303132	
0.23640889801517193	0.19589381237698944	0.0846908764729181	0.04808710129160075	0.29194204708646965	
0.0022036241200247275	0.24908688515579397	0.2076042058516545	0.10059324747293456	0.15686845558048662	
0.020668240181858408	0.26009508056768044	0.007865416553769499	0.050538153918679614	0.007756572626265481	
0.19910418093594134	0.06692053250309696	0.14393744107292822	6.327783205435346E-4	0.3361716289257983	
0.13273848836441166	0.02688832417284564	0.18883001195297497	0.045072943154244045	0.13245007801424488	
0.18560899709739742	0.14051343286037116	0.09725934255197557	0.06543270093689972	0.028237833992632244	
0.12450841621688948	0.16687793330001605	0.4070453344657106	0.025215350200582357	0.2668144698732656	
0.2894466358384339	0.0738258755458071	0.27486115274648387	0.23452067691261447	0.17477200778192387	
0.06639948648522029	0.12170986032456074	0.22578547853446299	0.2001863521914253	0.1437931479919444	
0.36663131618589145	0.08729036250673348	0.2917120492610127	0.5831488854575156	0.2745505389707835	
0.19962730243425167	0.1513628629389028	0.29924666805313394	0.17962945968276056	0.2615896580929782	
0.2672692273646375	0.04157247192328136	0.018031381708342634	0.03820865699273978	0.06649768995107465	
0.22534639612412333	0.27949400300766164	0.289697928699075	0.05074927192518661	0.04738516162303476	
0.1383415077662754	0.18897779244917298	0.32558306898056266	0.4374332778307954	1.1906567138056034E-4	
0.2356398979548539	0.11509771166576259	0.26973859282902735	0.1457704274798455	0.11101012728174137	
0.14444575101886817	0.26967679332636807	0.26714072618283474	0.2626535152598895	0.13540848957784815	
0.12483893848865904	0.14963538363859727	0.0920780230093625	0.20244717950777497	0.2480879623243742	
0.18114690464960354	0.05571271107191287	0.11722110400215989	0.05214348851080858	0.15173547585554933	
0.23782977135222988	0.2807252701684882	0.2446983181291635	0.26672517293703313	0.24129513870475885	
0.12062351746400113	0.06317950475784583	0.08970243390287806	0.2576563774868348	0.17892966817728054	
0.15107056381706777	0.12123235757505858	0.022979483767697227	0.011268073279288002	0.2769729085740814	
0.18914036476622934	0.0818978665477094	0.09489052493862281	0.2537681042773578	0.1961678421791447	
0.3639756757547204	0.39238017454226704	0.2770782816496182	0.22950991248067182	0.08112711798366408	
0.2806925317268286	0.23182295794626462	0.15812036099590668	0.22943381289383638	0.013599121153371559	
0.16608392228313187	0.06576116588711627	0.28929169254295134	0.2580943100067656	0.015076988109428707	
0.0	0.0	0.0	0.0	0.0	
0.2485543371675959	0.42183314376730635	0.3045409496269439	0.1820968778159388	0.3133839407396132	
0.08088015797447624	0.2075400359355802	0.11648833387141518	0.19953036811754765	0.09093481472099407	
0.29804967057839016	0.2716766954141021	0.13693569961341737	0.2560026584424675	0.17172997940784893	
0.03477793818690739	0.23921201326705963	0.2796346156253546	0.20527171847598918	0.25993523079979136	
0.18583309868815207	0.07634019272276121	0.06327919265581988	0.270054438700069	0.009262960572147545	
0.2571036668011349	0.13164517190559838	0.07876179685037214	0.10056510091441968	0.2177940564250074	
0.43019333200257004	0.3645401414081719	0.2664883027046621	0.24740996497267553	0.19573017819013352	
0.22260727442412848	0.09927853324086316	0.07867670146518826	0.22994872500130015	0.014990336459115487	
0.2398118817977564	0.18954768295804172	0.4064981633873815	0.49888354992082506	0.321036086652074	
0.13933970216717592	0.05370060426925706	0.11666191291655924	0.07192235819178233	0.2858429170857754	
0.17495350677416524	0.2845476940772241	0.24998399542157626	0.002423417610426958	0.16790589744927223	
0.40544273004754267	0.3240948040504196	0.42480228746137233	0.3743013880792506	2.394058908763099E-4	
0.2370150363210028	0.06419403401052406	0.1747967962122225	0.12427931210633136	0.24932483240473552	
0.0	0.0	0.0	0.09131114508971602	0.0	
0.22257846240264334	0.0	0.07200356847204428	0.028564854735359985	0.148050729420001	
0.0030414607234565067	0.08978784419872553	0.039177535019112725	0.19872248860561936	0.023348505667816932	
0.22854809339154866	9.361969513856465E-4	0.017568580014392026	0.2875530803754946	0.009483742783385663	
0.062089587126807975	0.21030288486693782	0.1442682870444959	0.24509744995028143	0.19750508233049816	
0.11625766328886782	0.058500111480232764	0.0	0.06052528322235728	0.12411339696356122	
0.0	0.021127194604810464	0.021769269223154027	0.14089320481006543	0.1660608564365229	
0.04473670954889568	0.17392519937658038	3.7140432804712446E-5	0.2572235521370424	0.0	
0.31574452555137655	0.28849674436268863	0.20728322411019437	0.24715624376399534	0.09305542501034161	
0.08894203904074685	0.13184000491945588	0.025604285852528514	0.0403614825669732	0.2743969550591974	
0.03240108578125605	0.005181564041913642	0.003915768276990733	0.10268918737625249	0.2235778591911791	
0.02119073843708619	0.24866718610742167	0.09058978026382056	0.044527034251103194	0.14335194655669017	
0.08393944517052782	0.04629753802882588	0.0967224622477398	0.0019619014952944095	0.1379067350186101	
0.11353077003722938	0.0882784416346668	0.0285134780660937	0.06561060733585757	0.01854931861973522	
0.6319008180607316	0.6888324342616867	0.5180631483199687	0.3754993743888057	0.3203802325596511	
0.21503366597999607	0.023910086703913945	0.06389939541261029	0.29143893197101944	0.11342426165748948	
0.004139838277879712	0.01794617772029606	0.21386300624183402	0.06145134447286522	0.06685056802807603	
0.23312881331231383	0.22257733232052077	0.20111317126493305	0.004732055154386308	0.2778056616523626	
0.09612462964975145	0.05349749929693926	0.10905617213651485	0.11474091779034544	0.1528174512763579	
0.28762936008390383	0.09977216635888862	0.11554122172838686	0.0682616239332371	0.01019922771903378	
0.12017611788365455	0.19435963912325036	0.24836764427591645	0.03712114757669168	0.12749430536956202	
0.33154816891998035	0.19813164440259962	0.0	0.17944504289102267	0.0	
0.1920040967412916	0.16920671878491425	0.22606859368199564	0.19874846976996519	0.2618211220942469	
0.2747067828557994	0.29069839626998295	0.023380567027942414	0.06479140531627209	0.13419885862308295	
0.06468191664991721	0.0	0.0	0.0	0.0	
0.06292134452709934	0.19567492467846018	0.2552651745621763	0.256904414434481	0.2629629917871726	
0.1384210742423147	0.1696143883484399	0.2973306201860114	0.19271513994554074	0.03172870682154602	
0.17416689923769815	0.27610244713926596	0.4725687228563645	0.17527079992622585	0.42787469616783486	
0.2538763979548326	0.11674821965021932	0.060581815329325994	0.2685192887119436	0.29489037768751475	
0.27373205861828137	0.43232343913397553	0.371782493902246	0.19242668637072535	0.24848940334322778	
0.0563532296708175	0.21437651386451098	0.008590767927965903	0.2562404693565358	0.2127268994107801	
0.13228143684211788	0.220680989628176	0.1951933428208711	0.10846930440328272	0.022992342893599048	
0.06739843088852585	0.060238169444684526	0.0	0.21936894628385928	0.06462630221275645	
0.17599185103218137	0.055274316154113365	0.196189155868427	5.806421736202001E-4	0.2596343043316736	
0.0	0.0	0.4668333148720757	0.4281242395644445	0.0	
0.22989752610430356	0.05278990302588986	0.23734642491524324	0.16095724203842623	5.920478557388645E-4	
0.20091517056252203	0.19367102614234924	0.04596864590366431	0.038231522658206826	0.28538818005910377	
0.27804051212676834	0.11452462687403665	0.02114437793717504	0.09808268498274256	0.09340903489198085	
0.014969344318772695	0.09073450364534567	0.16904418173230779	0.02521216247770662	0.11645453846791294	
0.480433546607543	0.37727041138265816	0.22058787916638722	0.4238136801548154	0.13577553159918151	
0.13893739480830436	0.0	0.23193188911943993	0.44815023527931286	0.6085219706788362	
0.04192380515580401	0.07329100691512677	0.23424774497739656	0.0739529602660081	0.29968298875131383	
0.18561169839843852	0.12538557949377543	0.15206908742119699	0.09338333620258142	0.1992055354512442	
0.04419532263383738	0.23154585391294027	0.1300864161644157	0.041358639230420866	0.2079988720665619	
0.034109593036816134	0.15263854374882063	0.12851735948985438	0.04671532355751604	0.29748339096807563	
0.13208120049046487	0.2646154471508109	0.12223172950797223	0.05002091160956082	0.23454103293193732	
0.16474918862483598	0.04060100257063824	0.1308018062229134	0.29118334842324134	0.290700987131009	
0.16291178783251284	0.15198413068360497	0.20593258950897564	0.18460481704413284	0.026281807824564067	
0.08288538680735087	0.2962039148410863	0.24830692743309948	0.21729333703236417	0.145294018087478	
0.1796061373609776	0.08163323933739992	0.1863795188944887	0.0	0.07578555463534462	
0.17988857571142577	0.059219411373457896	0.19424586457978296	0.18913926598512446	0.07551458309053474	
0.05156790523898442	0.06194271512522522	0.026591118938906068	0.10493149609701626	0.09687787797309177	
0.018778063452253788	0.14590572969799717	0.027972977079890347	0.03481758885736552	0.13584655122107397	
0.2665868348514052	0.2657076798411013	0.19652664782436385	0.2691318327039525	0.2724757816500967	
0.06484479498952608	0.23950746094732606	0.24173512203482436	0.1971960126482222	0.06105650653695445	
0.28527712659401844	0.03183047162243411	0.028231252129090174	0.12608715114634525	0.228990980855745	
0.003360386522423825	0.0787221284621551	0.020579047690565525	0.20516993255697885	0.1100238327121103	
0.2664827918319506	0.0839081182027836	0.29383934636484826	0.2363792454172736	0.27317446976677284	
0.13077862244631153	0.25694930821116607	0.1978337462229961	0.1514401105564076	0.12720320445182465	
0.01418384253380229	0.13070637559648873	0.20195173559358792	0.06148036321279233	0.1438764483909055	
0.18960269971383667	0.048012431333614575	0.06495715853321689	0.11588530741875384	0.25126386093212116	
0.35848368619166116	0.5043612101484375	0.6019720138915641	0.39098648245963386	0.3345496010984362	
0.0	0.06242153769636024	0.008057319883267912	0.03679868634881485	0.017992525057285116	
0.29893764302225717	0.11856029969707924	0.148952343207486	0.2153451807397125	0.23048516776021485	
0.12682726450908358	0.23381910931666483	0.21908138184521955	0.1978172842261791	0.015373940700665036	
0.15870225710090716	0.29750818075282676	0.2725405288046124	0.05574757849520087	0.23854737013696606	
0.04795939032255422	0.1353201312464757	0.1843714948315162	0.017782397094890486	0.0791288968092093	
0.1471788870471916	0.01119468949924696	0.0	0.012983268614341664	0.07997396000840687	
0.07347255091841559	0.12755822772047107	0.25788600339020307	0.22270018772713954	0.10496199024424699	
0.1246038849377742	0.29250426378268146	0.15324120514505707	0.17462390048791027	0.04725334663157664	
0.1034368142232705	0.26955922842946145	0.28647463898853454	0.062036546218652476	0.15844550576085561	
0.21630923886216674	0.0	0.007277329928197527	0.21897696849060494	0.012169136322021197	
0.2557260678547329	0.203006817280017	0.17701609807659105	0.19414234459461407	0.13927896948205118	
0.0	0.0	0.0	0.25727829188528833	0.21375161151657415	
0.049202969627834305	0.1179241452665144	0.04702928226311395	0.14686716365097752	0.1362850488812955	
0.14625720869126366	0.163935881770589	0.07506022858768541	0.1557249138744243	0.05156289483720261	
0.23918377908376703	0.016492589952638925	0.16203420780968256	0.01636477278882501	0.07996096105831517	
0.18920678906875618	0.1162858879430628	0.07621787320571986	0.013895917924594723	0.1892792326295931	
0.29534361372003914	0.12197794920605694	0.20740035390383388	0.08267591524453932	0.19740088080033158	
0.15252126231753926	0.3578382837802797	0.5376233796476082	0.10469074607811052	0.09568205302221724	
0.2631102401531631	0.22707404378955065	0.21538709242758097	0.2517528027913031	0.2152913348048867	
0.3350916812543673	0.32302621128424075	0.24038659971413887	0.4008534918246228	0.23703384615116174	
0.2161027032548126	0.23350486864940695	0.14246449990887136	0.045906104358516255	0.09317205032064717	
0.028129461496871896	0.18503236234196757	0.04419242982358695	0.09280322708101028	0.21349109192351565	
0.22317181706851702	0.1820434232844703	0.17447248413469926	0.1779269764059697	0.02475454041606565	
0.2757506635674766	0.24504399464654766	0.13678998030209924	0.1787772905925474	0.029900295626741135	
0.004070101339455866	0.03165278946770064	0.0020746339363029256	0.003448633845750858	0.05305719666775709	
0.1283826926318585	0.13668676381785652	0.007670056332496641	0.1278594200963225	0.1039582258389027	
0.09423979774807448	0.14924620163963626	0.0	0.13462587525772227	0.0	
0.27726851003242814	0.10510614993640294	0.24313813246229213	0.18547891138516373	0.27879008468879984	
0.25502220128786546	0.1307823008194182	0.26125431721913744	0.1459015948107877	0.00871331012031134	
0.0	0.07806961805153291	0.07173348021640125	0.025085936627908565	0.020008577714388253	
0.06737181682487108	0.2721666074967	0.29916112161289526	0.07295763400867213	0.20153884975766845	
0.0	0.0	0.03208043854891346	0.0	0.008761311666326127	
0.17182548211387494	0.20004254197021173	0.16955257990879186	0.2823997706552708	0.17239082752332438	
0.22545341703672891	0.23844442669595817	0.1383561076217603	0.19525020077698269	0.14050007703881787	
0.1026386796661058	0.05442893511833529	0.02306176038062952	0.2231434670482595	0.0020367988545297792	
0.30025776955690253	0.13678549762364586	0.05081906360149068	0.14383003868087163	0.06869809017939453	
0.06253409069742355	0.2306059106930991	0.15106867831575407	0.02739584236059779	0.21106558497138123	
0.27003863836032	0.09084351156318002	0.07686150748382857	0.03889431116466998	0.17542484765381086	
0.14334791508609132	0.34496097045272545	0.19956312148663843	0.0	0.3055062044631721	
0.1819592102633559	0.22948483497049055	0.017561386619458205	0.15719815891129077	0.25401997193525244	
0.06732112959138332	0.23388704570173105	0.17624919152038476	0.08752514713928981	0.19336861016266182	
0.09184606727578541	0.12373333369546638	0.0022166569046509444	0.19294975460235456	0.05886624620268486	
0.14043005983220325	0.11607650350100474	0.29621691991472704	0.014398977179192305	0.12692459625146035	
0.226868494863702	0.06333757807897351	0.2931878993855362	0.02344140389381416	0.09918085128332127	
0.017225922966593858	0.15634879837770735	0.04813465369214532	0.14367317965611553	0.21551118140559244	
0.09622852586739492	0.25497544349067336	0.12370476007512111	0.03487083829848753	0.1542630764570495	
0.21894972500927914	0.2283793198540056	0.031305859464160736	0.02732723662359359	0.17385704973215405	
0.24355230705878844	0.0	0.008081373662991992	0.0	0.0	
0.1104331947993046	0.17653550858661407	0.14551991040297887	0.2763939787893088	0.10018670530593562	
0.01587317218739352	0.2868847355162184	0.18833983126693105	0.0230377805362235	0.10634890974004373	
0.3561826610823927	0.12180329639047431	0.01952701597684717	0.29872791686555183	0.09809996169526791	
0.14266284141234795	0.2545929627757734	0.12935794028255032	0.28510393516067833	0.19986234054582386	
0.18087545531301533	0.06780525378436425	0.17349342134718496	0.10547135836819083	0.1768056057219558	
0.25002008446539464	0.27670898134345057	0.1379315878350528	0.23419602592817	0.036896546322589506	
0.19588601200948824	0.24056634897557802	0.24135730160620603	0.04119282378461715	0.0789811426485912	
0.13069443941812944	0.07958863642320849	0.26301766726980524	0.1421736893863775	0.1652126121120456	
0.21469384192424007	0.1298964984634507	0.2265816641842305	0.22892249404402384	0.15192076231525306	
0.012153336332645969	0.07777594907247136	0.07147436705167763	0.030054846265183364	0.02055409658735805	
0.3312628358692048	0.2749832903126434	0.13378029343950154	0.1305643908133163	0.08834009312504339	
0.0	0.1320015888946093	0.0	5.01052202542755E-4	0.012071106371988707	
0.296315771513432	0.07648255440532391	0.04915026872809968	0.13458237004497084	0.19462871871595938	
0.18441578996423724	0.11377779080676645	0.23029142169646008	0.1121719590584995	0.16298335755769122	
0.12557865558241235	0.06711220663726927	0.15639161165701912	0.13481253473772356	0.264562948787954	
0.17453069152440193	0.2601066993137151	0.14670194830228245	0.07391370940612697	0.24065679460797415	
0.018457671484257532	0.2771802699092851	0.11739107549136919	0.27618265478376225	0.20557812319545038	
0.29938203150252524	0.16703923351645655	0.12254525078535403	0.038336599968798284	0.03678086585985783	
0.12372549591951124	0.11523243950051788	0.10992178031625575	0.2534742783280454	0.07780148577994074	
0.12422839364977616	0.25903586659452876	0.11938782462231999	0.20704720405058188	0.062292491070482965	
0.14212371461925394	0.20202007961028942	0.06569932416107546	0.05722522257489676	0.07262984841933777	
0.013625236518704347	0.1510865326671142	0.24286062560255625	0.11970532466169106	0.2554399528077134	
0.2453988999058517	0.2177833671699352	0.690617068339699	0.2800383106835516	0.4955589928210327	
0.2493264158187586	0.14135418720761847	0.2052750280385457	0.2221561842357483	0.22153613728688692	
0.0	0.07855662294735795	0.1015082939713843	0.09938458673573033	0.18054032465212932	
0.10111584248788287	0.13111771610587428	0.0	0.0	0.0421386337226784	
0.0024554375650056933	0.005072161495387116	0.030503439135628	0.1170983832961921	0.13852565009933895	
0.0	0.03611013722560284	0.008423796743555265	0.10652469766070662	0.03535272025487938	
0.17961788836462597	0.10143579465547131	7.391024965261117E-4	0.19245506485710692	0.1046527197726205	
0.13323383456874718	4.3013843812682176E-4	0.20712470606321107	0.023810755943415845	0.018002228162049196	
0.20242056493149369	0.08994211822336125	0.3534046859778545	0.25933546584879885	0.2276695104006487	
0.2995884419361655	0.17268004084276234	0.12176694933860704	0.04705484896022247	0.02107679458217072	
0.13388296761522853	0.246030031226688	0.19055643578998382	0.17134050542458956	0.008249099902971119	
0.3593025110337045	0.26672584730201276	0.22253212638856198	0.13727960907936518	0.46298691127090613	
0.20341083982952948	0.15025781123425908	0.20741654495477424	0.11257595188621825	0.12953528236461362	
0.16968292855543876	0.23742904545886057	0.009201381065208977	0.09259044812789892	0.02746115366918377	
0.034959877945282054	0.2680177474613665	0.05044159863102046	0.017861484543939914	0.07845703758730067	
0.11893151870880345	0.0	0.0	0.0	0.0	
0.0715532405351611	0.3595531513051074	0.3635576089948108	0.2001393213614661	0.2746354146496736	
0.20785729214286744	0.21549028491966452	0.24704472253505702	0.04941960931585613	0.21902901281244858	
0.1421903444454467	0.2169722896840233	0.09974751565190271	0.27394791688447356	0.12362441727048921	
0.1956318006065548	0.27780184836832567	0.07643057420078278	0.059996325255495475	0.12183708604144775	
0.33852756705072756	0.3933678849344985	0.1181234673241382	0.37217969056675587	0.17682314498678406	
0.21824567593865873	0.3161338727731098	0.2488988974621242	0.24776088517779135	0.641898973648816	
0.16504173930808008	0.2635036239994387	0.2798503031521238	0.0992312098441438	0.10900661407118578	
0.21998324538167152	0.23040627968439573	0.07106317253327953	0.015649812002970664	0.003099591584455	
0.09319434653692363	0.28379303677216505	0.16883370679072776	0.04967231122645902	0.2769154005986787	
0.05093414187137313	0.010219665858195257	0.1382703310570934	0.018110118874705903	0.13165581784237068	
0.22394076283173114	0.20146386874527908	0.2158603055043818	0.24851706190926237	0.09928263572558585	
0.06144834577420362	0.0	0.19149201049758383	0.263627862081516	0.06751452852420067	
0.04272161428536983	0.10743443735910595	0.19161089079927476	0.25850733310122725	0.2908684992973997	
0.0	0.04804727754372751	0.0	0.0	0.14555373447837394	
0.08715529986230051	0.09053952829911276	0.15739137200969916	0.21265928868500172	0.23960741768752328	
0.15796102123741187	0.0274050638256186	0.25334393545087736	0.19421012691085013	0.20762019194966122	
0.15263806736961436	0.2161643725560254	0.17900448887312495	0.13491855259844862	0.017394482504232076	
0.03643387135118092	0.11830230278485387	0.08831729608283609	0.1970476362644255	0.28865286006249397	
0.15510069969954762	0.12681466747554943	0.27230737640058755	0.26123300507476427	0.09270955573071231	
0.18661653976829218	0.07216431386866293	0.22383494759249623	0.15400952398866616	0.03359752499916599	
0.28360655703272886	0.1256288594626478	0.08598885557872349	0.22853995672869404	0.1755253386012433	
0.23531707087419373	0.0994320062319137	0.07338075300953646	0.273295969797495	0.032045207399241486	
0.13080107465387836	0.08920642204777669	0.1981858427165422	0.07316180362141796	0.0	
0.17102136489381325	0.18420187053568643	0.013688381960700047	0.08253496786452663	0.020618757713633338	
0.06362791113714936	0.15651350766284658	0.2463877991004112	0.07418176245544295	0.29521221866918745	
0.10729430448076582	0.11433625369200827	0.18361261655366928	0.2322593068832111	0.21885193865026875	
0.0963362534029591	0.09997881614874642	0.22051979366022137	0.23488534760732432	0.3951634885806116	
0.24320929733270824	0.3341171345935382	0.11445677927917727	0.24978499990484382	0.19757453135838826	
0.10869414375925876	0.2634435242445133	0.20998326679784574	0.25200141795885145	0.15588355742506182	
0.2216994680383184	0.29159622425378295	0.23824384928119807	0.16215584491990445	0.13600358683879007	
0.14541446552678589	0.2376246958196837	0.11525334998243345	0.20609724014415204	0.1358173992944456	
0.24452673353003931	0.06393104254843375	0.4480464315396856	0.5200314369052287	0.3539090919052458	
0.06371034487275348	0.15411514191875975	0.2371198236575947	0.21991042097390462	0.18526909382623738	
0.14579895235792267	0.29732007319386117	0.06408226429033916	0.2286713502252524	0.25932554289408827	
0.20483396783967225	0.3379356108725132	0.01266009102555462	0.1147520162096307	0.08106434774510676	
0.22836403055904078	0.2504899718337103	0.20218448478469447	0.03793255717899466	0.14299116290119143	
0.19666606350425872	0.020860070893175993	0.191127110594892	0.2510499288026375	0.18517259935641714	
0.07791763883396155	0.1332252116528701	0.14306629161581355	0.2901215717716975	0.07924452462902633	
0.16873329645936977	1.71848905074095E-4	0.20254209509994042	0.15841195991752718	0.005948025384030941	
0.2720676757142237	0.09246823766434122	0.11239507931522591	0.24747302765138537	0.10150076668750785	
0.06485313613405114	0.2071480275016726	0.10956963518090918	0.23907505659452197	0.11287721382823952	
0.291470113467821	0.2784893614731649	0.1450110824560901	0.14649800884040395	0.04212515473374825	
0.018238960966746598	0.059026830190862994	0.02275621840208738	0.28615625156222296	0.012024498660814373	
0.07454486218822338	0.007400574140208059	0.04275499443951311	0.0	0.12081252319937319	
0.02865892915659962	0.03087592795140633	0.022678000438976765	0.2288487912728569	0.25795339663336725	
0.07129940852170898	0.4509923115128586	0.25620077930538393	0.15378450706395608	0.29585855796734684	
0.255372393906464	0.2903687827213938	0.021815807936899852	0.02208855208886364	0.13127087944945814	
0.22142044580572953	0.2223877857404613	0.20182165901751153	0.1109429903177115	0.0582610475403538	
0.0824299742451459	0.2222060396779861	0.0936378255721696	0.19112152021037979	0.032469587407731544	
0.0935410823960944	0.13832932583722618	0.024131917429608685	0.11367131322585299	0.1669660524937438	
0.23544398669925642	0.19738472464772452	0.03958714361453058	0.16434724042469948	0.2570719504856126	
0.12767633273514692	0.12048005785363783	0.1690857720492841	0.13165901986971507	0.2841197101404396	
0.04486109020343377	0.18757729233291187	0.2660395068795221	0.11535909522816475	0.2337459708830015	
0.30592122847638176	0.2829936845243576	0.4051642139409896	0.49128213763578943	0.42066738867564063	
0.18222522109113426	0.05409855136051143	0.004030005351906493	0.1121503860157759	0.061407188675310725	
0.4398085947605809	0.14038934245305074	0.4391946330039676	0.33857144714268533	0.05672204151776727	
0.1700243385005905	0.12988024679891494	0.026906644987693858	0.03012724763261174	0.22139900119022626	
0.13242258365166867	0.19783332532940565	0.22276348122469355	0.1440995867910377	0.022240094863409197	
0.21479351053684878	0.22152679117443713	0.19800475411220952	0.1435813091047397	0.26652700633208104	
0.27044387159773986	0.08871248841610709	0.0663018098163113	0.2338686679040728	0.0042159423939616926	
0.03817269150230337	0.3815046843964366	0.05786059401419595	0.6875674839244782	0.20859192033304275	
0.07862437758548585	0.21144744726270032	0.28471073736424035	0.07383108923644727	0.11242061129634347	
0.2519196374176731	0.3122645344928832	0.2858059081930612	0.26208836401111896	0.14914158571669683	
0.2482891127432158	0.061391190168884044	0.08045808354082423	0.29608275091742187	0.1861784280901452	
0.20227776480374773	0.11948980555543856	0.025290030448136526	0.20818143335441547	0.07610171500308048	
0.2413358384962767	0.275655271965077	0.2299521692600871	0.08109072818120557	0.03484174717871573	
0.3464458211764982	0.24092213397212242	0.4282396382114783	0.4767727490298493	0.2810338994999587	
0.18823777667756172	0.08177370983530231	0.1687350193730631	0.004264751908148593	0.035737666314693106	
0.11762878691856835	0.16966545847574893	0.21595924735093563	0.2310545231755394	0.01085023344951924	
0.08130236051088426	0.27261643419842974	0.213323363616595	0.12211968039886055	0.12706620757921303	
0.0	0.028200571721785323	0.10126572338401796	0.0	0.07654564361536702	
0.024664414765439513	0.16743608030980045	0.25063380337500574	0.10853727372063757	0.09864818321774065	
0.1356713844365443	0.1683587064871427	0.2841592688992284	0.1718966511628077	0.08228249584709854	
0.31296494680504067	0.13565308217837113	0.18917250711116326	0.43482122828557646	0.10558650954628847	
0.05933438067067646	0.1432212131573024	0.2938083361845064	0.31667861270790904	0.062396746751025925	
0.25314103982672526	0.15082369598229423	0.2917900820840028	0.1354440507671825	0.14265971445302617	
0.2998217786580942	0.22013283739838402	0.18880539639481408	0.24433928960783421	0.18272426840586392	
0.010951309867461673	0.10150121917535367	0.2860410688514572	0.2528175137032185	0.2214496565309851	
0.11702040139935808	0.13462278175594466	0.10881500945164192	0.14270735324643133	0.1032642535399206	
0.10775252383799576	0.09569114719697223	0.029313541706906962	0.21366022039545754	0.16056698343090314	
0.25107133565978534	0.21808108135342738	0.2832479958380535	0.02693016239949317	0.19456145638705086	
0.2375041277174145	0.260297188107571	0.1462406807949307	0.249135734930733	0.003020216036047596	
0.12958896400549544	0.2921519035774517	0.21454221047665578	0.11841726912439826	0.0	
0.03366801789934474	0.21436610538935547	0.14456443766056493	0.1920166943351016	0.27000714733514236	
0.24630750196523482	0.07544500692807536	0.20350592044311813	0.046973426034376715	0.06439485271949323	
0.11522656538290096	0.0	0.0	0.15693846210664802	0.08474412155982794	
0.24524232075503385	0.2896303303879848	0.3002483296348196	0.09566947963090491	0.26535544470792544	
0.24472372817725063	0.043406674659544266	0.20862227842262218	0.1651650493744897	0.24986943185854424	
0.29108643469834994	0.13338517469334144	0.35138840751569617	0.5600576351621697	0.4873266817263455	
0.04599463037369804	0.09671944869140787	0.2657836344241825	0.03774708948345711	0.17787025223012962	
0.05712874233739821	0.012879616011466132	0.17675525108408502	0.12238186394106329	0.11096754246821984	
0.1702475603153332	0.024246006784729875	0.29976099170061954	0.1004524121089008	0.0528660457149812	
0.08991679041276322	0.24533502928903198	0.056072543840511475	0.019869329954579754	0.20014343443512386	
0.2630439942278801	0.159179713117677	0.10051212948412999	0.21691549849461442	0.21788172076633933	
0.10242085788703557	0.07992658808331239	0.04664992496108415	0.03385423463758443	0.08397356342837334	
0.1787667949431734	0.17268080519762388	0.07748035350042659	0.05679608446022026	0.014848688130248559	
0.005486165503373958	0.1737007569847171	0.07234900944452623	0.093301790768231	0.28895668258493945	
0.4206073563048365	0.33144748545921066	0.14683992805166557	0.21035453723034384	0.13391066392173973	
0.1684617020693193	0.2222658989438073	0.13002180274062597	0.20091983563092308	0.1788890648382987	
0.019266134565602073	0.21286180056798049	0.2318818566821122	0.2850693210788806	0.2332405323637855	
0.0	0.14153628669836435	0.018708083659566995	0.006893198886269663	0.09492915379399258	
0.12723537244129182	0.14049195541025963	0.11116917165431486	0.26931016827872345	0.08948707639143963	
0.11131072121408245	0.15601881674611742	0.10640182006614367	0.2770473983374477	0.01717084460065349	
0.27871457489294604	0.28562305013272327	0.1483335592267386	0.12946393491647143	0.17502741498174915	
0.06322878175245915	0.16716021385363963	0.1458079436170681	0.1082130098522835	0.2986581741316962	
0.14567091824162623	0.23431773464432298	0.10549336531186052	0.06822251675619721	0.13445291081740715	
0.0	0.23960189070834392	0.13909474802984	0.4577573748127183	0.0	
0.06164131220907089	0.2502352609506578	0.013167442867091664	0.2136520480218127	0.041637174809979076	
0.030825445370060888	0.24455665374753371	0.2678737490889516	0.016886068473530576	0.14761673586090715	
0.16823424109479015	0.2967850611336352	0.05306150142408599	0.15919673049326843	0.10637803740710428	
0.18820626288559353	0.15946608088585326	0.28227999594136854	0.23771838468508275	0.012172146382457663	
0.2776287297986979	0.11175687922721296	0.26361771627857516	0.1405047760217842	0.17445451117394167	
0.015227871265965047	0.28215996352967504	0.18649178660819762	0.07190713275274176	0.04016342627337927	
0.036236129449746524	0.11818444786372413	0.029178884011747383	0.12545706876436308	0.10518807725977354	
0.1861746459704724	0.08054571547096157	0.22135482455158942	0.045959319273550216	0.22591982978477307	
0.10963608707917773	0.011733112895832926	0.09191225435652303	0.23334534432236617	0.11966577067604314	
0.15131485471087533	0.024113989874792467	0.10367745781198522	0.17513432274216573	0.1129099222862306	
0.08017621084223579	0.022285860447876702	0.11726931067149864	0.0014231173730999331	0.14828385265002475	
0.18818849706910618	0.22479371734868311	0.27445676190413604	0.05714756686833037	0.13595604810362336	
0.19409340250438253	0.04930953322522806	0.1772967748761105	0.007031144731637386	0.202380873621065	
0.27233904843778445	0.29827174557459213	0.3446035856079319	0.28209195744712257	0.18322999402343657	
0.1863408852224472	0.21663502403574675	0.0010143228248734367	0.19399615931316447	0.0016275844283229796	
0.14300385849570008	0.11846266284284325	0.1848204752688407	0.41800908434674916	0.23239426521128828	
0.07616888686350896	0.0474574297884091	0.11573633685417951	0.06695187793460765	0.2562170277678851	
0.2875285475926681	0.2727207969663086	0.04073059620637336	0.027589490589204492	0.2997182052973444	
0.20598000328725077	0.2347567372390924	0.2599975589780419	0.18039978473481164	0.3105384283289201	
0.2559966113364604	0.10762823199987445	0.2899058622424373	0.17458303294109476	0.07275867754867366	
0.07798418782722653	0.1751325010924174	0.1728548219206701	0.007308567716469236	0.056665364608764306	
0.28417513147209916	0.02656365964382501	0.14159615579243567	0.06425297493650099	0.013632960806906664	
0.17279333366291516	0.01727734838636471	0.2158136363709492	0.025242368294144706	0.04412535824651225	
0.00998189600692885	0.25892731049113404	0.2243741055194693	0.2315082985004309	0.08393085388395406	
0.03549058377811582	0.19092799840909397	0.2687412723782735	0.1701957752270723	0.22721002257455294	
0.13439872245914736	0.023531581894954832	0.03297312583153571	0.14096296920979312	0.00675012415415142	
0.06088605030435837	0.17950744761496884	0.10886517427722114	0.2543205734568764	0.017480317023307188	
0.20497138850025978	0.06821196308441722	0.29699923439184933	0.1477119045085168	0.03453667022645873	
0.10206369040853865	0.2175812866808044	0.25503950648377616	0.10029163277491684	0.012183745723840273	
0.2563606855222601	0.09253689204949692	0.14980014119831422	0.4429257062528395	0.24231876700158586	
0.0606470015574031	0.018150114056049202	0.09384517413038543	0.26792164306696686	0.060800046729158244	
0.12737471954871837	0.2459138501439021	0.037873458723020705	0.26422716132662966	0.07473892837595121	
0.017032724887625517	0.0	0.11855163007643153	0.11499633260071841	0.19648694176840742	
0.23843328156097876	0.28564291540566966	0.06891927248024173	0.009776465105922711	0.08128385015880786	
0.10236166344390055	0.13833390325362002	0.07908488655445814	0.16073831205696912	0.22125410169403403	
0.1356605118628363	0.23937237037057138	0.25679117660056616	0.23171154974682986	0.25741674436315565	
0.19356848542214378	0.25893200393828664	0.13111071058012078	0.10049866699831668	0.22340096532072443	
0.2617381182877306	0.2713003249917618	0.16586121669732204	0.16250675114980676	0.05814043218043695	
0.21110250519415213	0.027590809971298546	0.2920747407542193	0.26676246624634087	0.08427193271907724	
0.001401097797182684	0.23399106560949964	0.11504323711868193	0.20437786629462049	0.02478006065058805	
0.07949934479723579	0.07620081528321238	0.29971175676638223	0.18349454050053843	0.13625334856426088	
0.0775073119092729	0.08480151266589477	0.14669582456423086	0.029851006369979522	0.1202110549883177	
0.2182507372684098	0.019880256525311578	0.07610812243393021	0.1216444910875604	0.17713521488253026	
0.11085578034487122	0.01885491064637859	0.14531202282050262	0.15364428596211963	0.11255972611440328	
0.2767155762793824	0.2072899435750827	0.17044386342999915	0.11821754930752974	0.06985249011152775	
0.1415890087436925	0.06811332266353379	0.1374958167571102	0.09236664624943781	0.07692647862200161	
0.25516112815599107	0.24103039831966883	0.1111982157710754	0.01226618915445661	0.15498768731502618	
0.05087367369631115	0.2163425621733459	0.2934962644507007	0.2915963850934572	0.11985799310222593	
7.4693321614081E-4	0.2717783394018691	0.279239868228496	0.15282024619536425	0.010828977837985013	
0.18602297697559197	0.13791400156915654	0.18614969574928006	0.2174169683775945	0.12790192217690008	
0.24283784966736668	0.15870826044048525	0.02160029654037838	1.3518117625841274E-4	0.19152095084547335	
0.23736641793364147	0.06112864093039323	0.11957068273511932	0.0	0.07822137783299381	
0.1701519163021341	0.05668377569433824	0.0030217753819184704	0.14954129471878583	0.1294793609293465	
0.37076328248273294	0.3235423857216121	0.14348222698206425	0.3903314062673309	0.39926452888115255	
0.09347744980791607	0.21970408317479623	0.050112313070312185	0.16592675293742482	0.018710775145749273	
0.21703343153638727	0.19424443849799186	0.12240404167841668	0.18176832221417297	0.22829741846779283	
0.13849413132190794	0.12402494858250589	0.04985093836085247	0.10592335074789068	0.17576182041382862	
0.049310359002352755	0.1014969901435108	0.038717695183988134	0.08727363491134457	0.11619730031078106	
0.1266577508001976	0.19839887116733793	0.26764896971033825	0.24125660093813348	0.21542050311305833	
0.5303262712941055	0.7800286630343994	0.674127407702414	0.1991157685480191	0.23501693980510954	
0.06013416620837106	0.026288177591349014	0.20060224082468217	0.17805995923434312	0.23108546345250974	
0.27425024093321854	0.08424107724624226	0.09767295801237479	0.2765186888455837	0.0972216039478419	
0.09372908665936398	0.2880614862580686	0.002959594591777956	0.19830838471839082	0.167124382558348	
0.06446266264944378	0.05734169092059413	0.200245439327643	0.2986266194922551	0.024079425418398085	
0.1450078182157618	0.06455928947428907	0.08472852495347767	0.2559522020034509	0.25294710343907645	
0.29008362160712975	0.5410392104941404	0.17661379457532198	0.7525080133460685	0.46052441337400696	
0.17145678127519762	0.2509568754822472	0.23317399808414263	0.0840758690375861	0.10383338925570326	
0.2596737302233779	0.19971181099149754	0.10932965794671204	0.13970252476669726	0.19568588835436085	
0.14303899082300917	0.04507014722042161	0.24785032381221087	0.12313081101887956	0.024388662059686518	
0.1845653067799499	0.26921746261231105	0.09102032900316197	0.18281376187956933	0.05254603287987096	
0.45236962769337624	0.8192158432777997	0.3152044650003318	0.3840887043630083	0.5258686046513205	
0.01357274936833932	0.27776924874798276	0.16716947757926062	0.10637560375567666	0.056807710522655985	
0.15522330474453686	0.19299600807627149	0.08769953360286498	0.12218345027376437	0.27482488367726765	
0.25447813478597586	0.2767100509505759	0.20096465024451252	0.23924626091836937	0.22729807476686728	
0.002531805822640679	0.2774260135352968	0.2778473881143823	0.2167405446239187	0.188979383967917	
0.0	0.11858723114273961	0.176392842304476	0.0	0.0	
0.20784988504004853	0.22520015527104606	0.19905669544530175	0.24584785064560896	0.17330774704473353	
0.20088953666240927	0.23755601721802577	0.18985014438743533	0.15166998824701997	0.273550480358465	
0.09747883522488865	0.2455379910280825	0.0	0.1287733650433317	0.054695682160279216	
0.12692646722897663	0.0	0.09076838870609175	0.20862555026862092	0.0	
0.2575509185797159	0.10152638648755495	0.2410691896296689	0.18694428238920163	0.13232269414735262	
6.71215046218694E-4	0.2529316985626689	0.26391269714853355	0.032244573667424774	0.21779686013138683	
0.2614378968694471	0.005457670430081569	0.0015270296502135966	0.12624921330139272	0.2997055008006339	
0.0014004518285436784	0.10306747639027786	0.023917242359359128	0.01382346648997844	0.113708756910643	
0.004337132344022754	0.13897155078345771	0.27871856512752446	0.296645069271944	0.25122240347414015	
0.10800719939935943	0.18401444079546456	0.13984659677605826	0.2496987144141761	0.27358096333334403	
0.05566386022468863	0.033909069664740055	0.06069201966672012	0.2753296715762999	0.14442822402734815	
0.03278537228781486	0.1723189423222536	0.12257364626788599	0.2589144543201568	0.1975825546073733	
0.18793314202594127	0.00438111340393002	0.29468311146306203	0.22562306366093843	0.1357520004664309	
0.24625166828831183	0.2353326489249108	0.21921974822630264	0.2600863002231952	0.14027108204892588	
0.17587852833627626	0.21328661291205997	0.11735561294937745	0.0730333732833217	0.23753944231183413	
0.07518796485917816	0.25775232242217133	0.22911695484926484	0.20931980833483818	0.10141996733288483	
0.12220772685071242	0.19881533605557933	0.3627272745858698	0.3637041006652384	0.05032798056820072	
0.08551174341666305	0.27166844919529953	0.14957273766444715	0.09670625931355659	0.11561376482955614	
0.09173026155478524	0.044394074397251966	0.17375694446085901	0.1689497813116307	0.11586587320374225	
0.013025385061985698	0.047499417092844456	0.022584820276133503	0.14108884616346706	0.2775379663313252	
0.05533359251419462	0.04853694180296785	0.025704870289807925	0.0632216008553438	0.23127117771132324	
0.1706141939787975	0.08207672300697484	0.28161147507214424	0.2955975246428806	0.031680842054878915	
0.18288938903944163	0.03507732426430523	0.24785266124458527	0.003226995709899132	0.27926653905703963	
0.014283534679737449	0.10350171362781506	0.12884972254871477	0.16219964052595923	0.05289712537356562	
0.1561656239524393	0.05973187469385493	0.11682940943519769	0.36974006712754687	0.07967905028705866	
0.11487462016575761	0.21526362779534639	0.057851568535709295	0.17894881676290086	0.22934160842608986	
0.1490606208165248	0.09674677524620348	0.2983673290549355	0.284548164609683	0.23361559203179305	
0.11039418055754238	0.12885333771271165	0.14677334101238038	0.07481356221422003	0.016026514455978844	
0.2793701766137787	0.16217838738340717	0.16943554612145387	0.17807212073391976	0.2951129418340731	
0.04297956734055078	0.29989846694116873	0.2980027275968081	0.1581118694461238	0.21844050946924795	
0.08030670884148457	0.05620952373713896	0.010626632608971886	0.05306994826774185	0.1478785498597795	
0.10799617541402962	0.0	0.0	0.0	0.0	
0.20685555939865863	0.07071490230256622	0.06228982083195831	0.15783904919813518	0.21963810659435798	
0.18246536157419485	0.019882282162178976	0.1716368262658339	0.29342878078953544	0.14757165260106692	
0.2177737709929967	0.008126608293690076	0.28074798059163425	0.05229367211145808	0.14582222706840378	
0.2711093019470242	0.2519872135987307	0.10915171267901846	0.08961833654206823	0.21752540653348726	
0.19700405555335435	0.16995679196568952	0.2940328223629006	0.24897700550751076	0.09917650324773178	
0.21079830329074312	0.2714577452553219	0.2868749243545331	0.20312893270794907	0.032187667531128415	
0.06795669876310684	0.07351513838008752	0.25989137017490943	0.08085826909466176	0.23338428154269114	
0.29763127431393566	0.037430004107596664	0.21515911402384563	0.11679570001979123	0.10848918319481647	
0.24002809539983794	0.13455173828231504	0.033468320490360415	0.1858994488383723	0.032598076018951955	
0.052854115359320525	0.20428322384394598	0.026656444076719774	0.2303398201175964	0.13065486536194448	
0.19156844717242275	0.06282015980049273	0.04338771299668688	0.0927705885727537	0.21336356448053861	
0.16549771059256382	0.23554825946797275	0.035813692460953464	0.11973823871513935	0.17904976815280715	
0.27534538429773653	0.2794416502697684	0.07636909376170667	0.1230252358965559	0.01891274702534664	
0.040007275338774594	0.2949617440233581	0.023088195370085895	0.28569089826024907	0.2057130437929217	
0.10043584871277944	0.27674154977619836	0.2247067541669986	0.24513517920452313	0.22260533003059146	
0.021948364282751806	0.009582280606651363	0.039453811057806217	0.23014672628093383	0.27288977734167813	
0.011325413135244317	0.02321020567977017	0.2289986299092216	0.07898429494502282	0.13385702275755146	
0.20788255488295848	0.16756605417481593	0.018928932003570945	0.11551576600921246	0.11852970339966272	
0.1825196488704215	0.06892326658745222	0.11625993667559799	0.09873715421799659	0.2429246006538571	
0.07905549583995759	0.2243869516060213	0.13339350205246978	0.02863420892535284	0.27844620653614294	
0.19364066130003782	0.025025567428266057	0.2155516896914478	0.4158294762138341	0.2510398442778984	
0.0269617194183009	0.19292041443511365	0.15601305908840132	0.18157555247606216	0.1951225873247449	
0.2551946790841989	0.26904261873254726	0.17291327716632224	0.21865460092197844	0.2814617300776359	
0.11562592196512467	0.015849347226411313	0.05938127323732898	0.009876846908107943	0.09308726837606514	
0.06547134315947932	0.06736381590409957	0.28842390580771393	0.10385331100677965	0.03156556389887267	
0.0874793782627932	0.17173413431828333	0.22946062194890604	0.253299514121623	0.27817627776229575	
0.18780072612617466	0.1252314029370844	0.25577168930537697	0.011574469278791803	0.18928601274215429	
0.016715150282380214	0.2043960994619907	0.149556180775627	0.16730989092525336	0.18889272816717556	
0.043283705762376515	0.06637258014320002	0.2855283962292053	0.20062110074928588	0.2896605819170051	
0.16734197828387645	0.2341045222964362	0.217164744294152	0.12265299868985481	0.06658531407718858	
0.09287573746369449	0.10096927501356341	0.2574667258609639	0.28402935312775207	0.2108900367992076	
0.23166910482947117	0.0824226901633321	0.17561857135145245	0.17155288726176043	0.1739116658551938	
0.1971956047246389	0.0031185859972462124	0.020798862022179836	0.006394504760859104	0.1806296640961507	
0.09640524264518995	0.13017301520151459	0.060813264934934004	0.13204983758911962	0.28739790381602126	
0.06393084999994192	0.1548257272557377	0.22034238982689514	0.09657268278236991	0.20450467677889914	
0.14630454366212345	0.21037779474242854	0.21871900219327903	0.10287561378800764	0.08707470207487894	
0.02009954842659384	0.1484342385365259	0.20086011380777932	0.2848944295855162	0.17610825788777665	
0.05397368054516973	0.27853491934789754	0.059034167466418284	0.07754162337566314	0.14557218476959263	
0.1452641885640517	0.0804478336107207	0.22554659039063965	0.21655695021717591	0.18604627545410746	
0.19710124366058526	0.19875182423811572	0.02889984504437889	0.22325369356956865	0.003106482276178663	
0.0035367752294210636	0.08088231736682434	0.2530646701025612	0.26724669047352184	0.24681858550718436	
0.23157192303540453	0.051024664942845716	0.02076277129159382	0.20973597671564678	0.27386755296840054	
0.13452179421370397	0.12860799985533278	0.031430511816211364	0.22464309851813855	0.09893784776202948	
0.07689128534748566	0.12082079766462218	0.15704207754254504	0.13537092062825246	0.28629068686786147	
0.24089981918297332	0.22721752583735952	0.055844671177167717	0.21540587363443844	0.02418726771933348	
0.24492723259434124	0.03689176985940588	0.23143975979411754	0.08715548256725072	0.10946228919257449	
0.108206574493309	0.029973529283258863	0.2174119292105569	0.17235301403622813	0.287075946951115	
0.13905002161493965	0.02116853674740084	0.10180414881154769	0.07261105374697557	0.19310837805851697	
0.013815975731768645	0.014528486982749425	0.08080832848813574	0.15833237324216065	0.23469506090322267	
0.191363162843782	0.10354114908439786	0.1872572348384275	0.26954530720996933	0.2269029569056386	
0.03597013148404328	0.0	0.06784877174729273	0.1069075546146398	0.07727571398538172	
0.2481378753882028	0.11051652162654081	0.0511577959241637	0.08633362801183048	0.20589147844917852	
0.2933209286225607	0.1429560893267825	0.05083830507473587	0.2912716017927032	0.23296541618757632	
0.01410065835938171	0.10769929861108328	0.17989891992002238	0.13613756584013958	0.18030976911117486	
0.2529915326755509	0.07844432568080367	0.0027033062253255394	0.10804248353479294	0.04922074587900722	
0.29671401084535426	0.1357826748074283	0.2721953429010754	0.26683730669178835	0.15138641461630398	
0.27639435920767186	0.030134405521896095	0.032091768507299334	0.1267417159868263	0.16847639644904702	
0.17050567246319198	0.15844966382762699	0.13221034508507817	0.2209469029039885	0.12587582842612965	
0.042576040794516795	0.05589748187376705	0.29448961068229734	0.27767621454315344	0.0014762160741312715	
0.06970711600761699	0.046557154301793316	0.22412257439195205	0.07033895904698811	0.06385945078223916	
0.18175535255169042	0.013006409394091879	0.2150349034880172	0.10758592483211532	0.08589625889606473	
0.18425761698142687	0.22760838295643998	0.13207806659209723	0.2182192070760889	0.24314551085103367	
0.22067946381778278	0.020477079719322874	0.02200831677701626	0.06327862701027316	0.26008314304775343	
0.1544136835871951	0.2086813839191886	0.1266593202995096	0.11620724253367688	0.16082741230780284	
0.17568208599633575	0.25255562374905544	0.22275987171482536	0.10862395558591144	0.03485441966696878	
0.11769860118258527	0.22984222031497797	0.05194014148637394	0.28825932103600543	0.10140946995655618	
0.18388465604933402	0.286470476480508	0.12622331063953152	0.12741607839540212	0.09960426931696077	
0.16846737978219292	0.15419535906004145	0.1906112556641138	0.083334228683703	0.06161483628107433	
0.2649298035873902	0.23406117541000834	0.2994390306853499	0.09790496447853035	0.00914187548919406	
0.29922253820276756	0.2536346278515279	0.001599901749295973	0.12748770087650454	0.2973125371876298	
0.09887783763346972	0.19647802435173015	0.21800053942854997	0.14943035846013114	0.0389423537106611	
0.20938745892752195	0.23669191929761788	0.012275347355005442	0.23330431488165715	0.11092308651728218	
0.024833142441083332	0.14824834888333566	0.07307288957185834	0.16463889992233768	0.27046173044474	
0.11279469984448369	0.01806991824813937	0.22459400622675837	0.00609906002382339	0.020589573576905707	
0.0397525826068859	0.004917024235839757	0.15732960670553123	0.1037278610627971	0.03536916490584342	
0.15010291414994292	0.0316282091765492	0.20977757881642647	0.028577152212625696	0.2592360914658624	
0.15461053625646448	0.28845738231731016	0.07754010402579736	0.1767823940292217	0.22748103062472208	
0.18647437542671116	0.16253324818427348	0.12427932379222084	0.08402558581119683	0.018043101675655066	
0.12245584719600652	0.24560335327380978	0.19834847387377458	0.1936435247794619	0.15450002350219078	
0.15403473541042503	0.07659880957047792	0.07843605151858697	0.18045707315395515	0.10771852185839208	
0.2501164247232981	0.11810398318077879	0.22493562296327618	0.29456266972409356	0.1489206586625025	
0.09116471836445232	0.03214264578896079	0.19392179357912903	0.02038876208408051	0.06445873431584145	
0.0835099352126399	0.18563331717471362	0.211891787408857	0.19518646637572942	0.25168824651111193	
0.09484461090430943	0.20942740656110334	0.07548091765785687	0.2595691383405131	0.01786063083876624	
0.0861564421270394	0.13743071441193444	0.2800724296321874	0.03468185922803611	0.26690526892473576	
0.0	0.0	0.0	0.0	0.0	
0.1978177187424566	0.28643434310022386	0.27932880229769347	0.054963103694221346	0.19631701674897928	
0.239511330232705	0.012830778042443302	0.040579828724153715	0.009792077759390545	0.15793332869739662	
0.06366710928736735	0.20235892421887947	0.16729475525108173	0.2673804288470536	0.20566462463053858	
0.22076861697909142	0.23899802312038845	0.05467583001295026	0.2587995020529844	0.037467688668477876	
0.10416200457222459	0.10508124054724242	0.21174952979905948	0.031573043111408995	0.19429287765244554	
0.2912588203174915	0.07187033447892137	0.26254587146202607	0.01053977755848116	0.030376722591990063	
0.2390929350295344	0.2519018724644778	0.26136590819190525	0.007300003260551882	0.22469004415671714	
0.18623679992874323	0.24181686051362072	0.06667457811174005	0.06611584873327149	0.20280688018714763	
0.22782451900629083	0.21936782769508378	0.20205119204297847	0.07881178323311538	0.22359579879966776	
0.05080249399629403	0.09390642615611397	0.07051291903671014	0.14185623697865574	0.10140579971934352	
0.29893249456690274	0.24345995399251458	0.16645408408883014	0.07798714551309707	0.1999661436485804	
0.009423998267614085	0.06941011437484494	0.284343980831417	0.12085809823199285	0.028141218187958644	
0.22766552828359693	0.28829821524322474	0.24667846373674016	0.037860311519874984	0.29470852919419654	
0.015266457117611251	0.2808579041123545	0.07758701350648509	0.053497742575980015	0.23501760969031377	
0.16715757723627445	0.00983723103269334	0.2808671241644244	0.014993732111734886	0.29856609035349935	
0.08966445804431623	0.20936144198821235	0.25244000752953305	0.02846228615965879	0.22239625259887105	
0.1875500210907613	0.12656497600694752	0.19560894958050407	0.030062075797790574	0.1736680601917397	
0.10890926980664202	0.2469487300974919	0.29024710776213236	0.10947537226771988	0.14023419300259124	
0.14408890393211005	0.22247532442720636	0.2581735303638712	0.21527733627716164	0.10363089443622411	
1.9371149987641305E-4	0.08199302246646445	0.24437828921013593	0.10709591755610587	0.010490736215595268	
0.1788307492988257	0.224167022297256	0.2895425986009982	0.22752632701199635	0.07135847808307316	
0.02904293060690982	0.28411949950387055	0.167517133843285	0.28865874511093276	0.1400840736213449	
0.27205684399429114	0.2699397674707174	0.14324441751766742	0.14871930046982937	0.24648351174451802	
0.1929211314694445	0.14848513176699316	0.1270297378887461	0.26596550683079967	0.040894492035579245	
0.1772550674935669	0.015857744235726584	0.1280751913135116	0.024806635154996662	0.29692893954200866	
0.07985003053192306	0.2518271011081897	0.02473565042138415	0.07169002915986843	0.28608483039070265	
0.10493880944186854	0.1602762536450075	0.24392828164406638	0.10062861140838808	0.27016560588103095	
0.07857386568257688	0.25674616014351537	0.05338489763319089	0.1777355994284153	0.254726107556563	
0.20073197065365084	0.09367883885297304	0.28953023986735477	0.04269534663087434	0.007159223437864562	
0.06861122227623284	0.2441674023906301	0.25046439115362307	0.02108283990371485	0.07086524812950887	
0.12347214231662028	0.09154233728249789	0.12882254498093226	0.24803569497323588	0.2232495148960863	
0.05239607119980801	0.013831200817094646	0.1315154289212363	0.24684627849860663	0.033504468462413936	
0.1534714171352832	0.2329039828249365	0.06838900131697515	0.14951209726508102	0.25466899149290434	
0.057100600355334694	0.2329673682159961	0.1459356126397148	0.06921538972644996	0.1250287749701687	
0.18185943444517638	0.2509130334565034	0.20454249469181787	0.037344248785427234	0.016119672112322313	
0.2012382823004172	0.17425200958815115	0.09993555953827017	0.11579423434278063	0.2869397220023026	
0.21708982908253488	0.21582093432146934	0.2505261213992755	0.02113576433110103	0.2232203562363653	
0.07640296026314908	0.12609882465537867	0.09343531963290708	0.2865945871724681	0.12128139461950703	
0.21392788717319605	0.16680797145244794	0.011569660338842824	0.09574585133661	0.011158769170042172	
0.17787726906614043	0.1712003128096588	0.026857366977980798	0.1868967992817551	0.2465089782679866	
0.015002787510001458	0.03728504482577932	0.2521675369624649	0.03554475968060007	0.29668624601392773	
0.04844445534938506	0.2999650674726584	0.20469104658545212	0.17556086450835764	0.0740572935132234	
0.037092048327917286	0.16798710041537757	0.21863612146750244	0.07540399326773349	0.2272964718610778	
0.12241891179376209	0.10578230323129086	0.04478588487638661	0.03778005952146385	0.21814950017063126	
0.2040847550714355	0.09840930481014244	0.27702502218384706	0.13957214893457498	0.15377207548182034	
0.19715329589904967	0.16813645164702928	0.12512700167326815	0.15807585010993305	0.2740502211852728	
0.29950788304495046	0.08242862804307258	0.14454825317396805	0.12712656826292215	0.04273125515672033	
0.16614798625872698	0.10494602939657603	0.14088026117964847	0.11658148112403388	0.25698571347663157	
