0.2766865824995164	0.029193928115159667	0.3000850207668327	0.12961246147297212	0.03701064791658873	
0.019509570095622847	0.25334031972184184	0.2656161577767063	0.13021851855676234	1.4803378007361416	
0.0	0.0	0.0	0.0	0.0	
0.0	0.0	0.0	0.0	0.0	
0.0	0.0	0.0	0.0	0.0	
0.0	0.0	0.0	0.0	0.0	
0.0	0.0	0.1855120079318253	0.055556737565698844	2.8867884881343238	
0.0	0.0	0.0	0.0	0.0	
0.0	0.24783256332654666	0.5044609600753149	0.48841296857497196	1.491211520388075	
0.0	1.4822606983121938	0.25540210961039356	1.1174997373907805	0.404856561302602	
0.50920864872355	3.276002249604905	0.4295761681407075	0.9977747958104533	0.6749382199031623	
0.0	0.7331651283535465	1.3314385984325794	0.2376557365441623	1.5169544145001257	
0.5603937145335305	0.7419795708922854	0.7908500795824559	0.020987041671037727	0.904248919193876	
0.0	0.0	0.0	0.0	0.0	
0.0	0.0	0.0	0.0	0.0	
0.0	0.0	2.0749173853226153	1.4883254224870324	1.1278245230172161	
0.0	0.7437909188340945	0.030390430267409667	0.5304575859981655	1.7222304448880512	
0.0	0.4041824537415126	0.6012064864864489	0.8715740976667948	0.8943000292204334	
0.0	0.07530786972849259	0.8411518606949724	0.4840918457782212	0.587802076450927	
0.0	0.0	0.0	0.0	0.0	
0.0	0.0	0.0	0.0	0.0	
0.008068328061526464	0.15457302129404915	0.3537714758488431	1.230310107299709	0.37835114648821977	
0.0	0.018667492528206524	0.0	0.2479402127301374	0.6157648334652851	
0.0	0.591919905839948	1.181921639672202	0.5634693583788353	0.96638099315692	
0.0	0.28460526299839506	0.0	0.017000137410398606	1.6775966948500063	
0.0	0.0	0.0	0.0	0.0	
1.7068227564843767E-9	0.9796066551743069	0.0	0.5612637465689678	1.059274278450627	
2.8713323307231504	4.965247573536386	1.201170175537262	0.0	1.4076770552058955	
0.0	0.0	0.0	0.0	0.0	
0.45667296600189194	2.0011830756076314	0.013187190588338544	0.28086943933451636	0.40781076054784826	
0.0	0.0	0.0	0.0	0.0	
0.12390142009162598	0.7409293575447479	0.3358484267850693	0.4773416316758421	0.8341126048816787	
0.40168790014733624	0.9047233591273044	0.18433015686990842	0.25596424860488437	1.467434723041817	
0.8505473136735606	0.6864583222583303	0.7109209182213111	0.7956194833716771	0.006648530891294807	
0.0	0.0	0.0	0.0	0.0	
0.4871095488893881	0.331065818711763	0.20727969848055014	0.4707834125391961	2.2100393344297737	
0.0	0.0	0.0	0.0	0.0	
0.0	0.0	0.0	0.7152026639438684	0.7735668766964717	
0.0	0.0	0.0	0.0	0.0	
0.0	0.0	0.0	0.0	0.0	
0.0	0.0	0.0	0.0	0.0	
0.0	1.8767845825196792	0.18992867107444844	1.6511529370840032	0.8890412692236335	
1.3517438683824818	3.6932150187408967	0.16234697507774437	0.3955920667900361	0.6052052898509821	
0.0	0.0	0.0	0.0	0.0	
0.0	0.17637551344275548	0.7264403828199905	0.5428922758444987	0.7019972537177845	
0.0	0.0	0.0	0.0	0.0	
0.5583512564591382	1.1202088797799001	0.3756562764550306	1.039719821094868	0.0	
0.0	0.9066381620756708	0.5166370092496255	0.6825029969824346	1.4949936654635039	
0.3798996073488695	0.17118281919742653	0.0650151445933208	0.31740729092749226	0.5324409047319629	
0.0	0.07274982839710868	0.03788979904646204	0.7175006793473613	0.4142476400204455	
0.024876449218168173	0.5666145397316352	0.00346323176777218	0.04357483085683551	0.8677273418710397	
0.0	0.7016350305888418	0.7459355751322352	0.0	1.5245440563152561	
0.0	0.310170716112204	0.2507353818105115	0.16977049468076483	1.1115806190177169	
0.0	0.0	0.0	0.1980856853001387	0.5272809099684672	
0.0	0.1289027856252655	0.34629289334636615	0.1366209487969122	0.01547587265727556	
0.5275005495888697	0.23564582309199536	0.3722360863630548	0.6831159012031867	0.6249236316345341	
0.09210118456630614	0.4645428062840129	0.11641952335147861	0.0	0.19029793727765343	
0.2272396622931921	0.4036482864566106	0.0	0.7450928581164148	0.7269087914759155	
0.4619747949827508	0.3492309568250018	0.3043324812840766	0.9677767613182311	0.5024043808684473	
0.057293056184811265	0.0	1.7345477291728493	0.8134389280468572	0.4018248068405707	
0.0	0.24787847043818972	0.22805101030514432	0.749906045631463	0.42218957464862	
0.6121931175082397	0.7281617565110714	0.17939695796556188	0.05769535096342533	2.6967169183589776	
4.51081136315142	6.170090580546314	2.42207206963553	0.0	3.9813549570048976	
0.44000351380735886	0.142101019883218	0.5129639792812413	1.0940505388198847	0.20698483575189044	
0.670424183730378	0.4722995963286006	0.604931139296719	0.6031916209988727	1.3159211344119683	
0.17803618912324864	1.0296034337492377	0.3396208405384155	0.35912695709074866	0.9324514489808164	
0.4433317677390355	0.0	0.0	1.2936546105447186	0.12917396151635413	
0.0	0.0	0.0	0.0	0.0	
0.0	0.0	0.0	0.0	0.0	
1.258971864870105	1.4169837329057913	1.0112144006522472	1.0590153828169926	0.294347920600767	
0.0	0.18304910889262543	0.0	0.36897594283127705	0.3622216263568199	
0.38505919044693376	0.6138181470672526	0.23756909744880894	0.0	1.4016438405253189	
0.14448486569337765	0.980614087017906	0.7941464844814247	0.2545579456525573	2.496386420089563	
0.0	0.0	0.0	0.0	0.0	
0.0	0.0	0.0	0.0	0.0	
0.0	0.0	1.8831135668212435	0.1489659946096296	0.557559228309407	
0.2750743875771136	0.0	0.8600216742840389	0.2533541832135882	0.38437237748468017	
0.41896697689609347	0.2694379893578908	0.5497100547518655	0.08507664618866259	0.4375117244363126	
0.07247835497924711	0.31464718681874987	0.0	0.4663780147896619	1.145599516362789	
0.26937029302228016	0.6562930136541354	0.13524277943743396	0.4006864803706321	0.6293362318530377	
0.0	0.0	0.0	0.0	0.0	
0.7576920818214483	0.0	0.08643765030362853	0.21085905761001178	0.8705810967736571	
0.11718748557791005	0.9869983480143414	0.2453871149915294	0.516453489999971	0.2353356793338821	
0.0	0.0	0.7076380229828773	2.187102811059809	0.0	
0.0	0.0	0.0	0.0	0.0	
0.0	0.6462073936476119	0.0	0.3159573430846944	1.420767548693709	
0.3492212867802369	0.6965756608839927	0.3532896908860754	0.12363620674446214	1.0262489174509146	
0.0	0.21854258791190193	0.028665252802339454	0.6663569391303009	0.003658342370712407	
1.5350793858777276	1.550255018053493	2.173105416982366	0.5771877899420177	0.6716409197789556	
0.0	0.05802942140135218	0.0	0.5321558139388137	0.03981610939638616	
0.05687398148683534	0.09591626690044391	0.06430226425240211	0.13225227133282483	0.5155907619674921	
4.313536155300672	7.393477944618313	0.8582045563791805	0.0	1.705334504136882	
0.0	0.0	0.0	0.0	0.0	
0.0	0.5429932993204193	0.0	0.1591207398106487	0.9548225413584084	
0.0028686694295879116	0.299875630157239	0.1278831195646524	0.6259636028287947	2.614756749296838	
0.31302212499132154	0.36320587820806755	0.21080174370964716	0.2714896580048767	0.6405598188656686	
0.0	0.9160197636481421	0.011546010744832932	0.7071893702443811	0.34200847661555717	
0.13555575880228402	0.7176117189521714	0.3101440090447088	0.224530533924267	0.2722293119115529	
0.7699052787754657	0.2042617118912737	1.1824805160387728	0.7455254884951436	0.9185730954448651	
0.0	0.1502227552964086	0.0	1.3885887604665235	0.2917013858509867	
0.0	0.22840075406635	0.6071255448728413	0.0025409897813579167	1.1548718139614813	
1.6699612102879011	2.787729372942795	2.5961563316385954	1.211219452408296	0.9384568022336239	
0.029226983754946576	0.0	0.6491767308343299	0.981287779875581	1.2981728055090491	
0.46595032796161645	0.5248823766065293	0.49798126790022773	0.3830264440721279	1.4990259844282203	
0.4098232651988031	0.7605822165382086	0.5005719925706748	0.5516489265459472	1.7917842937290662	
0.09191928060755467	0.06644332483806281	0.0	0.8689650077579029	1.3993263207027668E-7	
0.0	0.0	0.0	0.0	0.0	
1.494283306720355	1.187040190690937	0.6577835112156064	1.2357942673810782	0.0	
0.0	1.3206073063581987	0.681947245387145	0.28831753649170355	0.21753907115712864	
0.0	0.0	0.0	0.0	0.0	
0.0	0.2646012228355646	0.0	0.42572729134042847	1.412391979795463	
0.2703061116590738	0.32570890898828136	0.3055465477163236	0.37199290734880197	1.3874804421705897	
0.41640365202043134	0.8950638928254512	0.5836034670033163	0.17813636286196574	1.2848351757377423	
0.0	9.876549488566834E-9	0.5017552183218935	0.35678040575431813	0.0	
0.0	1.172922618524098	0.0	0.07205720071583728	1.1319948255967358	
0.8112667616174442	0.35665635420123765	0.21060403354871957	1.4906297031009148	0.9715100415177783	
0.2075220880758985	0.06225153430190932	0.4963133398751732	0.0	0.7589792442282919	
0.34922099813292284	0.43840756331098696	0.29744685367820695	0.38223428552595407	0.6338758547088941	
0.0	0.0	0.0	0.0	0.0	
0.40898176050281776	0.08674199441506186	0.3982628268790262	0.37281778495421936	0.7406692686728036	
1.0196835414985768	0.7759443643666222	1.0873083323629922	0.4687919740703225	0.1786099495755457	
0.0	0.37261580891187457	0.5387933770946937	0.45399698724153015	0.18715038783680388	
0.6645913186142686	0.4055650604677274	0.8040268399354216	0.4024771658585405	0.30649009479344463	
0.0	0.5869022772556416	0.5198025974270384	0.901012208035998	0.7373247147695335	
0.0	0.34284593955949644	0.0	1.0289021565784018	0.480659887587135	
0.3199011731652916	0.3737896283299943	0.5304456996541475	0.9820679259000548	0.7967482261903519	
0.2232876697389202	0.32610468833496303	0.6357808039254936	0.543368108932527	1.6874322302421303	
0.20668299397744505	0.9208774685686848	0.2931825599897222	0.6208820477562461	1.6648961091051588	
0.24181863943787843	0.1207861600238232	0.2622737586509935	0.8422497516244198	1.1922115163710445	
0.3776252124966546	0.02929948035538099	0.0772592471192291	0.26027777776994354	0.3193504204993897	
0.04506169176726897	0.47727979343187416	0.0	0.5378020326966708	0.3721773487110223	
0.21292651898494758	0.6392472966025442	0.10193052923773302	0.4073248300333342	0.5219408870056222	
1.4570990254757852	1.7099511701521592	0.587369432765043	1.3368430251291952	0.15055458766847102	
0.27465007829133764	0.23876538584259263	0.6971523708122799	0.019054075554223365	0.3236658609448422	
0.12321943290056687	0.39579434273697445	0.4751441504760506	0.41750554571456583	0.5292804395825446	
0.5421822955354714	0.5324236205212968	0.31604912440455624	0.6396356914834067	0.5864749357203218	
0.29119015624957695	0.0	1.3184335353092278	1.1692936842389707	0.6899002596706308	
0.0	0.0	0.0	0.0	0.0	
0.0	3.050273935114568E-4	0.3546438542962837	0.43245793583582903	1.2920307831388567	
0.5640490577065326	0.01427743079064184	0.17342522366651061	0.4378114019262851	0.09960509668767165	
0.3596927024958772	0.5968144872533221	0.4418430677571744	0.4281036728764156	0.434431784805792	
0.3859290613504688	0.3382998021285847	0.788736153222743	0.8368379384051751	1.161541847350377	
0.6522330198261247	1.524609658460525	0.14687995181751456	0.29200027089958114	0.4768693742598516	
0.0737859457868196	0.1717108995356323	0.5275423172664981	0.42903930166039067	0.5546222238535703	
0.01809546244103135	0.0	0.0	0.2473391260939281	2.4308917267004726	
0.0	0.03956093651257009	0.06480982114874599	0.5010093458141466	0.3311635620844375	
0.27472285289419957	0.6763133264298743	0.22844671232519745	0.48895669501135613	0.46990711933246665	
0.0	0.6370398015058933	0.0	0.3098533044486296	0.9430749534679426	
0.5946938699416191	0.22625943908033708	0.0	0.3338255618830007	1.2291064877873206	
0.020139054547917947	0.15804740875770898	0.44120465827350097	0.4316627019938116	1.314706882158092	
0.06150560781943289	0.318329335780102	0.47074087474471593	0.8002452959683986	0.6463792592882677	
0.32498405035446043	0.2377440983807858	0.38058912830033853	0.336672806202604	0.41304774615005724	
0.039016455867391414	0.20500046950820275	0.16908596294999795	0.30251538773644476	0.676321619648711	
0.1648778630642688	0.4871667233169076	0.0	0.19368924319567557	1.0128880946296968	
0.0	0.0	0.0	0.0	0.0	
0.0	0.0	0.0	0.0	0.0	
0.4483548908198382	0.0	0.7887580766653832	0.8727686634629946	0.45245287134924506	
0.3051671960002263	0.0	0.0	0.8536037303007109	0.6296501186080262	
0.6469936646127497	0.0	0.584160731261109	1.7074890842725463	0.0	
0.0	0.7102731008949383	0.0	0.8883470046030837	1.144388678107262	
0.48587075057169526	0.7674638284049126	0.49130453312837874	0.0	0.19733789946554545	
0.39092771725397785	1.3882169624200669	0.3248493511151573	0.5725098473908692	0.06496935970176944	
0.0	0.27237506984205256	0.0	0.6471398544053338	1.3284456089010779	
0.0	0.0	0.544262079915526	0.08415029043875281	1.824023123758229	
0.6474441053694172	0.6724137265574126	0.8196711958662495	0.29898648119156307	1.1274206766371175	
0.2760286095902103	0.7761779894893425	0.26282566731422485	0.9064677071861105	0.3552175905226183	
0.0	0.0	1.5274067463520344	0.5863711942336465	0.36803197215495814	
0.0	0.0	0.0	0.0	0.0	
0.891130277574492	1.1448058907722314	0.36705626620358306	0.03414591673619444	1.4033479299459493	
0.2180689677022544	0.490269277880122	0.2350150711715925	0.14315882686893244	0.5216658000858573	
0.0	0.0	0.0	0.0	0.0	
0.539606056232764	0.0697481309231502	0.09286305599740069	1.3105075625187714	0.23986423501606766	
0.0	0.48514880825058	0.5015572895815957	0.5289123336955648	1.3807263580579408	
0.0	0.0	0.0	0.0	0.0	
0.0	2.778403556270503	1.561047829972807	0.4512217763735262	0.0	
0.0	0.3251638536637883	0.47208179546351875	0.0	0.0	
0.4257188539777217	0.6631256614991861	0.0	1.0603766935106758	1.1965341448666544	
0.046624856606505796	1.322840342623118	0.0	0.1406841938613257	2.2739825987867914	
0.5133778773453719	0.31263138986368394	0.5873443576571851	0.7590330589295579	0.8521240547311058	
0.05147223251774379	0.0	0.011647605233343045	0.4526769211342297	0.7010411861842484	
0.0	0.0	0.0	0.0	0.0	
0.14278367761660032	0.2826719134947945	0.0	0.4065464188417474	0.0	
0.10280403441817906	0.747727921277146	0.8234807910187841	0.12362169458674248	0.3043821394584606	
0.2746767145246954	0.2552165811051929	0.3044686959313966	0.2155481352508235	0.43929586502958345	
0.0	0.4976710041806942	0.4448788530980448	0.6252723367618795	1.4721045550697531	
0.3472284386479658	1.3558278956209293	0.0	0.5035407744740237	4.074396541771302	
0.0	0.1318593154387601	0.1276487801248355	0.1614014899180878	0.713328617332652	
0.0	0.0	0.0	0.0	0.0	
0.23124148521276955	0.9245352469456849	0.0	0.05887703021292157	1.056043645392939	
0.4648042277667293	1.4931250318643734	0.6388113835674237	0.3888306874655501	1.1461570255462747	
0.9983458494230005	0.655635743424247	0.30405554456183387	0.6651904333453855	0.14168482464577273	
0.018739146091454682	0.8645409261364144	0.0	0.08356025496234884	0.29369128256843524	
0.0	0.095263093286968	0.2939247314092674	0.4679885505941602	0.9988087334376812	
0.0	0.6425743256047465	0.0	0.9015649998044469	0.5855143887659857	
0.0	0.1034026644513358	1.0597252311992293	0.04064517916200066	1.4374476007978503	
0.17785570155637626	0.7716245107517323	0.4039044327654797	1.177239082280226	1.3177553523321388	
0.1580304848414571	0.1857070516506067	0.3022432476714277	0.39188474839801823	0.7606322311612782	
0.06778544812070884	0.4000881138523247	0.465770224680655	0.0	0.05224366313144399	
0.0327963187210917	0.03409969483581782	0.12872472507861735	0.09887628381100384	0.5416906884277369	
0.0	0.0	0.0	0.811727659320044	0.0	
0.0	0.0	0.0	0.0	0.0	
0.0	0.0	0.0	0.0	0.0	
0.5876154337949504	5.04333335890241E-4	0.2070064148572443	0.554244800883133	0.7097776838720875	
3.5655539454162546	4.245636847059149	3.379772178104294	0.0	4.477749635346742	
0.0	0.25910910331460907	0.26990364514171666	0.360572039843754	0.8101657353642513	
0.14343191581752687	0.7247564171086424	0.35316163727343325	0.9182187766904004	2.3368611440867322E-8	
0.1558868529182035	0.8059458722199927	0.23935402789407917	0.4386310268088861	0.21941695366925396	
0.46654563892427264	1.1153964775384637	0.3642243897373255	0.7886838457580697	0.9151779563388485	
0.0	0.31239783112522673	0.16036710207470833	0.6461322036391848	1.0596567817489964	
0.25525358296743533	0.6651104403759635	0.0	0.09644755005162368	0.18538223142814608	
0.0	0.0	0.0	0.0	0.0	
0.28427366473021165	2.4470174482326623	0.33741790901015845	0.3810065240704814	0.0	
0.7984846749332669	0.13144505350659305	0.15693089840168917	0.5470112651292487	0.5761396462336347	
0.45269090698038955	0.19921380176988904	0.0	0.18912790489144388	0.6872417231597453	
0.0	0.006012539210945754	0.18286174733698904	0.26949232556469194	0.9997296281504913	
0.0	0.0	0.0	0.0	0.0	
0.42301144051350237	0.07546659056005572	0.7910055137475173	0.6124395596576907	0.13296685934533486	
0.23595179390168267	0.4578653786443363	0.01715621150165253	0.8521290842244911	1.7717485738969845	
0.0	0.24852702150179418	0.0	0.4686833559506062	1.1005221525206812	
0.3803350257742047	0.44470452227855195	0.3349434648244133	1.240310694071818	0.4817080844136945	
0.4824385371673849	0.09499983936807238	0.39074973482137365	0.5268494710119017	0.04453738228592325	
0.0	0.3859584350970277	0.24070554262830215	0.0	1.0718017930198229E-7	
0.43590354614462046	0.4925435545691796	0.6440775480722292	0.0	0.23768469905581954	
0.9050902887789316	2.641336780370907	0.21891325898393713	0.14832843756724787	0.5360894304113183	
0.0	0.5210525224111969	0.48225950640372595	0.7711943757969378	1.2410966855887886	
0.28887706905036437	0.8016337806614419	0.024530199851121166	0.0	0.2822997866012114	
0.0	0.4748410149089866	0.0	0.41887785757324053	1.1706058374189559	
0.17555884514976747	0.27338818215464394	0.3245965937384896	1.1538636748978803	0.7751465015761434	
0.0	0.6679463931655415	0.40592988670182506	0.0	1.8762154841316239	
0.0	0.0	0.0	0.0	0.0	
0.4312697464709365	0.2962701168460096	0.2782708828829292	0.29091805608908455	0.4363775207663234	
0.0	0.0	0.0	0.0	0.0	
0.45277543010087834	0.0	0.20977658570029573	0.23582270538712144	0.1708739908697494	
0.0	2.7705075115135096	0.0	0.7621032075733798	0.5324638621979765	
0.01243273922792892	0.0	0.0	0.6196896300615329	0.538463382254281	
0.0	0.0	0.0	0.0	0.0	
0.6228537393669658	0.44040380778666377	0.5569563076783148	0.5727172324007805	0.42476959284685645	
0.11890346050770158	0.46046248254489125	0.5491388313710811	0.37073147521206246	0.13862893455173858	
0.3495347535088739	0.0	0.35071625014147406	0.421975466506696	1.4638220042264156	
0.17261672642855244	0.5054715337670862	0.3088934339386642	0.08655184470654924	0.29494052182660463	
0.0	0.646760126597973	0.005254828066480923	1.0073224528891402	0.5095384181495397	
0.0	0.11576662917089942	0.0	0.861900111428591	0.2678689666503122	
0.0	0.0	0.0	0.0	5.391460929281567	
0.5752747232157068	0.2693050361984847	0.20056572800162317	0.5030738859616503	0.22506498220203072	
0.0	0.0	0.0	0.46198130119715136	1.637476589935121	
0.32112021075001773	0.64425811228739	1.1234379466095408	0.2280689230995823	2.6410298794179092	
0.0	0.5230216251437355	0.11610456642486533	1.5729885407234685	1.096981620712317	
0.0	0.649341838398062	0.18839828737494513	0.36684292583751693	1.6011998190345054	
0.1527947923146705	0.005140224049278999	0.2995338592791951	0.27257939206097404	0.04351332964299368	
0.0	0.810932302216051	0.3469753650228695	0.9245629425652475	0.0	
0.3339022468201323	0.04919420185224781	0.1296667240417562	0.4158539920187289	0.6253919435273879	
0.1389574202881505	0.0	0.43522704364877457	0.2913116928691753	0.2910339361286778	
0.12144710243575683	0.18026720712539435	0.03326692567766396	0.6062069546185149	1.2322901596829876	
0.5613850309789788	0.24494243532998924	0.3316014094433284	0.5856278700633674	0.19808846649772777	
0.05063666682574851	0.14807540958346832	0.5238775147827354	0.18278136103620074	0.4885398257879925	
1.2761618684840725	1.8879024961263613	0.7388611553332154	3.4033238589937773	0.0	
0.4894201120912275	0.20405588500300054	0.181981931438167	0.7464578047715146	0.24559611409693896	
0.18199901164932247	0.3382357975708337	0.18738318296092912	0.46743538635991294	0.946259332590343	
0.0535301256309518	0.07358610436195187	0.7699170784051677	1.1219147419823603	0.19284072148847634	
0.2553130199819683	0.09395088852348314	0.3726632114888076	0.3000128046488771	0.48890291675489644	
0.2107775713616442	0.6807006002357822	0.08865786041029178	0.19605853059387401	0.6222142583467953	
1.3805730443255426	1.7281608595648388	1.330256444718047	1.6092353569437219	0.3486260975605753	
0.18056554380093434	0.518709267216593	0.5066042454906712	0.29785056696868484	0.210223503195669	
0.6009924063678657	0.20802193711296613	0.07766604575412932	0.40147028625426445	0.24061752049860163	
0.0	0.0	0.0	0.0	0.0	
0.18615386691506403	0.16891790787506564	0.5789532727032334	0.3130602797303205	0.49740061586334927	
0.10233558660466716	0.33572390760260457	0.10347433332824524	0.2174587791210788	0.8126154417183785	
1.2952791682894322	2.8448549992578247	1.2748329357332384	0.0	1.7016744200820266	
0.06945834618492393	1.006152884663857	0.7276910758186419	0.3294827228466167	0.504968998599899	
0.4807164344510176	0.23585554809900985	0.0	0.2756310452416366	0.289529256306992	
0.08756055925851212	0.4757577382613316	0.31020309029326637	0.31317278043569685	0.3675999746053735	
0.0	0.05166653069642429	0.04365481135591464	0.0699341675188674	1.179715714180401	
0.21896890282859519	0.7114537575865578	0.05755835487680108	0.17875426131290453	0.28577949081944204	
0.8942506776225353	1.0092356875376307	0.9705633586758575	0.0	1.1058193854398548	
0.21477789517889304	0.7155750363274098	0.48065279649212117	0.6028902366621578	0.25176615700449856	
0.0	1.4471517920935366	0.0	0.34941478913828894	0.8601271016859309	
0.6215299093109862	0.3513966122945814	0.5937327594255642	0.3886195727435848	1.1505981431293676E-7	
4.069774897291463	4.4174764280377	4.295651685292269	0.0	5.752289112318673	
0.0	0.0	0.0	0.0	5.09278818216773	
0.9944821559337609	0.9322286996402788	0.9412799059626089	0.824136474475086	0.0	
0.0	0.0	0.0	0.48226839712524006	1.194021577746377	
0.0	3.454945488232665	1.7652027635429544	0.0	4.347078174520083	
0.7879544502262271	0.0	0.0	0.3572714691764308	0.23353504115130713	
0.0	0.14314949918227882	0.4342130830560773	0.5537579324502013	0.4890293141108985	
0.4001084064477604	0.9388784993644305	0.0	0.0	0.0	
0.0	0.24702383585376536	0.5175444126693057	0.1532639962269953	0.20688580804401857	
0.0	0.08752596884865277	0.16634892862880832	0.8041584460089609	2.7813102950185606	
0.0	0.0	0.0	0.0	0.0	
0.0	0.8883772779747889	1.4506453080547432	0.47380887061079613	1.2466205794554839	
0.20772455556294406	0.11291613179622043	0.3234165914572758	0.5227934488145644	0.7940861193308612	
0.29781070284511363	0.3146941620732263	0.4695152690919036	0.18723671674134118	0.3017186124940168	
0.34774394151608634	0.2553597881245895	0.3246286184719382	0.5800491546654825	0.5741557981596827	
1.9270998421265682	0.6742971195715132	0.7314045213862905	0.8553384507922368	1.884825642369353	
0.0	0.760461604601069	0.3263396973647222	0.4474877700630628	1.086076360908791	
0.39034321489152635	0.2803146720712298	0.522724044141415	0.21286523564013224	0.5163847872301833	
0.007597357377891854	0.28874861639445903	0.39792650620017334	0.07420242351502238	0.3317590470652461	
0.34725772148678363	0.8462800485599474	0.5319239715424764	0.4396376412047792	1.1740920140545499	
0.6386431556023907	0.0	0.2947726185226783	0.18778895195947967	0.6948361184731671	
0.0	0.0	3.347910712806012	0.16866320049758174	0.7472856229038001	
0.5691419552872738	0.0	0.05888167052664216	0.45524175507589043	1.4517757912232883	
0.6186339278000703	0.0	0.5103862018971479	0.6745873568436358	1.1755259867851833	
0.28952908846333286	0.6845018148631702	0.8790038611460574	0.8487421703359893	0.7365168442046003	
0.8327117774986967	1.7788961282057324E-4	1.0551556873152577	0.9760899043766603	6.965515639662148E-8	
0.43587650339385675	0.25978793646238174	0.30703128099850646	0.2650178691385742	0.5789877771285203	
0.06922709865166733	0.8433957219120252	1.4756686948537185	0.16161978036036473	1.5681504683585683	
0.0	0.006152192436229189	0.005055675646329983	0.5169213817252883	0.8587153578637746	
0.0	0.0	0.0	1.2913251190657496E-7	3.9215931138643465	
0.1930356354287436	1.0270313278391194	1.0330537637263035	0.1919420459836457	0.7814719840519826	
0.007778440186290662	0.027654523917366777	0.5721286094009599	0.21344239620208058	0.4898984263007517	
0.30835460153571953	0.0	1.1043353591465088	0.6278769630398582	0.5935040758581152	
0.0	0.0	0.0	0.0	0.0	
0.0	0.095561746688348	0.0	0.15235402391259992	1.1623271494446072	
0.11408883455811124	0.0	1.954453191959723	0.8172022554338437	0.5759664563439116	
0.40767444611681	0.36194644287972433	0.0	1.0338843806450824	1.5829762693286153	
0.0	0.0	0.0	0.0	0.0	
0.0	0.0	0.0	0.0	0.0	
0.4398185009617622	0.560963766572534	0.0	0.6348870064330301	0.7694439446870303	
0.08844086558484476	0.7776588952286747	0.2765255063466951	0.20754303629681853	0.3247985356949513	
0.0	0.0	0.5921445203202451	0.022159461598330477	0.8066700914710634	
0.0	0.28352208537221896	0.20229748054642116	0.30029584763197253	0.08165724422532894	
0.5609812659282203	0.36891075706794535	0.19337083595887863	0.229228038028822	0.3823024102867569	
0.0	0.6635861514160373	0.0	0.1232405531668443	1.6139991394359516	
0.40089665440712335	0.38536550180058604	0.7231763550294911	0.0	0.9660051782208215	
0.11209438174571548	0.6204630235026487	0.20021425634079998	0.37919191120842033	1.3835938729235295	
0.0	0.35651125621807506	0.4471283564430655	0.36068483825514686	2.099624803855722	
0.7305566086873001	0.5329320054054925	0.22181307730175756	0.5101488336259828	0.8994882447996636	
0.028635248498280082	0.118527604278752	0.14826462620953273	0.5718066307433444	1.2485969887756136	
0.0	0.23379276292488502	0.5369377383995758	0.0	0.5931693921061897	
0.6096638671323971	0.9836027519581729	0.1269417655683267	0.036721184446415076	0.9533355839336037	
0.9418676555242504	2.2376974657820377	0.1627676699130934	0.23475404902160138	0.4171498141439425	
0.0	0.0	0.0	0.0	0.0	
0.2906465163701462	1.7353102611070927	0.0	0.13800720450002404	0.6728076692295294	
0.09446630659894434	1.3671263009318482	0.4923375155623038	0.6263727924842787	0.9919135859593241	
0.0	0.036243844592700955	0.6011255317135136	0.3739290583961832	0.9753989837689401	
0.15063080102519014	0.44748492342313834	0.1907670840437345	0.21043607633013728	0.5630406476599288	
0.22736401951202703	0.0	0.9634003176319149	0.3209145832743033	0.2070207535340983	
0.0	0.0	0.0	0.0	0.0	
0.0	0.5047182664274731	0.06632232479745627	0.2789484280006764	1.2641137151363444	
0.56097797729611	0.218711326855937	0.036711798702242164	0.2377683828651597	0.34048470397938263	
0.6589413892048152	0.6235194580733323	0.3546874628014381	0.2054692224569361	0.44038952108975554	
0.12655930379373917	0.3443544109463424	0.0	1.4089162341730845	0.0	
0.0	0.0	0.0	0.0	0.0	
0.1820540826112032	0.17776216344275797	0.42543182801865387	0.5122187071430432	0.1783280512623071	
0.47911132358093644	0.8483033893005171	0.1703590056784154	0.0	0.30024994656770504	
0.337507891212436	0.8075929507609715	0.6641353291339777	0.46933858817786356	0.13888709823763512	
0.0	0.0	0.0	0.2516416980380123	1.6594391962540955	
0.35936445397588823	0.8448972047836127	0.3307199046506669	0.09901739060186746	0.0	
0.0	0.18912722539326177	3.0199226534621326E-8	0.0893652231507917	3.78010509163655	
0.0	0.0	0.0	0.0	0.0	
0.0	0.042633487892302944	0.0	0.293494316322026	0.19722493436211516	
0.2975461260501422	0.2094213547610383	0.0	0.7336889856563333	1.6960819918199652	
0.0	0.6938363329325008	0.27010316706355586	0.0	0.5390033173026636	
0.27303480455755647	0.24092437412528012	0.24149999220218543	0.2938660521716221	0.19453272426122212	
0.6902196137897242	0.028179974679780763	0.0	0.2476642461120695	0.11601129458061214	
0.45128348217406467	1.3898817510507855	0.17167002682085325	0.39310087485784184	0.5249201525074256	
0.21792253347516977	0.5583111533548091	0.0	0.2979264267758069	0.13637058459837503	
0.756349279603234	0.5660025283555381	0.7837928884401382	0.9093058122799856	0.0	
0.0	0.8105652520550763	0.36734895154907576	0.5389457472442002	0.0	
0.0	0.04545803079898881	0.33559429473950003	0.09184212103132969	1.1277645869244375	
0.12245544835497109	0.20494038713830182	0.39197903874089735	0.33729949442827106	0.6954521273294251	
0.2912048155500287	0.25926569136568844	0.704544931317071	0.11497307032703462	0.17754995063023984	
0.0	0.21344854112130646	0.4160487350606064	0.38509584670972036	0.3370698505788081	
0.47610133092268786	0.0	3.9037628369825685E-8	0.5887013009091112	3.5694651881521334E-10	
0.01380938298710828	0.5314257545587802	0.5419022078941538	0.0	0.9695955296265838	
0.4541018200588748	0.44152389894845473	1.4180913163147157	2.0356194937230603	1.1054075541053532	
0.071014368042662	1.45117533729773	0.20344605686042816	0.4796900280921504	0.3392211706306824	
0.0	0.0	2.3662018378354803	0.05441199396365596	0.5829938697295408	
0.3276902376196255	0.0	0.30023321939834463	0.44425816426558634	0.28714669344265886	
0.0	0.0	0.0	0.0	0.0	
0.6998634734365562	0.8195730942596339	0.9224058391549443	0.46884400542381344	1.1326705189400288	
0.024223853772074595	0.1487447894280519	0.27119413410304155	0.08800343536870688	0.6044600176905284	
0.0	0.0	0.0	0.0	0.0	
0.14939884911333007	0.25412899508343806	0.599296039740615	0.13785579153549102	0.20454187355044837	
0.7544310313925459	0.3880754275224081	0.0	0.7594038576318832	0.16455267112886543	
0.0	0.3109827892125444	0.1361023932152262	0.24234082866939854	0.8394301963616247	
0.3386468438253893	0.08529790425390261	0.04608108788105409	0.48331182474014106	1.1480006446759243	
0.21772034376557772	0.4957592382361599	0.3833053732940935	0.4447803091008991	0.16963656563414276	
0.16364207375842565	0.3653950135160248	0.1792740075087579	0.4929666035633634	0.510467589749112	
0.2553317996410248	0.7031301715443614	0.7257574257637905	0.3553725094847187	0.05401783310720509	
0.3584439981298935	0.19158276442622757	0.317770576537953	0.8452496788143962	1.0585408967922174	
0.10791396530965376	0.6484221009772564	0.0	0.29468345791198397	0.5667337499625871	
0.0	1.7791784011546594	0.1924074864139345	0.4869505581656711	0.0	
0.14427332839633092	0.2570275623381872	0.20627969606666116	0.28664457147180944	0.0	
0.0	0.1499264398690664	0.633761690291104	0.5022884017255921	0.14386869464492907	
0.1640743545403165	0.66372178885872	0.5491818050103847	0.40053396823260273	0.15015371506386077	
0.07115495906429849	0.45575129523309366	0.8122457663339949	0.6295603396574148	0.5661517933208013	
0.447222219257109	0.028611798556058343	0.0	0.3398068931922496	0.5508155302647658	
0.0	0.0	0.0	0.5101122566224661	4.124852632058856	
0.034566593297344274	0.07250756553998619	0.0	0.22899792273572184	1.0192072413398199	
0.682593767706843	0.1875083827157429	0.6487015579592701	0.43580999791296104	0.3994513147257692	
0.22332871236812338	0.2323949917920729	0.30451031012178303	0.6721588273012401	0.08901387256575459	
0.0	0.0	0.0	0.0	0.0	
0.24335833633023632	0.8814391304463816	1.0632443851366107	0.3172045376401266	0.5917149859370705	
0.0	0.5863519610662334	0.6373493331800174	0.42362732838760686	0.024362078113883148	
0.0	0.0	0.0	0.0	0.0	
0.833002706302914	0.5747162938586673	0.16721374753568846	0.35193388785654556	0.7070935535615279	
0.15875371461877183	2.1419132155087057	0.29591118222104196	0.1794747043917636	0.06906034523765851	
0.0	0.0	0.0	0.0	3.719045628263383	
0.4235002009152084	0.9240413982038548	0.8658543580112443	0.20627767763240645	1.9304923671230592	
0.06527126177035508	0.24276747562756562	0.2764598608463093	0.19735766353218326	0.540728651933854	
0.3361969869893131	2.3662666024583277	0.33436641404107226	0.24383572932502323	2.472979289210379	
0.2761859000730305	0.3826249344557963	0.023963736410460634	0.49791865329772006	4.2943450539297474E-8	
0.915320413563247	0.09515497530526904	0.09261226956916249	0.11633906470820757	0.2528136010685751	
0.4767603933961786	0.4387548857796363	0.6012277211667553	1.0182175578659087	0.36105459966853026	
0.2588393854661627	0.37555446387050223	0.1904192211572568	0.4734627339705355	0.6484383013557358	
1.1477550565336283	0.9769078247720495	0.3664097570124602	1.2086592452884737	0.0	
0.0	0.3992910234423132	0.0	0.513439841988461	0.9221779417770288	
0.736305062268334	0.24916465000041163	0.6170760494131643	0.5865306548287993	0.27865050396209484	
0.01441971142611991	0.7118388009334199	0.14216984709010538	0.8063753255022303	0.6662237842741223	
0.45507748688037897	0.12854887844393367	0.4010777170964622	0.41663081393538537	0.0	
0.006686195197937309	0.23283631020022216	0.32845028653158004	0.31702812169986616	0.3118108193227404	
1.06644753122057	0.2315777276196569	0.0	0.21743042489066636	0.7996451678093142	
0.01015427552130652	0.4611250093213739	0.05178244076890784	0.8367285809286981	2.3282430042346163	
1.410010591435161	0.14013697732546032	0.32655327229422765	0.5583318755044087	0.14799041117114933	
0.0	0.026891443378937025	0.334330657458467	0.4234194439006333	1.0805324900893074	
0.018634954376699982	1.0818543139487318	0.05404727516208008	0.17822102887851776	3.3528276250222806	
0.5772479512307057	0.8459063400829008	0.47139723280056167	0.28607812632402085	0.06855459490011352	
0.005378040669660739	0.7152448412976468	0.04999544052701173	0.5072993986990089	0.12890812377660882	
0.3571769370907589	0.0	0.5678857442748487	0.7072996251702174	0.25304953540186637	
0.12497902224596366	0.0	0.0	0.5472310928986002	1.5105378584417704	
0.12049934674760251	0.42206950359850165	0.2939539355357762	0.00877080641999369	1.028820867850143	
0.0	0.0	0.6462980925628645	0.38131429163221414	1.2132389887085873	
0.0	0.0	0.0	0.0	0.0	
0.18629077416464485	0.033770061815929	0.04496834213330984	0.6634798113747814	0.8572911914457138	
2.2007675670578197	1.685432917611873	1.8070454739828856	2.44160497932397	0.6256552606633258	
0.0	0.22171066393277464	0.0	0.38989375899874296	1.0603362443456	
0.5176947193026864	0.5167944330537109	0.35056814168962847	0.70085401887748	1.6348539839747127	
0.21535804176377987	0.4963001551920935	0.36917782940746957	0.22307242470418742	0.548748522371255	
0.4266550594580661	0.4554538853913335	0.357474143321634	0.0	0.0	
0.06271288499612238	1.5461453938822334	0.36166308595864205	0.19274806194889704	3.713519270961405	
0.35600356061721417	0.001308623227269517	0.9164165275480474	0.35588309839062876	0.535796678436222	
0.0	0.0	0.0	0.0	0.0	
0.0	1.0081776538356086	0.0	0.3171121158769548	1.6727848109076335	
0.0	0.0	0.0	0.0	0.0	
0.5483304966857596	0.4712428418776094	0.4024691940890769	0.15348457874181792	0.0	
0.0	0.6714444787193354	0.5626878668253089	0.1666827690267257	0.11615128994566105	
0.33532265616910095	0.22641352602696196	0.7262379231539045	0.209342034217412	0.5832307440639277	
0.3465809095297177	0.45832415751043043	0.2950179709851269	0.4378389116350548	1.4250582380052668	
0.4287762374453804	0.5193461528269963	0.0	0.42410688163762583	0.3448911039114321	
0.3557889197779773	0.16489550608110304	0.11489088760172846	0.0	0.3524445714421338	
0.0	0.0	0.0	0.0	0.0	
0.0	0.3016934156464926	0.0	0.19835894792404174	3.230538519564491	
0.0254743252946927	0.16509991636411236	0.03625054703272378	0.32983720085439433	0.27822006572420815	
0.0	0.0	0.0	0.0	0.0	
0.4441908556425372	0.039112717396285045	0.7265219310407943	0.27635551674758135	0.6117986247104057	
0.0	0.0	0.341117905529167	0.8122145104630943	0.0	
0.605418313791646	0.400332091524422	0.5487582088342096	1.430702691204483	0.0	
0.13653234770684497	0.0	0.6957673669511503	0.0	0.1997092091444929	
0.5187114695000496	0.33123882369016283	0.29567127281418865	0.4015026909867409	0.48270570135996005	
0.0	0.5781046882048975	0.43352669273169414	0.0	0.0	
0.034683608140942575	0.26685692800030836	0.22793295992319654	0.30295623817399125	0.37140178156225434	
0.0	0.0	0.0	0.0	0.0	
0.744622610910632	0.19032990067917724	1.0624061261484044	0.7605441444075094	0.21781413144091888	
0.0	0.0	0.0	0.0	0.0	
1.2260828179083518	1.501488551048558	0.7228758413396433	0.0	0.978744561511587	
0.8466523782218459	1.5940575702885162	0.20836244311115695	0.33078612674782687	0.1978007512391956	
0.10921605133491863	0.020795883111846363	0.6306988879215716	0.23660915982378175	0.8581349348074115	
0.0	0.0	0.0	0.0	0.0	
2.862167042719105	2.7710858065985624	2.9233303103192134	2.206368343408164	2.512077838200003	
0.0	0.3640536822494635	0.4937332971219421	0.0	0.6795955554450402	
0.7171661600535144	0.2362069202262548	0.7503148638397413	0.5593225385101329	6.136139438054989E-5	
0.3366136834891218	0.19000068525086888	0.3862396326302913	0.47798255210409646	0.24182001225146213	
6.255433922411002	3.3436621131200694	1.6735012772622604	2.4858368096294488	3.445491329324926	
0.0	0.17765701925300095	0.0	0.49884040434625904	0.7401412674592349	
0.6704029863346158	1.6679095419325547	0.670427699312706	0.21031223059295237	0.6614858748742823	
0.0	0.0	0.0	0.0	0.0	
0.16544640096761376	0.0305229901669752	0.2085422163445875	0.4301523957193875	0.032801996600687625	
0.2307741125313449	0.3277262446531173	0.0	0.5158729529000228	0.7161263410138211	
1.7497014773071098	1.6065657351644156	1.4196473466122148	1.4330311848739166	0.2643905196795055	
0.20691269624129893	0.30901183555493916	0.12447919575163531	0.2385322843585604	0.7538773937008634	
0.3746442375043451	0.39355946549347554	0.74592480578617	0.38099830424229536	0.3029042836325275	
0.0	0.28622886908389267	0.5916692360072495	0.1564242452686593	0.042641403891992856	
0.7203855951280593	0.013289370418257203	0.4403716269588583	0.9204215965486209	0.0	
0.1568773897601005	1.8350321785103687	0.0	0.30696142539333754	0.21536644078069805	
0.8895362850464678	0.8288217654442464	0.42407852848612076	1.082295885659134	0.0	
0.7536853671253586	0.7543191328163771	0.42646924386194934	0.8873971532681484	1.418639427667273	
0.3356604631816634	0.35194412808610875	0.0	0.6805457101739423	1.1117150740273334	
0.008817714160657993	0.10332394964015065	1.7054219775023103	0.39835769134210697	0.5579975891532601	
0.787989613251854	0.0383428645128436	0.40927215750691026	0.746173300962295	0.5555686611147266	
0.39813731661135515	1.3969517474598518	0.7006495854551962	0.2610459919800353	0.0	
1.6858835773058756	0.0	0.4385636673814328	0.5526100010170145	0.039608179384302444	
0.19186042288067404	0.12528345154216927	0.40966321243362724	0.16551042084015466	0.10290614919038775	
0.1193913886124445	0.4135906503669252	0.13577133311779366	0.199055371700547	0.0	
0.3497993950535354	0.4315215810630746	0.0	0.3366318860372056	0.5853068995861034	
0.06389890989143414	1.6898488016699291	0.7457778765570274	0.8067000343614558	0.4028798110336351	
0.6192848398340858	0.29999968668385724	0.6661426921247672	0.08368903575471422	0.12120227318101238	
0.4883867810553064	0.7706650274340076	0.44131594821733827	0.9680528355174629	0.5890403556744839	
1.2925281930825125	1.2654127165127447	1.6661670439968168	0.43616499783784024	0.04625095543208931	
0.0	0.0	0.0	0.0	0.0	
0.6648860333473413	2.7825842859496555	0.07949797163642172	0.37407257880873773	2.563521906127637	
1.1935430599005992	0.6187311354678589	0.0	0.9378453245143691	0.6182145781870673	
0.5577713565999266	0.6370944347795092	0.2280946004728597	0.1335313449818138	0.409322691428918	
0.0	0.0	0.0	0.0	0.0	
0.7607895667584226	0.0	0.6443276749884298	1.5443530678219832	0.32602727312885355	
0.16654700257385152	0.36916924979752597	0.0	0.0	0.5797873922682912	
0.12246209646564375	0.07585514448476734	0.13598507402367646	0.18117645435904045	0.7099194527820594	
0.0	0.3931796647925531	0.22702642407836832	0.7272309262696349	0.3677318226662938	
0.08161128280851616	0.011121995284163287	0.16804109544785448	0.29915437151250474	0.720473672788408	
0.07099265141136792	0.40122271540621673	0.18451650506050038	0.34783215406552975	0.547816364410112	
0.28489852716941677	0.08607110461719765	0.8985708851302263	0.6223356952334248	0.2892162157495228	
0.14062618625465434	0.511714096267106	0.2776731250900099	0.5334994163587944	0.10554585211520774	
0.0	0.20238852578980268	0.0	0.13329079389555032	0.30962930313684756	
0.2473341415105736	0.835467562382272	0.15893426393905516	0.005478844733095513	0.30097465670294876	
0.0720696141429675	0.5804551727125162	0.4034820688131256	0.0	0.20786442692605073	
0.0	0.7212261441739923	0.7829100835441343	0.501182668249957	0.11504889120002974	
0.25666465325711285	0.4566744256152891	0.13998564868631402	0.14936814794261433	1.4934920676187728	
0.6315585291419581	0.40067652674947285	0.37526304988896236	0.6429205076612763	0.543612592462514	
0.5262553057802013	0.02347577661745926	0.15729810035909988	0.6762774471984498	0.5078353072715984	
0.23235751047401187	0.033063041531135706	0.471952775619942	1.5008596012863995E-7	0.16786986751070831	
0.24172069931052317	0.1537202758266387	0.22697539530556557	0.2677960996701538	0.5612184854501652	
0.0	0.0	0.0	0.30234088230386125	0.0	
0.5313931585489068	0.5915191271526133	0.7602176702040699	0.271614294031943	1.4780235934394454	
0.1975538040211817	0.19700539892283794	0.4249459388778276	0.3142033161234189	0.06776686279642166	
0.0	0.0	0.0	0.0	0.0	
0.5082333272132893	1.14498177882831	0.6273433905067679	1.0732214372465425	0.06270013241148463	
0.02573856670815225	0.26311501121357517	0.14860358566746507	0.5875952113640494	0.18594510604033393	
0.0	0.7366804382910588	0.015304547218896153	0.0	1.0657921683986635	
0.4445022608906527	1.1182027410783868	0.6714054552674819	0.513912119237726	1.0678236647382318	
0.0	0.42779896697541314	0.0	0.0864673168113956	0.8665689185921339	
0.7278602892883714	0.408320399542146	0.6846882001040319	1.3102993673765728	1.2002614574454038	
0.059210572988468595	0.8856062373081673	0.2235951345460713	0.5226431466939114	0.11602693909396058	
0.0	0.0	0.0	0.0	0.0	
0.4586979856545384	0.4641418207865853	0.0	0.0	1.150553152368301	
0.5243901793779746	0.0	0.013960525471189677	0.7739221157463585	0.5425711106069612	
0.37082094038479946	0.0	0.16889896154988504	0.04002383308981115	0.1918868502152253	
0.026282374632411246	0.36636218025413314	0.10530550902646783	0.1640605363661429	1.2520831211847063	
0.0	0.18335576840197967	0.3502546152943216	0.8384520800785478	0.0693234465850569	
0.0	0.0	0.0	0.0	0.0	
0.6732651021239686	0.6932941345639914	0.45969885808256405	0.31271535251679833	0.40257710855334133	
0.0	0.43195203506357366	0.043086947465177175	0.5602102147709409	0.5711952748659304	
1.243657065567098	0.19234512989019875	0.4819658075893435	0.5300292660686768	0.22916362416196878	
0.2510652687326828	0.46796433954318123	0.8034864835005938	0.0615892972511839	0.19345458470193402	
0.21257675898614603	0.6541947925364784	0.11649737824202847	0.7740512738692764	0.37237467858698264	
0.0	0.0	0.0	0.0	0.0	
0.29519461765357413	0.0	0.021077313451739976	0.4237539418646405	0.7677973898405676	
0.2424513635090571	0.6503556069843041	0.30915471109892284	0.4848688547222276	0.4546880880973622	
0.47143267451938875	0.6716800426601868	0.0	0.1004351437960375	0.4825079026543775	
0.0	0.4285207330485304	0.28699660586426984	0.5889792794432434	0.3866243621153217	
0.5113366657000935	0.7193013788754591	0.0	0.6952571078087122	0.09236434541577043	
0.7729424569057098	0.0	0.40162514437472135	0.7702328654552157	0.2024012049695456	
1.098995636202341	0.6524775863099799	0.6047609498135705	0.14551247676980153	0.957158429844273	
0.2660359255535944	0.4486381535256009	0.0	0.17469916354372136	0.3152081336304323	
1.0436442737171883	0.6713333686089734	0.7764280299874694	0.48606555356305065	0.08725267353805236	
0.37015254191078384	0.0	0.45404927559362346	0.5761729720726804	0.5473466822110701	
0.0	0.0	0.0	0.0	0.0	
1.0328430706528284	1.110505003644277	0.0	0.6676558250501329	0.6051740311431425	
3.4377884182397507	5.889513760597704	0.3697475695528123	0.0	1.6021209009645767	
0.005745387698978297	0.4803699610491041	0.38810100418881205	0.02139403122773459	0.18439900878556112	
0.0	0.3840127786952757	0.4111975055069156	0.7182961044990303	0.461299449580072	
0.4708090422777106	0.15022499054544033	0.6357784658605704	0.5158702729824597	0.2889415063146604	
0.6195285822458336	0.19620684405786762	0.0	0.253036084536837	0.1074993053571082	
0.0	0.0	0.0	0.0	0.0	
0.8600594547832199	1.1018207550118122	0.07570495869590511	0.23110550141829367	0.5688003282883656	
0.22426220831236693	0.12795929980684237	0.09807901178711632	0.28392948374219945	0.1921091178304368	
0.055985368152858365	0.46998198355269066	0.3161340916913621	0.026798098050983345	0.13494411271229187	
0.0	0.0	0.0	0.18536680952212053	0.0	
0.0	0.21719518393678774	0.27261451247162016	0.48500688404172976	1.082744953321203	
0.0	0.09655678193893755	0.049202546609995367	0.08075474315614958	4.895126978360264	
0.11189215983126642	2.8077716584890995	0.9044770835623241	0.0	2.7895146176073675	
0.2575899647162805	0.886281642135499	0.44889924020353056	0.2955130752165482	0.42607346841006144	
3.2818650285200457	3.718808641114848	3.7613137999278545	0.0	5.615764344731903	
0.5270687090839736	0.09505581617538787	0.18313592212632157	0.5557121616424904	0.196126708174258	
0.2766973613561049	0.20288166652629336	0.6723386762943536	0.42288029444791414	0.03708220536354118	
0.31096447780114717	0.11190148463892301	0.0	0.5427060982113139	1.0394711469117983	
0.0	0.0	0.0	0.0	0.0	
0.188579750476328	0.9110621597331756	0.21998275197135192	0.281753079967475	2.1737055820274427	
0.0	0.0	0.0	0.0	0.0	
0.16268121535601204	0.16434907840302407	0.0	1.1156105362675297	0.022721822009969528	
0.043919743453935234	0.9063767680506005	0.0317395816989342	0.29522339558145244	0.12980879668034753	
0.0	0.2371396147808198	0.31393483664531646	0.6902100257789037	1.0955788154063204	
0.0	0.0	0.0	0.0	0.0	
0.0	0.6791400888096012	0.5844131906578316	0.0	0.8834100331544108	
0.0	1.3760569947468342	0.4839742138173068	0.766787920029771	0.7793269403912966	
0.45350319243039877	0.27271987553511384	0.12669298647069083	0.4096771971838013	0.04510610813374234	
1.5208271497534656	3.7678028880643737	0.7831267818017534	0.0	1.135639054110348	
0.26554329021476303	0.09487330201686976	0.0	0.4221015013412247	0.45081481494476705	
0.6053665010076903	0.0	0.0	0.6321262134710477	1.0805067697950022	
0.38497307548481097	1.8398964547009975	0.02010070969021771	0.21628515951239344	1.1469970133072964	
0.3048858132371631	0.0	0.29927913402986567	0.7939054605531227	0.511285420670063	
0.6177676412358124	0.08773344460700004	0.2900706732036434	0.8494087472073615	0.03989688899054044	
0.0	0.1311810054226558	0.0	0.6843679015913289	2.385181222939202E-8	
0.0	0.0	0.0	0.0	0.0	
0.5729664334658047	0.021624453929121736	0.0	0.4774085427180866	0.41904110428471647	
0.0	0.14376644680171125	0.3508655821195773	0.2370829795871339	0.08657982362869833	
0.3683055811357069	0.5488308360457061	0.46289640542097255	0.10069990903298014	0.1944558905604095	
0.3603569208360491	0.32869976055206895	0.22796489670472692	0.31602076907122706	1.0469042997903668	
1.1900531986664253	1.1186241731744604	0.14439738082509013	0.998950230109745	0.9848381085861061	
0.0	0.315598947990439	0.12427987329983407	0.3866114221274842	0.47905799349189226	
0.3283998293108874	0.14907841723185783	0.3697497325871055	0.3576711066866712	0.20354839426820784	
0.07027997804135021	0.33863713540073603	0.41026319353503415	0.9557512533916813	0.8423500206331448	
1.551187868778555	1.1735619189284554	1.544093822958218	0.42347901515218117	0.9942602618240503	
0.07433463711778292	0.17073654525326037	0.18907956419866073	0.8134022353049635	0.8383673876290778	
0.0	0.05865414176756431	0.4165128006749724	0.47224255841758533	0.988905121678613	
0.3300278969720207	0.399184005996734	0.0	0.6114147176859598	0.7798771538050737	
0.18658514455107114	0.15479104569054766	0.08167274977253527	0.26798747343948676	0.010993938869217958	
0.0	0.0	0.0	0.0	0.0	
5.0643721492026295	6.782137875707917	5.426793127757932	2.288654237272052	0.0	
0.3715073883164183	0.26649379436411663	0.13372715047804723	0.14022218091400337	0.39794836596418337	
0.0	0.0	0.7064236912503915	0.20909275859175902	0.942273275066463	
0.5653455920896446	0.8849567011946177	0.8615749645607937	0.18385561075393272	0.5757897544112699	
0.0	0.0	0.0	0.0	0.0	
0.660643162726541	0.11697460079398359	0.014550130979353782	0.3437926328097229	0.6722032022400714	
0.2147460388653291	0.0	0.32910764343729193	0.32681334342544044	0.6238730207947103	
0.0	0.0	0.3385744818057494	0.03876452431640361	1.0310387762866566	
0.3853848155029528	0.33247181437373785	0.0	0.4882370643928151	0.3978934103819485	
1.0139508097295553	0.0	0.5050840881539295	1.0089341933385532	0.0	
0.0	0.0	0.20248150473608725	0.0	0.734122712384557	
0.17436455157874234	0.008115456615937626	0.44517604750933015	0.4898675605663447	0.051916196160711796	
0.4011306408833445	0.34084796911808823	0.10557703779491971	0.582789292386425	0.265321414443611	
0.0	0.3203928628440307	0.46015000285880836	0.45630425753897796	0.7971825573019541	
0.800954285560247	0.5453085181803411	0.06991793565733724	0.23538500381338628	0.4492068189194696	
0.06134043160027363	0.005873304507315038	0.0	0.04644033985494656	0.1632678060570752	
0.0	0.3785808482325972	0.3356245450842784	1.5430348799753923	3.658212803967544E-8	
0.0	0.053505296335696714	0.14631063497344943	0.25409830382731285	0.16535682491724024	
0.152986690252147	0.24917778268419224	0.16622116893454728	0.5322406035040798	0.6993430258540445	
0.0	0.0	0.0	0.0	0.0	
0.27107872113206527	0.3997375477031473	0.3748275592636256	0.5531756605048146	1.1097471551053846	
0.0	0.17771020594237524	0.19307854194706195	0.2824956297804525	0.0	
0.2798472294627357	0.7107540996732051	0.23827166284538956	0.48529362750784744	0.8454188473938478	
2.934422549669792	4.5734536768836875	0.8085118403066675	0.0	1.442786615534856	
0.37067179058809	0.0	0.0	0.46018304979329305	0.3938583270953302	
0.0	0.23794569854160796	1.08053045884441	0.636247416227991	0.008910296498690726	
1.7770434731899956	4.90378302787758	0.3542947664548033	0.0	0.8649669692780396	
0.2999513562053386	0.4236085343641683	0.4510828826813774	0.16324088567284173	0.5589789552216551	
0.0	0.4064868212154518	0.0	0.18250075708547886	0.05379103314011371	
0.0	0.0	1.0819571070062273	0.0	0.47460701965975716	
2.2046661314249056	2.169262444308761	1.7110629449142605	0.0	2.338610940651838	
0.14374022565598044	0.46564717524907473	0.9023025484175643	0.6354520714149496	0.8946407589352475	
0.8617680853006748	0.8216617414136546	0.7756570209818373	0.44963997410801115	0.18309548836666167	
0.0	0.004301406493332087	0.0	0.2747163295392191	0.3251481190071647	
0.332294149854223	1.7868412906536477	0.937052966972566	0.19381273201953475	0.23259656871181844	
0.5260647054919394	0.3910213337319002	0.26483091016439575	0.31644832650612825	0.10922892985807936	
2.1708537878997554	1.9306665746886644	1.5279090815972243	2.3060568413974165	0.568679540161089	
0.06045036535106132	0.1943685472188383	0.1284140275021987	0.39334047927013055	0.3021831990592769	
0.33233199120807627	0.3953367939837129	0.18459131574956317	0.8570412159825384	1.119887971843685	
0.0	0.103353482909041	0.27882472645134276	0.8691818081949991	0.16005159378171407	
0.021213618129369297	0.25779728629181237	0.5973642102169244	0.26434150827575054	0.7496877266097834	
0.14383841067340686	0.0	0.1946911854209725	0.2085835035890734	0.427246713103357	
0.0	0.0	0.4894763916104226	1.665681534802876	0.52501153177162	
0.31385228736153403	0.46866091300953644	0.33762809731410093	0.2490256985321053	0.35643261120561603	
0.020447458485010516	0.5032504918010245	0.1547992483186523	0.11320244423846486	0.0	
0.0	0.0	0.0	0.0	0.0	
1.4681805657282838	0.6663639358641615	0.471932442811893	0.13020546372759148	1.374039985508433	
0.06913220259735757	0.05460033940886134	0.48610620057733933	0.614797848918336	0.05361152939553581	
0.0	0.0	0.0	0.0	0.0	
0.5892938669978764	0.49516236143758396	0.0	0.08960263760430894	0.0	
3.2509713120953645	2.7966143693343657	2.9467415995605415	2.8516340327577328	1.6588379290547817	
0.24328402954010211	0.05931669610207074	0.24682597930305428	1.6226369181544025	0.0	
0.9164872865641651	1.3704493254571521	0.8505184866877699	0.8318918595624423	0.9180278017424323	
0.49293391021251376	0.46717591321229857	0.5070754424565598	0.36296308692309076	1.1151768630087173	
0.0	0.0	0.0	0.0	0.0	
0.0	0.0	0.5418048473949826	0.0	2.506321022979416	
0.0	1.2989127536981284	0.004488251654613619	0.0	3.819843359332637	
0.015139150470219869	0.0	0.1549367504536846	0.5380424983344978	0.2047135992157225	
0.0	0.1124866968160615	0.48078712986926886	0.03417833694596981	0.2542291061028955	
0.0	0.7701907811483957	0.2656619257051472	0.7765428902232289	0.47026242184966344	
0.0	0.0	0.0	0.0	0.0	
0.9878942342545961	0.0	0.7442826067864166	0.5561565586613505	0.0	
0.5056003941334012	0.0	0.3629128279268205	0.8430572005434436	0.4005343821369376	
0.23595635053454522	0.13569754785123464	0.37047014917594207	0.09196891296957131	1.0000304729314762	
0.0	0.2934620427732463	0.07445869264118421	0.580118598002715	0.2044189469576222	
0.37765972417280824	0.0946178965779814	0.022275689100601074	0.31297360273406455	0.1811629636497541	
0.25626584379274964	0.061133727733124164	0.3603242969752077	0.8746871618021207	0.25765882021647724	
0.27478523197194954	0.02977855847585141	0.0	0.10602862837863156	0.45234075228599957	
0.05560421251019473	0.40795032265364933	1.39388768432428E-9	0.6232412677543109	0.7548780491974976	
0.07400164177030581	0.4745857733973316	0.5095769567583401	0.0	0.4589526858479838	
0.49617552535029313	0.748402828683941	0.5033473172398103	0.0	0.17350354604987225	
0.2699191247725399	0.7130795380527848	0.1765939895727348	0.3607216632835605	0.23961863618344134	
0.19212934475004056	0.0	0.05441798828200422	0.4504520004692791	0.2899101101204206	
0.12919367038113178	0.4789078973612496	0.34809808791003966	0.3991518758525295	0.20261989441354727	
0.5192054749110446	0.0	0.0	0.5071234610231518	0.0	
1.1703957329959176	0.3634568555514123	0.1917963311647247	0.17869732884020534	0.5696549371044514	
1.1688275834948456	2.0941579602541753	0.1989975802527308	0.5612884974356778	0.4162607951640221	
0.12874037377283026	0.2338198947939243	0.3128175164595361	0.21620445170693142	0.08643778378721051	
0.7040295810026854	0.0	0.8180846618162028	0.6251060199208279	0.0802771938701145	
0.6180447754508914	0.893538569931939	0.7433404598881354	0.39738099999006093	0.00764928873581209	
0.46384117877546965	1.9468494983574782	0.0	0.13354322870603774	0.009289303867446811	
0.10552052045536595	0.2690225882582463	0.31009576985203463	0.3704836632698989	0.6430984185011518	
0.0	0.0024565547525147143	0.4421380759101943	0.0	0.3260327990914096	
0.0	0.0	0.0	0.0	0.0	
0.0	0.0	0.42300198454864424	0.5875562763613895	0.9261105715288551	
0.0	1.1831917116809776	0.02852916243272633	0.04401597738599431	0.1203955277779027	
0.39301366354837197	0.5453383248274573	0.6103031563598815	0.5832119281825282	0.63639572229466	
0.26281524266463396	0.28490110137745916	0.01685229045862124	0.058221897152202134	0.22071386582835448	
0.5716588637706127	0.777116631247139	0.315617383461369	0.08579784016334883	0.915748064503476	
0.21628198662814013	0.12603838068191345	0.25543569916297715	0.41795537648145886	1.1696184950352309	
0.6256175162451094	0.29582516827482075	0.5522294304673407	0.5048525468085318	0.0	
0.45795990334524517	0.5733683440004009	0.4055193191868778	0.7576273949817312	0.47180017059863566	
0.0	0.6145800273281355	0.3207856677956855	0.6046499011472364	0.8298532404609757	
0.0	0.0	1.6602767281524364	0.4374648527112255	0.4950257339153959	
0.0953380740231391	0.0	0.017779382009346163	0.06755022233310586	4.132558420821174	
0.14398417144945072	0.4557767354925186	0.21505628675002822	0.6132577374335654	0.7228698264661374	
1.1548019605351914	3.275119931054727	0.0	0.5802706420106314	0.0	
0.9471994294415537	0.26609713512932537	0.0	0.9361202051271295	1.6205612329248584	
0.41683435132710406	0.8727597505240016	0.19265093763928104	0.11801322433124625	0.101204435081273	
0.0	0.0	0.0	0.0	0.0	
0.89640653929705	1.2026084545692315	0.5502218232971099	0.4017089580580696	0.6856645843776925	
0.03358936697693446	0.0	0.03737207509552445	0.5915907517670497	0.6026556684848516	
0.4837928394728929	0.4272248996708876	0.2871155106105327	0.37323349485044005	0.3743870194456356	
0.0	0.0	0.0	0.0	0.0	
0.15840129578140597	0.061209652097541666	0.5968740198899343	0.0	0.0	
0.0	0.19796727404030756	0.19836821030147186	0.46757607005906104	0.8610018449610639	
0.4798627965152446	0.3578295534289027	0.47506101991792704	0.9534826956160406	0.42974198974763844	
0.0023107292066569937	0.3142387300068644	0.8192202810527658	0.060767035792846716	0.6050374894920322	
0.6879428709095187	0.23781130163208722	0.0	0.9023099863582416	0.4189697531812195	
0.24075143558625872	0.2878754229737923	0.3064476172023357	0.0	0.5109888772903757	
0.046150070454011316	0.3135932504042736	0.3203682295728745	0.494054223976148	0.41139466498240773	
1.849494434404623	6.214077065934594	3.3413662664560837	9.333108996967098	0.9464670550702814	
0.7307012129107765	1.5459202012641173	1.19389375231296	0.7945994150360854	0.12029704894708947	
1.4435915558410066	0.05571889573468471	0.2665602221329871	0.47078360464875313	0.0	
4.498096936058085	4.315843937830473	4.133304894324785	4.403102981762146	3.8237456251659623	
0.11226946480516167	0.9747120434369698	0.0	0.0	0.0	
0.0	0.0	0.24139974609811993	0.39650761050582994	1.007964531240843	
0.2871940266698274	0.0	2.0800174330616242E-4	0.6504802884032548	0.4820459726705053	
0.0	0.0	0.0	0.0	0.0	
0.4835512020530437	0.06587902804062344	0.4842318736938834	0.3415341654199856	0.2046280238832042	
0.22349348799469657	0.5972888300282283	0.5133914612060437	0.42990129965594	0.17554609805022026	
0.2713969667969804	0.12948980067613708	0.3460795118534752	0.08712900513152058	0.5694665566588278	
0.6781805677930008	2.428642363690122	0.1500372636113847	0.26708733536456103	0.02654717162814173	
0.6424746192227806	0.4813247703510362	0.29385143512944634	0.07189204064555152	1.7418463960518176	
0.4232372668353424	0.10062914308248017	0.08898816666135351	1.3476779341411629	2.508960498766767E-8	
0.520091290263669	0.30834928129330164	0.8118925110020427	0.38220764980390637	0.07740822454111985	
0.12192438776828884	0.009098693794006463	0.17924039360063218	0.0	0.4416327109199373	
0.3494197300704406	0.2714873447751822	0.17914994652410016	0.518647470467851	0.4346075146602899	
0.23162623871502838	0.2434564787479266	0.29617089972274363	0.6063703564879376	0.739180856223074	
0.014216340280659536	0.14942662726797976	0.357825034605447	0.873365407312688	1.6132171317149786	
0.0	0.30761196713470274	0.08621712439831587	0.39757690773575627	0.10005798155542207	
0.3951436511439263	1.208812234026831	0.6159351971945333	0.933548558073751	0.043712263110301575	
1.422497082340458	2.1381841946496976	2.014761083682517	0.6394697407044333	1.7350765757258364	
0.1164883369806519	0.5835846261267266	0.6300388345209658	0.2838431614456994	1.1242481725563784	
0.10829116810153289	0.03744100265006884	0.3424748749132979	0.0	0.3989797184189647	
0.17138257093347573	0.2926338723636339	0.2766631160916797	0.23877601062944973	0.23287897085749637	
0.5114896988267595	0.0	0.15173782059578014	0.4524095072059246	0.8036386884502627	
0.0	0.38163790343745685	0.7158352333939287	0.32045072252135454	0.4212686620741288	
0.5102130974773521	0.2581009971196684	0.024868936052882634	0.5146951850434347	0.0	
0.0	0.0	0.6689664529395636	0.41659721535388783	2.550231484780145E-4	
0.0	0.452021780637056	0.0	0.7072416681684306	0.6474201279654376	
0.0	0.0	0.0	0.0	0.0	
0.7674086353432508	0.31636583938516727	0.5529998665866541	0.5410918610890253	0.11848485330132992	
0.684057825109601	1.190191413510911	0.5294670882880924	0.0	0.3951318174933322	
0.2312338292958235	0.8743233806336032	0.34520174830873535	0.1144421340359831	0.1107080477641281	
0.4488353687330833	0.5096555966038128	0.0	0.5338338155185633	0.5617842819432148	
0.33079262064387527	0.2912478160312747	0.510792670625538	0.3341532822017414	0.0	
0.1594352689012995	0.19015610455039997	0.30215953119075517	0.6058768607849827	0.9967851005821926	
0.6448687754507914	0.29664199764666027	0.5524891200422956	0.08789640769981265	0.41261812835421796	
0.3509653755007452	0.7822661752595466	0.5440460683902081	0.7161268120779629	0.6802392001954466	
0.4899778600741204	0.0	0.7669949152233273	1.0057389890624902	6.557593275017987E-8	
0.04432169872247463	0.0	0.2104945874187018	0.7930815411880267	0.596663632510129	
1.356317456569755	0.0	0.0	3.393749977944108	0.0	
0.5480347052683803	1.0281645163706516	1.0061131638208773	1.3112066778872544	0.7636460006737189	
0.18030026872004298	0.5885343151368867	0.644064214995243	0.0	1.3360009466195473	
0.0	0.0	0.0	0.7636975540824786	0.19855209469573418	
0.0	0.550335107903745	0.3861763573384503	0.17359381739914045	1.6225314985764374	
0.15473411705163867	0.5166010221318441	0.9443485170987691	0.5511579953254637	0.9806252720492045	
0.012142878061274759	0.21978423751382997	0.4446601105198073	0.12403383634013848	0.25751290450357917	
0.11351967243024806	0.0	0.12758682142152103	1.1680703726996153	3.0327363604397935E-8	
0.4109081377533637	0.20970826593414366	0.13899488963093945	7.114795368917005E-8	0.5722767736292913	
0.26170174016663533	1.369820527017851	0.0	0.3503957059025311	0.22400417122919133	
0.5171181667511702	0.25588928836940705	1.6085167467837223	0.30501601883636265	0.7762146349784526	
0.0	0.17271855051325716	0.0	0.8930951999632344	0.4640531495545451	
0.10404607459936828	0.4223254587179473	0.6224842869362736	0.22576604753639146	0.18796644242099947	
0.17875458336454045	0.2248799412873426	0.17377092719717874	0.7583184105155771	1.0349974269717739	
0.0	0.45798335682223196	0.0	0.3343788183345009	0.3819931743030011	
0.0	0.0	0.0	0.0	0.0	
4.301906742621761	3.6911450724987476	3.8457739997015064	4.326195042411197	2.5647393620778716	
0.27684751736641927	0.37814889690887643	0.041528013341849204	0.4817671660036782	0.47348364678298144	
0.32430907157515704	1.5402857347796306	0.0	0.3854239543218126	0.3846951215099346	
0.0	0.0	0.0	0.0	0.0	
0.3971493058958598	0.7387796531798495	0.031663499078298116	0.3624527248178493	0.7511730236935217	
0.18903260864108948	0.41732551848112964	0.24227611289982812	0.030685827998010014	0.461727543162942	
0.34248923195725484	0.541837514308354	0.1618745212836279	0.3891018715763539	0.6805151735013386	
0.06962369635511337	0.29706936038327086	0.0	0.5443503939487181	0.9583261278320169	
0.0	0.36809957363877155	0.6937399489124974	0.4356310876917387	1.617470382881782	
0.19317688756133797	0.34664938996305295	0.7951568213307418	0.15552894961424107	0.32445717081172204	
0.06176821920757241	0.06157446164815908	0.0571871065548432	0.5111515245530789	0.4088923428902835	
0.0	0.23975457697582056	0.5646738091579306	0.0	1.2515295086981704	
0.0	0.0	0.0	0.0	0.0	
0.9693313574598701	0.3768352564474086	0.7938403169889756	0.41271099166858993	0.5124438303937635	
0.2214861329298002	0.22228581404577355	0.4789556215923667	0.6034516512291597	0.4020998869268611	
0.9993867558999939	0.4261513503972988	0.0	0.4412554283038915	0.0	
0.0	0.39867444351003617	0.33571400627969755	0.4630115393789613	0.1559549127569277	
0.03427348642925464	0.034756334558040176	0.5832673188363098	0.30254503743184047	0.8394448676602148	
0.0	0.11411442482552413	0.6538416808186416	0.15476992427928787	0.7504655215828594	
0.6281743441618459	0.28134376883568946	0.18932048801606224	0.11941205726309846	0.27841991451762227	
0.15345166953966138	0.6039152810946932	0.10544629966088111	0.20034639106389107	0.33821067277854555	
0.11262344555944112	0.7441537460961389	0.27888536117134605	0.6583899202660256	0.11062998044889957	
3.8893519979749533	4.224525333624796	4.043154908366738	4.029208886206761	2.6892180544922573	
0.010378373869247129	0.12419863929160234	0.0016741349584605998	0.7248901601049562	1.1305731028396966	
0.36323552305795126	0.26033985717554275	0.0	1.3325918470835034	0.6682168199274173	
0.09565347911262399	0.3342132923129174	0.3072884394008421	0.2530207596611315	1.2762428013924354	
0.21763891023142984	0.6566238498345159	0.08364411136848789	0.8163999029093609	0.0	
0.04248841115610439	0.5227757684160413	0.08478290496820032	0.7708602600185863	0.5530098348699402	
0.773173343909905	0.6656520956210962	0.7859254230672333	1.200036898233364	0.6401679107529613	
0.24788820862303	0.7138955837027811	0.7113958813511737	0.37004450041096826	0.7765331686779703	
0.0	0.0	0.595171143144725	0.5367318691942656	0.0	
0.38803966213912966	0.3329073867329286	0.30012634699942015	0.20066465633139877	0.012097958458977194	
0.0	0.58106602400234	0.3739410441035879	0.7336245611737418	1.2431621575384397	
0.28104482139372466	0.4455053674486375	0.0	0.34545660551629875	0.2822363556158186	
0.6162297075462466	0.8270879482790077	0.0	0.04234246122264102	0.6342337015752011	
0.0	0.0	0.26669572872764374	0.33382672211091213	0.15808099582119625	
0.6616954522982308	0.7581577495629378	0.012660719231993692	0.44927991912569837	0.3679014548455297	
0.14136401186653028	0.03136590533786046	0.6526166487527626	0.381337775241756	0.2736934041319436	
0.5642772413868266	0.3475949755127435	0.6243238143540181	0.3242353054703512	0.5701585744470071	
0.0	0.8981117248389028	0.0	0.017829019133165924	0.45959708482988243	
0.0	0.05849195398545302	0.6059894574500734	0.4858139010574179	0.6947853457606137	
0.3429113667775443	0.0	0.0	0.07593937695172931	0.0	
0.36381260929364473	0.3991098516530263	0.10161992940243528	0.5754723463347245	1.1575355292810414	
0.0652735971928629	0.2788100622116374	0.3324225384004506	0.42193141460959516	0.012764522655462768	
0.1124910782003055	0.8704466433182463	0.09035494970204884	0.506317931702754	0.34474892767374443	
0.35135332933378793	0.29497271662052627	0.2629337148533384	0.08358402579490727	0.46536864078259915	
0.7877272363048208	0.0900788439599986	0.3045684435264563	0.1827991348568734	0.13466967917540643	
0.025779510095690246	0.7036904119518592	0.7139561541392758	0.5597256782265704	0.16801664129949742	
0.04415754229191373	0.455521227071353	0.2666584772474667	0.401538637789333	0.57538387504546	
1.241709780401329	0.7085506034490962	0.23316386575453718	0.4806823698886647	0.5776457318600345	
6.188459628271859E-5	0.5240160246205671	0.45987544188422197	0.6387242225740989	0.38776328644583585	
0.5860698533219881	0.475369001658927	0.5292750562787443	0.60558522047252	0.11739293572415559	
0.0	0.0	0.0	0.0	0.0	
0.5266841617896733	0.12227734930119051	0.5669958604367531	0.3306325131642722	0.5529958576258585	
0.15169457464720212	0.8982020681392864	0.9432128628473797	0.31133602020808415	0.3088093602265394	
0.147840162616911	3.4753503341626426	0.0	0.26363206524547106	0.17276045983610128	
0.0	0.19244631816070826	0.48827815962921517	0.18116783934421699	8.803657589080922E-4	
0.47299229713466584	0.64226476883562	0.7315145884221627	0.3027579694069278	1.4294135955568776	
1.131163740789067	0.7177762725934935	0.08023787024878937	0.9040161665639592	0.06019712749567446	
0.0	1.3988144192634593	0.0	0.09820659846209892	0.16398288388909857	
0.102747616085852	0.02492433087598481	0.36169951131533656	0.3067122569131707	0.20365676115776965	
0.0317444815179945	0.6233581099142533	0.4090601366994096	0.5581209888287085	0.04111284588631442	
0.7268629353458159	1.0127097335257382	0.13807968387292777	0.3099360237919292	0.4673179607959634	
0.45167185026594064	0.9620041890061583	0.08098865137526638	0.5722997028490929	0.6391567911721607	
0.0	0.002254088133668229	0.2052155667308071	0.31107777306841605	1.053207718042608	
0.18563288930772434	0.2160356726250659	0.35359575876117044	0.1168848547273455	0.4722766770765795	
0.20341611195152295	0.2918117886393063	0.4423466150901486	0.4385416692910078	0.5137557011626238	
0.3161042355398382	0.5003142833965821	0.17823809540471758	0.5576237241956473	0.5360144477743332	
0.24108222715950112	0.3722222116186736	0.5126417126509548	0.6515749929198545	0.8567377476873523	
0.23564707928443238	0.7189454509843469	0.5765870183875418	1.3268491790316357	0.530061257410428	
0.47026304333570745	0.39268274056027785	0.4549965759397013	0.5551799825339931	0.3437040502187078	
0.3485610704824242	0.3647230063825735	0.09396398584214079	0.2511029522281603	0.7371050297508868	
0.09132871888800637	0.4546224806418856	0.32734743303290975	0.3896167158579981	0.994794387369965	
0.2900264765583348	0.8542197476734696	0.35620724619178806	0.22597808177758555	0.17552214282009954	
0.43473349423663815	0.3293438904085972	0.28217873930200416	0.7735678245310837	0.22768999965837974	
7.409703481619231E-10	0.5084720867353005	0.5778406603259616	0.5261156270960731	0.12715657053234428	
0.0	0.34825812765372094	0.47104198911534884	0.6700521346646715	0.691836127415475	
0.0	0.7653248323070952	0.8726037616694411	0.6119649094155554	0.5268241488499028	
0.0	1.2486256993794216	0.0	0.0	0.0	
0.29014491087539607	1.1002000684272255	0.6283810882847253	0.0	0.7364490975261312	
0.05253469225400702	0.0	0.03526286425857059	0.2667845988645468	1.0212321789813275	
0.4052650360237874	1.1869680764786912	0.0	0.42715861001152144	0.4693977456497823	
0.35729904499687826	0.1699466068034955	0.5792533570954264	0.2846592726560216	0.49220565631158136	
0.0	0.21471681497943285	0.2153942445237243	0.5458534495030214	0.8006347722896895	
0.01041467093900198	1.3190459173297344	0.29701510067333237	0.2675981285501003	0.9245965718240046	
0.41831914180066665	0.3857484175859722	0.009772725414228692	0.05240039036419103	0.6873202678238393	
0.19468309756352187	0.7672577537460046	0.548941862052271	0.30396562290796314	0.160629285296936	
0.0404028562425408	0.016570408710877962	0.26323236719565535	0.4368274958641749	0.022949948286535807	
0.1900223707661041	0.6716569017158679	0.5320233521578062	0.37912369899692433	0.12525010359317032	
0.0	0.31691188001600146	0.5375973966225317	0.6032547357218747	0.040406759069461	
0.0	0.8188593302745035	0.0	0.0	0.9744913575753172	
0.5892389611360773	1.05447351853826	0.10976310333096416	0.6549632177021523	1.3148325283136562	
0.0	0.0	0.0	0.0	0.0	
0.0	0.24201422274595433	0.2266968357672594	0.2765632388308928	1.649413546232667	
0.24103639462660023	0.6784567230261968	0.44131888151847537	0.03631711862472493	0.20978411119831386	
0.0	0.9690600814456467	0.1361700211037145	3.5547156977775556E-5	0.31600836863505877	
0.0	0.5461761458738296	0.4052287790775614	0.6421745655309178	0.13916887996135896	
0.0	0.28377522638762914	0.0	0.6264475176380784	0.771714537748521	
0.16325035154854817	0.14257269103566217	0.3386641396987222	0.2866319641744079	0.07556921445166226	
2.1861928403347353	0.8060321409294925	0.7862616118654534	2.1953332283500355	0.7990846922456596	
0.0	0.04377965465673142	0.10449705234454254	0.32607779136523163	2.265990047842737	
0.4333726771106619	0.0	0.6208532968578888	0.9209995144376774	0.049769873197325315	
0.0	0.26547535461601535	0.08315630508541216	0.6089228022069647	0.21275640555338016	
0.2678875654740601	0.4582475197911037	0.39577192909197234	0.9753412327161349	0.8210789071685046	
0.3105631939707948	0.3466381645566097	0.5765532300805118	0.3041524219814672	0.4785367138872176	
0.0	0.0	0.3262560357926037	0.29520451322067714	0.5059934949671339	
0.0	1.0122583356095054	0.0	0.3505679061573469	0.4242414725531245	
1.7643306823335314	1.66982505254669	1.011570974035057	1.2110784487057606	0.7455254751353125	
0.0	0.5442643675703468	0.4186294440078793	1.3103152703020466	0.0	
0.26053462767280733	0.1093733581333511	0.08292119406791111	0.2740391802075446	0.40714504118376343	
0.0	0.0	0.0	0.0	0.0	
0.19799847138851467	0.5030711166622296	0.38161399444976096	0.5648895830300615	0.19118235276810008	
0.41087092815198384	1.2879679096250962	0.1734902840793219	0.48449032064117026	0.38343127017213785	
0.14259485004239325	0.6122331199981171	0.45828374318816023	0.0	0.8978395106233864	
0.0663574802622352	0.026033822199780645	0.4415692244041013	0.7287832070530024	0.3554984053193617	
0.34264379128277195	0.5659367678806428	0.31341610630694605	0.6283716599118018	0.517326922277124	
0.1912940856514466	0.3923553658255013	0.453234978525896	0.20835024255518625	0.1243946654256739	
0.03978632007168543	0.4605288445044715	0.0	0.8840725023153707	2.0894240070604093	
1.0052200749481053	0.4946953995952036	0.5840158568260853	0.45789476182519967	0.3881264678817349	
12.354251885978984	11.489889339671242	11.654314815885257	12.736298522412673	10.491345499598776	
0.42328569219482537	0.4198578120550302	0.20458726607842906	0.624314305080012	0.19687456596230912	
0.22938157428021008	0.4938902879615959	0.19666599712085941	0.0	0.5709838572369161	
0.0	0.0950259091080819	0.04776915425151283	0.29267484333759297	1.0524176048822602	
0.520863175557103	0.6912148564621637	0.30068912381558616	0.47970533853233427	0.3166105298524172	
0.10724248908033183	0.0	0.023487410119480925	0.5289182650640755	0.2896137432310781	
0.3928464592670195	0.3593684084170918	0.0	1.1749552834841912	4.0319121258080655	
0.7936461833414392	0.43020848474555207	0.0877294157426648	0.30958552318376714	0.23770047451414705	
0.0	0.3413737001529687	0.0	0.8210383285563638	0.5329389891175287	
0.40150933119450993	1.676408847841927	1.5536094994666614	0.8518293176705938	1.3324387987746404	
0.6594670609190765	0.5208970083979368	0.2796414514104356	0.21344782947441068	0.027173745846492153	
0.20978367298062012	0.2967694211881464	0.5665570407198929	0.053898046084341664	0.7402247916237502	
0.0	0.1024293711779891	0.6246365329010084	0.19124819207727284	0.0	
0.5839238923553525	0.8367643234862391	0.283258893604855	0.5941992078761499	0.2480835697360236	
0.42692624087113384	0.5308579683155829	0.31235881952837236	0.5189614962369096	0.2762921283129178	
0.07639605006968929	0.06440645019885234	0.011668449884258376	0.7889820775221894	0.3546528554914645	
1.633707177718107	1.20607982261895	1.2413308940115175	1.1341619372972012	1.6326782608899388	
0.4610246073804228	0.40275330546840205	0.0	1.085323480669903	1.0827665441772865	
0.3407491143841547	0.40304210643106636	0.08386109996932897	0.0	1.0782656594133078	
0.010731085485073292	0.0	0.0	0.6875981028051005	0.5990346180303889	
0.8427406867680057	0.26612862126410114	0.294856201120918	0.7643587156051268	8.091932423295886E-9	
0.60043172872833	0.9300634407762894	0.7178410494892697	0.4461060038000328	0.0	
0.3206583131932938	0.06912782158406076	0.15234221630755548	0.44347311666190786	0.40636915171178667	
0.0	0.1702873710735405	0.2664570041166767	0.38017295143402535	0.09991297371841136	
0.3799897915300538	6.279695273582902E-10	0.4589495233441334	0.12258371131186388	2.759172247263977E-10	
0.5787033615210874	0.2624905032616072	0.5062740904276499	0.0	0.5168986652450991	
0.0	0.0474158330364832	0.0	0.7605978483451543	1.1831083477554394	
0.5207583138730038	0.0	0.6811161858717331	0.35451738271662625	0.1857123576277747	
0.5822641514910694	0.39460828785896546	0.0	0.8107845879049693	1.0683773689543743	
0.0	0.015831763848521987	0.21920748003974205	0.34769551876009147	0.22000470493213745	
0.0	0.0	0.0	0.0	0.0	
0.8630646854171132	2.0883339615363927	0.7625021390400315	3.759881352260917	0.038787670766725665	
0.12321103150561775	1.1628274839015198	2.1962462908614837	0.12557121757134762	0.6221761864248573	
0.4375588057671285	0.3014585460687043	0.4549508451062686	0.36872684043039455	0.37003153842209896	
0.0521352622850965	0.1958110738156454	0.6167215268719896	0.07970554557982748	0.46496176336782796	
0.38807059031089447	0.06869682408892733	0.5092230174165635	1.9807882839598048	0.0	
0.0	0.2594575416875738	0.0037673838934740777	0.3092235125427698	1.3036160219113662	
0.20754287114884282	0.3769524884839826	0.545780875541873	0.4471236671521016	0.24238782451879648	
0.0	0.0	0.0	0.0	0.0	
0.5733070602448637	2.1288438966608343	0.26269642324455034	1.029233435854327	0.032529764156136634	
0.6070706991561111	1.4790476541885709	0.0	0.5755516002725901	0.8714145358708647	
0.07065544732579522	0.015039720544637794	0.7038925481651341	0.440263450473335	0.15370131616329724	
0.22206656333616917	0.5125656936327763	0.19607045554099925	0.5240479862522874	0.23309162549170137	
0.33571721610979605	0.3017400271580254	0.6266720934510013	0.538743322294045	1.4125784589917458	
0.2120080432202135	1.254507667902117	0.0	0.09174632369835993	0.006746470216562496	
0.17349848687632588	0.4050221813753493	0.19576354654740524	0.40456989812432265	0.1575891522392355	
0.2106389615462128	0.3006432034564415	0.32752154768775776	0.25570955729631406	1.3861428525170472	
0.0	0.6716627128977987	0.0	0.8192193721685854	0.8369996788118123	
0.781245005387136	0.0	0.48989508547816313	1.2382933234580318	0.40709479687600153	
0.0	0.18467371998637627	0.0	0.6611552839034239	0.41298993882000673	
0.6643856555446453	0.0	0.0	0.30107980143699026	0.0	
0.06331790515705032	0.23319389552255948	0.009889925042905912	0.08493708264688954	0.13708861991005514	
0.0	0.49395372623706635	0.0	0.5172093510971277	0.18984503526422422	
0.05736592148926433	0.23519994846752407	0.23907957631404086	0.5193772059147895	0.6644323344280929	
0.19328883993858664	0.46287366781251676	0.5283137853753228	0.0	0.2172580135343359	
0.4075752747941345	0.33513659120893197	0.6176625673425957	0.7742201772514694	0.6299032015924456	
0.264837303670906	0.44780029600823973	0.434399134039649	0.1320373463270386	0.3996378262215321	
0.6193755969351789	0.61110531296254	0.3294526507770517	0.8035859619792286	1.2539126604775668	
0.1892464860339228	0.7387393728529629	0.42739581797525583	0.06694921618580045	0.18618356698564015	
0.0	0.40015079282311394	0.46480413705017076	0.19627582068940755	0.2856662734711952	
0.0	0.0	0.0	0.0	0.0	
0.0	0.878645381657444	0.15161393766798292	0.12272959527763093	0.051238177472244024	
0.0	0.3353536517664632	0.9444162007028994	0.7578204393978389	0.4800936236073071	
0.0	0.8096030229215344	0.5623819993806797	0.03182891874855878	1.3015733141789614	
0.4958430079982524	0.19479822259935756	0.29210121315632837	0.452206453806873	0.521236774811016	
0.0	0.9098057831828358	0.33482313100922806	0.4522093219828537	0.0	
0.13183750629532365	0.4976142264099238	0.15677753396000707	0.4580166325315429	0.03723109606503064	
0.10534135239613528	0.5293657609519093	0.35132429142113264	0.24888787828420872	0.837262535872493	
0.0	0.3048796120715029	0.028935348342330178	0.0	1.4015703081349227	
0.9593287792326621	0.40133858488693763	0.08456605910420416	0.7797081725900641	0.2388441121191433	
9.212330364780902	9.00033597700226	8.533633398397726	9.745262073423223	7.575548309852483	
0.1793848599148647	0.4119160905957889	0.2649041829577157	1.1231977097966497	0.0024860072173049476	
0.20038222459462376	0.4948135404045917	2.294711114595199E-4	0.47973617763782095	0.32538762703059587	
0.6577759827870848	0.7974841169147485	0.56924563019155	0.4272238989961474	0.6079893719729258	
0.28582576745438976	0.5148113177113193	0.3308649126195455	0.19170922653602618	0.6290940849976892	
0.0	0.3250017670121399	0.40750410941009246	0.41609374428423496	0.6906214991931985	
0.79594095013988	0.17641051934421736	0.5921759594138626	0.977158982911269	0.3916852191814282	
0.0	0.4715360723872738	0.64590462528096	0.22442385849126184	0.847085850230875	
0.2547770699428967	0.11266964406178524	0.22174938738580738	0.5246525843583508	0.5978542593560322	
0.5659330598919692	0.7569831487846393	0.0	0.0	1.2427384713082004	
0.0	0.37015172602675067	0.37754749330162596	0.4643607748918244	1.1678857975754617	
0.0	0.0	0.0	0.0	0.0	
0.13374163771981046	0.8767179880919531	0.058516512529968645	0.42914112534379767	0.6817236742326817	
0.45816826264419924	3.175463433565071E-4	0.03318843502856526	0.474552017178356	0.1441467827297237	
0.26534116713865	0.5716402807148554	0.7101755191246347	0.0	0.6092985834461372	
0.15114353128625566	0.43342750102457306	0.1464265394010581	0.37443921254568924	0.015973643901516118	
0.0	0.7127139358531218	0.6220096269500138	0.06454385071113729	0.35280563987540486	
0.32692411356786666	0.5272349703375698	0.18732563826310195	0.0	0.0	
0.39502944522270633	0.31761879399705795	0.20500904188848992	0.5509045025388941	0.5548573128105052	
0.0	0.2353870226434682	0.2644287843843746	0.3095979404786851	0.9256258135057543	
0.0	0.44371657387179114	0.3128943774958391	0.7028162766148786	0.5369165406100364	
0.624527764296775	0.0	0.17314715641538692	0.5765945368616525	0.0	
0.7162750317415156	0.0	0.0	0.3217586860536915	0.6555283609980941	
0.004703401018648537	0.2956991474236551	0.32379545785671626	0.0	0.3172719680044402	
0.42892007932329346	1.9017744898132785	0.21596543556044184	0.0	1.0292389030228264	
0.8782658490656763	2.3012807201817185	0.2699051639046401	1.2166818481259354	0.7839970820802907	
0.0	0.0	0.0	0.0	0.0	
0.21853285159089078	0.6092925791129177	0.3890896254703341	0.31117100371916123	0.2893387882759509	
0.19969834784150256	0.36579983342196626	0.4903293166849131	0.728253901630782	0.5371551422141407	
0.0	0.47257907548820904	0.0	0.7497679393854616	0.2724549650311871	
0.0	0.0	1.0967151755199585	0.3016608806760794	0.5341077392256699	
0.2250818348828777	0.11421977220660753	0.2530027180949262	0.31637904824729424	0.4713952436781269	
0.4718196978507852	0.4783051285020424	0.15318404840029648	0.24822759808578554	0.7353709023663906	
0.3667126025374203	0.0	0.0	0.07162788728260701	3.5502447242224267	
0.12262438880919249	0.018662416421381913	0.45101993102214233	0.43980064413505193	0.2777247917437112	
0.8312448431502556	0.21419784128488492	0.20267807497907284	0.42031023734964923	0.2917015650779848	
0.15035630021445004	0.1797810189313862	0.06809551454283214	0.4329463714353395	0.12479544184997038	
0.27533475970799604	1.082985051376159	0.13562096823301195	0.562321226020087	0.21775344145811665	
0.0	0.0	0.0	0.0	0.0	
0.0	0.48489893721432825	0.16125742317396954	0.2942453080700949	1.6240214268446147	
0.15811873910253424	0.2926797471075086	0.5153168144519101	0.20727850903943854	0.33867367912532587	
0.0	0.0	0.0	0.0	0.0	
0.0	0.46118074082477817	0.3329204517019708	0.2679862256723163	1.322451866019754	
0.0	0.028031244290382982	5.781977630652973E-8	0.2366863599721436	1.0471399605247214	
0.0	0.29670985158054	0.4891711106260171	1.062054373427263	0.3981039554667154	
0.32490891923193066	4.369116720886495	0.0	0.43888183013433507	5.324266924862635E-8	
0.2512879005128646	0.12962096389210323	0.5134376969815061	0.4882012240453341	3.712241712698594E-9	
