0.27679933559330594	0.02920582499026329	0.30020730900425124	0.1296652801022411	0.037025730198563006	
0.014922791988082225	0.27056579001447967	0.2815261216808266	0.14577134938300407	1.5952555241333135	
0.0	0.0	0.0	0.0	0.0	
0.0	0.0	0.0	0.0	0.0	
0.0	0.0	0.0	0.0	0.0	
0.0	0.0	0.0	0.0	0.0	
0.0	0.0	0.17317044843229695	0.04143759714970039	3.060653796722001	
0.0	0.0	0.0	0.0	0.0	
0.0	0.3175483590615743	0.5519348104437033	0.5141115199155023	1.6215305486970795	
0.0	1.5718908428583744	0.2700121346767765	1.1169697572298978	0.37977446119278563	
0.52542405236147	3.4305704087446274	0.42367855434569274	1.0902593534136396	0.6950647733089226	
0.0	0.7871304951146623	1.408438748395695	0.1916830950064889	1.568157277607119	
0.5728029393678754	0.7743396064234603	0.8107810950369565	0.1613754987620282	1.0013880016907741	
0.0	0.0	0.0	0.0	0.0	
0.0	0.0	0.0	0.0	0.0	
0.0	0.014129811647464375	2.1664818818004887	1.6842904063399355	1.2015615466375384	
0.0	0.8113378275531542	1.687570437772921E-4	0.6295742922634181	1.8477994041497505	
0.0	0.40519196551400305	0.6546971029641724	0.9100978640334842	0.9493323426111928	
0.0	0.07509285896083889	0.792020694631699	0.49791127138358243	0.6129199977010019	
0.0	0.0	0.0	0.0	0.0	
0.0	0.0	0.0	0.0	0.0	
0.016782141476881694	0.3415675041450192	0.3471044631502965	1.2568445024404593	0.580241708713297	
0.0	0.0185548555145576	0.0	0.2811483718344213	0.7312167044155423	
2.9286467343021846E-7	0.7556236742568564	1.2634584772027995	0.6045361162454171	1.027651018441321	
0.0	0.37862293133528907	0.0	0.022892979841817783	1.8019447438876923	
0.0	0.0	0.0	0.0	0.0	
0.005321483490614967	1.0855364465713342	0.0	0.6950469177745023	1.2374174406577076	
3.0698562426256872	5.270544970916452	1.211902448859389	0.0	1.409585329337339	
0.0	0.0	0.0	0.0	0.0	
0.4814421714890575	2.141815531456374	0.0	0.43427653837200797	0.45287817627288407	
0.0	0.0	0.0	0.0	0.0	
0.13322242651119678	0.7610916765318348	0.33332159735440836	0.4539196003297878	0.8661481518607261	
0.4424115516950348	0.9088661864030986	0.20426085093628163	0.2792015381104604	1.5702251427996634	
0.8909092612062023	0.6805204885680975	0.7598564169698887	0.866868783347541	0.13658778878270533	
0.0	0.0	0.0	0.0	0.0	
0.55127530337758	0.3964820196340052	0.23064142056478704	0.578528756204161	2.4669966347738517	
0.0	0.0	0.0	0.0	0.0	
0.0	0.0	0.0	0.8157887372662083	0.7840538143576885	
0.0	0.0	0.0	0.0	0.0	
0.0	0.0	0.0	0.0	0.0	
0.0	0.0	0.0	0.0	0.0	
0.0	1.9292054181176856	0.17465313813831315	1.7697400914790617	0.9191254490778751	
1.450745430190574	3.967873112113956	0.1515874972630097	0.5464118626298952	0.6728457685141147	
0.0	0.0	0.0	0.0	0.0	
0.0	0.25083021296043023	0.980437595458871	0.9208892138989029	1.011954258402088	
0.0	0.0	0.0	0.0	0.0	
0.49791148784995193	0.9668867843394069	0.33379740241553946	0.8442409148623269	0.0	
0.0	0.974830143273824	0.5593225257794474	0.7466518929668253	1.6527252361307294	
0.42254575188188026	0.12797568766819042	0.06759399085829298	0.3777456316436901	0.5670476530253232	
9.554358194991963E-7	0.19520120986805775	0.19326208176998222	1.1582502952446794	0.8246277002372903	
0.0915188838814983	0.6361472946215729	0.02952461559870027	0.12829550210601698	1.0886207273590296	
0.02881930121735243	0.7293736570435969	0.7447853835200995	0.10154305521144875	1.6035182969046506	
0.0	0.30976924709097753	0.24596175866646747	0.1631900278743619	1.1977596809223452	
0.0	0.0	0.0	0.23618654385317006	0.5778412596122734	
0.0	0.26035436366792	0.41054089652792075	0.2350504543466508	0.0511713263928095	
0.5236087870117259	0.3681882945079972	0.5885371593258327	1.024578046304747	0.9913571563159095	
0.08291870860210614	0.511840413896362	0.15566415232190006	0.10960510224679827	0.18094477467577158	
0.3201053606976576	0.46712470162925074	3.837795541176613E-6	1.0858478296639382	0.9289741678194741	
0.5620991999275073	0.3087174973068779	0.22728767679407985	0.9140542321565432	0.5419651658067495	
0.027571897753950827	0.0	1.8141838410750153	0.9957105218756872	0.36228502861739914	
0.0	0.30429686373611087	0.2235295183873302	0.9008442374821194	0.5849221255252223	
0.6453161597813176	0.7616347786020881	0.1737643434400595	0.028976919726538937	2.8191387009744187	
4.747995110606648	6.449093358470666	2.554045934953802	0.0	4.052804191376248	
0.5404725694255007	0.13707871028160415	0.4687373040056949	1.1363031559712478	0.15657422440298904	
0.7208108940404256	0.5284122704958655	0.6315500559160323	0.5603945203819204	1.417784254748161	
0.19494592824185814	1.0311070372268731	0.3679494996856488	0.46692594165835716	0.9982860649767958	
0.3456658184904428	3.029533239467937E-4	0.012421989050023842	0.9720142141338144	0.2021541555069423	
0.0	0.0	0.0	0.0	0.0	
0.0	0.0	0.0	0.0	0.0	
1.280708749589443	1.4200309118245462	1.0358672312682715	1.1251420158997336	0.37407438239215385	
0.0	0.2644777357207501	0.0	0.41614234767180336	0.3894999019424263	
0.4455531711152282	0.6280910322159989	0.2462142357339015	0.0	1.5475795754974788	
0.18024582531762887	1.0031862819589519	0.8542426795851755	0.2647266829341452	2.601511183033986	
0.0	0.0	0.0	0.0	0.0	
0.0	0.0	0.0	0.0	0.0	
0.0	0.0	1.921244816105161	0.17773789937209455	0.5553631244987051	
0.25183951408737276	0.0026028260479366684	0.8927268351119324	0.2559455541355818	0.36371498690322546	
0.4536363795124409	0.3937217509166623	0.6725703869258004	0.19070640734244632	0.5110640229725067	
0.07173171243965906	0.37242919417456916	0.004396027067289967	0.4845072495150205	1.2591185870113477	
0.32078520935138666	0.6950889211957335	0.1584770096123061	0.520831006351534	0.7450927918394374	
0.0	0.0	0.0	0.0	0.0	
0.6515339781457538	0.008499507673641814	0.16429865619196296	0.5443419384901358	1.103120779571815	
0.1506023375332468	1.145917115997795	0.3332162471052509	0.6115448908432393	0.3529950713522453	
0.0	0.0	0.5884728521973868	1.9734876854794525	0.0	
0.0	0.0	0.0	0.0	0.0	
0.0	0.6735346634230043	0.0	0.42368987024419824	1.5106639150804402	
0.4112268205962239	0.7480788427517813	0.3699145560833075	0.16299479957018234	1.164353077143735	
0.0	0.45092487486653304	0.16945388132715572	0.8309897080093627	0.24910991085200876	
1.4244491120624772	1.4411677879931644	2.132753778614919	0.2511688227813603	0.46243477728102894	
0.0	0.23331313439546666	0.01430639835675148	0.6954510010394089	0.31457325946320464	
0.006702308312168722	0.071630857677261	0.08471206813907178	0.1059267781111138	0.5988572427920654	
4.534244510494326	7.877887153845726	0.7888373915960031	0.0	1.6061228632331068	
0.0	0.0	0.0	0.0	0.0	
8.513562825942198E-5	0.5671152314068677	0.006144211657900164	0.2366343493652107	1.1109710892320164	
8.149528079876531E-4	0.3148349037534106	0.2005376550495572	0.659192500643724	2.8721529882327603	
0.3384570581599972	0.42536220416636056	0.22835696916560697	0.29303756625723343	0.7111738299102454	
1.654587560599353E-7	1.1548199527213234	0.0802876049453707	1.0925267730805996	0.6934624233743437	
0.14699683716482723	0.7592990048443007	0.29593873454953745	0.3596476982149155	0.4586141249792909	
0.9006704590182794	0.22061288992038183	1.175264394401426	0.8323434850287811	0.9170845124645837	
0.0	0.1801674089472748	0.0	1.42864217919241	0.446943562027642	
0.017295376211482125	0.26953151908805806	0.6623296134810305	0.036607912164068244	1.240165704346375	
1.5882648516256286	2.7682941241524257	2.6095207801800533	0.8631702515777263	0.6456672498809781	
0.031004417413016797	0.029455231442390203	0.6523035250181115	1.016865219983195	1.4308071072909152	
0.3973250421013096	0.4631930856332496	0.47329176662261274	0.3247939643667821	1.5527460854163633	
0.4782822000216957	0.9529936894206053	0.7128792855402181	0.6630992857459945	2.035756071403217	
0.0925582851601409	0.04587278795539166	0.002550643782605782	0.9981477933123283	0.13278661412961362	
0.0	0.0	0.0	0.0	0.0	
1.4630314038770365	1.1250205348903224	0.5880299918684284	1.1051565420292189	0.0	
0.004376556760789996	1.533315853030078	0.7881259763597566	0.44107237893179396	0.375650420699107	
0.0	0.0	0.0	0.0	0.0	
0.0	0.36989294430390224	0.0	0.60625982880397	1.6381747958233723	
0.22711905326410167	0.29986873299656064	0.32464574055065004	0.39196862716910125	1.4350901660481392	
0.45487071078354524	0.9430688254049256	0.6330695528920982	0.2586388483870521	1.3764764680431638	
0.012131313698208175	0.08720128394031004	0.6509507912560455	0.4845951306949748	0.04485945783558229	
0.0	1.2534931964781433	0.0	0.07490605585116861	1.2709696495232412	
0.8489711817196808	0.3288152221937298	0.2270317553406442	1.6012454273777308	1.0323759681642655	
0.22620928274397156	0.03760031276387415	0.4539818468026632	0.0	0.7407166529120787	
0.368467159308949	0.5501397671480761	0.3692835582656185	0.7047191274944126	1.0807701152100737	
0.0	0.0	0.0	0.0	0.0	
0.42639259481445746	0.14066870998211004	0.4991723879184372	0.5557475337297575	0.8655052294225068	
0.9811075729393578	0.7786148825928859	1.057260834090968	0.27631359252174986	0.0025400263901489443	
0.0	0.34763698464616377	0.7850477941613296	0.6675952456051931	0.2659171493591045	
0.6047079409329641	0.41258320829484363	0.6995507467155648	0.33712876144018217	0.4994241662854749	
0.0	0.7657036086787326	0.6430860996400127	1.1358358992829407	1.0405614664898757	
0.0	0.39453699995354624	0.0	1.1221647398274697	0.6302232190505689	
0.4076702064846099	0.45883550405646967	0.6202435831091758	1.1497998388542128	0.9421045140586414	
0.25382531846204753	0.36133232545956695	0.7086908511531175	0.5465336989217306	1.8523699302485168	
0.2524962967259176	1.001486832951758	0.3256772201213535	0.852219845189582	1.8355379439856945	
0.18441746360637998	0.095301304269101	0.13692575880495325	0.781276910607066	1.1975002206051526	
0.4144592255459009	0.0	0.004481131673612804	0.2806864036228376	0.2982440197138845	
0.07511550510209046	0.6305278189259897	0.0	0.797545521735153	0.6554998620706722	
0.14624976661863873	0.5928602172711938	0.043021726578346894	0.46348391156726104	0.5588593893645639	
1.403456512894704	1.5813223015107056	0.46034052178682877	1.0948260543366453	0.047348351875157256	
0.26567268085274326	0.2298915500456372	0.6640186514937746	2.6796068086943424E-6	0.29660235659015816	
0.10480151833215058	0.37406110509575635	0.5002037540188474	0.3653998664982613	0.4689464908792442	
0.6283777464980272	0.5757332851707998	0.3232801993148193	0.7221929023719691	0.5971473068301031	
0.2428894874950082	0.028722044963511086	1.2719365211013047	1.1728170170009693	0.644937173797002	
0.0	0.0	0.0	0.0	0.0	
3.8048730785692106E-7	0.012993736132840506	0.3728383007397854	0.49208217204955607	1.5516013229923857	
0.6053271757364272	0.027453608662898803	0.24888608713536764	0.5553411905990585	0.16939818259434133	
0.436809888549522	0.5677354099070326	0.49496533460547104	0.491055321772798	0.5313019650286821	
0.39201184720697196	0.31733070815870607	0.8263817468204893	0.7103007751564774	1.1912287164133	
0.6781294874237074	1.5814140451541088	0.10580683914885138	0.3372810955771608	0.5407199321559585	
0.09107591830141606	0.24116462929201432	0.6095210475658721	0.6096769553838738	0.6389527377419452	
0.0892070268913628	0.0	0.0	0.06756978694382196	2.5761634106267626	
0.0	0.10729177490184555	0.18811563894681266	0.7140809314574819	0.4394814067640139	
0.41736977004661624	0.8916940750016121	0.4684896962998058	0.7742897654909434	0.6894539944195047	
0.0	0.6998484760778604	0.01846470008259142	0.4547554349312616	1.157696469505983	
0.7043842807187021	0.255242328407322	1.0775833556683608E-7	0.3991772300537511	1.3439254808356043	
0.03807731271447613	0.1353488342418683	0.5348670729510967	0.5077805485614824	1.4460552264646862	
0.029671430787631733	0.3392695346838688	0.4757952817810651	0.7613882646361297	0.7009312039928379	
0.3165417106479289	0.22880347887970384	0.4426806674361064	0.3746242017817896	0.466820018061382	
0.009376059641881597	0.20511183998644852	0.1751738064312787	0.39169491001554235	0.7787656230007549	
0.1361077703891136	0.5261551481442939	0.0	0.22344407308516953	1.125676930032259	
0.0	0.0	0.0	0.0	0.0	
0.0	0.0	0.0	0.0	0.0	
0.44920735185647065	0.0	0.7743315398638728	0.9717785356486821	0.34953651672277186	
0.3926971605459595	0.0	0.0	1.103610192686349	0.828037268003161	
0.5608289620563718	2.4012668033540217E-10	0.530897733221686	1.5675254980902207	3.178460717246062E-5	
0.0	0.7672864230943098	1.9083805132675923E-4	1.0226940863437646	1.3345011989865743	
0.48670413382984584	0.7011278746308942	0.5177643430923948	0.0	0.18352827311612036	
0.36710854236516305	1.3331785023714637	0.3006929465508369	0.6362159138326752	0.0	
0.0	0.31739677061667726	0.025924993504053983	0.7814479084260947	1.547152772513849	
0.0	0.042905411400599044	0.5754191610610373	0.12309820521135555	2.002030538760669	
0.6428052815157811	0.6679641371887687	0.845530292287223	0.41972912798000833	1.154797502492922	
0.32250464739659923	0.9454395919670792	0.2861645507241269	1.0270649936674996	0.36286802822916375	
0.0	5.701384716785637E-6	1.584461590110698	0.6183233260414954	0.32533647419990597	
0.0	0.0	0.0	0.0	0.0	
0.9876149829857112	1.1898833257265884	0.402150018656689	0.0996805966043381	1.5339524869984733	
0.18005507929541176	0.3950094347197383	0.19690397076905955	0.13925921068007352	0.4399694043054707	
0.0	0.0	0.0	0.0	0.0	
0.6586740561056029	0.09098224004302125	0.13936021300058488	1.5663327158143567	0.3941457867912905	
0.0	0.45698030532919254	0.5080167822198299	0.6172764743695202	1.4964519398720109	
0.0	0.0	0.0	0.0	0.0	
0.0	2.689993627557029	1.4747358269096844	0.36911442873147904	9.444389682211336E-5	
0.0	0.27676321614134447	0.5289358008133404	0.0	0.0	
0.535380928202606	0.7576136271165801	0.0	1.3368059153443819	1.4430278465329553	
0.17148055447130683	1.3773264367642701	0.0	0.28640632351788814	2.353942856844744	
0.5021576517374288	0.15620766880631373	0.5526941007165088	0.7742255410008839	0.829494607852089	
4.7855678881885045E-4	0.0	0.0	0.6168602290152646	0.8563161347781937	
0.0	0.0	0.0	0.0	0.0	
0.17598613461803958	0.21488817834534218	1.6705145710273623E-4	0.333699771710958	7.737022261368375E-5	
0.15322419276868243	0.9104283419689719	1.0326803661635264	0.28089937016258293	0.43638421127836935	
0.2898185283371269	0.2257286419593461	0.3138496796550015	0.22734499483485768	0.44075821505923035	
0.0	0.5703954602425875	0.49884615470856586	0.781965540438378	1.6892264936077144	
0.33825368871562295	1.336302557908649	0.0	0.4021138524227411	4.2361593591890925	
1.5078120628048344E-5	0.12447586747489098	0.06508092448330195	0.17315450224982254	0.7735836281464707	
0.0	0.0	0.0	0.0	0.0	
0.18760557757476987	0.9616612902266869	9.701434658830601E-6	0.07218658615470383	1.144929441053724	
0.560639037024064	1.707074152662846	0.7813794180280175	0.4599034317799171	1.2669028760295922	
1.0773170386615858	0.8031479618254054	0.4565008176779509	0.7599496731502056	0.35482729519936007	
0.06559436487642398	0.9754750165615574	0.003253788046362374	0.18329635258883079	0.49861964728438635	
0.0	0.02282969324656188	0.2921559251540991	0.4993239554192724	1.1047667940590438	
0.0	0.6800292123134575	0.0	1.0526262880450445	0.6077375136804612	
0.0	0.15911890925796573	1.118366021475282	0.11451345563593793	1.53262662295247	
0.2074756466315769	0.854053318261985	0.4528340031459821	1.3850831352982595	1.5151458348195916	
0.18402808818921987	0.23810786627971192	0.32625245900670796	0.47872760253131613	0.8942602281753395	
0.1254902680309447	0.500684908601888	0.5743940324418282	5.011944347194212E-7	0.15211461065798626	
0.03440071398694341	0.20670201138361843	0.10647470406876475	0.11450594817608438	0.6085538437833387	
0.0	0.005795871125071365	0.019362179350957114	0.6054181194289873	0.043079942865576745	
0.0	0.0	0.0	0.0	0.0	
0.0	0.0	0.0	0.0	0.0	
0.6325687037186797	0.01182326343773075	0.22233714836068447	0.7008795571156047	0.7849849251838464	
3.8021562454505804	4.415911845524253	3.555160873906928	0.0	4.606239848116119	
1.3880749792287792E-6	0.28998029322581187	0.3118776414268576	0.4499978275877211	0.9212478447842922	
0.13140437670634167	0.773690356574676	0.49845502105990086	1.04867695283198	0.07585987307859314	
0.2166281467824008	1.0243980237621353	0.2938781560826395	0.4867574877037549	0.35704034632634457	
0.465357476202469	1.0743916051900004	0.37510565261179696	0.9610544013835709	0.9954902558704535	
0.0	0.2988064458734409	0.17305514771265967	0.6729412774821921	1.1417253002645258	
0.2299425184200226	0.6963945991847067	0.0	0.25572153883341775	0.14345497558422685	
0.0	0.0	0.0	0.0	0.0	
0.3211314448371709	2.5741700383931163	0.4584341517879135	0.498936360792526	0.0	
0.9843927968463326	0.1416442399267548	0.1482833837498786	0.6982914677211073	0.69145638806545	
0.4701681783666518	0.15358792924977413	0.0	0.06416797829901529	0.7088082713256852	
0.0	0.021180341725911947	0.21711608889838474	0.3182399334786912	1.076179582482307	
0.0	0.0	0.0	0.0	0.0	
0.41829845402759347	0.017691048009849775	0.8035571658250782	0.7064300433016386	0.1845117389557557	
0.3504832346835829	0.6024676007054419	0.06149365903510726	1.1408286097529101	2.0237392524112017	
0.0	0.184900537053	0.0	0.5686434678855542	1.1614500425001844	
0.4692078830629815	0.5204613848345405	0.38543470171513994	1.4479303031171946	0.5505694382662312	
0.5267169752072293	0.11043280050276263	0.45707244810377995	0.5263299229525005	0.037465259940367514	
0.0	0.5500482432821077	0.2621174372237682	0.2633151760374461	0.28006232540357423	
0.45114928587029823	0.48087344129991993	0.6671318210560757	0.0	0.18176091066278396	
0.865174329236081	2.781502800665282	0.20193843538372788	0.2827226707981326	0.5944627547193746	
8.088247409336809E-4	0.6488967635632934	0.4788265807043703	0.8851010368056283	1.427138505454451	
0.27080903263866435	0.9018204412589669	0.09748233258003068	0.010360310483192537	0.4532691768398651	
0.0	0.6821135598211377	0.0	0.6920826831646589	1.4055617984899584	
0.23041441857063386	0.2896601294223381	0.3098504909623247	1.259319270008174	0.8306035862031236	
0.0	0.7077284239029396	0.42100706745812894	0.0	1.9130270534386054	
0.0	0.0	0.0	0.0	0.0	
0.4681581746560107	0.29285851286463344	0.3638170054902931	0.36379863512543914	0.5204399697192611	
0.0	0.0	0.0	0.0	0.0	
0.5034659813207009	0.0	0.1947518059649653	0.18619826340785522	0.28590428997205986	
0.0	2.8765865945626126	0.0	0.7908936531796651	0.4901077633986159	
0.0	0.0	0.0	0.6526021466213968	0.47725406378770197	
0.0	0.0	0.0	0.0	0.0	
0.6227909948322827	0.4805703416239513	0.6062787875947417	0.670798558285302	0.4890725326245538	
0.2342202721166518	0.6381525899585131	0.5969277754349052	0.5676724128617183	0.3542606099202635	
0.41976011097136645	0.0	0.357908205750276	0.4362955064589745	1.6631678260699139	
0.17827037851337665	0.5105095587707557	0.31450910505312285	0.08998363724266667	0.33013826717773087	
0.0	0.8639809789648635	0.053074694824305116	1.3724053875300266	0.7899582027308041	
0.0	0.10716818051147341	0.0	0.690527040822297	0.36131035663659117	
0.0	0.0	0.0	0.0	5.76998111812365	
0.6006266068139945	0.2792130361505615	0.20158948115265776	0.542754146924016	0.22574131521615043	
0.0	0.0	0.0	0.36914391861033047	1.5968209601791326	
0.3347674990052333	0.6172940568206166	1.22328958679358	0.4182369360177026	2.8570783470536343	
0.0	0.43753212455069507	0.06884899558661214	1.6868648064652716	1.0867183800416664	
0.0012415601445451918	0.7000499913822195	0.1795287829232364	0.4421468630563037	1.7798440478760027	
0.2062677791524347	0.04483774114595732	0.3634238246933881	0.3262501950807667	0.08018428150557196	
0.0	0.7407112488063078	0.33167553290959445	0.9088897004260791	0.0	
0.3806817415066666	0.13398258768131882	0.21657310630862955	0.49581304143799576	0.7112467408646275	
0.16365228962894693	0.01212777550779272	0.4657049438396356	0.29109392060353395	0.32873387650536584	
0.08749355715807945	0.15924708335003993	0.04314838226527025	0.6929022162703273	1.3965760982686373	
0.6901436809631073	0.2948692593121016	0.27329284653618624	0.743334230295183	0.26297738094632966	
0.07993127822208959	0.07935187327935177	0.5747949508076268	0.2012196546661102	0.5746306952521083	
1.223181734032081	1.8286376189188773	0.5915294447035774	3.196730328505863	0.0	
0.5173869708799234	0.1952916778195661	0.2724127766757226	0.8686460884596464	0.2599509693133791	
0.063313839518777	0.2965408481672317	0.14028843798499566	0.47205832183076774	0.9577482063453518	
0.11689134570889889	0.11374233361945825	0.8620205612454617	1.5004858438278594	0.280569223228612	
0.2210837355609748	0.08006048328193198	0.4017888438246669	0.36400261559449115	0.5337064572402628	
0.26000496973836784	0.7206270506082167	0.16075515141735575	0.2009845823548872	0.7414552476515495	
1.4092768402309659	1.6364552325440178	1.2747342044787648	1.5436490625776338	0.13477839430783542	
0.1959406881830739	0.4871004009402753	0.5065825659675993	0.2418328284117764	0.19935129554502137	
0.6886675297605125	0.3400708186280236	0.0613402977778283	0.4654592494519136	0.3895541722919056	
0.0	0.0	0.0	0.0	0.0	
0.2274921840297535	0.27457715094610713	0.6988745958674392	0.29852324594071145	0.5122001247377137	
0.12705249525205295	0.3739834000855828	0.09291466639307867	0.2388539607531562	0.8950572004385621	
1.294643347092842	2.88191336303291	1.2806526893163273	0.0	1.6461335008965505	
0.04464094467719545	1.0667870790404737	0.7694523183616815	0.4703929511090696	0.5821443293735097	
0.46613348646072783	0.20104794285868152	0.0	0.18916090163319516	0.2990872759324642	
0.024250599018121776	0.5016470420804299	0.3042007002407396	0.38146820109862756	0.34656245709806766	
0.0	0.010357868154496028	0.016068590151057695	0.019707773986849746	1.1228771871068688	
0.21901258134197554	0.7253772510154661	0.04798244341505232	0.148741395463262	0.2661249364089297	
0.744551134064006	0.8288252938393887	0.887280534679718	0.0	0.9532773864908279	
0.2888283662928631	0.8369606442018847	0.5977179012069359	0.7383064544855301	0.30025478037226533	
0.0	1.4285178182501874	0.0	0.3264952998789567	1.0666775207884356	
0.6470100911834669	0.35086459601779224	0.6192842445094277	0.4598926316177564	0.09527806759115488	
4.273061197109129	4.714037622506414	4.59935165221531	0.0	6.013292570596503	
0.0	0.0	0.0	0.008512458286528971	5.382731511406339	
1.0038136647706892	0.9110777055859528	0.9354829697972639	0.49691365430779666	0.025839496319905578	
0.0	0.0	0.0	0.5144229844118708	1.3082041205777528	
0.0	3.6622747533160953	1.8071720620526488	0.0	4.468260759937378	
0.8313048686857837	0.0074575513814209285	0.0	0.6125777019699606	0.2499002934941674	
0.0	0.20402273769280974	0.43752164169701774	0.6443540866231581	0.5037188419403505	
0.44421661725491207	0.943924301195475	4.974052791171457E-9	0.0016778820621752687	0.009741310818270323	
0.0	0.29229256922925784	0.6211432721699601	0.1358342979547574	0.23971452728322634	
0.0	0.0	0.02557795560330857	0.7519840851689311	3.031203426262919	
0.0	0.0	0.0	0.0	0.0	
0.0	0.9501106583890284	1.498457758683152	0.5339116935693717	1.3559910876734702	
0.18784961331053054	0.044645556207544866	0.27648248438664713	0.5320055784140509	0.8649531059668536	
0.34783188435544743	0.41147501992376945	0.6091456994635038	0.22144228747947176	0.33815168423064484	
0.43418171528680777	0.22570158511992286	0.41964505503719934	0.661840801706504	0.6771334834775481	
1.7985213319941074	0.5241623200439955	0.5193732717765588	0.8138283563994506	1.8402482862798406	
0.0	0.9189996242054113	0.37931724687197593	0.5323928579317218	1.3358600302729975	
0.42071282410965966	0.2956589890501976	0.48874293851056266	0.2523119757473898	0.5295461138451364	
0.052837990613248884	0.30607996426695283	0.4246803858632329	0.008692944455183713	0.29721680951386187	
0.3962066506609913	0.9507560416070164	0.7484856471922449	0.6585743993330906	1.436899639123366	
0.6529601545580942	0.0	0.29573979528020805	0.24420902733408087	0.7964600031521767	
0.0	0.0	3.5633721195061776	0.2194770182583562	0.7621528134986392	
0.5283478614931302	0.0	0.010193085739998588	0.32938088334426013	1.548434749453229	
0.6442218793998148	0.0	0.4625237732099059	0.6908034898044066	1.3236432867903218	
0.34792749605027007	0.845131433399386	0.890101178616269	0.9201225717474876	0.7964387167835363	
0.7529334994871115	0.3191067340681823	1.102729266702872	1.017518349155387	0.08331871058798386	
0.4561951061359953	0.2607155551293709	0.2702893583506614	0.200953992752723	0.6381424695083463	
0.28623080232036224	0.8787287863274944	1.5145901122971892	0.25831812543505983	1.6217661985179894	
0.020266998996826532	0.08744304085401321	0.08025379577778646	0.44522155235993954	1.0345485361023914	
0.0	0.06583235161070837	0.023295439636718467	0.40939051232479257	4.288986899979634	
0.16047954156791158	1.0714322547426647	1.0421296865707874	0.23056112520270236	0.8577923555289338	
0.018561735951761926	0.09973430517301621	0.73670848753496	0.46933820005840327	0.6945195923373099	
0.3727937875433624	0.0	1.1300900508308178	0.7300830585075222	0.5966578352583966	
0.0	0.0	0.0	0.0	0.0	
0.0	0.0	0.019051996747990192	0.23710567746707056	1.234517941469544	
0.10794402741625242	1.4231977596840858E-6	2.0441211439744524	0.9920926691376323	0.5863458055311045	
0.5139441394212172	0.4569101731792214	0.0	1.2452854894114413	1.779979541570235	
0.0	0.0	0.0	0.0	0.0	
0.0	0.0	0.0	0.0	0.0	
0.3513544602294872	0.3266248373431209	0.0	0.734034936802247	0.7995427293164248	
0.2075715916058933	0.914065927351786	0.4305074223981901	0.32239947708063516	0.534858414638993	
0.0	0.006606233021142486	0.673688716748593	0.08961726196355022	0.976905051955241	
0.0	0.28851365859087935	0.1651954089494968	0.3355135516918591	0.041455095293524445	
0.5014277857842351	0.3558209961351171	0.22285912271981784	0.39880359199889864	0.3402451034511053	
0.019429008877341544	0.8756286116532257	0.0	0.17440929315495865	1.8246136792804073	
0.4253947815696796	0.3973762618982427	0.7986622403727988	6.221380104281072E-4	1.078433381458609	
0.09686650714159081	0.6122154812290784	0.2072403026263445	0.4657606602020376	1.4867603167338186	
0.0	0.406649969878529	0.5536414201389853	0.3913547724434066	2.2541261504019316	
0.7563010514957731	0.49482637578101385	0.20423977253468534	0.520813336156256	0.9192431130017087	
0.00828034091919869	0.0571752525097426	0.18259736330533616	0.5936179136118798	1.3478675205027835	
0.0	0.23809877664588044	0.42728941606211496	0.0	0.5726453804410394	
0.770587659915286	1.0323772028613816	0.1728991703077594	0.08772967018806992	1.0727833599701	
0.9871919797709313	2.348958327763397	0.2207880989198635	0.25315160003546827	0.4723276824423573	
0.0	0.0	0.0	0.0	0.0	
0.29155552892773284	1.8616496449552116	2.4032666799450342E-4	0.178220208739893	0.7401455707233855	
0.09774909428968317	1.4158558113844826	0.5060415511566079	0.6844394910924936	1.0536323325500758	
0.0	0.05534501787733838	0.6820690266511629	0.5707959572146862	1.1765691495537276	
0.0899881330228841	0.4891354403329659	0.16835644245674605	0.23733315014946166	0.6076695447340174	
0.241603095254602	0.03941303197923376	0.8861213385441721	0.2744253419194421	0.20492476529726883	
0.0	0.0	0.0	0.0	0.0	
0.0	0.6077485366118685	0.04344424502896805	0.31691042105690864	1.3887207707412432	
0.6070786223208722	0.2264646979118018	0.07368195395687047	0.20138788218238407	0.36533087879145976	
0.6310690004881526	0.6304758704463836	0.3058426857190523	0.18945252136335267	0.47169893938447316	
0.11897293606394707	0.2880118069542381	0.0025429410015717457	1.3472417947850024	0.006450480553992744	
0.0	0.0	0.0	0.0	0.0	
0.21147901488936877	0.23536210520245723	0.5037525288883028	0.4056678642383079	0.18200973743381837	
0.47185931828093575	0.9415554867528589	0.20265917184353224	0.05665369780067303	0.3293816042256979	
0.30827943527448204	0.9543524153306262	0.8229118801364638	0.5915996162235293	0.2951433879174905	
0.0	0.0	0.0	0.25824192710742283	1.7911242252439667	
0.3347875179624951	0.8184354787466325	0.35340738396385674	0.05879458556346598	0.0	
0.0	0.2756019557900916	0.023772630574920392	0.1475698188546949	4.0929409449849175	
0.0	0.0	0.0	0.0	0.0	
0.0	0.12781339012166293	0.028937997964827697	0.6454228725246576	0.4617779996609085	
0.359528293807342	0.19496561435657025	0.0	0.8724677181041314	1.903729824921819	
0.0025526095266820937	0.7426272459274846	0.2853315865506127	0.04842550218820294	0.7400750645198505	
0.25817209489184767	0.25509039040350434	0.23125260352286028	0.3106237174796785	0.3196910311294978	
0.7974277803536882	0.02624254118108214	0.0	0.2696991175078483	0.21150274550415935	
0.4512833394627887	1.3545427151852898	0.16401688741254447	0.46556298477939184	0.5503754247946331	
0.28224360547474076	0.5253402020140184	0.0	0.5094791359084929	0.22495571906136783	
0.7319812462515951	0.5439687333934755	0.7661220110410677	1.001347833226885	0.06616517736626219	
0.0	0.7846560192695221	0.2999520174132291	0.5189964896233018	0.0	
0.0	0.0	0.3885572235606073	0.25139527133368134	1.0537009508581556	
0.07826636960749409	0.13871365614154926	0.3598552550998894	0.3376436101100901	0.738253303865336	
0.23627321875067311	0.22450213403496858	0.6764519220655771	0.15338093504248038	0.20070834002875312	
0.0	0.2728367088277656	0.42014445307949616	0.400447023050011	0.38356992004251067	
0.43925800898269945	0.001642433952653693	0.11555587429754693	0.6669807412841511	0.1232695545130448	
0.03781071597434535	0.6500834379126026	0.6834584778292245	0.03381301439930692	1.1372989009520826	
0.38586609295308427	0.3703268565153382	1.4073300567681657	2.0185468144107053	1.1033139553410578	
0.08832023692011598	1.5996084054049506	0.3367022913210607	0.6717328617808462	0.478565907326896	
0.0	0.0	2.4319145041723282	0.11344663357402554	0.5905735814800884	
0.32847909423678184	0.0	0.32392676394142533	0.4522598018610055	0.32399169729071314	
0.0	0.0	0.0	0.0	0.0	
0.7374731659676798	0.8576134924561767	0.9875769191026584	0.4344437510266698	1.1767953860982465	
0.015039268306157006	0.18376012743278136	0.29488227584864246	0.13905031058381306	0.6660088556953824	
0.0	0.0	0.0	0.0	0.0	
0.1266449796652778	0.5013306091029505	0.716715982007359	0.38427761754977	0.3098112117634638	
0.8400345761829603	0.3433851042288649	0.0	0.8814588415412135	0.1866337629436572	
0.0	0.33158491985281546	0.15147323833264695	0.3018709638458242	0.8673123009193637	
0.2830890798354035	0.003930139381749814	5.425893007063583E-6	0.45066325501833876	1.2513228438670139	
0.2535208853077763	0.5245679272584509	0.4291285697757021	0.5549930036250612	0.16939727059761886	
0.1906487588176985	0.4847750700356309	0.1589329928486252	0.48229961166125684	0.6521518996971171	
0.19047261843261293	0.6935734597161274	0.8048034201274428	0.4647722770167024	0.22454922065159783	
0.41625907676181	0.24910430107916323	0.4116011218408756	1.0630186083987008	1.2883240022813127	
0.09264939767764258	0.6801634457132503	0.0	0.33491049439011783	0.592803254970892	
8.004077152734409E-8	1.8544864766097695	0.147565449659482	0.5254533827914241	1.5891847184307978E-6	
0.13726605612985465	0.2052731159574855	0.13828638540720323	0.17867562894615632	0.0	
0.0	0.16269948681241975	0.7487172463154629	0.5841687191560663	0.15872459357109595	
0.13142245539271388	0.6513195310337605	0.6096834249292031	0.6325304583379631	0.22307336075512763	
0.09263564726093505	0.5216307814774221	0.9813228350916253	0.7095122165576642	0.6934312160620068	
0.4600363491088249	3.943803549908456E-4	0.0	0.2949669628462964	0.5403030871244887	
0.0	0.0	0.0	0.33685255214190474	4.4561409278700195	
0.03988439213368576	0.08332370600051837	1.520667229906515E-6	0.28635475426882956	1.119333037498122	
0.7323259813273949	0.2407894808995973	0.6668230753751114	0.2619073833766652	0.44798954572948996	
0.16823404329869734	0.5523776842288796	0.41194319940301427	0.8179952996497909	0.415759434657313	
0.0	0.0	0.0	0.0	0.0	
0.14722731118025675	0.9129515924063236	1.0524909980174482	0.2663574977284951	0.6174460716628727	
0.0	0.5793405057632702	0.5987060294944421	0.4357762429039615	0.0	
0.0	0.0	0.0	0.0	0.0	
0.8065810107009573	0.5699960513747002	0.15652503953709526	0.32052058309205117	0.6613683429729861	
0.11882077147580118	2.3239777393907377	0.33284166405073956	0.3261812232095139	0.10090646750409847	
0.0	0.0	0.0	0.0	3.993156064431616	
0.3878410938989104	0.9817844275744456	0.9315018582071745	0.24920225275512484	2.040319791445589	
0.03332390483341292	0.35850799787696086	0.3575901133361049	0.3312986687841574	0.6164574414820927	
0.3667335104093977	2.5492719352883926	0.33340746531817134	0.2641635007439149	2.6374259210568085	
0.3480535834034927	0.47671552856660354	0.11151817011194223	0.6358879835113818	0.07094298611572797	
0.9342878415237439	0.09953319450936282	0.10281902060601655	0.269383717141595	0.4490924098795184	
0.5338959550324187	0.42565922712606996	0.6147094877640145	1.165778389151877	0.4089793136613211	
0.29165897553403375	0.43836094690592736	0.24427505096684804	0.5604585617376043	0.7810154953493172	
1.0814020269221982	0.8920074673945791	0.2771292594885239	1.1179848123525897	0.0	
0.0	0.44472897366709496	0.0	0.5496126528353036	0.9827414600902556	
0.8905481505986043	0.35063379043415754	0.7519613160478094	0.7074623299624754	0.37732130459121516	
0.029595045155269093	0.8248668686447688	0.23523465039406094	1.0319743434792554	0.8958713450837156	
0.4062444479163571	0.11717034680122522	0.358927150766198	0.3426092293739543	1.71287110478547E-7	
0.0	0.25366936532188755	0.3474691076056611	0.3762442931293823	0.309534122771531	
1.0639879622556472	0.1390655531900524	0.0	0.27828503340179156	0.9863394863362865	
0.04030837548195356	0.38110167953307605	0.02349430762972339	0.846467489269151	2.300385242565702	
1.4363483354840798	0.11036129706001596	0.3041001324219784	0.5536158812587604	0.2261584655598922	
0.0	0.03027790886346083	0.36924002558622016	0.5455349235814183	1.1854230663478256	
0.08069573677670097	1.14600555026224	0.0	0.15416974802630046	3.542214550014192	
0.6923033893000793	0.890281069305072	0.587582537977901	0.31811742611684907	0.0826300368652121	
0.11243060070725495	0.969086265950063	0.2538429033353324	0.5441716145188761	0.23668046054779365	
0.34686349785705456	0.0	0.52266759837801	0.6589110561553844	0.2228281560754312	
0.09323380018588116	0.0	0.0036595030333194745	0.4863474922613235	1.7408463497818827	
0.14305384263154722	0.4241056783268974	0.40922449446156045	0.04267434754730651	1.1761383995173538	
0.005164378936695557	2.3039911180562553E-6	0.7037035645327031	0.2852370254267329	1.3489954064300869	
0.0	0.0	0.0	0.0	0.0	
0.1851543726181534	0.055070012448319085	0.02125273016296334	0.726578482766375	1.0134567950209734	
2.2029097077585025	1.657457556547323	1.7756404494576168	2.279010982178127	0.3867544209084694	
2.951716836333527E-5	0.21040849730584094	0.0	0.28789629684124907	1.082370158681038	
0.6371305745117902	0.6582830537817138	0.27558556233504083	0.8199420957907677	1.755024794138923	
0.21236120899987826	0.4714546555732967	0.4176829040047136	0.18614213192402748	0.6300497452505421	
0.571202776533671	0.505973652244624	0.5497693353153738	0.0	0.06484915726494424	
0.0878163501345408	1.6478564017100057	0.3580489019261342	0.14255788099092548	3.985457146777392	
0.371457613908876	0.0	0.968484857525996	0.38678486265698087	0.5932823394920533	
0.0	0.0	0.0	0.0	0.0	
0.0	0.9871472808696582	0.0	0.36724212985858684	1.7411677033132584	
0.0	0.0	0.0	0.0	0.0	
0.5122046929647224	0.3048851332068611	0.40284454279517823	0.1315941146733936	0.0	
0.0	0.7442197475121827	0.5879457462542229	0.2979001601525805	0.1967128872584503	
0.42524808939341874	0.1384158979274315	0.78968515926201	0.222588976399831	0.6327007842183674	
0.34333521826467506	0.484409599797479	0.32596597169314456	0.4440012328167229	1.5379239984373172	
0.5294548874088902	0.5661819353932596	0.0	0.49512978386869044	0.4281740637234505	
0.26408405035021293	0.1159606006447132	0.05718654367243526	0.0	0.323944441644186	
0.0	0.0	0.0	0.0	0.0	
0.007598253315992952	0.2716860628788009	0.0	0.16713090109951967	3.4742309271659533	
0.0	0.1764699722811167	0.008475367711607352	0.34532952391956956	0.28850797892246555	
0.0	0.0	0.0	0.0	0.0	
0.470025757231042	0.09649701462911353	0.8258630586304557	0.3757863822640825	0.7477438316191999	
0.0	0.0	0.2777797382650135	0.7406283418603616	0.051004721723226	
0.602537490794754	0.4551235410363213	0.5183348969678793	1.4886486482965535	0.00616196376815208	
0.16308937727372014	0.0	0.8475063765501547	0.0	0.2199583411461726	
0.5360550664736647	0.3138944307319044	0.2591354414839126	0.27030570959232286	0.4596947871314551	
0.0	0.7911647142323237	0.6222027197925942	2.6793148045804923E-6	0.0	
0.03548019819783894	0.3482702737812517	0.2574629078521523	0.3780332431787096	0.4513872728980456	
0.0	0.0	0.0	0.0	0.0	
0.7911852155883835	0.26387689550526583	1.123397647306609	0.6720720738503939	0.27543411053092537	
0.0	0.0	0.0	0.0	0.0	
1.3128929447571451	1.4867786934701395	0.7390785651716006	0.0	0.9347357299072301	
0.8715689263602462	1.7249941694669906	0.16802698280674772	0.41293042342421665	0.12589899807312596	
0.11254897235050035	0.07881461249955334	0.69985590274078	0.35054983039462684	0.9007945138981717	
0.0	0.0	0.0	0.0	0.0	
3.012023650855144	2.917633437586953	3.0556421273776504	2.08055557877444	2.5292094531431797	
0.0	0.348180698236519	0.5419500733251102	0.0	0.7438903948826073	
0.7439762387475447	0.2782033358535123	0.7832405243663488	0.6591963187614669	0.006902144176173267	
0.4103024879837454	0.22732449316056053	0.41345196875506784	0.5451158751152007	0.3872631677270789	
6.2305005731167435	3.3276452582762506	1.3659595104312539	2.3000218586432517	3.3795770489940935	
5.60596691954718E-4	0.2618857598850129	0.018804752851169476	0.8412791880602675	1.2572920033680202	
0.7317278885989976	1.7912795838734317	0.7256526559910617	0.17463944467949993	0.6851579028664213	
0.0	0.0	0.0	0.0	0.0	
0.14968062472090743	0.05305265559316922	0.24126052473138043	0.4721922376364645	0.04589539237430126	
0.2755684473249902	0.36340553245154583	0.0	0.5523213813922213	0.778526820868217	
1.7707541523087507	1.6175532147486051	1.456684531284291	1.353909200520557	0.10138952505854001	
0.26202190060264857	0.35232300145879797	0.12309719433764316	0.22171318557561553	0.7998759502301569	
0.4328365633156834	0.5265484999920422	0.7177356460362778	0.31864877534439956	0.4591924650863683	
0.0	0.3730527433462355	0.7259142898824957	0.2456466518997306	0.14023470891744558	
0.7281954887539774	0.3145692916621968	0.47603056981979747	0.8899239990206207	0.03380657319844459	
0.10912409279082783	1.934018221694951	0.0033250046580590763	0.4230528324111536	0.26529520173551274	
0.9146953024438743	0.7988982124605071	0.3040291034619215	1.0026171301769642	0.0	
0.8992067214305831	0.9643417299789689	0.4440571574374629	1.0076219560695316	1.5235193353991525	
0.41114843366971804	0.40389637498875086	0.0	0.801033773885948	1.1756869760301583	
0.0	0.0863322493469398	1.7409992565308454	0.4726398358606563	0.5899786181289964	
0.6881182210025542	0.07305198144261965	0.6140995623571528	1.0572693036569603	0.898637203839186	
0.3143101096437162	1.2835379315476998	0.6538090143993184	0.08889034173910067	0.05889113366829054	
1.671476937017767	0.0	0.3956064604416159	0.5186761535491535	0.05324317925152512	
0.2649443138931066	0.18992936416350634	0.43280092004703774	0.1823879429551505	0.12107528338693402	
0.07164144190384415	0.504415927430051	0.0735075455933195	0.053948549430397924	0.05376897987915043	
0.3763584632249294	0.407363399126374	0.0	0.3252534331209173	0.6358771476019122	
0.049213674674310565	1.7245621778234077	0.881688728342592	0.9813588830762061	0.46502932773413924	
0.6448153224581381	0.2927634996064693	0.7570688956337716	0.13275963542684938	0.2645822260101266	
0.40442390256726396	0.7018766276620398	0.36964399659073494	0.8594407252753558	0.4879184684775973	
1.2797803763618156	1.251759197699002	1.6781797105331036	0.2098153264186033	1.709731433899921E-5	
0.0	0.0	0.0	0.0	0.0	
0.5650942114072116	2.6275044979763535	0.0	0.22187194685015488	2.4470906986656478	
1.4241849939506763	0.5158449672319958	0.0	1.0150977216727943	0.5265944369864057	
0.5699996012857825	0.6244646950387186	0.32191299711273164	0.22544636646373384	0.41439338429313033	
0.0	0.0	0.0	0.0	0.0	
0.8903269357629091	0.0	0.6060935790087574	1.7668123606240709	0.34170081556765525	
0.19924112436798241	0.3232697190131549	0.0	0.0	0.6759271457626683	
0.1424207138261474	0.1138743872385658	0.19330246074112306	0.3365273017493611	0.8118014910023998	
0.0	0.4655940467222857	0.2864121685691313	0.7764431344124963	0.41825017259565855	
0.07353412911626109	0.028784402464926546	0.21440834281129237	0.35230470811915743	0.8318850009094182	
0.09133974907992722	0.4130107550183886	0.1594088576030585	0.38621979964130226	0.6139990367411792	
0.2760011933409284	0.07550449847422229	0.8707704888840757	0.638196698735497	0.30192657303853987	
0.1463491104117641	0.39483706551750475	0.2685894135108616	0.5395279371853253	0.08438968473181672	
0.0	0.2632516776939176	0.0	0.16922307277715026	0.3922391461354985	
0.2606113735319028	0.9163897508754624	0.17742279179991513	0.038458797842993275	0.3022215151636256	
0.042317227164596224	0.6016652950344454	0.45687270178413125	0.0	0.3273662501579966	
9.422453252740107E-9	0.7078939240991808	0.8149538265232109	0.4969389349149813	0.07349832224027159	
0.28777551116460637	0.4719135423475661	0.13929982032701718	0.13562274458094295	1.5865270716672906	
0.6416177546494344	0.38642294588236015	0.44367469538064896	0.6605260105039882	0.5803857043699143	
0.6566039079528179	0.03926660443689973	0.2845067432686672	0.9750652386550426	0.7739938795535891	
0.23465396387397983	0.0	0.49421074720468566	0.10458150107827391	0.2170421831701486	
0.252531510811835	0.09571856169932348	0.19654526165366007	0.18874994118794106	0.5491153830673028	
0.0	0.0	0.0	0.25646071439312706	0.007404747569165169	
0.5423655968067312	0.5068568088953317	0.7666726872698966	0.2775242794568895	1.573550221269892	
0.26604161378487096	0.17430976204305879	0.4478754010629168	0.4225440378543597	0.10179726177137374	
0.0	0.0	0.0	0.0	0.0	
0.47004184662625953	1.149190584097731	0.5872989065345294	1.1645979490869052	0.21949609162755226	
0.0	0.2362456810207721	0.13409615841883232	0.6983210494915901	0.22358951599861024	
0.008139904106568742	0.7596049253003607	0.0	3.972192935618283E-4	1.1838726429926008	
0.47368812450500913	1.187917832130112	0.6211473193154842	0.5462117289399306	1.1241289264888974	
0.0	0.46755021918951734	0.07469565279280485	0.09284441919419613	1.0458478991258706	
0.6855414448594712	0.268082997948283	0.6184467410434219	1.1262271508209776	1.1686098333303658	
0.13493849583098963	1.28557735010141	0.24253118933612727	0.8011098347827893	0.17680902474101076	
0.0	0.0	0.0	0.0	0.0	
0.49239872248558897	0.5100382923634104	0.0	0.0	1.2101532469793796	
0.6429512906051749	0.0	0.0	0.7902918420464995	0.515405412469776	
0.3614094143175497	0.0	0.15002425367302435	0.006033811146102443	0.15236418646587527	
0.05778855884134512	0.41034633918311886	0.11197267641503365	0.19686731651438802	1.3177274214002708	
0.0	0.31639356783058453	0.4558483299769014	0.9048624776255444	0.19236698078315428	
0.0	0.0	0.0	0.0	0.0	
0.7000446912225217	0.702305679064028	0.4824474590321948	0.3597322883310943	0.3853025668295179	
0.0	0.45205092617353854	0.0	0.44215813868843107	0.585151229129711	
1.2065965634257525	0.15054762068732552	0.4540598522142674	0.5180925796696833	0.20742650310766717	
0.20444179382184377	0.48379457120142166	0.8261817283596846	0.23745054901760188	0.30170352525272875	
0.3111413155796455	0.7886963456508748	0.15748225993636952	0.9616447622170368	0.5736608376331845	
0.0	0.0	0.0	0.0	0.0	
0.29650665222827316	0.0	0.13596327987833565	0.8749672315134573	1.2358566474287058	
0.26482745713343264	0.6245854912900579	0.34558233865074345	0.5883447634419696	0.4507256229935345	
0.5292504125432624	0.699319588085989	0.0	0.15041111854166542	0.5982561113197901	
0.0	0.5980891669287309	0.4488029082956636	0.9190354934403296	0.6273612196584942	
0.5285822724456136	0.7096839714792174	0.0	0.7042623450856274	0.0	
0.8859143005729468	0.007196829565482539	0.4524737931583565	0.8320370310949758	0.3782953213250421	
1.1821690295615277	0.5994840304342586	0.6051813809092512	8.747619982915896E-6	0.9605274119148676	
0.3173053635493106	0.45740041103028023	0.0	0.09511600096411207	0.3119200954526324	
1.0412611187730754	0.5860818602582293	0.7699680544090151	0.46447048763648235	0.2059995417013216	
0.3559665055016234	0.0	0.4673453460550568	0.5706741567065678	0.5686134544324226	
0.0	0.0	0.0	0.0	0.0	
1.208752091343364	1.0762441673544672	0.0	0.6983801893049607	0.6153674184036678	
3.624265443893042	6.250131911394751	0.3014958168264233	0.0	1.5694032254499766	
0.028244091396398423	0.5293918296861875	0.5271734570967541	0.0729633784095321	0.3383971447163364	
0.0	0.4510165804417687	0.43178542097624145	0.8583294051679218	0.66584431076761	
0.5251861724710616	0.13793666150135492	0.6708878346502409	0.7449862830085671	0.35244571215771797	
0.6379441409786287	0.1735307130210386	0.0068832448549815805	0.439360607356908	0.186452819036765	
0.0	0.0	0.0	0.0	0.0	
0.8944539147461703	1.184585289111244	0.09190353429417249	0.3488323879274453	0.6813665923305334	
0.25379526294455934	0.13989827033904675	0.1274730525884993	0.28672403140566366	0.2709833497137384	
0.06538992350240826	0.401170010337401	0.3247039154375799	0.05620187859594292	0.19145197618484297	
0.0	0.0	0.0	0.20615777535876587	0.0	
0.011140792116763547	0.20897113234327688	0.3021832074149905	0.5242217043353794	1.1724937636154769	
0.0	0.25539005033049056	0.14236505495531243	0.18911973733998977	5.284466364749295	
0.11667039810501124	2.937038072156964	0.958516090209389	0.0	2.9395859884143425	
0.2653086122251299	0.9989645549513185	0.4888974278095848	0.27728012767187027	0.425335426157139	
3.4047256035851667	3.8697320160369273	3.9276425737441416	0.0	5.816233555440181	
0.5416779349724803	0.16109561996008434	0.18293906003140042	0.6410131772481712	0.2641153938308378	
0.2874941149022448	0.17740528178246118	0.7609368935354384	0.28196131027448507	0.0	
0.343762956014251	0.027802314646502502	0.0	0.48582661657575593	1.0769615056826845	
0.0	0.0	0.0	0.0	0.0	
0.189928918061704	0.9091410456835207	0.2319198511310079	0.3503928646712106	2.3649991436380495	
0.0	0.0	0.0	0.0	0.0	
0.16446093275454662	0.18586510116640556	0.012970009721069124	1.2162598596575276	0.04519821833464077	
0.07863701643838339	1.0631839493859112	0.08862107890762369	0.5210885590459156	0.17321908053852728	
0.0	0.2645103083618059	0.332781682163604	0.7757194613067656	1.1782842897617032	
0.0	0.0	0.0	0.0	0.0	
2.5463249705351448E-8	0.6164566706758183	0.6356399551667636	0.18737289291555886	0.847398073902551	
0.0	1.3851077729516712	0.46386035638185263	0.892462690441851	0.8655903811090044	
0.5055467415721364	0.23060959173854165	0.142854030881493	0.4543926755802713	0.028356289216969432	
1.555987396511756	3.9587773515434312	0.7033107107069787	0.0	1.050756592750333	
0.2122642503595036	0.03380165887230234	6.603323656606836E-6	0.2975466100390362	0.43050290390713586	
0.7160509370453817	0.008608595885533053	0.012178032705678687	0.8039535856905058	1.1873814651559182	
0.4001525892773145	1.9517732248891362	0.0	0.266437676752046	1.2798212555978588	
0.3684504414566213	0.0	0.3973536099236391	1.042969189148819	0.6446047817922738	
0.7218322249086904	0.0	0.2744778239529255	0.9444603190809517	0.0	
0.0	0.10023164046800742	0.03091335720185658	0.8497625794323295	0.15453114796171025	
0.0	0.0	0.0	0.0	0.0	
0.6449149282041968	0.0	0.0	0.47458820458613293	0.46988436167531905	
0.0	0.1484887522516636	0.4383795327913848	0.3063456480518502	0.11769868955741568	
0.3680971978389944	0.5823132723411569	0.46022105883775255	0.15178666186896503	0.2219307569943685	
0.43761873385069266	0.3637538937053613	0.33026961081369915	0.3844093271833986	1.209164804942272	
1.0742261744453867	1.0510159329917332	0.06900970145849769	0.937733666590083	0.8834621772869206	
0.0	0.3371489641302138	0.09781138226062362	0.3409655229126592	0.50123767846039	
0.31888263064855743	0.17274726543850447	0.3538340290407896	0.41371679264240885	0.2187368255095127	
0.08209545297400575	0.4048926633877772	0.4504371599902367	1.0337506013969775	0.987718845399839	
1.5685069605254573	1.1708110437923924	1.4115711499048071	0.4238798277882673	0.9982769189623621	
0.037968353868810416	0.214547687879685	0.17571661626759413	0.8799500569883962	1.0001230709080444	
0.0	0.06448767859952197	0.41595795046616363	0.48194772377708	1.0355822251681632	
0.28857015730845875	0.29345029879221396	0.0	0.4662117125648086	0.7532164917472775	
0.18477018477722829	0.13097493707514143	0.09685496898562615	0.28546072344224344	0.09348462212338368	
0.0	0.0	0.0	0.0	0.0	
5.012318661498549	6.8064810134145945	5.356688961856225	1.927064028348672	0.0	
0.36492764997558824	0.2165015231757859	0.06341493339631715	0.1991956781211202	0.3996460032943874	
0.006881364810559951	5.461933130615753E-7	0.6715041184892113	0.07365556189218177	0.9352022029313162	
0.6266588492055555	0.8934954363628931	0.9486062351730614	0.19395585559161205	0.617157066294732	
0.0	0.0	0.0	0.0	0.0	
0.8077664008200994	0.2446239689978181	0.09203310729505189	0.6027331785277263	1.1617911842921025	
0.22680647317146624	7.360237120591522E-4	0.36893199693028605	0.36644771062947584	0.7030145781428934	
0.0	0.0	0.37803125492970935	0.034588730613469544	1.0769042303695358	
0.4646393696776995	0.3095778683299212	0.0	0.42584290132693414	0.4530507737955091	
0.9260057078074939	0.0	0.3869424602357866	0.8387853730047893	0.0	
0.0	0.0	0.18210018012019902	0.014736661012791696	0.7461659097706089	
0.13876482167740245	0.010785027116301266	0.5384332634374656	0.679803048657173	0.17258321206570554	
0.4237454213578824	0.30683466571885837	0.10339649302176247	0.7122673079237573	0.3784007219080457	
0.0	0.31048529515454354	0.4594378021292162	0.5009864143391648	0.8889594836924596	
0.8377628488385092	0.5721973222117606	0.03358150913957838	0.2874680931716111	0.4800936815196784	
0.0786478665151848	0.048592581000941694	0.0	0.044999954646321144	0.15963569629088153	
0.0	0.3343806007584002	0.499265321095741	1.4686176143424956	0.07204654546988334	
0.0	0.0582446025086096	0.1791290745098876	0.25967429006386694	0.26533463975227584	
0.19586661155643903	0.27018942167215093	0.14002880070956047	0.6141433274962553	0.6947785254348872	
0.0	0.0	0.0	0.0	0.0	
0.3341714687315905	0.4866741321311942	0.3663757426151761	0.6871105467429643	1.2702151014455345	
0.0	0.15609730413238668	0.1918137568046573	0.1670415879006195	0.00115340010239124	
0.2123472121600822	0.8795807786959601	0.3013987428641849	0.6655312812676281	1.1474488223133064	
3.1096065271748228	4.8499166883376	0.767196051681269	0.0	1.437590320875718	
0.4813386561985428	0.0	0.0	0.3948593562120551	0.30735145357257143	
0.03203949773981369	0.30361185285633235	1.2349286201370797	0.8128706769025141	0.13158024137266225	
1.8254850460343084	5.190481737508739	0.2927431111249202	0.0	0.7760399717180945	
0.2681864857278243	0.4442920199321365	0.46352812891405876	0.21434909424551502	0.6289312204503955	
0.0	0.5288754512954308	0.0	0.3045369002927129	0.10666402916733342	
0.022095868978948534	0.0027229804514575366	1.0726731414962047	0.02729726830990596	0.5259453743920952	
2.3580141241947796	2.229378076473533	1.7412829507268863	0.0	2.2970862249490582	
0.14839161059544792	0.43094130920257	0.9372519821932014	0.6525511699905158	1.0044090570430417	
0.8341588132703105	0.7135518421383003	0.7389549749202627	0.3984391571416627	0.08504586426955776	
0.0	0.0	0.0	0.27973499928550233	0.3343719890625685	
0.3614470679697207	1.8177692130376044	1.004542671403147	0.3593322074303794	0.3257706463619497	
0.5817109264538227	0.3728864247221	0.3336974358215424	0.2979857551207997	0.12836227815464357	
2.26339593530337	1.8349528049802686	1.5418701447727399	2.2865559473036554	0.3982868122290586	
0.14947446160144295	0.35424340746164334	0.25625560149433885	0.629223418567208	0.4584856790596466	
0.3547647272548851	0.37490973921661125	0.16560827478798168	0.8631763276685294	1.186000931460632	
0.0	0.16314750887274576	0.2715219633532864	1.1273766880201963	0.22620631716581255	
0.01065313512733264	0.2691069144299891	0.5896775160447539	0.270743340742754	0.822606084754273	
0.17353219908534448	6.685716211368252E-6	0.10523449044628605	0.1417310956276678	0.44712377565519307	
5.719702442932384E-6	0.0059716017206767865	0.5223558410455853	1.6438701273692844	0.6328269154136754	
0.35030482162940907	0.5125126286137457	0.3136881282555268	0.2968576987931894	0.39326176309457633	
0.0	0.5484511248469938	0.13070006759559893	0.14835257999849769	0.0	
0.0	0.0	0.0	0.0	0.0	
1.4332814476326534	0.5670911973466762	0.40535214164302147	0.05277491387819968	1.3801043900091736	
0.1797055113336438	0.17685621871937965	0.698551388698657	0.7705042648379381	0.31825826436385835	
0.0	0.0	0.0	0.0	0.0	
0.6307372093677622	0.4436515444901387	0.0	0.17724912428134745	0.0	
3.427598169470372	2.7851285496808234	2.995831514310587	2.6158201262958496	1.5108049250853848	
0.1639408357160134	0.04439257573757351	0.18856120350280725	1.741970191793814	0.0	
0.8147175068420379	1.2063415097877632	0.7211059630232174	0.7012322659723609	0.8095229230310123	
0.5376194337925305	0.5208435805727188	0.6165903174136198	0.4475659304326958	1.2575030890880514	
0.0	0.0	0.0	0.0	0.0	
0.0	0.0	0.6838897492760294	0.0	2.7037545215055783	
0.0	1.3277073570405573	2.2274403520471677E-8	0.0	4.059545045793821	
0.0	0.0	0.09450052850156218	0.563076674171144	0.15938173649188006	
0.0013542181010971824	0.2689767626726986	0.7531049207585541	0.15704198666931987	0.4224325344734879	
0.0	0.8445868591328644	0.33038170070026746	0.909274488427592	0.6040390373726848	
0.0	0.0	0.0	0.0	0.0	
0.9388624772455123	0.0	0.6697188445238392	0.4542280737669402	0.0	
0.5490330676703573	0.0	0.3679583288874633	1.0147798130517462	0.44234477207453293	
0.2777114011297351	0.19193838621997003	0.4539736047898942	0.16882000631506017	1.1748694766869947	
0.0	0.2774272819971535	0.015483930379502162	0.8902330770464583	0.3812808103405563	
0.39847249008954083	0.153011322008429	0.05722872176448274	0.38629914552264605	0.22217534343036238	
0.3317229316578914	0.15436999155149392	0.4826929602527929	1.0048029168796986	0.4660908804347011	
0.2980095037182671	0.004486590095286761	0.0	0.17862069728438973	0.4788734179605085	
0.040525180391234164	0.41952719497584057	0.0016408231586199232	0.6795786475150207	0.8054496757974893	
0.08259350886913534	0.4587804781245519	0.4994354745393793	0.0	0.4812537585029588	
0.482676047053946	0.8871852705021437	0.5598443956106016	0.10700121601887852	0.35349552947492885	
0.20708304437891875	0.6974451838437128	0.09347894995653852	0.4590129949634534	0.2328073479309982	
0.22070089718624808	0.012238282899711963	0.11446473939229762	0.5350901411896194	0.3747104466206358	
0.15251267040694025	0.6502154413384073	0.44357518933505047	0.44859502481296987	0.28821748432399397	
0.6053695158772243	0.0	5.0346932845056944E-8	0.3605348320483871	0.0	
1.226807606271464	0.30390016376102447	0.14035804502225205	0.11499350526952459	0.5317519213967334	
1.2443342820636905	2.163335671929727	0.17140790400612094	0.5943398234184268	0.43645476422094803	
0.20275901786573164	0.20654700353986977	0.38990688699686255	0.24539469036791783	0.06634999749559414	
0.7085250659571832	0.0	0.7548534318600952	0.621551910636782	0.002913669707202489	
0.6155453662096374	0.8937761307107511	0.9047780514029614	0.6938609708196756	0.12054243734975113	
0.4677971137736109	2.0876447961065496	0.0	0.2340051386968823	0.05812612951609882	
0.10473983799846068	0.26695590692052873	0.31046914486582006	0.3741347734068869	0.7329587217137716	
0.0	0.0	0.4258920602754948	0.0	0.2853752863248757	
0.0	0.0	0.0	0.0	0.0	
0.0	0.0	0.4808620860301188	0.6524375881021649	1.027770754457769	
0.0	1.3161137695022767	0.10065709242354677	0.2789998052546413	0.40849505611733716	
0.4332481805279074	0.6886209786548422	0.6003105100407967	0.6500037049263472	0.6877615989574623	
0.2835032308158625	0.2898474373374638	0.006184488871059761	0.10652164208772268	0.2532939791407669	
0.5942897778906713	0.7634620441670712	0.32634634268719476	0.11092228638792835	0.9970841455315771	
0.220766994302105	0.08678491770344508	0.21652333942644736	0.3453113246890646	1.1962056390323144	
0.6320090375632432	0.20241983172815178	0.5927232773017227	0.5070780668554511	0.0	
0.478036407020188	0.6093743848645473	0.4149706465663011	0.7257093687951787	0.4988091958336814	
0.0	0.6695033887514611	0.3626347566869052	0.6767009454096883	0.9514002718646245	
8.413592524617243E-7	0.0	1.7546300276385327	0.467458302650894	0.5906030824113876	
0.06470812138026387	0.0	0.0	0.0025984275878715053	4.374032898786534	
0.1640746282775912	0.5436689768525943	0.28142979905392923	0.7772353576386342	0.8579999605098497	
1.0357967203335123	3.13844623496096	0.0	0.5416982105300046	0.01819168084285281	
0.9918080778555373	0.2297512728514601	0.0	0.8750768613845366	1.8144302840661721	
0.4547172299555028	0.9050769743540789	0.15755444144040004	0.1959663212580308	0.10439809185594902	
0.0	0.0	0.0	0.0	0.0	
0.945400907252338	1.2658533681139073	0.5269710207091841	0.4340666069606764	0.7182479387400661	
0.060066047882497316	0.0	0.08121506128815145	0.8239256874270164	0.7688725258319657	
0.49372880220213394	0.4174875048956171	0.2532801752803151	0.3508128798209405	0.3734543893123802	
0.0	0.0	0.0	0.0	0.0	
0.259905395282274	0.0880452761530627	0.6714853408032103	0.0	0.0	
0.0	0.14241191297255507	0.161547114564455	0.41767286071072957	0.9285140283416676	
0.566889284411508	0.3719877149791238	0.4813752397044558	1.1098642316511516	0.4013530739446351	
0.0	0.27888874430068417	0.7969545680142224	0.010622891051209438	0.5647818828600242	
0.681682978248453	0.18609577796370402	2.4452038564112263E-4	0.9422473620345636	0.4280616712104331	
0.3115449283280751	0.2877453443981628	0.3452461679843078	0.0	0.5510931861565987	
0.05544737797708508	0.32505110140166177	0.37444027393476237	0.5326039736392126	0.4390318640222137	
1.8038056817192092	6.2015562477555735	3.2535625866532234	9.23550251568733	0.5786928519134233	
0.7023149352880604	1.5136245557919612	1.1851237456124408	0.7775924056292842	0.08673149615483476	
1.4372123644006392	0.044260467838210506	0.25929534040156593	0.4894536199036392	0.09659883107336792	
4.676880029862853	4.448299703187353	4.284349942206509	4.477033058349205	3.8907276075114767	
0.14122802922329866	0.935270217097088	0.0	0.0	1.105260950094388E-6	
0.0	0.0	0.18312645373607325	0.45962559327020275	1.1118458345726177	
0.3293332450583344	0.0	0.0	0.71884634844992	0.4438139319134513	
0.0	0.0	0.0	0.0	0.0	
0.48819108655353793	0.08068118395550136	0.49879789251854656	0.378744265804671	0.24075318277366264	
0.2700910508395985	0.7505150657462266	0.6877580565343332	0.5273611915581984	0.24088860146904412	
0.27440991089856115	0.2264603263604603	0.399514544926597	0.16620085316770902	0.622398182179015	
0.7195450644039008	2.5985821481154026	0.10834853699857927	0.3228273133252184	0.03566916526475344	
0.6837034190262884	0.4134431380229392	0.27649619514670465	0.025898004716814683	1.796436151744759	
0.46300445745798535	0.2125858881934869	0.13667072394986515	1.3992931431438245	0.04419919647003425	
0.6165357555528063	0.4525168684658163	0.9383012887667823	0.5932952807067281	0.1838184332985717	
0.10599120618641357	0.07911533503300998	0.17240415768763767	0.039735475954700665	0.5081670159057683	
0.33009539474755734	0.2914239122693994	0.22659221203569158	0.61920870042089	0.575635358175674	
0.2204716203428904	0.2382165323983663	0.3225631038277236	0.6412355872929408	0.7789970830715396	
0.022712889555884706	0.17316341566998233	0.4415550848913464	0.8944555203642915	1.8031270457146	
1.1305618021786841E-5	0.3240681683256907	0.06664226451675298	0.26867080101493446	0.08174524686916351	
0.4060074464878972	1.2956637764947774	0.6263817883867924	1.0817932527716974	0.05368879141015606	
1.3860464296829897	2.1627637215350153	1.9745704765963512	0.3546117552108582	1.646090408636756	
0.10541192577831818	0.671351945298192	0.7160114272622493	0.3211032977476399	1.2335192934456451	
0.04426170472304835	0.03210671058305803	0.34189691540598216	0.11626242798311313	0.4495361194700715	
0.16626282741373383	0.2604575723849982	0.260453686807631	0.2615619186781568	0.27829993309787193	
0.5220498595875772	0.0	0.10905808586220297	0.4202447156735313	0.820409897296977	
0.0	0.49853624839990485	0.8743394118720993	0.46170038797961643	0.5433194864423088	
0.5369180521553913	0.30239298326682634	0.12367704294362791	0.5590442530294164	0.023834238111899466	
0.0	0.006789972863319644	0.612589805305412	0.6673602957258904	0.053672309598036684	
0.0	0.5677154083148552	0.0	0.7685495848026762	0.8340811343286532	
0.0	0.0	0.0	0.0	0.0	
0.9214357073528033	0.30164857842925114	0.567051860472075	0.5408200070737581	0.1381942216734246	
0.7104771798796901	1.246821020194087	0.523708294314596	0.0013595711211908809	0.36021906656657987	
0.13286117493125912	0.9351264070274937	0.29057867831324813	0.20238637398917503	0.07263697213702157	
0.5442612867886096	0.4622249567469111	0.0	0.5513336927488043	0.5616953781996319	
0.33894103058894337	0.20226820343341062	0.524164290042752	0.4061476321643836	0.002340810346080086	
0.10671037496926465	0.17944299708881017	0.3142763710495612	0.6290952988264845	1.1329972998040996	
0.6793933839435811	0.29222671007580403	0.6069534480625074	0.08399929913936766	0.3994709099204638	
0.36539536497768255	0.8986910823656692	0.634081228191012	0.9015070229577135	0.8050634893490444	
0.4465352190392517	0.0	0.7445464092718865	1.0721983766582286	0.07127575697042386	
0.08165876870028672	0.0	0.27413816824947945	1.1625437972176131	0.8919366573474931	
1.3184000166848828	0.0	0.0	3.1159621693510053	0.0	
0.4582135001154802	0.8722505534513243	0.8980324249954762	1.2218031822530824	0.6503913431944894	
0.08028592761511441	0.5266797424193904	0.595074027604683	0.0	1.2448143231970512	
0.0	0.0	0.0	0.7660127632770176	0.16572908761821795	
3.3176092395986375E-6	0.6984201062265798	0.3841185986474054	0.11101849659751627	1.8222589341619155	
0.13466794892365852	0.47316493397076925	0.9981531406949005	0.6389656866837997	0.9938545769560925	
0.0	0.23325007771760234	0.42639450628360037	0.034451124773203196	0.26984650597245546	
0.09779882103911329	2.2888544922711857E-4	0.05057851965043757	1.0497178395218176	0.045442524205031594	
0.399595793066358	0.26184989343079984	0.3351223335575369	0.2714502785502161	0.843466553483923	
0.3100219395649463	1.52658227939775	6.328082895573036E-6	0.4614844319224093	0.3367509071702742	
0.4967047379786729	0.27944826924807614	1.6883802878249734	0.33239390006757946	0.841063303776605	
0.0	0.1323388384599549	0.0	0.8785711398598696	0.47833374418220054	
0.11697204640599262	0.48988161136428454	0.7071899302610417	0.2956456032714849	0.23434242156321317	
0.23220924514101712	0.284709390113065	0.22264514176883562	0.8675732096833837	1.1890674197129971	
0.0	0.506315254779565	0.0	0.3961085074498657	0.3624896977807237	
0.0	0.0	0.0	0.0	0.0	
4.464110408114201	3.7839807648235206	3.9882455396141014	4.338302361665025	2.494978471110003	
0.38929146047689883	0.4150700625741033	0.048662752698226945	0.5593377188074259	0.5644301791387583	
0.3290998134582248	1.674504005340992	0.0	0.5251463688691042	0.44929286943383595	
0.0	0.0	0.0	0.0	0.0	
0.42665795200395545	0.7506909354494115	0.03488319087543269	0.579509533949175	0.8408344848439152	
0.26881973875905985	0.44503031920636293	0.31561202920692627	0.010086011754479205	0.5067569565456223	
0.35450118654084756	0.586376151238946	0.13052022497200946	0.4834493371733669	0.7449427288684282	
0.0808766596745917	0.2745841017931436	0.0031010340625834206	0.6842064072943637	1.0623195847379618	
0.0	0.4124263781426112	0.7614753909216583	0.4378701428368542	1.7804225775391151	
0.2636085708468712	0.4044520726986324	1.048349094576611	0.27515768271560054	0.6181426581570737	
0.09915040312514833	0.06987528644312276	0.05604903406091956	0.5511981178376492	0.4927844878206681	
0.0	0.14695943641398057	0.5170457156631302	0.0	1.3140107434273962	
0.0	0.0	0.0	0.0	0.0	
1.0242966515376808	0.3541314837545325	0.9275968750643541	0.42603070367669743	0.5274579832288433	
0.2762416310220871	0.30542252432139083	0.5650971504798461	0.7103996800768709	0.5424746931279427	
1.0347260288281401	0.37490909568792247	0.009733459922597745	0.3574898614892177	0.0	
0.0	0.3720868426733783	0.38483421122021827	0.5014252789105499	0.16134006699077333	
0.018575578440696176	0.015417762408218218	0.6316571554955899	0.27881947199747287	0.9079321570262543	
0.0	0.1263886235537324	0.6894667102772796	0.23163133152758536	0.903696306773908	
0.6542066500668416	0.24814419156755263	0.1630543246325326	0.06495217313075732	0.3183149200501642	
0.23276977409646768	0.6400159480307176	0.25681728306914064	0.2926431545341026	0.44779108206171203	
0.11468129043103377	0.9385858938417796	0.4729798119531706	0.9063373203223988	0.48931762903569165	
3.9953570144895707	4.277160471379427	4.126226512135382	3.91496973712021	2.553114809577837	
0.032455370892464974	0.18159512168606906	0.013725199902297243	0.929708862778286	1.3006599920872608	
0.2596450983461344	0.2580231792513934	0.0	1.3500541811218127	0.5483945794156969	
0.04070301193903943	0.20442795747724155	0.29699789010580896	0.2544744749058334	1.337892037504455	
0.008161634441594894	0.614825724584962	0.062100481005220365	0.6826432875090321	0.007722650383663653	
0.11083671349562393	0.7434841026366104	0.1680727148921954	1.082028152804391	0.9484697810143041	
0.7075870446550176	0.6426886691973489	0.7666011368841139	1.1701944699995945	0.6031939253374333	
0.2333813335764225	0.7428191227961366	0.7529415445329458	0.42818326104514415	0.8001672443759529	
1.5982137474176275E-6	0.011103069405291063	0.5629748108914225	0.5853375991170137	8.870915269954743E-4	
0.4933389793201466	0.45414289542753306	0.3529001336456143	0.2869401323893918	0.1099175939079601	
0.0	0.6036068723631856	0.3361155179346478	0.7991165238347715	1.3088493060811608	
0.3657234646404551	0.46921223345164537	0.0	0.45702108116025786	0.4257761298244606	
0.5834199371050274	0.7931201952357347	0.008161154484385676	0.11430487923850603	0.6773439290989917	
0.009465108265702743	0.0	0.3338924077879795	0.3228965571606071	0.2313319041336221	
0.8202998330477346	0.7875175701184381	0.04551600326830325	0.6041343720522622	0.6715567090909261	
0.1615701555195745	0.09322242633323702	0.7414496313842898	0.5284306360210768	0.3334887523813764	
0.6910798019237104	0.4430197888317277	0.7320875413634953	0.48004567714999474	0.8451123397868456	
0.0	0.9436096070787869	0.0	0.061654868604438015	0.4619241540247411	
0.0	0.06969119085073601	0.6535095422571114	0.562867257708922	0.8256872109170248	
0.42937487480270653	0.0	0.0	0.0011408562266529607	0.0	
0.3912481849545218	0.4616705208592277	0.15593891290313186	0.8320165136571238	1.2875994963714492	
0.011932636624662275	0.3049632598906181	0.3949275342967101	0.49562777865187574	0.01907385951400693	
0.1446653365764	1.01288378503324	0.24257435123054888	1.01516602431974	0.7337033415610565	
0.35548518576728894	0.36402572350610946	0.390012581496895	0.17869108232736006	0.500421191122743	
0.81735679121416	0.09336814337219444	0.2958996787235603	0.1794444320230474	0.17103662650167994	
0.018837650377942355	0.7297828370876932	0.745141382224367	0.6124305174516294	0.13263852429664186	
0.10261375213666285	0.6835302715559326	0.2820443365102926	0.474087906138953	0.6323066243487905	
1.1938072799335795	0.6759370121061611	0.2146247338187747	0.4922659115032122	0.543125541372853	
0.0	0.5729182789276871	0.49314592618291153	0.6639260444848504	0.4583909790364001	
0.7130337252044631	0.5702896043567396	0.6509011742885144	0.6845770124941218	0.15149848515298162	
0.0	0.0	0.0	0.0	0.0	
0.48577598885744183	0.04942538177074101	0.5279183117159424	0.23818201199089523	0.49656505146368124	
0.09720479194338495	0.9123665687331638	1.1030303445221932	0.13967178784372253	0.3436759823581169	
0.13756194968027508	3.7399439814065727	0.02348638326723463	0.5290022882183251	0.3245667832002536	
0.0	0.2393109705635347	0.7286074216514878	0.6022833338100467	0.0263643961937719	
0.5123931882257048	0.6581428549271529	0.7550006742332431	0.3229486779297245	1.4875901568330951	
1.185890655554502	0.6986948765118794	0.032368849550291755	0.9211275773177985	0.04844022300461125	
0.0	1.4959019314306983	0.0	0.20736683327462221	0.21212109420118294	
0.09044059531473855	0.04440026019051241	0.3672110353153292	0.3438214323989399	0.22857083797458091	
0.03742492795519216	0.6865505827006307	0.38727371699737284	0.6221676369290788	0.045866621519479976	
0.8569308492873778	1.1113116789836814	0.19145209020818565	0.3840518906785724	0.5752154048938969	
0.49239913988017237	1.104733168247567	0.013047666839181661	0.5261750199642911	0.6669830941176478	
0.0	0.0	0.2330274826622096	0.2595837202936967	1.0861306264012207	
0.18129374269217635	0.28079854916287256	0.41227130603633255	0.14869769116844678	0.42202807955852845	
0.1803285040065054	0.2980804509747524	0.4768822827214371	0.4850209555058298	0.4765774722750923	
0.2568213901132472	0.5581129439107753	0.11906077791078094	0.5662133174473889	0.5278306658955133	
0.26985531480868763	0.416651692786884	0.5487967372805443	0.6926078790805958	0.950346983478441	
0.22397552143282967	0.8303477134114251	0.5779097031201131	1.4328627309168847	0.7997026475530298	
0.5848880753070724	0.48901523241231193	0.4723741425678853	0.608124522464849	0.3689459043330473	
0.3904279046358275	0.4070381334694532	0.1979171433980287	0.27613790596770244	0.8339037576337381	
0.07891153503723285	0.4436125384495755	0.30909937488144923	0.4231425534884399	1.07619053009767	
0.35452906344804286	0.9335597678958828	0.45290730200492246	0.4157959357185515	0.4023989703489084	
0.4298529779343684	0.3924312378698255	0.3141029657369999	0.7802960990209065	0.27374950868995074	
0.02234058818458113	0.6495655797873603	0.7537653518277357	0.5997868494269251	0.33015607334343816	
0.0	0.30777328733703846	0.45583643137920604	0.6693546130782048	0.7502901552030526	
0.0	0.7752900502604138	0.9431527372205125	0.5888331553102244	0.5447184535227368	
0.0	1.242927407186429	0.0	0.0	0.001662493563023829	
0.15424230337646108	1.0964733905554989	0.4707343337128501	0.0	0.6340812179164571	
0.2393629288847082	0.0	0.043272431571533376	0.44715119057173414	1.1071931407094249	
0.4231558328240889	1.210126282171011	0.0	0.5112953455810118	0.5256447906287878	
0.3424170099874755	0.12963055354838038	0.4967723053479706	0.1954479706027068	0.465828695166273	
0.0	0.19255700344106316	0.2262216239243937	0.5576965412715781	0.9430867594308712	
0.0	1.319245552909376	0.2820472659867509	0.2756681380635909	0.9556942923219716	
0.5908679694555059	0.7073886532515407	0.09731529735408194	0.18385619775355316	0.9469417427640604	
0.22580413675265953	0.9264430462476405	0.642161926045059	0.48085808918611045	0.20228636359577748	
0.09136646242289473	0.1481147850708205	0.44344027702978134	0.45759647557271094	0.07794392013180895	
0.20666720295505978	0.8001226923019309	0.5436839605192818	0.3842648044052573	0.11336491801280939	
8.02581314260448E-5	0.33377901705614255	0.5827998749865432	0.6338993960002997	0.039040290513010494	
0.0	0.8654907161668086	0.0	0.013707969852064088	1.1691856239615859	
0.6704894156790723	1.1312294742519549	0.11692208473956073	0.7194855775096936	1.440668287353946	
0.0	0.0	0.0	0.0	0.0	
1.7433462545426386E-5	0.23211081407014242	0.22792576482055407	0.2202427138076106	1.7453658439001059	
0.3551982235561828	0.90448621099965	0.6235974717007494	0.14946093032400667	0.443151789511442	
0.0	1.1797208383227111	0.2714355985123049	0.058766213199548056	0.6247701785201392	
0.0	0.5651538949733175	0.401819896256614	0.739121971686771	0.1057419624721055	
0.0	0.25826406755940734	0.0	0.6243736822804161	0.8220716695146683	
0.15987709028528493	0.1915060667367786	0.3647596126007497	0.37505221708275577	0.15600329652238581	
2.158233519791198	0.7580144071739503	0.7470333149148559	2.163924085405194	0.7599008647670374	
0.0	6.896395397101071E-4	0.0751986498740587	0.23302760264091033	2.458510397338778	
0.5076650066444914	0.0	0.6217081296685112	1.1130245593390513	0.07166777946540866	
0.0	0.5426045546991413	0.22995198725223967	0.9359537378034064	0.47964924805943526	
0.29865745541930955	0.5633526153683447	0.47962404190459423	1.1258630657547475	0.9963612881917379	
0.3570949610355419	0.36388935343993417	0.5834596964324296	0.3476487803041883	0.49459456500770194	
0.0	8.427855060797463E-8	0.30819510011144985	0.2771226455979671	0.522980506168347	
0.0	0.9737282665807443	0.0	0.43904114673291184	0.3896929576751281	
1.7741694724274728	1.5500347755217665	0.7017343059350705	1.0535621881526784	0.4558370659658215	
0.0	0.594023060267741	0.4623121656279773	1.4452729298819957	0.0	
0.31124544190466064	0.07108762681521293	0.1569710777493892	0.34980088551099453	0.4751278906942967	
0.0	0.0	0.0	0.0	0.0	
0.24799252207620676	0.499258671889539	0.5665727433125711	0.7147632468229077	0.19427918838155378	
0.4304684986624092	1.3808180227163103	0.15353548413305457	0.5462714767060358	0.38903508571674456	
0.05617217576126459	0.5670980212958421	0.5156542563317581	0.006715979886870785	0.7647728760363774	
0.05736434469050131	0.014254242971024783	0.5066356669139869	0.9178298732349766	0.523098681307431	
0.3423181763195678	0.5839255752865377	0.33239235920513627	0.7368701160924684	0.6077309811472029	
0.1958253650300441	0.39741834602242837	0.5181394876829094	0.19970595356805784	0.11894304084183366	
0.05884730648312581	0.47570436233698665	7.563818268493547E-5	1.1131483653667786	2.393245106601065	
1.0185915213677272	0.49978205629479266	0.5733973157190017	0.4084301714500517	0.33939037356421503	
13.017877287656077	12.024715681269736	12.281045894520709	13.273024883075232	10.85881668691069	
0.5151097703812335	0.4310904089716194	0.23931897678363645	0.7766087024522577	0.20119125838666707	
0.2542838775326589	0.45608108209220455	0.15768220352117626	0.0	0.6321650085757818	
0.0	0.13190039569697332	0.06532542960529866	0.5435810998150171	1.2595092515490065	
0.7094884483293903	0.718948542027871	0.34184715344053945	0.6709346423915582	0.4244956243429732	
0.08138307732874918	0.008694853184581717	0.009201689790679916	0.4115210779057278	0.3248372197041674	
0.2901218656820059	0.32356473922399387	0.0	1.0846562545163811	4.369135876495951	
0.8915276627261589	0.46346064652847946	0.08316666731562916	0.36537313324942894	0.4151743538416989	
0.021630302645333204	0.3517473901734828	2.92528964509707E-7	0.771226523002368	0.6198201635134337	
0.3075029668796481	1.6340292709852173	1.519267602525183	0.7669590655948199	1.3006729324332897	
0.7650116687741013	0.6060264925878908	0.33008445099453426	0.25255149669062993	0.10653533030870838	
0.18239888746261912	0.3008435026494498	0.4914001769280033	0.0	0.7004983748280104	
0.0	0.07780836830435547	0.6094794649818687	0.08426947583116116	0.0	
0.6079389168242813	0.8423470330581768	0.3072035907704962	0.5707002073157871	0.3193583417439204	
0.3746939837427652	0.5434071356859901	0.3145344077260706	0.5127491638280832	0.23059076249692292	
0.07235483141027475	0.05810332980069792	0.0	0.7789240467965697	0.40991897358946594	
1.423647823813102	0.9723727887206053	1.0141485217490345	0.8672453775512303	1.4101991127003566	
0.5762918703136877	0.45707525185328496	0.0	1.2476717382734732	1.2668968858051426	
0.452766609063301	0.4084890183766075	0.0661938801750933	0.02211712134737324	1.1827402976911854	
0.005165147564385286	0.0	0.0	0.7200861094961694	0.6928127107262573	
0.8866110182994162	0.33786704790231087	0.3144509928928995	0.8958598088836999	0.05563738970202618	
0.5761849508154002	0.9184331903253472	0.7004682304404793	0.3739619421060825	0.0	
0.382928123312817	0.12567188249607095	0.22690022750151165	0.5073303344273093	0.4763640535720616	
0.0	0.1626829936533623	0.30744458876440156	0.41503207729549774	0.121246988501441	
0.4306932929943402	0.0715743092308207	0.5213782704165255	0.009251521193919506	0.030932750064903213	
0.6116773770586541	0.32015113840819215	0.5980688481207953	0.018683951203707774	0.5310553387325687	
0.0	0.07040211309055368	0.0	0.7556726489200124	1.4575161346170296	
0.4985670718180776	0.0	0.7154736533713041	0.4625986401361386	0.21909808470652203	
0.5815297899925829	0.3950398154916408	0.0	0.8207763004953929	1.2172180246053654	
0.0	0.03630280463423453	0.3887887017622636	0.5060730085986663	0.35085261487434816	
0.0	0.0	0.0	0.0	0.0	
0.8250563676277097	2.0443223749181203	0.7010270560731429	3.6328166483948467	0.0	
0.13432942268082973	1.2483990460025907	2.316900732002008	0.3120329276930679	0.6796710979618269	
0.3710369981477738	0.3664313293913548	0.45862459195201627	0.3913715727543826	0.4159702117525909	
0.011529094984558515	0.21312703760440985	0.6503663922512581	0.14684470503108837	0.5028507906345511	
0.3634923289865613	0.06367988085548858	0.49473082799186674	1.9406099909453718	0.0	
1.859307140391574E-8	0.29678340760709143	1.421411036415161E-6	0.3034844768848546	1.4008853184940855	
0.21254820878198402	0.35032516416449755	0.5594420549376159	0.4071759793789008	0.2771695708166501	
0.0	0.0	0.0	0.0	0.0	
0.6273948997518988	2.2006185259239386	0.26528971988813654	1.0980947713908962	0.014672426985417965	
0.5825205038096032	1.4368549156856474	0.0	0.7077092982546135	0.9237809427592841	
0.11121725473450804	0.040019798909988955	0.8002284115409533	0.6228777675687136	0.18616588927419958	
0.18246564282773464	0.5614198535123359	0.219263231201206	0.5281641126714818	0.20744271548388923	
0.3572341152881546	0.30992830554685075	0.582320555632683	0.4692115757472385	1.4898729497774852	
0.2263397755757739	1.37653505338219	0.0	0.21915268495691792	0.04818337529058111	
0.1968824454913643	0.5089027765973902	0.15716389147321352	0.4876335959098109	0.1822157471758359	
0.22645862420796703	0.3274516486599973	0.47479153845197075	0.29041276327192345	1.5889335041361912	
0.0	0.658381098593794	0.0	0.8729666740203346	0.9198176110040929	
0.9065736010982278	0.0	0.46640376249525944	1.4341419563489062	0.40606116195590203	
0.0	0.22961554292962152	0.0	0.568307470057446	0.47318907095172835	
0.6991247245384888	0.0	0.0	0.3038983542486013	0.0	
0.07532068456050038	0.20512725849344446	0.009737966932617484	0.13741581066496186	0.15508469673343414	
0.0	0.38376993150651406	0.0	0.4492863382567176	0.1476465443451502	
0.0	0.10145120025809261	0.2158775557006965	0.5732502379229898	0.722711632133148	
0.1697070389549046	0.429390226604004	0.5642033461849387	0.0	0.23811669744687655	
0.4585006405550382	0.3153124877436885	0.5841838797357765	0.9256312674015145	0.6782152842365741	
0.3242924607148391	0.4038743681947819	0.44472150962333395	0.23263183450549083	0.466833078630466	
0.7651625773192758	0.6806795121828686	0.37777619597659157	0.9834807155783694	1.430448320665961	
0.16455991217901195	0.706204756663847	0.4452635264207916	0.13185391486598327	0.25463011636072974	
0.0	0.4190594841641958	0.4381561338692078	0.2212638015965159	0.2839053924804628	
0.0	0.0	0.0	0.0	0.0	
0.0	0.9266023690226397	0.3312938037798001	0.26378751306432036	0.1950237566043765	
0.0	0.3962604994099185	0.9676839632966248	0.7303595704641649	0.46225929002455085	
0.0	0.8404501452243853	0.5557754925640129	0.046515561237946944	1.420729845590838	
0.5405971638232492	0.12933902337001343	0.28882562696061953	0.5043744702142292	0.5231458363867756	
0.0	0.9423599851086153	0.3194965342258424	0.5199958626382108	0.0	
0.14125772394304445	0.502636251481087	0.13668534556805695	0.5618905416384862	0.1223470393474529	
0.28275079109746704	0.7791613280322097	0.5940128431689353	0.5014926584550803	1.1094956699516283	
0.0	0.21080466554010688	0.025910871618824754	0.0	1.5261420498992808	
0.9840060008771144	0.4372391891735136	0.09184959929398834	0.8453867857370407	0.46975830615621506	
9.751010696101277	9.400793538459927	9.04548346730678	10.182907260497942	7.853181066524704	
0.19119512714264295	0.3849323822134866	0.25079170568940207	1.2090233714423797	0.08655957652165955	
0.15894594634023718	0.5141783064719693	0.0	0.4296026498944769	0.3189919305267084	
0.7506389984632713	0.9693570209240681	0.685443287999634	0.5116221680546447	0.7440374885481074	
0.29602494812599917	0.5047136844957484	0.34969656289642503	0.06698118030564434	0.6266973145880599	
0.05069878311244557	0.3776457588451067	0.5437279302335595	0.6898135937877807	1.1392334805589157	
0.9769049435934857	0.3080722495080209	0.6793955018722897	1.1132018618266528	0.43268031487632913	
0.0	0.4809961704878719	0.7382563646052092	0.3763163387545442	0.9035291001266864	
0.30525013976736604	0.12839742803169496	0.24204708808149314	0.5839060775479218	0.7322454463020927	
0.5495302450402371	0.7533986580693212	0.0	0.0	1.321416907777712	
2.344040371162867E-6	0.4416961314028915	0.4192336823907752	0.39708375549830016	1.3102948281616362	
0.0	0.0	0.0	0.0	0.0	
0.13394187131970678	0.9076662775198819	0.15306530340872018	0.6760494469090484	0.9339113751684422	
0.5343141822928632	0.005995460467307878	0.06818758103071322	0.5426382357180171	0.2821455462383769	
0.27435339967685957	0.5413816003640451	0.754548237571289	0.0	0.48988209467081	
0.26936862075057516	0.44319156693207246	0.23502986961797231	0.4822440249086739	0.048018239340043685	
0.0	0.8567473821512632	0.7731167913051874	0.06914038479715716	0.4574051647378358	
0.4175335836430932	0.6193190332909687	0.2771002620276904	0.0	0.0	
0.41690515451715826	0.3362483588995088	0.26524440771188	0.6729554861783037	0.6537740272022002	
0.0	0.15538599913810391	0.28697419036880845	0.2387873380089922	0.9024190028011326	
0.0	0.5772347641546662	0.45081139250556634	0.949102356211344	0.7489866769590953	
0.7131785041057747	0.0	0.1588569860733676	0.570772654962613	0.010694711411202732	
0.7439312068655496	0.0025529074842225623	0.0018840570850087003	0.3721539128831939	0.8057064051688536	
0.003900456435259528	0.3950478644834999	0.4196777284819559	0.018055684564554426	0.3536985036514645	
0.42909041974797163	2.0078432574411633	0.20626397923739503	0.01583088918475624	1.0725155990373072	
0.8962142200002726	2.387648573462809	0.2915899803409626	1.3089603736111215	0.799288211788357	
0.0	0.0	0.0	0.0	0.0	
0.25463018494126516	0.6194516119566008	0.46478121390631255	0.43259620596017717	0.4393092427703404	
0.22778378671133143	0.397684830589503	0.4592217076066203	0.7518893383791592	0.5656167142054858	
0.0	0.6163900742150954	0.0	0.8835604116303712	0.4633944904914287	
0.0	3.6307331494027294E-7	1.078011479207103	0.532114749044224	0.6092599294218788	
0.22691409778501798	0.08232012092667322	0.246408641931276	0.32832454080593415	0.4713310618177831	
0.47932588295835954	0.45047185561067876	0.2764238668846708	0.3787532623264243	0.8361273614807877	
0.30508236107992587	0.0	0.0	0.0	3.8287071786486115	
0.10375420916696387	0.004328520521521382	0.5006459636627917	0.47983427129940515	0.22522333491113403	
0.9196887756416764	0.2690847631864959	0.25425884432275203	0.43112215304330426	0.31738353335305963	
0.16069650918301076	0.2268198760537032	0.09576549593026087	0.4609574072099586	0.17400907778151398	
0.3057343532901516	1.0593039661826202	0.16440704090248648	0.7395287649625429	0.37412155695498706	
0.0	0.0	0.0	0.0	0.0	
0.0	0.4629687541617637	0.1483885431182231	0.28231177444874295	1.7714370298041497	
0.14950401480490474	0.2958584737519887	0.5529622168254692	0.2515198670119603	0.34395676430613936	
0.0	0.0	0.0	0.0	0.0	
0.004582933362684891	0.531592035430517	0.3755838205077007	0.3175811681356853	1.4767807361021337	
0.0	0.03545591702645905	0.053207661265173616	0.28646387377340965	1.0727050851411648	
0.0	0.3433918899861807	0.5523217071307991	1.1281464253796718	0.5436327616224568	
0.3464344014585571	4.727576733614901	0.0	0.5320816095319321	0.07983748689892843	
0.13060417645448316	0.06614318482873204	0.5499992592110844	0.43153709117332006	0.06976301052818787	
