0.0	0.0	0.0	0.873924683862141	0.053737150209895945	
0.07623096760730666	0.4855399207295149	0.2709078098270904	0.34861335513057606	0.562132692446879	
1.9145409455604105	0.3260485718997598	0.3783077448271624	2.398046367758851	1.2110203249136708	
0.0	0.32782051805728185	0.012649024156691615	0.0	0.09839021074361953	
0.0	0.0	0.0	0.0	0.0	
0.0	0.0	0.4167617385453046	1.467460944575755	0.0	
0.0	0.0	0.0	0.0	0.0	
0.0	0.20592856504066095	0.7343335859692612	0.0	0.0	
0.9109293745715994	0.0	0.0	0.8070827579040923	0.22284226223488832	
0.3447912936626451	0.0	0.07606985604875013	0.03615009850811166	0.706850195526729	
0.0	0.41597684788348244	0.015225552074797945	0.38994572748362955	0.18268864130680013	
0.0	0.1926572051979143	0.18787902716767638	0.0	0.24591867754130647	
0.0028230258369106634	0.1935303201210229	0.32954866145958034	0.3089194475297221	0.09528413621537302	
0.2596778430220863	0.4108764760999189	0.12459907822512245	0.4776544750712535	0.44375286823997195	
0.2368054580223056	0.4147708995511772	0.0	0.0	0.07328414753488975	
0.2867866360959168	0.34566356246637425	0.10621551644580088	0.015626111483007174	0.3119390474957768	
0.4354844734260402	0.14275246991515264	0.2894184842075973	0.33236337057280535	0.26510742318960984	
0.21135137189733874	0.19377204802390774	0.31644615513873525	0.2361194018632696	0.17447177302297184	
0.0	0.0	0.0	0.14355759720058842	0.5581348153995992	
0.18266357601572758	0.6161538051090631	0.3144007398645786	0.17975576360244427	0.31167557754650166	
0.4118221970318311	0.5977749108372388	0.23044858674488702	0.0	0.48122656776245903	
0.27929181246152107	0.1645458743452272	0.2328947093533312	0.32851300032855546	0.30863685918573286	
0.11367445549118373	0.08930524259392576	0.20746931901829038	0.003395959746892497	0.0	
0.0	0.22731956984278356	0.08818707935027605	0.3069892564159692	0.04297305506246915	
0.3543869646413323	0.210174678886343	0.22459680841580146	0.22731285442101598	0.4985297134603907	
0.01590615304728533	0.12610999265488346	0.07706003065083442	0.10129862397885869	0.48981103474786974	
0.15117616224949113	0.2549142780647674	0.0	0.0	0.14697212332369952	
0.24129627702412992	0.20000580084843486	0.3897718294673949	0.16425749577086468	0.32721519579781433	
0.30439279168908917	0.2780503625726467	0.5005253253000178	0.09174025159112631	0.18431679572661117	
0.15049005090787518	0.22141498922579628	0.15190808410502132	0.0	0.21953611820739624	
0.0	0.0	0.0010397688862370446	0.0571635487408106	0.021770567173472314	
0.04840605248408623	0.12314823140524149	0.08324777047919295	0.13512770018140566	0.0	
0.3250637581893347	0.4344711885116259	0.251532748238412	0.5567341937204413	0.30051121473735437	
0.025552921387179878	0.1445956089025435	0.2935929489182166	0.23441831564533158	0.10317727520931208	
0.31538091163285487	0.11854229834964945	0.10345666174699022	0.3246714514120379	0.1815423352957756	
0.15262917346642701	0.16635871189880128	0.1802475304107143	0.3173378676243479	0.19991027630399055	
0.0	0.23579487380272557	0.24889631098145987	0.20789401653750433	0.0	
0.2775164839496174	0.22605625572959223	0.28147927863086375	0.41579499194029523	0.24591942574959422	
0.2548688531445517	0.036860962856844995	0.2820083297312024	0.1946443498446737	0.26601659641818615	
0.2175306211074497	0.3288142316179303	0.37628591224798263	0.0	0.0	
0.25161569873190603	0.12316257512640794	0.09784759730807194	0.14304770976628733	0.12717530924221274	
0.0440751212886689	0.18623930384724993	0.16460401094344956	0.03534936546176981	0.24800644193306376	
0.5822515931376302	0.43306016056076696	0.5717024746813335	0.3696209602173649	0.625708169547152	
0.0077674920262470245	5.075748003406693E-5	0.00909363157534736	0.20818212535158506	0.9874823133846038	
0.21900232333851227	0.09307564087786688	0.021069036680749994	0.2341236424290627	0.1331598709813733	
0.2860429187948206	0.33545655778666245	0.20734753156247	0.1874428785923192	0.15495481172496292	
0.03399743446100959	0.0918500352996265	0.09145496508191028	0.21160037090978734	0.22133213686663517	
0.5358753093146332	0.48846015190060815	0.2907457397270533	0.31316863967535097	0.6024195146073426	
0.08723947728251641	0.2135875630800835	0.2958408122772891	0.16766003551523265	0.06553156119687463	
0.08996933821562267	0.20480076129462366	0.03758271583090898	0.44279553553393847	0.16232177954648788	
0.01722661514098808	0.34606612128467423	0.3577680269018667	0.216172045421941	0.35995247634965555	
0.0	0.16661025854401867	0.21013876060599182	0.29205170057498386	0.1067593297781793	
0.14313543956781935	0.3943155997769918	0.39798970655784366	0.0	0.27233486466850665	
0.06527142456758253	0.0769068909363178	0.27758571987109393	0.09437731812027235	0.0	
0.2003464535307814	0.18070346870057408	0.0	0.15207373197274343	0.0	
0.0809721915512662	0.22743035933823544	0.27116068944633126	0.09013791268216698	0.09800266552381144	
0.0	0.0	0.0	0.0	0.0	
0.2572391828310465	0.18785832331374017	0.027902776003209836	0.1593744554028668	0.024103445576659905	
0.22572935443879383	0.0	0.023488071142613188	0.15838004091058225	0.2492057911983249	
0.09154672037402119	0.2432286242146613	0.3144802525561902	0.07960118101158396	0.1253029549918651	
0.15235123875097595	0.2550146859722311	0.10563838537706512	0.14904016424543323	0.12050067797346549	
0.26331182959867466	0.3242812009471622	0.20898056934805292	0.2567446492911072	0.25700637080590405	
0.17856251877132986	0.1612162018770715	0.21445375093273308	0.24401636704413604	0.04398573528099144	
0.1993535684614208	0.014555762157098664	0.07596017812318717	0.15047510519906976	0.08135300723850135	
0.28159804876403693	0.11647183856240591	0.07968418770256533	0.1498710163914388	0.061668533209236945	
0.0	0.010512459989611601	0.048279391355183957	0.10450694856566906	0.19029049153029115	
0.552577405072945	0.44665112645355515	0.3123942193865748	0.3366048970285214	0.3528639359803989	
0.2272330480745837	0.3589902448458124	0.23127209448207572	0.13408696223129649	0.2885021802240077	
0.04362224631919393	0.06262996995375947	0.4437306734371372	0.012612231655243028	0.12543337541763097	
0.35711695580712927	0.3400079440912809	0.255466146974315	0.39621191945711126	0.46127885823569365	
0.538809200546317	0.11168493614375183	0.411776755080776	0.7845056607133822	0.28390337441438407	
0.17338958533359008	0.07446216434434015	0.060038577285035026	0.1804345230367381	0.25261958026794396	
0.16458059095663047	0.0	0.0	0.0	0.1875815739846515	
0.10291848308489752	0.11615234825638636	0.0	0.12248949371021517	0.0	
0.004393608435445048	0.11318297450728361	0.03678427213780574	0.0991719996430365	0.0	
0.13070089906252666	0.06578761703694641	0.04867872734647322	0.20358923563197145	0.22062295818411162	
0.23007113493810935	0.2599212601286025	0.26944641421057886	0.09367879700812491	0.335438205608144	
0.15305952620410004	0.3352043991929373	0.4318201842554073	0.3498875472369877	0.31180085663787777	
3.099377405834888E-4	0.05105217878297507	0.04901937722118467	0.06288191679777914	0.02216385363284854	
0.23158991492818387	0.0734334922766787	0.0	0.1035134233160427	0.08780201306224165	
0.32746112186081666	0.39389774847077264	0.22313076576565977	0.23053749667736384	0.30272876906363455	
0.1165769576088546	0.10456464368321995	0.04491123495009798	0.23934504496612982	0.2730120551628023	
0.41019137693349156	0.5370314277259288	0.5119092125557133	0.3357718230669075	0.46478591590678836	
0.17978519583683847	0.1564669709542686	0.13192089434039153	0.2665821753769693	0.20709281733503995	
0.11746176670596112	0.24231859639640985	0.08251179880163867	0.25756891116600955	0.014449013349377971	
0.3647427691475833	0.5457694572222668	0.39828457551776275	0.19962050846784896	0.2240195598106126	
0.14178308520812277	0.3224318162661854	0.233983405957158	0.4082881340302234	0.18072289667851565	
0.16728633682389243	0.19369963355748648	0.07748602099220034	0.09872193037837648	0.2131103430202386	
0.17797118738339937	0.17028324362233802	0.14172676548154706	0.20642723384385642	0.20285400032477147	
0.8393971237274012	0.6140033740394815	0.6277740473206347	0.6334480213282534	0.7261325876208612	
0.2707994321538955	0.08809014905225547	0.0	0.2059891151539661	0.1584779753211423	
0.13683671415926005	0.2910497152439476	0.07561418625140004	0.3139672902816013	0.016082192435553696	
0.12646169637013766	0.09008381834906652	0.2606262483338695	0.007902224064318824	0.1492840773551326	
0.0727425114236978	0.27764396616064985	0.22618406695662793	0.34708562984689245	0.2662572812415353	
0.054181683806292145	0.35016308368288884	0.17216925714366746	0.2543228085506299	0.22349428758232356	
0.2851114276204133	0.04281137724850778	0.24719257869645742	0.2302949606516553	0.24416355459905828	
0.33151570445579526	0.12759191125744032	0.33645418283802714	0.0	0.19422604639025046	
0.23463781236511358	0.37533684915136356	0.18251577888206677	0.002513596495838984	0.23294251477609687	
0.14603995687675636	0.2148415986259162	0.3065685146881264	0.32102845848717976	0.13926097207826293	
0.22144356625812092	0.028157083187625987	0.3510726816403487	0.1378731381120557	0.0	
0.4648902430445827	0.3978823127750303	0.31258405644065446	0.4431633603345346	0.23030273498179207	
0.15039041082897275	0.0968571641474534	0.0994754522793455	0.30556359846526027	0.3105759668380009	
0.2532013924780013	0.08624292840030585	0.35423835521582175	0.13052245685275257	0.31887520599499414	
0.18602061782216103	0.22548311480573546	0.16175077538213697	0.1916800235902332	0.41822897297741923	
0.2111664469921697	0.019116989716009846	0.0	0.0	0.0	
0.18689274832634004	0.11879392198837442	0.161404973407845	0.12785148442558492	0.08221892672741017	
0.07746774319107536	0.005564200247329989	0.1186487379993999	0.18668927384213221	0.19392888970323877	
0.2583657312291351	0.25966792355863405	0.0	0.34657948809103545	0.27038906610603075	
0.2958125174093632	0.03502270780268305	0.2798515116439169	0.03324149539090674	0.27723604216037456	
0.5387880104003728	0.463191744741291	0.4154911865867215	0.4551897308959809	0.5707366287197891	
0.10269522071936843	0.1367376280854525	0.13281697521612865	0.05886188750920096	0.1359120507695624	
0.13665998101831464	0.2231093272134815	0.05989524882481904	0.1521552276705994	0.27160420561874077	
0.27310645970448255	0.12378135890017522	0.347399477627536	0.20648834579225436	0.11983280164922325	
0.1714688647025472	0.252110667542933	0.2978406351705805	0.20743733657961666	0.21644776911877875	
0.031290384910331676	0.10094015733048015	0.18175831974868634	0.3493338894240066	0.2835197387761992	
0.25730341978519283	0.21958002525462136	0.4034061070801345	0.2035527542849372	0.4419979294367702	
0.30918621624117304	0.09862863463885703	0.23491701894967063	0.36025548945556274	0.3311547425881987	
0.40013033040204693	0.11893841050615436	0.1392278016932747	0.19076447832920568	0.16531258496833312	
0.16852430373616947	0.134192236312247	0.17912464137879328	0.17176659848601913	0.051475610452554145	
0.07805131274355112	0.09509098227330362	0.03487632285083108	0.20875527720165984	0.1557984504642888	
0.07342599141463403	0.0	0.008036135019649473	0.2848170566213287	0.15257239572541206	
0.12276591400718996	0.20170480771092422	0.010323171928083309	0.2649327348942735	0.07140358277928328	
0.17738028202267137	0.017903132154591783	0.2766355293069061	0.17451784888866884	0.2585893700933364	
0.14322724616299004	0.06855284055255632	0.03976122539941839	0.32560350731661797	0.07763831433526229	
0.315604682686448	0.15664426760410147	0.26277847407151134	0.1793362815504802	0.08737341097882101	
0.37796167765957867	0.3466161670090391	0.19694030042161242	0.1563223217696546	0.0996918279558037	
0.2267508718331677	0.49289296038557534	0.31101693752235693	0.23426924381641512	0.21660280060221712	
0.16996943405656165	0.2522049230217914	0.4829617170592661	0.3472567791555287	0.45638191857764787	
0.5184446669276729	0.7408983710695586	0.43114352203347245	0.7050442255114134	0.7765052815420946	
0.06930395951234974	0.058069393393225824	0.06119698426402188	0.0	0.24756319329593876	
0.03573541859398124	0.06629474718516075	0.09577946308117541	0.3145128092883686	0.16873136568885047	
0.35963205166508233	0.6100727408107842	0.15390593243095557	0.3792845128130289	0.42076886916721074	
0.22763359833666139	0.271543801012563	0.31026215558730397	0.2685220998452561	0.10810334699968553	
0.13464303997404306	0.09071837101270093	0.04246746185186526	0.0	0.18578483315931668	
0.17378764498415233	0.15235333261464348	0.17937844435823738	0.1444136180106916	0.24326714339147595	
0.06196156495104448	0.13785423164062446	0.1365473229486845	4.941151757825767E-4	0.0	
0.06963576633450203	0.20998786820713627	0.18973828386750022	0.10847389896595445	0.3332943785305877	
0.2658447465250076	0.23073222085154652	0.39697624547656074	0.20931238807216845	0.6075811427501342	
0.21341639693615547	0.19446884576365384	0.06769496988829858	0.14251371921259776	0.2650880869586697	
0.18747763827096908	0.29087922118698994	0.13337322615537647	0.00813972095701358	0.148715422919612	
0.34200120068389406	0.14188299731785572	0.46420614992915465	0.3934079036502778	0.3318909310465789	
0.16829807043973083	0.05189363526033318	0.10745075570650968	0.10022381200852878	0.09947793708077245	
0.20805435972723763	0.2282827172911835	0.11141352310693275	0.3690623929375468	0.3043031731797567	
0.09455290136503906	0.31835429686667976	0.3690989892155754	0.3714487573098517	0.18509697842941972	
0.1588254186793464	0.13397549351819402	0.26579657784754473	0.258165939334152	0.36507774007081406	
0.012174943362263832	0.18223950610407522	0.06977845509180082	0.24627527347728945	0.2260760785216408	
0.31661291228028876	0.07503709030454425	0.19150473593545408	0.027701063207621005	0.12352212525358684	
0.28668376049943334	0.34168589122552173	0.08278972098573076	0.19163927287587693	0.02856836772440596	
0.3594589856797354	0.15325292322700804	0.2996652570523661	0.2832674370881731	0.09353392045784188	
0.16552274968952307	0.06428209377247422	0.038012578672312176	0.22213354866355597	0.23974146397118418	
0.2814758860168246	0.30699725000765843	0.2848007105261918	0.31916450265594276	0.10795403343495641	
0.14349746659291504	0.12439658855974342	0.06901164191468045	0.307079685147515	0.08845877073314404	
0.05350374757605163	0.18102366210363824	0.1040882741391539	0.04999081002455475	0.17655058395725737	
0.0630294057356137	0.31484710376212816	0.08804365643984563	0.3258650688451504	0.30363629115338686	
0.2105443288038613	0.17821369846326293	0.1037525198251458	0.06110390268519934	0.14201905988194327	
0.18031250794528086	0.17756592096030904	0.1836593176508197	0.17113255855449455	0.3046625315196691	
0.2685637122699164	0.16693914901692253	0.256537046224468	0.18690005647155	0.2224454948006254	
0.08659460881246361	0.26331334695195957	0.161554206616644	0.040513498065126156	0.3343776549857851	
0.20573621807771594	0.11297308185306276	0.10954658529174588	0.3831836833968098	0.1348741693385604	
0.2926128628705544	0.0690365161430376	0.025652758733865733	0.18189688514950755	0.014849724316707882	
0.2393364059563225	0.032620112850656344	0.2790801522176543	0.08967253630972458	0.1981899988520781	
0.0	0.20491666809468345	0.0	0.033266415054439766	0.12508572558712439	
0.14610372865956645	0.22241973361478667	0.0840668173237799	0.37680515580675705	0.4835924333967307	
0.012513886043585743	0.13957960902406888	0.23418148539294367	0.23513165748753787	0.23196665442852527	
0.0	0.16102342804978736	0.03641156224281633	0.0	0.0	
0.09776353918788436	0.1365977899727709	0.20658436694284787	0.06191567205233754	0.2107966081013118	
0.0	0.22577603866271645	0.23171187997463302	0.09282572429003444	0.12913895125450137	
0.053121306341994586	0.20684806165472663	0.17574112004941203	0.07740028292109032	0.11640515137947792	
0.11963672870266442	0.1435429846754274	0.05394595655928584	0.2978576770873546	0.029958115983893176	
0.10919811897019305	0.03351811538611175	0.26372349032884496	0.03459241838884773	0.26427202871761535	
0.0887314568838446	0.1880269798399156	0.11359350191136917	0.2491686180611393	0.1494043288382265	
0.24761310084664495	0.28553736495283455	0.4988671850486444	0.35051735656715305	0.4900639635499687	
0.06450358603818063	0.11315654744389991	0.07143834064905166	0.08716022700588025	0.25481139879826376	
0.16357025091686966	0.17793257020289593	0.23473685078630507	0.002232813579303351	0.1231158841764844	
0.21975290914807727	0.07393388277583167	0.0	0.0	0.0834649662809178	
0.08880523086423985	0.25361019610479957	0.22878914451220553	0.1703194644069704	0.26371411468056377	
0.17390320724329036	0.12624245029710268	0.12473281371351191	0.23412531700379452	0.05317152894012276	
0.31389715041715055	0.38264877384977725	0.29378221965683965	0.24651463277275545	0.17276584313445065	
0.15739305692371724	0.02798239885663084	0.13046367612255005	0.07339689931274744	0.279731721937563	
0.24618694806694935	0.0776136042770186	0.11672653260043564	0.10297707586025068	0.12113770861717625	
0.019344130237629112	0.22220504249560374	0.22120883121186236	0.005654468654137521	0.20340508327866752	
0.18969810277830193	0.03110917103325582	0.031765495354415314	0.0179795740552384	0.03125996269930988	
0.0	0.12706107269689945	0.135191565985576	0.06966808121293301	0.08451863942508374	
0.0	0.10442454187466746	0.19825683023487192	0.0	0.22628353120576508	
0.30563983797663796	0.3659695412187637	0.17678344730279003	0.1541117329564395	0.42949275193604675	
0.14734223475643785	0.15303150875638447	0.19012825051923854	0.03682406818123844	0.2350344415050378	
0.3350434466418915	0.23778977761973635	0.2068131487368634	0.28152487797811526	0.1911713805581055	
0.11201538177462857	0.018824650232232943	0.139420786266311	0.02598985095043867	0.09849773210286757	
0.0	0.01962088453522742	0.2510763766176899	0.029912855492384798	0.09891598606700171	
0.11547004411899373	0.044283635879993885	0.03298015153932725	0.23259549299557522	0.23980137843131194	
0.07179653607622445	0.12587818418290822	0.03345798987547956	0.04172975799928201	0.12568535984027268	
0.0	0.0	0.2138008717434937	0.011034284338514982	0.0	
0.26400946715312873	0.15511634904511748	0.2427627367242479	0.2276820697727514	0.22704717599233312	
0.13653782266224643	0.3444129815111908	0.032137785374859125	0.0338831480611182	0.1454762857973748	
0.017419869194714853	0.13927110930441036	0.18565260096927322	0.23524800904277743	0.11482113319248309	
0.043644683934817324	0.21096194106503177	0.04348858059235432	0.20750199451524193	0.012334827428833312	
0.0997560689784319	0.1164208364332438	0.24194304242862633	0.1541895666311099	0.2471893543412372	
0.05596732691932657	0.19181907757084665	0.2921181797037539	0.20850652156149505	0.11965759737285457	
0.40163166845338094	0.15880231341331977	0.24005027906174653	0.4573740944087935	0.2924443110271838	
0.18638268599014013	0.19390978266439765	0.2148412690438141	0.0	0.044989911489372605	
0.008484568957143153	0.12468560519536878	0.07052113317481382	0.01915475487716175	0.028647543228733363	
0.04910584934722008	0.12906804524791357	0.1342033016821594	0.18847625414443128	0.18327850344136787	
0.08722820121254547	0.08908399277498914	0.08317061949803681	0.2969250071449447	0.09792454259502303	
0.4475955159759717	0.783794711972899	0.5979349539426202	0.5557972919110761	0.5501521539626125	
0.055892144243132776	0.09295429208726509	0.029895172465433585	0.09201884558918443	0.2464058023578143	
0.08714329558495175	0.25778722653184477	0.35449347162075023	0.21480662755617122	0.2666880512621797	
0.061068508205183676	0.1608309174802963	0.17470609769453915	0.08878410044775793	0.13037287757153626	
0.27506772563958737	0.15886328744656525	0.11030812717413244	0.15102562600952096	0.15065224905441724	
0.2860444077334644	0.2567704322157267	0.16924105735374395	0.17147003462605576	0.1341901397350588	
0.003945787336666872	0.20216485696927852	0.11143851674584768	0.013701664819817222	0.0	
0.08608274558134416	0.13345118491861196	0.27523440796399257	0.12045167813392249	0.24977538076278158	
0.1627045410903551	0.19923022325495676	0.13426394800515645	0.1786595796630689	0.09504334229206444	
0.2137960869117185	0.43867727526186295	0.3778553790428586	0.16571597454581746	0.3824750804371279	
0.16666598890756792	0.06060869135793215	0.245481245524668	0.21684594285911477	0.004003143202266648	
0.3290636993519584	0.17409751060148349	0.2504398121185565	0.2126093590905494	0.26494133286291277	
0.3881034043324156	0.05428439282447384	0.10365415632122779	0.0	0.3566950644718579	
0.2995525389954714	0.1646637220624371	0.24480485682076888	0.0879291499274366	0.19438081092902595	
0.25008075695038473	0.06426958308042625	0.10336599060454538	0.08949527375284153	0.07284813885380972	
0.43728130522349773	0.4523814567401872	0.25660571912073776	0.5589914110404407	0.4937371379761436	
0.20383220355483478	0.14541746866978789	0.28742844603210677	0.04781418016031724	0.10617600419900158	
0.1459528466592836	0.1059805407748443	0.17403822733317273	0.2490642138566335	0.0332755353390947	
0.04640812381784884	0.0	0.1778155631506654	0.2210313988654398	0.17502640593777258	
0.1802511868055481	0.08822902132389318	0.0	0.24990388726218535	0.0	
0.24956495582893537	0.020931311489934216	4.6369943519364363E-4	0.25246561690255037	0.0	
0.12223389482643189	0.2691249547242398	0.19417569531141896	0.1130737020129918	0.3916656048713366	
0.10645731338969261	0.2166576735378041	0.2667437771910758	0.1830809475838061	0.25896645991400397	
0.18880690117772245	0.14874357439054411	0.16239620187356119	0.020820990485512447	0.10746096587818471	
0.34600978648485764	0.26189141150486295	0.15713420780749215	0.2151315877771701	0.32394451185031964	
0.054540900214279896	0.20464818639128798	0.10898929453475314	0.39957137259675535	0.09398217266253268	
0.22554698675623297	0.36929839331247394	0.23948084174356596	0.2131212949841534	0.2881038997364408	
0.12339065854491045	0.19737873625177887	0.1283685844219944	0.12569548052024979	0.23069239565626837	
0.17046766591642826	0.0	0.1567912533141302	0.09764620503543238	0.236800061615622	
0.1327005057047572	0.19648395714574768	0.2267994339481497	0.1291073190892695	0.13339702986969643	
0.1056380275147495	0.10724429737818811	0.0	0.1128471114319407	0.13816687368222919	
0.18983845695049198	0.25043702947583835	0.27353313916626454	0.28023458414881075	0.2768573289856519	
0.15079448264186185	0.10058424180374112	0.2131341040260488	0.26571318584532533	0.21811352446364374	
0.24590891944218427	0.09200029462756822	0.045403871832449545	0.025778416426940225	6.306715862377672E-5	
0.22504666568442455	0.07486772336651708	0.16814528956044103	0.07972812992665618	0.09023432467916886	
0.3383210125395508	0.23205253017703326	0.3269161750883271	0.1462139647033203	0.2576143383411018	
0.200791084914385	0.3041385646069297	0.2454610089961474	0.12267856245301359	0.0655505868439914	
0.18906414908420707	0.007978074075976303	0.1577285836542918	0.1590435643009009	0.2087557939756508	
0.13290391374901617	0.2342039263232942	0.23116049936194882	0.028708306651071904	0.22043679734463126	
0.14375451993138483	0.16820279695414295	0.143389508196368	0.20962302862053586	0.22938026257049238	
0.06169297714049596	0.19220844071273746	0.12927979739110096	0.15082619409172798	0.242891771591777	
0.2257199559027376	0.26243496707000374	0.11158336214204859	0.27634348203601966	0.2989554376908322	
0.1678963495811354	0.15691187681353017	0.2927252159543813	0.3212250254183541	0.09533408484884698	
0.17079556091373038	0.22170275586002786	0.17107958337529547	0.09659656416538563	0.2095596270876239	
0.041373990075181936	0.03444597149240998	0.16889945973408743	0.1466192356422064	0.0917536002173416	
0.03715167611345514	0.27848792961295715	0.19086227533260935	0.27721063347348635	0.18677813613774943	
0.15380106855793557	0.03820068762181428	0.0	0.257829566060592	0.14689932610618725	
0.0029882806174312227	0.059842661500681765	0.09966893729358244	0.23641405220719713	0.21613357249513218	
0.0	0.07879303970860929	0.0	0.07482067107927295	0.09406170850460302	
0.025406636402960116	0.10821828000661152	0.27446579414853206	0.22549943005111828	0.09338965143249243	
0.10116360548449271	0.14522551021500849	0.11742902323530739	0.2961276050973361	0.2721755533521136	
0.2152834845805708	0.21529780144590083	0.14428291987404315	0.0628184991626456	0.13658168174645338	
0.21033264239822327	0.3381093085238863	0.23110517879393927	0.09983831527135498	0.24743144904683353	
0.16919302297519503	0.04094640979235657	0.08244836947737248	0.06743022960160071	0.174001540665436	
0.12401154270511407	0.0	0.007790075157156379	0.0	0.0	
0.10447486735458265	0.2951609639776307	0.27475581035285623	0.1480694462652374	0.13254029405260837	
0.04453509586128995	0.22271369543724856	0.04396500707097433	0.1398219064014769	0.18378825721825828	
0.15342453344977955	0.020919349211438638	0.27267228529318843	0.28525557697350673	0.03970115700385355	
0.2180261462326798	0.07012249815004698	0.2445231825114362	0.18911441507890173	0.10222107739287507	
0.003784039139136246	0.0	0.0024786669878500756	0.04715731446412007	0.0	
0.06081858118810649	0.11713900035872454	0.1624854351820727	0.11398331777141038	0.17279501187266424	
0.15952205179959147	0.33292237849911543	0.2829764433979569	0.15282107930062047	0.2977158445587471	
0.17620795648764756	0.12532963576267275	0.1591780609631295	0.08918475471473329	0.052475387306855976	
0.14530727893711826	0.3182136809760734	0.370807369903551	0.25302392400602697	0.1798968633318946	
0.08789019041186255	0.07697664415006852	0.2826423692551393	0.24142885633097086	0.131410982047495	
0.10182896160651486	0.3115326812895717	0.23057019045039565	0.17912329122359694	0.263020973689836	
0.09863693039075103	0.21851105935569445	0.17178538207664829	0.18584437265844622	0.09787713758722502	
0.15179651124717086	0.052070084256578934	0.19758399686633196	0.5031415730598793	0.28473569617875155	
0.0753963060471831	0.12206713682852671	0.0	0.1848447087636719	0.2109562917349696	
0.12032030620571929	0.19638314234754498	0.15972477258690174	0.09778825401580342	0.3677786807361093	
0.17729852138207614	0.10487146855463851	0.14102991170939377	0.03349513426876434	0.02021495001340799	
0.06924468864432208	0.24193220542978378	0.20116353615019344	0.2113176246070039	0.10415540910687451	
0.06619284017753813	0.20141585193482808	0.1882248416501011	0.11329102910896424	0.0333171799973341	
0.15482325697042623	0.12178350309931289	0.08004723590194121	0.17229015243037504	0.21748154067136716	
0.029373284059987553	0.06081106809236761	0.22097369221480018	0.14531088037543866	0.08731171399412235	
0.23753625044497342	0.0	0.12897267176762156	0.04728297224463001	0.07873956325348205	
0.21506997011760892	0.4814782858439678	0.5270916394012123	0.3434500083897348	0.6275210118316	
0.5024570991685346	0.2494271336338919	0.49638492860323047	0.14982263832929918	0.07768369256787837	
0.1365667511306111	0.09273750107880283	0.2507173129177999	0.1741845683378835	0.24991517290189316	
0.25982815858942765	0.17687576302980462	0.05721889528062416	0.23304924706405566	0.18482156706487587	
0.12916485745967218	0.22817906373796126	0.18775969844355836	0.2231963232089091	0.2120824817633931	
0.10759938851975771	0.17780816871904723	0.16579501773166436	0.2802511706242072	0.27136843752797984	
0.22288220766642883	0.11015986246589383	0.0	0.010855645525294083	0.024740267309952435	
0.14048426617820203	0.17523480033413258	0.17616847604932048	0.2922954084231316	0.27522820026526235	
0.28850734667227673	0.053928364482686356	0.190434188572593	0.2898121392426152	0.13099707675051858	
0.23244604891810733	0.176370956908219	0.24968928289483278	0.1884873117929866	0.22231021349734265	
0.06302143861231126	0.11927808627747895	0.2917560351452804	0.06651638850421376	0.293229200873291	
0.0287649346587427	0.24505750892083966	0.22959599757208896	0.18392781052379042	0.2676705930801314	
0.11095803607018224	0.0013769128703302429	0.1840491261867574	0.07469894814569959	0.13349653850127946	
0.27284589613607446	0.2274746552335962	0.17719017300140594	0.17685700049007758	0.08737030382352078	
0.15719833090218863	0.14561206245795785	0.19865903617794026	0.2066572739302285	0.03448388405540246	
0.2857940341496894	0.35168901616098264	0.06059934347446335	0.25640334068420484	0.33171120345554045	
0.11960775424092851	0.09414552670363234	0.006820887459576692	0.18465533908954504	0.1462238997614268	
0.273473320046767	0.11477692389097827	0.10344771202150374	0.16907634261270071	0.16665802757481832	
0.25282689821771737	0.034061094449854765	0.22690896433077234	0.2636106914620058	0.3502944376034785	
0.3015581132082238	0.10586697783910995	0.14454256028328477	0.07850083388025668	0.11392803429632171	
0.10499589594308041	0.18365469303696025	0.2396646712480387	0.27508807160574583	0.17943358426160202	
0.33285183484379055	0.24525100348599835	0.20390463182925375	0.268874900232449	0.25216297105333263	
0.22247000751494064	0.33124575829704206	0.11031176607376722	0.1984962412812902	0.29968869291543615	
0.12002276531330577	0.1745986633565609	0.2843993233601705	0.25565191686944866	0.26523522329295607	
0.2629113827577404	0.1305614701355773	0.0025411482116907053	0.04963364270892504	0.24302025454297513	
0.18765762346188797	0.24400464395171226	0.14013474302710402	0.0035770866437031556	0.20533986098565538	
0.0926514835967219	3.7561880754914375E-4	0.0	0.0	0.026828608396963105	
0.05428509773575133	0.28289411379882995	0.20604500203325132	0.1305182885513744	0.15878821192787332	
0.15602299984297097	0.08583584765462837	0.1776293987899059	0.05909276057716504	0.2756693940033349	
0.0	0.19672831908481925	0.007545495679523866	0.23900284854523335	0.14166103180940062	
0.290359165704239	0.23788736728646906	0.36095828020872744	0.12385940667483879	0.17423441238754875	
0.06943071858459966	0.04989004008456688	0.20905726839510733	0.26966201465161993	0.27074714139154993	
0.20948156014084468	0.0302876285242107	0.005826642424847351	0.13816831548810513	0.14725850161195836	
0.2682480971873401	0.13871431638587145	0.2675123750242436	0.25870016409855146	0.2291094440706658	
0.13452370025994895	0.01623744503420385	0.25360792208366983	0.24399845763053332	0.06305567973544007	
0.07826368995549485	0.3206572049487097	0.17352653671857587	0.3382886606672658	0.24647856166891113	
0.09117736630153511	0.0	0.19109587543418663	0.171286994419786	0.15150176412868938	
0.3273474230433321	0.07829353617990407	0.3766940198496627	0.25719927735742465	0.1257119898499162	
0.502138842969435	0.331483224290512	0.3476237133767001	0.14879342878422164	0.4343394853474978	
0.19006454013463145	0.16061918577382747	0.05120699809077046	0.04069769778144745	0.2605589569159195	
0.08047319841543638	0.2374450623180395	0.21777376661475187	0.087256315550251	0.07878742568736082	
0.1980002774668458	0.2857192751243264	0.4378027729846018	0.15176519989288517	0.31189272594313283	
0.2659806480996697	0.0914115789568746	0.24286358133178684	0.1754799411541183	0.08809406293076208	
0.20459066929115136	0.10693283064358938	0.0	0.1963491716142856	0.20794065368620732	
0.06467724284304366	0.05096206629949549	0.10668646539165863	0.2549290128041247	0.27093402241359354	
0.0	0.1660834581445546	0.07309590156919704	0.12253242807221883	0.2609833200289278	
0.28592633386569377	0.1577141476703602	0.36296758918745964	0.08816313156973414	0.21438148931070172	
0.21794243246756498	0.01905624132626494	0.24314804159278336	0.11335587982719374	0.0	
0.3964719151069973	0.22408878307712993	0.3182434864010567	0.03896927126220377	0.14325850006397176	
0.19656304278193898	0.2845453974595294	0.13721423205004216	0.13904079014066492	0.20599472023829046	
0.09720670952614024	0.09408581302312216	0.10397931766961309	0.08919413488260589	0.2952116846289136	
0.1813545158859653	0.3763507410913268	0.18053754143992073	0.07510211203406947	0.14250353119928355	
0.3773163377199084	0.41763865947225576	0.3630084999201438	0.4578217890912797	0.43927569798414684	
0.2791800641603052	0.1223988738651642	0.10590398831155477	0.09465136310276756	0.193041053282545	
0.0855615291474578	0.21605717411417696	0.05318173477740284	0.12390711461713363	0.23859012152660114	
8.392168533876355E-4	0.24937862293521446	0.028740447187093943	0.22702979100614212	0.25861350840715847	
0.11573441914698977	0.2065691316613279	0.29572548774127305	0.1812598159145339	0.4107335435913575	
0.0	0.0	0.2292655435681047	0.1049902123038248	0.10159599172744292	
0.2087558411510655	0.040567400125645636	0.21618614915170226	0.3374336130541615	0.2443313493452873	
0.2490113346973745	0.174439548544234	0.2580111040094427	0.05687773270862916	0.15726110461060747	
0.19759186844742957	0.2677728113814378	0.11152645499277593	0.09788944567383898	0.25654395168484684	
0.15413005182717904	0.14478400129130928	0.14866390596416187	0.13720398516974366	0.19694958032729606	
0.07461404798037434	0.29013452785982063	0.2142801215792543	0.19850338125918426	0.21994503597615545	
0.02420047763141764	0.15465823481469224	0.24613807448942346	0.04226358264180211	0.25529627656039644	
0.2159813349004675	0.12811586543050713	0.2536124887614299	0.15331333369638828	0.15347063053354604	
0.2877460140197232	0.039905041024557386	0.21559813345799528	0.14438402859513133	0.23781164838407898	
0.1792460963906579	0.21446916743252653	0.3264812061197438	0.1464401853659311	0.12734262637144	
0.08918168590097682	0.1074931707024185	0.12073222749433968	0.06266883160469774	0.20087556283519117	
0.0	0.007839178472302274	0.12751257537630256	0.001913716331052581	0.03969880936151044	
0.1486367541752519	0.13843296596843474	0.2507507737672463	0.0	0.02654851982624619	
0.0897432800214125	0.046990946846127	0.14440276942108	0.30399806840832866	0.29284504750797885	
0.0	0.0918520460506517	0.15662895277219474	0.06754128963386784	0.10910990214639994	
0.28708673921854444	0.24359912752981674	0.16596424464664938	0.13373950733611886	0.1357043653569104	
0.26216312703845546	0.14284827484245796	0.27670667067198224	0.09877396326888178	0.1632699285341157	
0.1502066709726507	0.20655393579417586	0.1276369928897606	0.051454455473724105	0.1912716715143124	
0.14284501535434566	0.20025145298261143	0.1715394912158958	0.130472256436256	0.2581188271291737	
0.28641468551772525	0.07042938730031918	0.18104610326553755	0.189986569437688	0.2119985442690482	
0.26250357649052514	0.1950921196197458	0.2754248632389989	0.39178156054682617	0.20904727767043865	
0.15515904862551183	0.051284646688899094	0.14140508416448713	0.06657534789069097	0.17334981943357092	
0.28973589845582	0.11677126175383477	0.18996996629859905	0.04481791401744949	0.019715202997469664	
0.0	0.06792666593434651	0.26404648175546586	0.0	0.0	
0.08503190175084928	0.21625280430750696	0.16944480183967087	0.20891985585877965	0.18025409303179016	
0.0	0.2212880883078463	0.2102279517212083	0.03459752732545231	0.16487873030653966	
0.06000848628857538	0.10015412937564673	0.020450444915604913	0.0	0.14838802003159482	
0.22394468362413605	0.2546626084770697	0.1600517162782554	0.31502306390598234	0.08793065251263268	
0.2839679295047814	0.18805423761780363	0.2285530593770522	0.2502940232090421	0.03250719779176965	
0.12076900849078513	0.16842806755551276	0.2024198755816518	0.20554046291942374	0.19686092003083558	
0.20256446044021556	0.2791257859374786	0.07843822753885332	0.2289346469228996	0.02610658629792172	
0.17297483982401612	0.07486390384123401	0.24110734783257595	0.05889389359008747	0.28981544174383406	
0.04442744299704875	0.12284447161320877	0.13015957906367406	0.18503836832385087	0.039470297467514084	
0.15651800744214378	0.12478132378477023	0.0742475572806175	0.24796930243199705	0.18134939063739777	
0.07591298658966573	0.15451140289779247	0.0053304053995862815	0.17975445232368686	0.001157551151943997	
0.07524032591454743	0.2244580344654203	0.06686779067415351	0.12163720900227289	0.0	
0.1016644788734059	0.0	0.1009552781815687	0.12400791556617348	0.10821053768807008	
0.26729297177903283	0.2110194260767241	0.25889496111594545	0.1604998633152953	0.22245725467087912	
0.34756044230482447	0.27654760124017447	0.0	0.055454179491586264	0.23540443145798193	
0.01951304709347449	0.2743730215571799	0.2745331554150596	0.03693993266852311	0.11268914985416238	
0.1115896846025751	0.17477960679898313	0.21793125393039328	0.32208555758406143	0.20635731497313878	
0.1472676104462641	0.2605796189982682	0.051709166779067006	0.14641789595680457	0.05694893978963728	
0.162874668076487	0.21775414045501343	0.23012581935286067	0.2748462441769992	0.21921479443176944	
0.28632764873605804	0.25418090809161753	0.06942215095162774	0.1660936790982808	0.278632116453147	
0.233269468837197	0.2341417141093326	0.019435876473842057	0.29349588671326027	0.24829034953779822	
0.06798723490185087	0.17485945749061826	0.0020822556910196346	0.14515000478839898	0.008624170259386813	
0.07802709665579784	0.11048371646044838	0.021408530493875023	0.27063085479258386	0.043973109174652455	
0.21480807862280832	0.2643451685694621	0.24353967102794138	0.11059414364686514	0.24746649307104315	
0.16917391827521	0.115540317308817	0.14308270909353707	0.21321255544537723	0.1665054429333671	
0.050353428937894636	0.24866413782455177	0.2651637596712857	0.2577491111233645	0.08315893529142217	
0.08146740330355577	0.2542725802854871	0.2691373117140834	0.15514701296392758	0.20911062082885884	
0.08851951930723644	0.13391186128349578	0.20729065096861388	0.2447043928404999	0.14543014850305827	
0.25070804738138236	0.12235227401847609	0.11977636806633764	0.08689961226053555	0.19315719792921027	
0.29207560800482757	0.1123351326611897	0.11999012936477556	0.15405113693879485	0.19289082527836082	
0.1134938986290621	0.0	0.2664357405906543	0.07198071642514277	0.22788341054370234	
0.12547342036458958	0.045795327521683624	0.12494320964003329	0.17425184205137692	0.0024945981710143028	
0.08539190666941772	0.08598483281194884	2.01833944829711E-4	0.06117951969731729	0.20287567480814717	
0.1508729658306052	0.09602517106987056	0.28687406668613447	0.1701905727977836	0.2693627807405921	
0.10478500049349111	0.2390692439604257	0.14747044262564818	0.11289692899053418	0.13330233181968126	
0.24647435966025366	0.014945968470709167	0.09030049753173268	0.009594341541089247	0.019441237912771924	
0.29465323922145537	0.295869251843502	0.331510304768834	0.14278424394589592	0.06960111300459976	
0.11389285911950602	0.002793452195663442	0.17958148320865577	0.0911664440945406	0.262415769126465	
0.16360093207677306	0.2666781710609894	0.20591445921462326	0.11648550869252372	0.3237793980427499	
0.09481000552956027	0.2870259376773744	0.18452891858867485	0.19203537117657973	0.039127656959061737	
0.18090172956062264	0.0521505456575494	0.19203316929669811	0.2742611278808618	0.19988207632720476	
0.03926424096874204	0.19733323457066249	0.039514969925968944	0.026560566826275077	0.0855710447527757	
0.23709478493501512	0.06118576736477205	0.04367170404550312	0.06860141223109319	0.02814664309423246	
0.13497796326484435	0.3618193063589789	0.10093520859585131	0.3512835192279561	0.30239421866869004	
0.1491785251504445	0.20050218662337876	0.4301384821633044	0.03494989692188397	0.09940083022010797	
0.09887407466720571	0.23987437455950436	0.18168983304559222	0.2406584181751965	0.10093596751415132	
0.17052679791837638	0.21736562074341156	0.1687907574348891	0.18989688284993247	0.23735003950232977	
0.3310971417818225	0.16868409385533156	0.19337856241330875	0.2929378089987629	0.265024979233658	
0.16193353680825098	0.1167032056147739	0.0325722209017852	0.1760200875486286	0.12235001457132196	
0.028998231914816864	0.059279577576105254	0.14302556912394365	0.2565931659618984	0.04915109306811815	
0.03245369282345902	0.03562002795388123	0.2209215128292755	0.11179446512852491	0.2923910911677946	
0.1697544896956681	6.555647604416416E-5	0.27107514286978096	0.029649466349846488	0.07084144727309666	
0.2867404651364258	0.1044260001374569	0.13192111052508784	0.249382007539765	0.16807839386774567	
0.15287830434953	0.0	0.15556165938411434	9.180086360885814E-6	0.14480241272570588	
0.028473324033306813	0.09570733649629179	0.25215070196456707	0.20165757553414146	0.14481282949973961	
0.21098369958081123	0.14108783889080737	0.33538606686976535	0.24183682186041988	0.15694346225886413	
0.09400638305305674	0.23466714280272552	0.25275649891218394	0.1639853375627891	0.06145032730974384	
0.23351633377987754	0.2908623135424656	0.21162730099792199	0.13424987322186024	0.21063026304896532	
0.14597823287144998	0.0	0.14779879599595913	0.1399873615925463	0.10424857210726891	
0.2280950483107813	0.07911815140641233	0.1826080497697271	0.24888836819828777	0.07210399230250135	
0.1092161518151798	0.17005496692563024	0.12692741220906928	0.14605315025756346	0.0	
0.15383031005512818	0.3027630273403679	0.0530318470573475	0.2745478500839548	0.16454719477875182	
0.0399844889123696	0.12628447127764708	0.03534574067634665	0.0403400942860555	0.09611788172621516	
0.19951327684168274	0.16120374468738263	0.1371022784158038	0.20808902522281722	0.03623908827058703	
0.17422792614397326	0.07768796299841654	0.049749052375876575	0.1379369097615373	0.016037804119543562	
0.11165313799816566	0.3074122378861915	0.03095024410259219	0.33857381580515244	0.3799112527427338	
0.21954311718761876	0.18586826831451816	0.0739441585749098	0.028021401093096563	0.034557532303517935	
0.20133862191797047	0.2518138343630237	0.09217585001851158	0.27079284026284994	0.2900326615609232	
0.04223186778977456	0.0	0.03165336584652795	0.02776993554948714	0.14943964647830002	
0.11301825873528616	0.03619186354315558	0.18558108179167707	0.06485740166216011	0.14892277222209255	
0.005190167944073293	0.26433853541297814	0.04360774788159421	0.17780522910836832	0.11504331635661433	
0.09834952395014096	0.15068343424372785	0.09360403696582867	0.10867923037546967	0.25097977531859655	
0.14555442171249464	0.07923351301734662	0.26746125764857254	0.05770234341223578	0.06492473634641029	
0.09255414280583285	0.1380806248284624	0.16093364633669274	0.0873482548952538	0.1273615512571842	
0.2857421468739963	0.1956819014524757	0.015616682886055248	0.19354401509133054	0.2575964074087868	
0.18910121861984888	0.21467638020645424	0.15050527014831191	0.20271656309098052	0.2069197384994656	
0.1230244884898861	0.2682770159967285	0.2610325866276676	0.16896055071074784	0.15212885907882576	
0.054846023704914516	0.3382180541911294	0.03412877143503161	0.33215234854872616	0.2972056159479175	
0.11117717326035262	0.09421276186575073	0.26060676020062834	0.2189251698875978	0.0073758249738387	
0.30699391924657554	0.2576465736764645	0.27000852030336836	0.11930521436612931	0.2877206198248625	
0.06115335499485412	0.04217063863157314	0.09966187993387142	0.09452953847820826	0.03422072335781419	
0.23805035216249362	0.054695650712075	0.2263089694675133	0.055306533365674655	0.009680481048121414	
0.2034844687807266	0.13313866811817507	0.17263402044174056	0.2831205052778865	0.1765538610775086	
0.09768136596220559	0.28592007657994767	0.2830490452922331	0.24831761962354204	4.005714505706229E-4	
0.032321655215224565	0.1203309361886201	0.03557425682044929	0.05654536316835314	0.2204503824592482	
0.2860945547515225	0.19646784554265823	0.044055443747617405	0.1646209219594272	0.1536356895296412	
0.23178385011763294	0.1617224962066324	0.0612883342788153	0.22754977501649884	0.09804801068008553	
0.1751302424505639	0.00668731080492944	0.11289639173251546	0.04101445911040503	0.0741172163510882	
0.2818292503607912	0.009473124803943309	0.07820409081644371	0.03227645429937663	0.21806007281752346	
0.07905914343766243	0.2861518964174986	0.0655938260307615	0.07313993231288403	0.024282660774973215	
0.24907499358540658	0.3041918179829205	0.15444027851351205	0.307771496221509	0.031949191368923095	
0.22999482615274874	0.007093256199466884	0.18423443044560794	0.2709187022006881	0.2793016952732857	
0.11484785958767485	0.2595513862416045	0.17102594246490235	0.1004281552408073	0.26633973529678057	
0.24154028258135657	0.012694271238892166	0.13001790912915503	0.2399208486435537	0.2974885689187241	
0.1818201252473056	0.1439752985951992	0.3212812798755504	0.09365769191448821	0.15896816105451958	
0.04363357979487387	0.2959695818434761	0.2905041223172036	0.15048609284582512	0.10504920583413886	
0.17402282820833814	0.12866939365459157	0.08540523494691556	0.13427078481064966	0.1426205434024495	
0.09290653652916908	0.08497870965585151	0.16215255645312038	0.16024985043246112	0.14371100696917868	
0.3451931730257723	0.1346788268794782	0.11519247708590091	0.07043012357376313	0.12115003733942685	
0.2986913453164727	0.17968397586692578	0.2204749260537963	0.23348290403647165	0.1727383486976317	
0.18846425361772978	0.26928531750626217	0.12642615806668084	0.22386752225235132	0.1843833590004633	
0.2386654778006586	0.26084660532826137	0.10994875987096794	0.15769672769410448	0.02442002900250705	
0.07398440297804489	0.1100530257860242	0.24976436975606275	0.06806366289474013	0.15443462035497188	
0.03168012814269557	0.32829840919506165	0.32392937788175297	0.2428776102645953	0.3153729237879675	
0.23624413815024953	0.19575728858986743	0.08463185307115544	0.0480535880677761	0.29173858464217495	
0.0022020883537511122	0.24891328965284643	0.20745952076915283	0.10052314127132828	0.15675912963815106	
0.10307550309812297	0.26521526282847246	0.014045610494555329	0.19864510897197096	0.07099022261487312	
0.4021404291313885	0.2978562742505158	0.35929227828134536	0.1753929489637504	0.36283914066349077	
0.13768282506913898	0.024176971862883184	0.2024506435784348	0.07957374801582469	0.15108391357281548	
0.2659292208128004	0.21595646164157029	0.21289316800950955	0.08263110242301082	0.012820868508988888	
0.13149804989948438	0.1564404146490452	0.28372301304893305	0.042604536474637994	0.21275942832405823	
0.2892449125148899	0.07377442426209978	0.27466959444737105	0.2343572330009254	0.17465020436151046	
0.06635321085635822	0.1216250373745146	0.22562812242283967	0.20004683681521354	0.14369293459118465	
0.31408746926501585	0.07994603388916745	0.24456872281300343	0.3524230724532718	0.15364526656499927	
0.1994881766751957	0.1512573739955447	0.29903811481752873	0.17950427097048327	0.2614073490636041	
0.2756099149345587	0.14348243657172707	0.058290232884273784	0.16695281787480715	0.13526949675819602	
0.22518934602111157	0.27929921594774604	0.28949603024262294	0.05071390336140795	0.04735213760027634	
0.11964947375105783	0.1650449858320053	0.27417788503887536	0.4189181599237332	0.13264696076416457	
0.22477000355989438	0.09092986391761348	0.20499783386935125	0.18403001628894064	0.10602121839208907	
0.14434508280110514	0.26948884814996293	0.2669545484613924	0.26247046479918795	0.1353141196762094	
0.12475193479795554	0.14953109862308858	0.09201385130194917	0.20230608849880843	0.24791506299822924	
0.18102065838818204	0.05567388335084255	0.11713940938988596	0.0521071482791347	0.1516297272279985	
0.23766402124158884	0.28052962500461465	0.24452778113931142	0.2665392848260797	0.24112697348427328	
0.12053945161618111	0.06313547322283522	0.08963991780886829	0.25747680966892467	0.1788049671689553	
0.15096527858500913	0.1211478674098152	0.02296346873326604	0.011260220249021295	0.2767798785342354	
0.1890085476425428	0.0818407896714026	0.09482439312123955	0.2535912463040183	0.1960311274131145	
0.32141435573089144	0.23745501037704378	0.15122179325697607	0.18239542325538424	0.029709123339643612	
0.28049690937927646	0.23166139414914091	0.15801016256624548	0.22927391415762804	0.01358964355171144	
0.1659681738285225	0.06571533512144002	0.28909007720365293	0.2579144369816338	0.015066480541629014	
0.0	0.0028782048807761192	0.044421788374055124	0.0	0.0	
0.2210528916534302	0.34617960150012805	0.2937444273997702	0.11348324283913984	0.31783112255164336	
0.08082379036727246	0.2073953955748584	0.11640714994680468	0.1993913099146839	0.09087143974688791	
0.23199753728672662	0.2847741761835895	0.1253148211161271	0.24946763589529466	0.2603558167700255	
0.034753700485001635	0.23904529983400088	0.2794397305686378	0.20512865896810928	0.2597540747863131	
0.18570358648918225	0.0762869891422412	0.06323509164557066	0.2698662303322135	0.009256504960089536	
0.2295604425347153	0.07516142816518039	0.027139910608285838	0.10859438519514415	0.21537098734217136	
0.28045056397763385	0.33884264956048327	0.19613740666161636	0.21224786662915401	0.14793022791280977	
0.2224521332903861	0.09920934329977464	0.07862186950744564	0.2297884674086782	0.014979889281234776	
0.19540384066232672	0.1505795185773028	0.31023081451673357	0.38441877220148796	0.2975364964747084	
0.13924259249533125	0.05366317884077301	0.1165806080199369	0.07187223352168706	0.2856437052929726	
0.17483157686211076	0.2843493849609688	0.2498097746978038	0.0024217286640230906	0.16778887921004476	
0.29733044039297374	0.3918466355514503	0.323053593453468	0.2833764864137327	0.3328287005683684	
0.14472445303292814	0.0539771318295393	0.10709277248779299	0.05587263828092392	0.21072124415470167	
0.027222422430903094	0.2007212152681474	0.10069185034491093	0.13746788165537374	0.11206194506040958	
0.1303201944795597	1.007597254046134E-4	0.10067962894453582	0.06602131361760363	0.21354101353632163	
0.06684474168127183	0.2734187802834681	0.19956002953658328	0.24484816309548366	0.18393433804082912	
0.22838881193762872	9.355444899743118E-4	0.017556335987647036	0.28735267672284664	0.009477133302130646	
0.0620463151853794	0.21015631900078652	0.14416774250625886	0.24492663479448293	0.19736743560501743	
0.16586527893392805	0.13724280070479314	0.10623265742802995	0.24973628128648637	0.07381754113637905	
0.029785758865082515	0.06537941383316381	0.10510525126585017	0.19490920270630155	0.17866063101587912	
0.13660582792943152	0.2298811542087247	0.09938373626838065	0.2780002796481819	0.06057073886120403	
0.25289361518496273	0.2746929920381992	0.18963321254184806	0.1829078059435008	0.07028365382454786	
0.08888005288683593	0.131748121992949	0.025586441521312904	0.04033335353937894	0.27420572027222334	
0.028023715168534816	0.00904247147114381	0.025871201878943373	0.12439684562566473	0.2571379102650548	
0.06580357498794918	0.27037676444436054	0.1002475348871807	0.09787150241486293	0.16261465015960122	
0.08388094546191249	0.0462652720008721	0.09665505370284704	0.0019605341921680466	0.1378106240209939	
0.14884302595584206	0.22613992703111677	0.08052571359762893	0.16730745475252096	0.15224796465774412	
0.5235982687165116	0.5050305974572321	0.4799674007408679	0.6554406973968707	0.2745665076955052	
0.21488380310233737	0.02389342310669446	0.06385486216599731	0.29123582016149013	0.1133452131691013	
0.00413695311069188	0.017933670535321643	0.213713959229153	0.061408517340301005	0.06680397802807708	
0.23296633942865985	0.22242221205425403	0.20097300996301107	0.004728757254964635	0.27761205124398597	
0.09605763775084332	0.053460215417898124	0.10898016788988524	0.11466095168807541	0.1527109485903698	
0.28742890326982873	0.09970263239129973	0.11546069787228508	0.0682140505295579	0.010192119596643252	
0.12009236384091065	0.1942241845436758	0.2481945500317254	0.03709527682769764	0.12740545108062676	
0.0	0.23252528492846464	0.0	0.19345387706181963	0.02800973231090829	
0.19187028380400653	0.169088793967511	0.22591104025963735	0.19860995649357088	0.2616386517512426	
0.27451533214131046	0.29049580056015667	0.02336427246755286	0.064746250403417	0.13410533174653505	
0.0909970621086435	0.1693264630801688	0.07993656543704278	0.2189345795445232	0.0	
0.06287749291105585	0.19553855344019713	0.25508727323936914	0.25672537068030926	0.26277972564376517	
0.13832460478754346	0.1694961794149021	0.2971234022968772	0.19258083146268534	0.031706594212866854	
0.13552841323714293	0.20832938608561286	0.35709851177578184	0.15522077208444413	0.3535344627440533	
0.2536994645086497	0.1166668546040599	0.06053959419554375	0.2683321502323487	0.29468486047051234	
0.25405028679101904	0.23363522055243957	0.26075860347451163	0.14565557683140568	0.21402916291388216	
0.06913000033271294	0.1474866044689733	0.019843638457033668	0.2444692005703952	0.22562725115898136	
0.1321892462695598	0.22052719097530227	0.19505730721025358	0.10839370916092182	0.02297631889728925	
0.0791431373294471	0.08507609503049308	0.0	0.22421004951506496	0.1622422032529717	
0.17586919746944768	0.05523579396252207	0.1960524262483003	5.802375081152331E-4	0.25945335804213016	
0.37101200142045665	0.2932679834459908	0.39826660476464354	0.23008131892269917	0.1928349361573679	
0.2297373041936015	0.0527531122901568	0.2371810116620315	0.1608450665083206	5.916352413002454E-4	
0.2007751472527367	0.1935360514761056	0.04593660908968083	0.03820487805827072	0.28518928518504516	
0.27784673804463517	0.11444481151085663	0.02112964183848312	0.09801432846120432	0.09334393556576871	
0.014958911770892099	0.09067126827353895	0.16892637019144788	0.025194591428058726	0.11637337809624893	
0.3113700522638821	0.2362777157466262	0.12221201304843371	0.3466891047265771	0.11883569608005624	
0.17476383707829307	0.07210531314801447	0.20412782501715718	0.337227034921874	0.3850842892866509	
0.03644136033318639	0.048442840959899515	0.26043379774046077	0.07225037893684336	0.28567728612324833	
0.18548234049942144	0.12529819483391666	0.151963106290568	0.09331825478649289	0.19906670363320197	
0.0441645216976269	0.23138448323724078	0.12999575536215555	0.041329815256914856	0.20785391193031735	
0.03408582112303245	0.15253216574841041	0.12842779220635722	0.04668276636333354	0.29727606660878053	
0.131989149468129	0.26443102936579915	0.12214654285293498	0.049986050660124105	0.23437757483357852	
0.16463437038283305	0.040572706614963906	0.13071064684564024	0.2909804147369175	0.2904983896155405	
0.16279825012567126	0.15187820876166372	0.20578906942189149	0.18447616086843216	0.026263491309646687	
0.08282762170100723	0.2959974821839038	0.24813387550414656	0.21714189932778297	0.1451927586890581	
0.1830773772520378	0.1240925568471534	0.0417139346861201	0.033619502206837217	0.09548322848645052	
0.17976320641405935	0.059178139736473845	0.19411048929281768	0.1890074496272087	0.07546195490008105	
0.05153196614712772	0.06189954554293516	0.02657258685656358	0.10485836645059346	0.09681036111470434	
0.018764976503226595	0.14580404398092692	0.02795348194259283	0.03479332352181671	0.13575187602222447	
0.26640104315206997	0.26552250084907925	0.1963896829968085	0.26894426732559773	0.2722858857817253	
0.10460150910233502	0.3113914018060776	0.2650157482320475	0.2998308543703059	0.08891042748702747	
0.28507830911617527	0.03180828809106557	0.028211576992805416	0.12599927754190057	0.22883139074136663	
0.0033580445766080366	0.07866726484508844	0.02056470558607539	0.20502694398650612	0.10994715407620408	
0.22935342417381055	0.08923573309415375	0.28837526056834845	0.1898734647052683	0.23200851106914325	
0.19848470404959026	0.24528981688797633	0.17751471427170018	0.19298865091229475	0.1322784361737854	
0.014173957423725753	0.13061528272744466	0.2018109898731154	0.06143751585626994	0.1437761769358062	
0.1894705603762056	0.047978970149337885	0.06491188810238475	0.1158045437598683	0.2510887482348639	
0.26752960740833426	0.34403697165622016	0.40115393988722403	0.21512511177162008	0.26728035641292497	
0.017754838328144514	0.20095962697178119	0.22705712340628395	0.2140520622408253	0.035732040056427036	
0.29872930515469776	0.11847767176248257	0.14884853422164487	0.21519510075884782	0.23032453630587602	
0.1267388750992751	0.23365615434673456	0.21892869800301687	0.19767941991860832	0.015363226178434967	
0.1585916531318418	0.2973008391168485	0.27235058781216764	0.055708726474063996	0.23838111991198999	
0.0479259661040174	0.13522582292418905	0.18424300126448445	0.017770004053139724	0.079073749704091	
0.17935993359068292	0.21390800840657268	0.017045261216705243	0.039308598048423446	0.12601024261481839	
0.07342134587636143	0.12746932888229098	0.257706275539683	0.22254498183956004	0.104888839345614	
0.12451704506235697	0.2923004095141038	0.15313440713333978	0.1745022002875447	0.047220414474312224	
0.08909985701527877	0.27432906770682614	0.2116047661456559	0.028011364487965873	0.1313617645709014	
0.17183804312435408	0.0	0.021603602972277838	0.04653467610210435	0.06317536130413713	
0.2555478453227104	0.2028653362440906	0.17689273068791375	0.1940070414535745	0.13918190213648582	
0.026150786491049214	0.09557412213656567	0.026799982359192127	0.27488949496594234	0.24565634007992385	
0.04916867872466723	0.11784196068544184	0.04699650626247219	0.14676480788413526	0.1361900680813629	
0.14615527801881345	0.16382163034450786	0.07500791704938463	0.15561638489776383	0.051526959237232724	
0.23901708532788746	0.016481095812969738	0.16192128171250234	0.016353367728453708	0.0799052340647305	
0.1948075053454123	0.0592319540753386	0.08458240125171237	0.009982341741598627	0.2036539298372427	
0.2951377806303766	0.1218929394174938	0.20725581089136264	0.08261829612469057	0.19726330669576403	
0.1471009493845494	0.2616466351673337	0.43164496122490303	0.08073070050446887	0.09360552012151956	
0.26292687138831816	0.2269157896413512	0.21523698323730805	0.2515773493370123	0.2151412923507352	
0.2644158083409183	0.20077426695879902	0.20981534354889977	0.2320993390179148	0.17139267815718662	
0.21595209533566678	0.2333421326824429	0.14236521247951364	0.04587411113145613	0.09310711615550253	
0.02810985730127907	0.18490340819818657	0.04416163090345551	0.0927385499589281	0.21334230410815513	
0.2230162824894744	0.1819165522145477	0.17435088946055605	0.17780297420112537	0.02473728829582224	
0.275558485343801	0.24487321674522078	0.13669464760156821	0.1786526957803533	0.029879457288125435	
0.08071177968102351	0.029277381325260567	0.03792996751682464	0.051355092274706575	0.07046471747862762	
0.12829321920139966	0.13659150305173295	0.007664710859225958	0.12777031134888955	0.10388577449129863	
0.02242379997201	0.030282765353818526	0.10765510508084083	0.19674273252261332	0.07700801258521359	
0.2770752739797932	0.10503289856891454	0.24296868280875394	0.18534964602906936	0.2785957882089266	
0.25484446929981774	0.1306911550359973	0.261072241898044	0.14579991197543407	0.008707237574774759	
0.03510104753090329	0.22761945037303857	0.11372730719534038	0.0646118102777113	0.1739062392601615	
0.06732486355224535	0.27197692710030175	0.29895262799695776	0.07290678782637834	0.20139839178869398	
0.009540551489889717	0.24281180415952094	0.03471554375548263	0.03398549033309066	0.028774299180839822	
0.17170573220826207	0.1999031268192994	0.16943441405125617	0.2822029584859404	0.1722706836129426	
0.2252962923478989	0.23827824821509813	0.1382596834440142	0.19511412554049107	0.14040215866980185	
0.10256714794653181	0.05439100209604523	0.02304568800536325	0.22298795222712597	0.0020353793533732473	
0.30004851165684265	0.13669016804721687	0.0507836463979727	0.14372979956997606	0.06865021259038064	
0.06249050896922787	0.23044519508968853	0.15096339439775316	0.027376749444363822	0.21091848755854414	
0.2698504410041562	0.09078020022075635	0.07680794058470967	0.03886720464918959	0.17530258925133044	
0.05696164669915268	0.1569261975369775	0.19770203877877465	0.025526920332314344	0.1336438870623166	
0.18183239788380468	0.22932490067559322	0.01754914760598805	0.15708860318963339	0.2538429384284128	
0.06727421164408506	0.23372404338506494	0.17612635860998493	0.08746414845632536	0.1932338462584342	
0.09178205722470413	0.1236471005311598	0.0022151120554711728	0.1928152826100901	0.05882522069622432	
0.1403321902601047	0.11599560659230933	0.2960104781939515	0.014388942135862792	0.1268361390084831	
0.22671038396820384	0.06329343637831662	0.29298356867249975	0.0234250669345391	0.09911172941947631	
0.017213917746972385	0.15623983459877286	0.048101107327744495	0.14357304986458963	0.21536098573429677	
0.09616146156035439	0.25479774408942063	0.12361854682455665	0.0348465358519382	0.15415556627510207	
0.2187971329223474	0.22822015602300702	0.03128404154943796	0.02730819152058516	0.17373588397117729	
0.26381431824016743	0.12764102007796768	0.057373837179536126	0.0	0.0	
0.03523128110264373	0.04122836090852075	0.17955916810443168	0.24203460925498396	0.1411703168506461	
0.015862109737005883	0.2866847976514899	0.18820857205706384	0.0230217248731705	0.10627479225905824	
0.3107756781890878	0.11641864063517933	0.013087402837699744	0.20694939742010277	0.05737472515633337	
0.1425634157533398	0.2544155299358533	0.1292677871751734	0.28490523838470977	0.19972305098224194	
0.18074939823210426	0.06775799843759706	0.1733725090088336	0.10539785247689892	0.1766823850311914	
0.24984583859017526	0.2765161352417524	0.13783545951682508	0.23403280827468378	0.036870832104388546	
0.1957494936586568	0.24039869166870476	0.2411890930626844	0.041164115372457094	0.07892609851741239	
0.1306033548677363	0.07953316891290524	0.2628343630215498	0.1420746046308734	0.16509747089746535	
0.21454421587931485	0.1298059700200611	0.22642375318892385	0.2287629516599887	0.15181488455647082	
0.012144866338202711	0.07772174487385193	0.07142455459893267	0.030033900215975847	0.02053977187197819	
0.3076343584521477	0.263723450016657	0.10046622740248187	0.09573812292491164	0.10770292680911386	
0.07465669836103041	0.20567006414809488	0.03248522969440726	0.20310254722919027	0.03914929841229563	
0.29610926090025785	0.0764292516090309	0.049116014553639495	0.13448857588876226	0.19449307660741383	
0.18428726552670904	0.11369849593418803	0.23013092526908324	0.11209378333424488	0.16286976997193936	
0.12549113636251574	0.06706543429412556	0.15628261804033228	0.13471858017340843	0.2643785675904957	
0.17440905628392744	0.2599254237991122	0.14659970767856198	0.07386219690858599	0.24048907426705132	
0.018444807825207205	0.2769870953536197	0.11730926242128824	0.27599017549352356	0.20543485014569196	
0.29917338392840764	0.1669228192791669	0.12245984562871313	0.03830988213759361	0.03675523226255383	
0.12363926821756645	0.11515213084324574	0.10984517280347178	0.2532976251300935	0.07774726378408732	
0.12414181546456769	0.25885533737270733	0.11930461996283673	0.20690290715795936	0.062249077719713886	
0.14202466469254002	0.20187928625899143	0.06565353649459957	0.05718534074294896	0.072579230679839	
0.01361574071652767	0.15098123630592442	0.24269136935118332	0.11962189872769548	0.25526192967713845	
0.20314021224200254	0.17756815395463083	0.33036052909607405	0.1195256844415515	0.2999169401004636	
0.24942846694542686	0.1708235763575848	0.23256492351893426	0.25550116894928004	0.2327674286646908	
0.15441834516582664	0.1278573738715409	0.17307390465381284	0.06944781768188452	0.15474024677062093	
0.09794275811486376	0.09967677427628277	0.03965199152620172	0.0	0.19217473788051462	
0.0024537263030145733	0.005068626566499665	0.030482180449707713	0.11701677421135423	0.13842910776277598	
0.0	0.08500039771385848	0.0	0.16086120984848234	0.0	
0.17949270771671857	0.10136510125955406	7.385873956626761E-4	0.19232093762773583	0.10457978441308763	
0.13314098024401166	4.2983866281566074E-4	0.20698035515730343	0.023794161572536072	0.017989681913979913	
0.1632988346739161	0.06725935894523981	0.2679499824227217	0.16441182244337077	0.15910607304276606	
0.2993796505089383	0.17255969537166152	0.12168208660165646	0.047022055141446084	0.02106210558417821	
0.13378966089181454	0.24585856612934134	0.19042363176744284	0.171221093512574	0.008243350878305977	
0.3580226832701492	0.2849194419026973	0.29216849898453	0.2158415530524669	0.5057622407974327	
0.20326907721917334	0.15015309243183497	0.2072719906583144	0.11249749460824773	0.12944500566266082	
0.16956467185434518	0.23726357462511904	0.009194968369603478	0.09252591929732294	0.02744201523570203	
0.08497048595879876	0.27171211440429127	0.058577518426045076	0.1293526116437998	0.17601063026466193	
0.17204917586944463	0.0954546921849792	0.1693016988607831	0.19997107693862703	0.06981503485299781	
0.05504310509111002	0.301724641588087	0.2938908611128275	0.0934568158236193	0.27799958437425143	
0.20771243067756667	0.2153401038117049	0.24687255027142205	0.049385167430530445	0.21887636546766565	
0.1420912480825738	0.2168210757261713	0.09967799886406972	0.2737569950445573	0.12353826001303561	
0.22018088181781437	0.21662756192914115	0.09930417855447682	0.18642858790652636	0.17353012112315355	
0.2804255918095941	0.3494605011564015	0.11318290278706249	0.31859014724220575	0.13224872704930413	
0.1618904765599414	0.16994509274920547	0.19642344679568058	0.2270891939339376	0.43464071867568965	
0.16492671717945764	0.26331998107456867	0.2796552677768355	0.09916205288403235	0.10893064436293536	
0.21982993300595874	0.23024570320932727	0.07101364665330695	0.015638905218440476	0.003097431393806265	
0.06250027695895496	0.1959706580119126	0.13633327914369903	0.0	0.2086301260380009	
0.05089864446664289	0.01021254349190328	0.13817396665939524	0.018097497434630766	0.13156406328090497	
0.22378469235323137	0.2013234630326349	0.21570986651889684	0.24834386353181176	0.09921344292536281	
0.15443116149856978	0.15468692885562246	0.2116343354000302	0.29758787694277294	0.07283498772400847	
0.0426918404170509	0.10735956334405856	0.19147735189802859	0.25832717222893864	0.290665785038094	
0.06661498267885013	0.19219248755429325	0.06678746478133946	0.0027828259634061787	0.26132352686107735	
0.0870945589360784	0.09047642881098868	0.15728168163251796	0.21251108057620194	0.23944042868624588	
0.15785093385601198	0.02738596448269198	0.2531673730924623	0.19407477653044947	0.20747549572600804	
0.15253168970120617	0.21601372165784688	0.17887973572019847	0.13482452414736962	0.01738235981083157	
0.03640847958389624	0.11821985465540322	0.08825574532948002	0.19691030834569312	0.2884516899431259	
0.15499260575491844	0.12672628684496026	0.27211759789846784	0.26105094460669054	0.0926449438907711	
0.1864864815676802	0.07211402057300001	0.22367895085954792	0.15390219051440954	0.03357410995968533	
0.2834089038207721	0.12554130525428597	0.08592892757961285	0.22838068094543823	0.17540301016385698	
0.23515307193364335	0.09936270933127549	0.07332961194397061	0.2731055023174393	0.03202287421260238	
0.15991237640944597	0.12144936329507958	0.22805961211515371	0.1283969597499923	0.0	
0.1709021753996135	0.1840734951844931	0.013678842150727644	0.08247744697478471	0.020604387934135646	
0.06358356709539685	0.15640442909347974	0.2462160846647906	0.07413006314435752	0.2950064771523506	
0.10721952812817667	0.11425656961128124	0.18348465186978727	0.23209743898250873	0.2186994147133408	
0.08212051013049346	0.12616839406007505	0.32273539297639176	0.25624477049827304	0.42366490476126084	
0.21701951099950992	0.27365106816497203	0.06908252418280297	0.20340124425904993	0.17848083688919403	
0.10861839182016515	0.2632599232048163	0.20983692368231963	0.2518257912378109	0.15577491788534636	
0.22154495957982095	0.2913930028229347	0.2380778105882566	0.1620428340504757	0.13590880219749835	
0.14531312218523176	0.23745908863182316	0.11517302675207118	0.20595360530751036	0.13572274441237564	
0.17587576691981227	0.045557993028066304	0.30613353563692763	0.3058813398095082	0.228614604460168	
0.06366594338066271	0.15400773483646196	0.23695456832903353	0.21975715935152526	0.18513997469777219	
0.1456973410569182	0.29711286265521636	0.0640376035973743	0.22851198287025423	0.25914481178888515	
0.206049910786965	0.29598190905471766	0.036183833562398945	0.09965538252098695	0.13055161951383076	
0.22820487738357256	0.25031539848105633	0.20204357685490756	0.03790612093632594	0.14289150842590495	
0.1965290015140805	0.020845532935884682	0.19099390885337963	0.250874965200567	0.18504354747760285	
0.07786333588784933	0.1331323633376821	0.14296658478125923	0.2899193780667334	0.07918929693969931	
0.16861570158300934	1.7172913884437672E-4	0.20240093794168643	0.15830155826455533	0.005943880041503415	
0.27187806426610656	0.09240379400559952	0.11231674809232609	0.24730055689013175	0.10143002801079408	
0.06480793819929091	0.207003660342413	0.10949327308775803	0.23890843861033628	0.11279854659253348	
0.29126697992704875	0.2782952745755739	0.14491002024329552	0.146395910347705	0.042095796554500124	
0.01822624973307293	0.058985692769003256	0.02274035896743177	0.28595682139800355	0.012016118456889094	
0.14735943692061473	0.09747403981752614	0.0869928870417686	0.13574618740784924	0.20405943421957864	
0.02863895596042848	0.030854409667782738	0.022662195516571518	0.2286893002543108	0.25777362181464214	
0.05939020554120207	0.3808750849726448	0.20415849652035462	0.129025101573851	0.262193293133778	
0.2551944178595463	0.2901664167283175	0.021800603900169274	0.022073157969230053	0.13117939316214855	
0.22126613180550248	0.22223279757442063	0.20168100395098354	0.11086567109558275	0.05822044381349079	
0.08237252652834581	0.22205117817577666	0.0935725667954381	0.19098832236496008	0.03244695845898934	
0.0983082902557991	0.1503298114510903	0.0	0.12330792067063077	0.17388145313237297	
0.23527989930757576	0.19724716180282398	0.039559554245055244	0.1642327023114555	0.2568927899709578	
0.12758735158633294	0.12039609198676696	0.16896793152298817	0.13156726307666855	0.2839216992979646	
0.04482982527548794	0.1874465645574061	0.26585409662810805	0.11527869830103152	0.23358306688525773	
0.2207576403325491	0.24130395132008006	0.2336183017367361	0.28548580851043975	0.2864142262257316	
0.178964408680627	0.08998596303792555	0.02106681313097175	0.177241204042659	0.25302810214374105	
0.3065679948324623	0.1327151035807738	0.3282259880221381	0.2524696884044856	0.0514233322395317	
0.16990584386151336	0.12978972968175734	0.026887893006567454	0.030106251124899428	0.22124470213534156	
0.13233029471001573	0.19769544984234874	0.22260823122613457	0.14399915982464834	0.022224595129446894	
0.21464381503012556	0.22137240305919664	0.19786675915171756	0.14348124334032838	0.2663412563288865	
0.27025539182338465	0.08865066224234167	0.06625560226100703	0.23370567839539946	0.004213004187721643	
0.05793774865106119	0.41751109861348634	0.07645981004038803	0.6449446218430982	0.18017100117296359	
0.0785695820936944	0.21130008371952685	0.2845123146186331	0.0737796343191755	0.1123422622795035	
0.2253888270924366	0.28921133031784446	0.27734906017804	0.2213124289528666	0.13298451077640405	
0.24811607322981014	0.061348404959509224	0.08040201008890505	0.29587640270271187	0.18604867522161458	
0.2021367918645491	0.11940652982263734	0.02527240513015777	0.2080363459861868	0.0760486776242443	
0.24116764491098674	0.27546316022243306	0.22979190926706639	0.08103421382183178	0.034817465006568134	
0.3275934486255568	0.16855212913217016	0.3219397297480234	0.3367331546720615	0.23593319809930277	
0.18810658859234533	0.08171671948722407	0.1686174232959569	0.004261779685215309	0.03571275975185181	
0.1175468081808541	0.16954721395003447	0.21580873941015588	0.23089349492174832	0.010842671623325166	
0.08124569865911763	0.27242644030542773	0.21317469269570594	0.12203457183393003	0.1269776516434055	
0.19525850519983232	0.09467389177859858	1.6945946223307458E-4	0.0	0.034533098547527105	
0.024647225456241505	0.1673193894990628	0.2504591297821936	0.10846163110858958	0.09857943258492496	
0.13557683131624595	0.16824137267283967	0.2839612304871659	0.17177685165752693	0.08222515091205138	
0.22731422476833743	0.1041905739838732	0.09953187352382231	0.04917846534593564	0.08371371736026534	
0.044464529216311305	0.09044017008962672	0.24810750524836706	0.2567173814584373	0.054910553834932166	
0.2529646188718528	0.15071858279922123	0.29158672554829923	0.13534965608197255	0.1425602909732818	
0.29961282461208655	0.21997942076787963	0.18867381271980102	0.244169002834836	0.18259692283624537	
0.011152150700336108	0.10227404740806606	0.28607098888262333	0.253326759115921	0.2223442895921438	
0.11693884666224956	0.1345289594357029	0.10873917327792214	0.14260789656590134	0.10319228584070371	
0.10767742813973029	0.09562445740391105	0.02929311229324032	0.21351131470981186	0.16045507988275765	
0.2508963571386874	0.21792909464815702	0.28305059251725745	0.0269113940284355	0.1944258611554729	
0.23733860455678152	0.2601157798360872	0.146138761641226	0.24896210538303326	0.0030181111644022648	
0.12664824303020464	0.2843225172036776	0.27066477576208936	0.10341975323186905	0.03599452564593921	
0.03364455373142265	0.21421670775303783	0.14446368672681612	0.19188287261820722	0.26981897192594023	
0.24613584349089698	0.0753924272271635	0.20336409156846647	0.04694068896147737	0.06434997417505241	
0.13297424237319197	0.006690583774901724	0.0	0.24373929712421938	0.20841733141008598	
0.24507140463478558	0.2894284790426557	0.30003907831370097	0.09560280493856659	0.2651705111982586	
0.2445531734784372	0.04337642335380375	0.2084768838173373	0.16504994130768968	0.24969529097727067	
0.14183117524523955	0.0966031188812561	0.22421714558704978	0.2942053017523095	0.36548293814307314	
0.04596257545042247	0.0966520422467453	0.2655984024973221	0.03772078249832779	0.17774628955792388	
0.05708892774518218	0.012870639852733864	0.17663206548685323	0.12229657265320916	0.110890206135022	
0.1701289101068324	0.024229109075564557	0.2995520800187144	0.1003824040593343	0.05282920191331335	
0.08985412492780455	0.24516404855765592	0.056033465342085295	0.01985548247190501	0.20000394896947712	
0.26286067163164306	0.15906877639637831	0.10044207981588191	0.2167643241161047	0.21772987300094668	
0.10234947797345194	0.07987088504519971	0.04661741334498275	0.03383064069009441	0.08391503994180546	
0.17864220744568599	0.17256045919382318	0.07742635531049362	0.05675650170643073	0.014838339670985159	
0.0054823420437035844	0.17357970014845578	0.07229858742943529	0.09323676618339911	0.28875530072329686	
0.39662171634027704	0.2836210229619888	0.14620120295992958	0.2566090909591423	0.10637701356498862	
0.16834429647456137	0.22211099572402856	0.12993118696923844	0.2007798090699235	0.17876439212755754	
0.0295295588377418	0.2457002217831725	0.23842226855862225	0.296933089450497	0.24875369853835244	
0.018910969588402316	0.21931648501595946	0.16394750405763955	0.05838395289901854	0.20287823772504138	
0.12714669860983796	0.14039404270143008	0.11109169480019004	0.2691224786134001	0.08942471038600433	
0.11123314571017534	0.15591008294045994	0.1063276657104963	0.27685431638363617	0.017158877766660502	
0.2785203310379268	0.285423991571249	0.14823018148847725	0.12937370793851796	0.17490543356103164	
0.06318471587495532	0.1670437153018247	0.1457063260498078	0.10813759322864623	0.29845003103369466	
0.14556939617111983	0.2341544321686841	0.10541984408332415	0.06817497060738555	0.13435920688489578	
0.0027692390756702424	0.24039819661865397	0.13180834747582673	0.09174251508683141	0.0048664529381513754	
0.06159835268276504	0.25006086511302533	0.013158266113905245	0.21350314803171927	0.04160815671736475	
0.030803962269137074	0.24438621548748674	0.2676870605036796	0.016874300107855154	0.14751385769657008	
0.1681169940238429	0.296578223459614	0.053024521403957234	0.1590857819120924	0.10630389962624631	
0.1880750967632057	0.15935494458697855	0.28208326724633176	0.23755271220287447	0.012163663278773208	
0.2774352426989978	0.11167899278351212	0.26343399383965715	0.14040685437791775	0.17433292902564926	
0.015217258543542564	0.2819633184885282	0.18636181535149487	0.07185701869367392	0.040135435276664765	
0.036210875494233095	0.11810208187061028	0.0291585484447331	0.12536963428166506	0.1051147687948795	
0.18604489573780508	0.08048958094593946	0.2212005562846192	0.04592728895955183	0.22576238004006735	
0.10955967867387045	0.011724935766663655	0.09184819817784433	0.23318271953229433	0.1195823723083084	
0.12824908204668486	0.025076331079960424	0.07874803351583949	0.0	0.15376441028914484	
0.08012033383515493	0.0222703288186195	0.11718758246267058	0.0014221255634509333	0.14818050955364426	
0.19082975462402915	0.2269328815303214	0.2776895502681791	0.05854817275269438	0.13890730114230143	
0.19395813347243224	0.0492751680549583	0.17717321187605004	0.007026244533438582	0.20223982882249505	
0.2730856581281033	0.30375319281333524	0.3431980443445558	0.2917285728855331	0.1937537767855941	
0.20094259698357536	0.23134038468216708	0.09800697166328072	0.26154300187991725	0.13539595578658745	
0.10544819748288659	0.12329508713398012	0.19001064977520257	0.3819658449518946	0.3118624577989044	
0.07611580267075524	0.04742435539997804	0.11565567701697871	0.06690521732894757	0.25603846307239214	
0.2873281610375911	0.2725307303400227	0.04070220993332897	0.027570262714192502	0.2995093234344608	
0.1339865110851078	0.2098620407398246	0.19308439937432892	0.15545485596727632	0.2400310072556295	
0.267462595233632	0.11620750221135479	0.2996136619957798	0.19967129200577383	0.1047342995323965	
0.07792983850129011	0.17501044643429842	0.17273435463982756	0.007303474174560062	0.056625872957235465	
0.28397708200497324	0.026545146698620715	0.14149747353598174	0.06420819527059045	0.013623459621461028	
0.1726729092349313	0.017265307326953437	0.21566322991046724	0.02522477619323233	0.044094606070408125	
0.009974939348987542	0.2587468569250483	0.22421773303252862	0.23134695399813165	0.08387236016284268	
0.03546584941389181	0.19079493543434153	0.26855397919215424	0.17007716110902418	0.22705167365899706	
0.1343050562919935	0.02351518208814986	0.032950145953013	0.14086472823848842	0.006745419806924286	
0.060843617140852076	0.17938234393625835	0.10878930314225432	0.2541433304525666	0.017468134509468897	
0.20482853830060233	0.06816442429074984	0.29679224745459215	0.14760896001853108	0.034512600670832214	
0.1019925594147969	0.21742964829619124	0.2548617624352612	0.1002217367768915	0.012175254536255686	
0.19986941528261906	0.10772879525595683	0.15509656588145979	0.41669282016082393	0.22992928028011453	
0.06060473499354514	0.01813746474223189	0.09377977084673936	0.26773492110306396	0.06075767350390958	
0.1272859486024317	0.24574246601634828	0.03784706366769182	0.26404301414869097	0.07468684076060729	
0.05990847240015901	0.1697203230956749	0.134230913010453	0.12671373124580426	0.20763826278746841	
0.23826711084746996	0.28544384299954	0.0688712407431974	0.009769651618427973	0.08122720120741483	
0.1022903247845529	0.13823749455070902	0.0790297701212972	0.1606262891051905	0.2210999036235947	
0.13556596631993376	0.23920554518023568	0.2566122117649562	0.23155006359314528	0.257237343552162	
0.19343358221934917	0.2587515471012083	0.13101933591890272	0.10042862671244526	0.2232452710419607	
0.26155570579236237	0.27111124833147393	0.16574562345236227	0.1623934957241725	0.05809991251373658	
0.21095538205059625	0.02757158117677287	0.2918711858320573	0.2665765521446546	0.08421320129074213	
0.0014001213335819273	0.23382799079849825	0.11496306032175488	0.20423542973691663	0.024762790744591118	
0.07944393951672317	0.07614770883866454	0.29950287939765763	0.1833666581071062	0.13615838985715156	
0.07745329493128304	0.08474241215872537	0.1465935882083121	0.029830202382402866	0.1201272765969443	
0.245263076744546	0.03593714568869488	0.08256770874190067	0.13673994768969433	0.22884003922304116	
0.11077852190177181	0.01884177014042763	0.1452107508740889	0.1535372070322919	0.11248128014461942	
0.27652272558149193	0.2071454775106074	0.1703250764124573	0.11813516024510912	0.06980380798944225	
0.1414903314682135	0.06806585261508934	0.13739999213973542	0.09230227339254796	0.07687286644270913	
0.25498329934598646	0.240862417604041	0.11112071867530672	0.012257640509777113	0.1548796721318369	
0.05083821843351568	0.21619178708992087	0.29329171882956656	0.2913931635505152	0.11977446076939408	
7.464126578334415E-4	0.27158892960018777	0.2790452582820998	0.1527137415615201	0.01082143082541138	
0.18589333244521983	0.13781788550728125	0.18601996290510833	0.2172654445109276	0.12781278380859795	
0.25403976408046813	0.17493645165280322	0.04090338507775442	0.0	0.21133981513865296	
0.2883167300766639	0.08778153025771147	0.1784316469161672	0.05387102310277053	0.1839553727101556	
0.1700333327505773	0.056644271211617366	0.0030196694235221045	0.1494370752764337	0.12938912320058052	
0.3078138109665411	0.27042205901497257	0.11850531463841518	0.3202186107576802	0.29353014936699695	
0.09341230280146676	0.21955096535490573	0.05007738842068296	0.16581111401845644	0.018697735091794038	
0.21688217496709652	0.19410906420490237	0.12231873493428724	0.1816416428697547	0.22813831171612364	
0.13839761095164824	0.12393851218376199	0.04981619587044897	0.10584952985067453	0.17563932716576133	
0.04927599325657621	0.10142625409877448	0.038690711757043604	0.08721281151417128	0.1161163192154657	
0.11232008964078222	0.19384302239452073	0.26509539228724455	0.22486070158399843	0.18754642056277845	
0.33091981764079537	0.4437712474729431	0.458124540473504	0.14915299983549582	0.16711246037432476	
0.060092257053576556	0.026269856637165925	0.2004624356042403	0.177935864350107	0.2309244136355881	
0.27405910839535524	0.08418236732193507	0.09760488704083427	0.2763259753639628	0.09715384753736629	
0.09366376428027019	0.28786072828337433	0.002957531968884906	0.19817017814937618	0.16700790897834847	
0.06441773684639726	0.05730172791865203	0.2001058827719805	0.29841849838554996	0.024062643804369774	
0.14490675827790597	0.06451429632934999	0.08466947531345304	0.2557738218723185	0.25277081764380804	
0.24084833004170816	0.3327202181978237	0.13583020722469522	0.4218052670349076	0.2973681377724061	
0.1713372883273426	0.2507819767315956	0.23301149270997806	0.08401727425142451	0.10376102491014841	
0.2594927564568458	0.19957262633610331	0.10925346310029742	0.13960516223380146	0.19554950947521035	
0.14293930301512833	0.045038736594889266	0.2476775901028829	0.12304499776920241	0.024371664930135446	
0.1844366781400392	0.2690298375561173	0.09095689443179994	0.18268635393948704	0.05250941210395188	
0.332914526310791	0.5046072775781162	0.19167085771661974	0.15760775762169127	0.34918571801828624	
0.01356329014590171	0.27757566371676107	0.16705297257130053	0.1063014676708973	0.05676811966634366	
0.15511512535307906	0.19286150384868872	0.08763841338517654	0.12209829726585356	0.2746333506550668	
0.254300781972841	0.27651720410343894	0.20082459245097575	0.23907952361718032	0.22713966448531628	
0.0025300413375098276	0.2772326677141375	0.2776537486256865	0.2165894921755749	0.1888476790361775	
0.022808269047653477	0.16927636477034042	0.27288880994372505	0.012480063884500132	0.06777875229305708	
0.20770502873696145	0.22504320708730804	0.1989179673579544	0.2456765125149213	0.17318696410791165	
0.2007495312175943	0.23739045789417212	0.1897178325988038	0.15156428525958512	0.2733598355029974	
0.25352516080591797	0.25904227658015905	0.1771196699332347	0.2278687219034507	0.1057809417247539	
0.1996323439439274	0.09489408585494075	0.2318251163858429	0.2345429466870297	0.0048178514117787384	
0.25737142425901927	0.10145562995569767	0.24090118187930998	0.18681399577574057	0.1322304748214433	
6.707472579870436E-4	0.25275542350348257	0.26372876912933213	0.03222210153694856	0.21764507150770546	
0.26125569360664525	0.005453866829411703	0.0015259654212399223	0.12616122675137392	0.2994966277918637	
0.0013994758151362364	0.1029956458304702	0.02390057377516653	0.013813832535881239	0.11362951014968607	
0.004334109677172429	0.13887469768644065	0.2785243184916013	0.29643832916210217	0.2510473196697255	
0.10793192621068888	0.18388619606921347	0.1397491338354154	0.24952469251058612	0.2733902972334521	
0.055625066549117703	0.033885437501211035	0.06064972172850323	0.275137786753525	0.14432756802462776	
0.032762523259902095	0.17219884851064596	0.1224882213216522	0.25873400971389005	0.1974448538893316	
0.1878021662489947	0.004378060085469075	0.2944777386955931	0.22546582074070873	0.13565739116260372	
0.2460800487259995	0.23516863912758812	0.21906696795276243	0.25990503892527966	0.1401733232728182	
0.17575595375124697	0.21313796760374784	0.11727382459411759	0.07298247431624383	0.23737389453948865	
0.07513556429795556	0.257572687737596	0.22895727694014467	0.20917392760176765	0.10134928496746405	
0.1204341802713475	0.19729535121514247	0.3016110085190173	0.3026603029313732	0.006088582445235055	
0.08545214793014416	0.27147911597912644	0.14946849630864145	0.09663886206093435	0.11553319041617147	
0.0810604146781613	0.01952224272375621	0.14870356687477157	0.15831450551065415	0.11083352833448291	
0.013016307312791844	0.04746631344230587	0.02256908029354724	0.1409905174650503	0.2773445424871825	
0.0552950290112772	0.04850311507291521	0.025686955858530786	0.0631775399824047	0.2311099984650255	
0.1704952882532103	0.08201952148068095	0.28141521228769345	0.2953915145957101	0.031658762804472475	
0.18276192839271094	0.03505287791200568	0.2476799259062364	0.0032247467278103317	0.2790719105230094	
0.0	0.14263626843760882	0.14172756962102023	0.03122459124396581	0.13704401982076495	
0.10721889550230722	0.11240732639063362	0.18215596815072435	0.147325433254979	0.17007585787531848	
0.13096278037905157	0.16025156465406631	0.07467539180573837	0.17347653074029157	0.23209718151984923	
0.1489567363690391	0.09667934975691314	0.29815938865486996	0.28434985516550115	0.2334527788986576	
0.11031724381603385	0.12876353627674794	0.14667105063311608	0.07476142258450107	0.016015345137145597	
0.2791754758518843	0.16206536080351544	0.16931746182798427	0.17794801737400007	0.2949072695059939	
0.04294961369765105	0.2996894594489866	0.297795041297529	0.15800167693445719	0.21828827226863518	
0.08025074088675793	0.05617034977365438	0.010619226616355133	0.053032962360775364	0.14777548923006384	
0.21400731984914145	0.00978308532347217	0.0	0.0251947286346398	0.06894718015653126	
0.25286610084611455	0.0	0.11485481601791299	0.21050346483584076	0.2153102585157695	
0.18233819644387037	0.01986842565275445	0.1715172078396717	0.29322428219962093	0.147468805856494	
0.2176219984607708	0.008120944636797347	0.28055231960024235	0.052257227212701235	0.14572059954661348	
0.2709203584159512	0.2518115967770997	0.10907564184755632	0.08955587905782292	0.21737380709328608	
0.19686675800721848	0.16983834440165088	0.2938279027997961	0.24880348658271292	0.09910738441415237	
0.21065139215386242	0.2712685588845216	0.2866749933274732	0.20298736656642147	0.03216523506010415	
0.0679093378701676	0.07346390365765972	0.2597102447291076	0.08080191674242056	0.23322162961619922	
0.29742384689066836	0.03740391810798923	0.21500916371799414	0.11671430188325595	0.10841357409837894	
0.2398608132166895	0.13445796547422464	0.0334449954970566	0.18576989039815753	0.0325753575229617	
0.052817279872245715	0.20414085324516973	0.02663786646749158	0.2301792899600283	0.1305638083917999	
0.19143493785130786	0.0627763787028689	0.04335747490585089	0.09270593419734591	0.21321486554256167	
0.16538237068500897	0.23538409940573093	0.03578873291339924	0.1196547898424344	0.17892498344350505	
0.2751534885243339	0.27924689969591676	0.07631587003925774	0.12293949622508603	0.01889956621163204	
0.03997939316794227	0.29475617706919255	0.023072104571548208	0.2854917924135479	0.205569676713287	
0.10036585220669947	0.2765486809766632	0.2245501498480638	0.24496433775416915	0.22245019025195018	
0.021933067863857004	0.00957560245167641	0.03942631461145782	0.22998633069577293	0.2726995929483199	
0.011317520143254508	0.023194029848891008	0.22883903446400763	0.07892924861692194	0.13376373411582262	
0.2077376758113591	0.16744927278171587	0.018915739910099746	0.11543525989390165	0.11844709678846747	
0.1823924459057866	0.06887523206680479	0.11617891192727678	0.09866834157884313	0.24275529981651084	
0.07900039988999402	0.2242305701662896	0.1333005364510722	0.02861425295739093	0.2782521497144147	
0.15439624590347376	0.1032135578313253	0.17225510759872398	0.3696575169318221	0.18430800830438082	
0.02694292905428866	0.19278596289081892	0.15590432929541406	0.18144900747817777	0.19498660102557894	
0.25501682689162986	0.2688551155298636	0.1727927691464109	0.21850221451514246	0.2812655716545913	
0.11554533907909768	0.01583830138029444	0.05933988879435895	0.009869963461773634	0.09302239329779013	
0.06542571437923542	0.06731686820753564	0.2882228952528649	0.10378093277720844	0.031543564988984606	
0.08741841147741794	0.17161444807546244	0.2293007045287298	0.25312298272165484	0.2779824090613559	
0.18766984263351139	0.12514412572710962	0.25559343497851045	0.011566402712723713	0.18915409411238618	
0.01670350103429433	0.2042536501970907	0.14945195095877253	0.1671932880593692	0.18876108362824734	
0.04325354015704341	0.06632632326610802	0.28532940363464027	0.2004812823848436	0.28945870948855285	
0.16722535305542935	0.23394136841434812	0.21701339620938767	0.12256751844073496	0.06653890893996539	
0.11870874382319958	0.08405111034608531	0.2093083909372266	0.24153067033201828	0.19540970004331018	
0.2315076482568172	0.08236524752300907	0.17549617793759778	0.17143332733499964	0.17379046203073853	
0.19705817368261586	0.0031164125688686447	0.020784366723034638	0.00639004825457067	0.18050377831390085	
0.09633805517936529	0.13008229404600335	0.06077088249755409	0.13195780842445223	0.28719760831018676	
0.06388629483176174	0.1547178249469695	0.22018882715353816	0.09650537862290716	0.20436215184348003	
0.14620258000062974	0.21023117666952412	0.2185665709034253	0.1028039169425258	0.08701401731947217	
0.02008554049833237	0.14833079063208382	0.2007201288685611	0.28469587881974623	0.17598552319790273	
0.053936064802316386	0.27834080069977	0.05899302493100934	0.07748758248506847	0.1454707315091592	
0.1451629499546474	0.08039176730225985	0.22538940076673614	0.21640602572082518	0.18591661468638468	
0.19696387838138388	0.19861330862390017	0.028879703947297653	0.2230981019285397	0.0031043172832172974	
0.0035343103534627007	0.08082594825468072	0.2528883023718507	0.26706043890265	0.24664657084466543	
0.23141053419141655	0.050989104450096606	0.020748301145071684	0.20958980594338233	0.2736766871363079	
0.13442804227445868	0.12851836940207143	0.031408607027835114	0.22448653856257694	0.09886889525402376	
0.07683769769535444	0.12073659432680287	0.1569326305982875	0.13527657690944825	0.2860911630119788	
0.2407319294715383	0.2270591716925734	0.05580575148946964	0.21525575135502548	0.024170410947038805	
0.24475653606770073	0.03686605897005348	0.23127846305832858	0.08709474151369652	0.10938600191179569	
0.10813116235465038	0.029952639906093193	0.2172604088558239	0.17223289647910572	0.28687587582587737	
0.13895311382944128	0.02115378381176941	0.10173319869948523	0.07256044910600117	0.1929737955172021	
0.013806346998186907	0.014518361680474826	0.08075201094087728	0.1582220270553324	0.23453149545853333	
0.19122979659096317	0.10346898840905831	0.18712673011979472	0.2693574536698563	0.2267448219925955	
0.06450086321311607	4.426998062365284E-4	0.11250264586417899	0.18227082099375938	0.12379842191303927	
0.24796494127627078	0.11043949962217561	0.05112214264877109	0.08627345973132616	0.20574798701352276	
0.29311650519778903	0.14285645929523522	0.0508028744613058	0.2910686066001786	0.2328030561798739	
0.014090831222644838	0.10762424000694275	0.1797735434134926	0.13604268782519596	0.18018410627254058	
0.2528152159163254	0.0783896556721382	0.0027014222168458787	0.10796718575563766	0.04918644258708163	
0.29650722268823365	0.13568804412580882	0.272005642478183	0.2666513404317366	0.151280909259134	
0.2762017323747958	0.030113404025653816	0.03206940287094311	0.12665338619813676	0.1683589806133716	
0.17038684236923426	0.15833923589776291	0.13211820405832125	0.2207929189288371	0.12578810209830266	
0.042546368380368536	0.05585852538084165	0.294284372770846	0.2774826943500286	0.0014751872585367133	
0.07265054490094781	0.2022075466097637	0.2701678997459771	0.13219184225964414	0.06574318106293127	
0.18162868224618678	0.01299734486956303	0.2148850397479053	0.10751094524128045	0.08583639543012973	
0.18412920277900188	0.2274497564125745	0.13198601775386123	0.21806712410720236	0.24297605605529343	
0.22052566622828815	0.020462808679117147	0.021992978575578862	0.06323452639423789	0.25990188395016045	
0.15430606844299538	0.20853594812165718	0.1265710479346412	0.11612625450935286	0.16071532725960824	
0.17555964831737733	0.25237961078675303	0.2226046242318331	0.10854825256288679	0.034830128663015505	
0.11761657378938964	0.22968203694840195	0.05190394297283576	0.2880584251848121	0.10133879490704592	
0.18375650177364314	0.2862708273242985	0.12613534214179037	0.12732727862499743	0.09953485236143943	
0.16834997023048054	0.15408789607221107	0.19047841343609442	0.08327615076710752	0.06157189520657112	
0.2647451667187297	0.23389805173755787	0.2992303433869339	0.0978367318153009	0.009135504264661556	
0.2990140017839184	0.2534578629015818	0.0015987867337516493	0.1273988511904222	0.2971053319010351	
0.09880892694817363	0.19634109341121045	0.21784860885516263	0.1493262163323098	0.03891521371300866	
0.20924153104689233	0.23652696218737743	0.01226679232772403	0.2331417186861312	0.11084578116665968	
0.02481583554092626	0.1481450305305067	0.07302196306479185	0.16452415854356595	0.2702732382240628	
0.11271609011504294	0.018057324824986853	0.2244374804849653	0.006094809421100242	0.020575224136635803	
0.03972487793842538	0.004913597426376495	0.15721995937428987	0.10365557026274308	0.03534451516177189	
0.1499983032995585	0.031606166607443614	0.20963137905051354	0.028557236009056595	0.25905542270182025	
0.1545027839202237	0.28825634843176046	0.07748606419407932	0.17665918951532453	0.2273224928362004	
0.18634441630434	0.16241997429212673	0.124192710112395	0.0839670260687992	0.018030526941709663	
0.1223705043471867	0.24543218554006677	0.19821023936552443	0.19350856927967458	0.15439234818532885	
0.15392738436563497	0.07654542575276198	0.07838138727641271	0.18033130765508115	0.10764344985704172	
0.24994211170590197	0.11802167326571615	0.2247788591393813	0.29435738089578645	0.1488168717584926	
0.09110118316417204	0.032120244694827285	0.19378664414615987	0.020374552594864506	0.06441381125055876	
0.08345173484133052	0.18550394420897673	0.21174411419281153	0.19505043555749546	0.2515128380478693	
0.09477851108567983	0.20928145083986877	0.07542831292976948	0.2593882374669417	0.01784818327376706	
0.08609639733225277	0.13733493516617487	0.2798772394508444	0.03465768848620007	0.26671925529993423	
0.0	0.02168086598611529	0.0	0.0	0.0	
0.19767985413205963	0.28623471912636106	0.27913413037069823	0.054924798395155135	0.19618019801908748	
0.23934440819741845	0.01282183592023526	0.04055154752511552	0.00978525339100809	0.15782326061568994	
0.06362273792734555	0.2022178947174517	0.16717816293366544	0.2671940840702298	0.20552129129555005	
0.22061475725630605	0.2388314588229503	0.054637724922815795	0.2586191375601148	0.03744157640546322	
0.10408941120561505	0.10500800653979259	0.21160195572625617	0.03155103898905192	0.19415746960077684	
0.2910558340327287	0.0718202460655829	0.2623628960212489	0.010532432097538588	0.030355552218315207	
0.23892630458537553	0.2517263151194307	0.2611837550999928	0.00729491568744765	0.22453345148344853	
0.18610700637927236	0.2416483316908535	0.0666281107639555	0.06606977077936205	0.20266553849288163	
0.2276657418312664	0.21921494422088772	0.20191037700857015	0.0787568571331724	0.2234399687360925	
0.050767088340589725	0.09384098018424596	0.07046377664353742	0.14175737346446807	0.10133512722772244	
0.29872416028744325	0.24329028005269834	0.1663380776582747	0.07793279412586801	0.19982678174176036	
0.009417430423955752	0.06936174055658062	0.2841458136885277	0.12077386889838196	0.028121605798804388	
0.22750686191358116	0.28809729228558806	0.24650654672893788	0.03783392562719366	0.29450313871241157	
0.015255817503647219	0.2806621665122364	0.07753294098225957	0.053460458527390994	0.2348538194525008	
0.16704108052199068	0.00983037519575248	0.2806713801385986	0.014983282567330445	0.2983580114312167	
0.089601968416727	0.20921553223950343	0.25226407514335464	0.02844245000940209	0.222241258532044	
0.1874193123213342	0.12647676939321212	0.19547262432210172	0.030041124710122918	0.17354702614277284	
0.10883336794028753	0.2467766247336277	0.2900448265676826	0.10939907586898612	0.14013645993547494	
0.14398848441089915	0.222320275253047	0.25799360212789346	0.21512730357896906	0.1035586712148798	
1.935764970029109E-4	0.08193587927338002	0.244207975257242	0.10702127946482232	0.010483424932913736	
0.17870611722978835	0.22401079413231026	0.2893408083983647	0.22736775765517606	0.07130874639653872	
0.02902268978956359	0.2839214888081939	0.16740038654410982	0.28845757089011276	0.13998644517655515	
0.2718672400950978	0.26975163902039645	0.14314458654227163	0.1486156538978836	0.24631173060412265	
0.19278667942542896	0.14838164839365856	0.12694120736966916	0.2657801481520554	0.04086599153902255	
0.17713153356052858	0.015846692537502916	0.1279859321891811	0.024789346728496517	0.2967220015951662	
0.0797943808488741	0.25165159587335817	0.02471841146609771	0.07164006640626717	0.2858854500018623	
0.10486567469857454	0.16016455271444796	0.24375828131382574	0.10055848056068241	0.26997732003770863	
0.07851910539392036	0.256567226681113	0.05334769222934699	0.17761173059945157	0.2545485819243824	
0.20059207502092202	0.09361355149295789	0.28932845827786274	0.042665591069206456	0.007154233978091784	
0.06856340522785041	0.24399723541056242	0.2502898356288486	0.02106814669257143	0.07081586018849842	
0.12338609118377138	0.09147853890920485	0.12873276500527042	0.24786283207364596	0.22309392616729012	
0.05235955493630937	0.013821561472732082	0.13142377220067186	0.2466742445360802	0.03348111827659395	
0.1533644586824967	0.23274166563183454	0.06834133914049288	0.1494078981712378	0.25449150566647977	
0.05706080537604026	0.23280500684787128	0.14583390609640037	0.06916715161715024	0.12494163897719852	
0.18173269160213784	0.25073816526056575	0.20439994340005493	0.037318222551063054	0.0161084378693555	
0.20109803380517274	0.1741305685687848	0.09986591169747945	0.11571353415522723	0.286739745815979	
0.21693853320824244	0.21567052277484497	0.2503515228529949	0.021121034235468163	0.2230647878290415	
0.07634971293820354	0.1260109429153445	0.09337020198813584	0.28639485152010236	0.12119687027899825	
0.2137787949432093	0.16669171838805297	0.011561597124257283	0.0956791234187289	0.011150992316816283	
0.17775330150370866	0.1710809986017332	0.026838649340055087	0.1867665457605779	0.24633717937927052	
0.01499233165464084	0.03725905985228341	0.251991794468521	0.03551998755969911	0.29647947720688156	
0.04841069307568631	0.2997560135647333	0.20454839176378764	0.17543851131198926	0.07400568094796808	
0.0370661978589903	0.16787002558356906	0.2184837479395066	0.07535144215036979	0.2271380626966359	
0.12233359468624015	0.10570858063396937	0.044754672361102234	0.037753729558608076	0.2179974657824047	
0.20394252279100675	0.09834072065826084	0.27683195582459225	0.1394748772641833	0.15366490749196055	
0.197015894343211	0.1680192727282387	0.12503979722340636	0.1579656827011329	0.27385922804667423	
0.299299147761431	0.08237118126447783	0.14444751351963311	0.12703797026009356	0.042701474569412916	
0.1660321931561706	0.10487288962149698	0.1407820778498454	0.11650023228254046	0.2568066130629208	
