0.0	0.0	0.0	0.3011785846793084	0.24410623013822547	
0.0	0.0	0.06350506236071116	0.4009735920769947	0.19715576237390148	
0.07197178576949835	0.0	1.6466632327012256E-4	0.3773875634355745	0.15125701707446815	
0.0	0.17352012971272748	0.001672401186043616	0.03745229737181458	0.09510938695856185	
0.0	0.0	0.0	0.0	0.0	
0.0	0.13916034960749338	0.012292615874945123	0.4290056878317288	0.0267298906887626	
0.0	0.0	0.0	0.0	0.0	
0.0	0.0	0.6547660206959599	0.0	0.0	
0.18272221410524472	0.0	0.0	0.0674506340551011	0.1854040569088374	
0.0	0.0	0.08209633359013002	0.46452260647219024	0.14070604399144995	
0.0	0.5186359676691789	0.0	0.3048914313444132	0.05981153804614398	
0.09219151569038538	0.08815953259327257	0.2935085497925501	0.0424976566148818	0.0	
0.0	0.2561812516847171	0.29821552665167084	0.5228061841227992	0.08526058783934828	
0.0	0.0	0.0	0.8068315759751691	0.12455237285423156	
0.11366594514874165	0.2644564005748121	0.0	0.05204827844112626	0.06724382799806304	
0.0	0.07819659346576727	0.01832434700087632	0.062040839086330034	0.5373337688537229	
0.4206521885959955	0.0	0.11120881136734652	0.44172352829383366	0.05032047033239096	
0.2576949145832812	0.46685416872512225	0.39179050258673986	0.418393499822705	0.2232588572414344	
0.0015043161026650513	0.0682654365437707	1.2289496587102354E-4	0.003446879401362141	0.33938060991457236	
0.0	0.3002366058942357	0.0	0.37164427339555367	0.09358649160653064	
0.0	0.04363679574910145	0.043440476750296254	0.8129990210839358	0.038952956828572985	
0.02154484980158042	0.03644938555330795	0.0	0.29147743314967	0.20385484361035483	
0.10637083595671636	0.0	0.11028219609394947	0.0	0.018972704928773065	
0.0	0.1151373060860906	0.0	0.12571866756375732	0.08049668388346172	
0.3759190763017885	0.13114142009657345	0.025343451394545684	0.0	0.3426235567736055	
0.0	0.0	0.0	0.5883114789519058	0.0845606105744356	
0.001131656868614851	0.2948867169415704	0.0	0.0	0.0	
0.0	0.42174070317717205	0.35853660539754967	0.3203420195839423	0.0	
0.0	0.21753452276901675	0.20483755399415413	0.0172948827474915	0.05368071827160359	
0.3538294214855775	0.07110673341739919	0.13752666653607837	0.0	0.08651172376784746	
0.07929397991826903	0.0	0.0	0.10431843476369311	0.0	
0.0	0.25397362541758683	0.0	0.3448999578021515	0.0	
0.0	0.02234976924105276	0.12182865869576466	0.868477249384509	0.2034792430411235	
0.0	0.10294793239137344	0.11407623937617338	0.22066829152091724	0.09962456746525396	
0.5368799927863336	0.015597427548387171	0.0	0.28725885426469727	0.0	
0.19065727787371659	0.2379261177273614	0.22925451981999734	0.4254371909332132	0.23705507141010643	
0.0	0.2560631633912788	0.3410668683479495	0.053861580750405265	0.037582205707186025	
0.0	0.02123851545090174	0.0	0.15141623664086595	0.20336478555662654	
0.2543309313025834	0.03657873368815049	0.28213145836360654	0.19469424356261714	0.26559132153340603	
0.08459196010585426	0.009869724235798126	0.2838869305088916	6.893008995373113E-5	0.09766196374555873	
0.2517859530316213	0.12324591236683048	0.0979138053159287	0.1431445021674565	0.12726136167584554	
0.0	0.3373911686438932	0.27959610778884664	0.16931403320781593	0.16477774368959106	
0.0	0.0	0.6497006018103908	0.13264554988641705	0.22026475493692044	
0.08054170549147392	0.08157902391820299	0.23445257032460365	0.3394906978627641	0.39823304273477783	
0.23265141313522097	0.08656397587068523	0.03840804272127952	0.22398683132523273	0.11432251830251965	
0.22944223616601223	0.23410674129476172	0.0923712605699801	0.06540702583029635	0.009937267590599696	
0.034020438627384984	0.0919121850920186	0.09151684755233638	0.21174354907057116	0.22148189997027573	
0.1799195470321124	0.28747611281177915	0.0	0.018315183208207297	0.3468474963064229	
0.0	0.11311370788822252	0.28405350964799164	0.0890152485193251	0.08591120081637807	
0.0	0.03659354100959679	0.02299232624698799	0.4337830705616282	0.1924434236391559	
0.0	0.38466834431356495	0.11363891188056627	0.004182083606023195	0.0	
0.0	0.058167469210263244	0.2589501640999183	0.1309691448121961	0.08208938530068928	
0.10227519149189106	0.5739989496023438	0.46318943069903434	0.0	0.0	
0.0	0.0	0.3379634921096351	0.13401660111498115	0.0	
0.1390148707566107	0.059423886528542365	0.0	0.0	0.10646328526549399	
0.0	0.1803090084780538	0.29564243274329355	0.002565525343322596	0.0	
0.0	0.0	0.0	0.0	0.0	
0.1072101590330636	0.0	0.0	0.21758348358225305	0.05912030999062458	
0.22829811791424623	0.03206989653024626	0.03230828812254926	0.25324373417982626	0.23742943711117342	
0.0	0.1875415513307854	0.23745123681008284	0.11122036588658582	0.0	
0.13581226569817198	0.21151642359009495	0.07208332589090662	0.14831125500516099	0.0	
0.060222173946210836	0.0	0.2513546570217524	0.14535908184118912	0.19359354812220733	
0.17086549139203358	0.07835218567611109	0.48825004406856787	0.4484270099124603	0.0	
0.17264464195426868	0.005514095374229394	0.12318676781295711	0.11485177560623944	0.03633419310593315	
0.363837508762978	0.0	0.0	0.275128895697791	0.0	
0.0	0.0	0.15258992450290515	0.21774113568263576	0.0930051841981612	
0.3913680002024729	0.37941017211570977	0.03156898836204013	0.1512749256384468	0.03601890604362498	
0.006440325729916728	0.34571322628898304	0.24284426952719868	0.15099334153749758	0.0	
0.23307008253230369	0.0	0.3304440081992926	0.14241898871989198	0.076492406295095	
0.291151263278553	0.386378412491509	0.21483343966905724	0.2201938081444672	0.04996934527379435	
0.45729618096730523	0.005442581136834992	0.2253372374515263	0.7869942142782147	0.1081950068847461	
0.1318823091152489	0.1712767069944881	0.03998163852073326	0.3580113726557844	0.009900077696297986	
0.08496578501047887	7.630163254549404E-4	0.0	0.0	0.0	
0.2750732156589698	0.0	0.0	0.0	0.0	
0.0	0.1572340597544898	0.02213305191676	0.18513289147169373	0.0189008333967904	
0.13078933706601464	0.06583213184554151	0.048711665524326146	0.20372699310464426	0.22077224142611956	
0.0	0.1943117723158356	0.21292405300365894	0.11866065998602507	0.31664869604605184	
0.0	0.09272729958783633	0.5773367721354568	0.29683858902169785	0.18079897220903135	
0.0	0.09370246849706282	0.0	0.0	0.037200328552242055	
0.18766551502570053	0.04502552857655033	0.0	0.0315625682817098	0.12237112296956096	
0.36143103676478383	0.49974185558783096	0.14574379386983585	0.0720978197960015	0.19356885916983266	
0.06662772720579968	0.047642735291990305	0.0	0.19813875830177344	0.0	
0.20992139729056053	0.3209329844575024	0.3330524955597385	0.03401502346621562	0.32002158201670144	
0.057776839290997646	0.12100412424831078	0.09949632065065127	0.20224965090752065	0.16047244032901947	
0.0	0.19014360658004942	0.0010364660044409253	0.3281444161637897	0.02637827026105896	
0.15335568518752318	1.1304167147085937	0.2063062159549434	0.0	0.21688419479148136	
0.0	0.5159217089174335	0.1438191850140892	0.6493946782384785	0.1577216556324337	
0.1745569349752643	0.24872269148008405	0.08897247035902142	0.08340039469244628	0.19824413662991727	
0.1023959722503762	0.02045426366229399	0.11037807442055272	0.14073486388749507	0.0817193324397542	
0.1303103823491057	0.44833758831100845	0.2933497779169181	0.12679261972482272	0.33410677448812165	
0.30875712114215104	0.0	0.019971707793985105	0.17375453668678667	0.1433453105293903	
0.09600827230618306	0.4140068427397138	0.0390743819063337	0.2885727286340224	0.0	
0.00472483737969212	0.14964320869914616	0.18704952482365794	0.3462933215474832	0.02677375782365586	
0.0	0.17588206334785902	0.12846115473386768	0.1432222288747388	0.0783005943773721	
0.0	0.27272797160079915	0.1523702150139429	0.1441296174158718	0.1391684989373169	
0.28530434661034537	0.04284034531802817	0.2473598401177157	0.23045078839790206	0.24432876644877108	
0.2695213538222311	0.3509506659152409	0.1224742336996249	0.0	0.0	
0.11125301395865127	0.2319692546080808	0.1477863568163842	0.0	0.0	
0.0753238991116648	0.04326568731145925	0.3220320074202486	0.305266593556821	0.08752357901427134	
0.3180980098873856	0.031562898062776526	0.5749503910556162	0.13796079701422323	0.007125651962490844	
0.3669964818497686	0.2245134924357318	0.11540574228362085	0.37293620967796876	7.339287005503604E-4	
0.09322815874235285	0.0076730388100478214	0.0	0.23983112925495148	0.290143081527115	
0.30012938052843247	0.1194546904255972	0.4280270805941664	0.19010977220615402	0.37488589493623686	
0.0733491782455464	0.35399867314368266	0.0	0.22633833554563387	0.0	
0.0	0.0	0.0	0.0	0.0	
0.29838381832373995	0.19109183335921748	0.21280267345799914	0.038632341704692603	0.0	
0.0	0.0	0.23675298729447636	0.14218972703775698	0.02754422733434639	
0.0	0.06721584188983354	0.0	0.8753592080068499	0.0	
0.29601267722948715	0.03504640571430437	0.28004087154228324	0.03326398805550514	0.27742363231652056	
0.5236915530633139	0.0	0.47778702962693337	0.36913491081366406	0.10625332984366974	
0.11229988190894111	0.18561853690099533	0.14607527057419015	0.06511655846888831	0.12455177119633955	
0.13675245119996318	0.22326029284263796	0.05993577659672018	0.1522581826208098	0.27178798502543267	
0.40270936771036386	0.13185611257993288	0.41378500889740466	0.30037680886169377	0.1075246972998946	
0.20491741063794042	0.0	0.3845390701523847	0.18808843953287496	0.27234561962949394	
0.0	0.0	0.16316803179165332	0.38429055481078517	0.3528993245979176	
0.2113623704792054	0.20065059412567388	0.4722817985907666	0.19327630238860352	0.5512127400165099	
0.4674904886971836	0.10386817650562861	0.32226579803577604	0.4153934159459718	0.3747614198580263	
0.48514492250771557	0.0	0.003236903327423605	0.020794968841432244	0.0714684371120084	
0.23754459088269445	0.06810756133076273	0.1522726227207236	0.0	0.0	
0.0	0.08106907804190777	0.0	0.05774484999204651	0.02066841370677636	
0.006526054941096793	0.0	0.0	0.6144377532425183	3.1404893667317976E-4	
0.0	0.0	0.0	0.2832241313848767	0.0	
0.2358346913464853	0.007745540695419687	0.316171523997028	0.25675803950156106	0.3436265728320056	
0.11421533212898771	0.10038953125316076	0.04300359541860122	0.34407258879333835	0.04434100631572787	
0.29296095590871546	0.5078710978338187	0.48183783278320613	0.0	0.023069707774829477	
0.6235963042120124	0.5164196607246284	0.0	0.2893116027488581	0.0	
0.04393592819386143	0.6120579836401351	0.27425628265141616	0.11513547395641494	0.10873866396284686	
0.0	0.0	0.5201945193346189	0.1864568527867264	0.27321105567511156	
0.30392956906949636	0.4183918992867666	0.08235672183424435	0.6809522313357007	0.08164369532888247	
0.23136940311375967	0.013995459280829124	0.019534233600848015	0.04360016843408307	0.11415516308581343	
0.01577096668235584	0.05926261196149907	0.25504744285492925	0.0	0.17648268496679698	
0.430829271347627	0.4398019925334557	0.11086543861808279	0.20717459593089108	0.17441320883215658	
0.3198478876504167	0.37856129064029775	0.19806586684173902	0.13068573295595382	0.18871759548009912	
0.09747287525083903	0.0	0.1270696684697956	0.0	0.08293043830172547	
0.1596677646555382	0.13819947334504948	0.25330309490459263	0.2939204436481907	0.2426695804537666	
0.0	0.02360765386265219	0.0	0.0	0.04634334378101666	
0.1597469306677775	0.001262058135841222	0.2787851585456961	0.003109051807530131	0.11889903586575919	
0.30636393792274913	0.1362858031327943	0.47289425408191904	0.16038760671921595	0.8127451256191113	
0.21356080390039217	0.19460043197754595	0.0677407752961117	0.1426101502921634	0.2652674572715535	
0.1876044939249564	0.2910760429209061	0.13346347237345546	0.008145228651876817	0.14881605034593573	
0.35021043386886636	0.0964248376246143	0.4808928066908621	0.3008505390928575	0.32244196415818593	
0.27251904635542185	0.15115088921988248	0.08724949599377024	0.3554280807541559	0.0015357755119306154	
0.04637854000476087	0.0	0.0	0.3522564760983722	0.34254520606381295	
0.11649005683960845	0.381384038480097	0.4575176601520366	0.49175107404516294	0.2329371992760259	
0.23083568811877936	0.162292407514415	0.4033330669598662	0.4227742997140096	0.5349669371173168	
0.03601566823554018	0.15504070842632317	0.05064503611913147	0.21425406462010282	0.19184809822958895	
0.27630835359019595	0.0	0.12651375308807708	0.00841582124873447	0.046946216227627666	
0.23580223452639706	0.2721271244794154	0.06598166626014758	0.12339024305050655	0.0	
0.39998300635486517	0.008439681182311493	0.2649224749283495	0.19484883331872402	0.09788309680290665	
0.15323623337370998	0.031157057697459502	0.0	0.1577724205138138	0.22462516241060582	
0.36577572409713793	0.5145260624386171	0.330609874346391	0.2981401067331939	0.07296371983485643	
0.19116299627857852	0.10170292173001753	0.019323201106774202	0.306901434024565	0.0	
0.06660834809420926	0.3740548023964386	0.0	0.0	0.3759576644537416	
0.0	0.38040481263124865	0.02030196415210021	0.15892520384562467	0.17539951056980077	
0.1880672692239655	0.025972509221217178	0.0881440980799778	0.010044398996613848	0.08411619063640237	
0.1907690993119525	0.2274682761107473	0.35043423465215773	0.2703191984462191	0.41040120145161135	
0.2817007202000032	0.022055914236501845	0.007885443854761365	0.06839911685497346	0.13027065266916532	
0.11705651167388437	0.3114914379897812	0.24821531169499472	0.041616573609385074	0.4372358725651843	
0.059751550949475894	0.04929057058993124	0.03363192468775344	0.25513277511568255	0.15163137577725228	
0.4059791424391479	0.15138625184207444	0.03917724405109255	0.26846850472829975	0.021655365199941445	
0.3335606086479462	0.11940550290222046	0.15537031046858374	0.0	0.3196349753662246	
0.0	0.1709383943141107	0.0	0.0	0.0	
0.0913864223673381	0.2880945390007016	0.03317764153987219	0.542989016960592	0.541646156867683	
0.0	0.177591959606567	0.19756506662297582	0.1668940331907596	0.08524151125237797	
0.0	0.008315881092443864	0.0	0.0	0.0	
0.0766116015434538	0.18237460113957157	0.3623072747591192	0.0907099670109791	0.265768329996623	
0.043665553136672225	9.546548659745207E-4	0.2732552085355892	0.056122342856694006	0.0	
0.03356503658132219	0.17993376671656933	0.15881505778631738	0.050083257636143144	0.06745764870300214	
0.15687214092982432	0.11235183623510385	0.04744539564182403	0.25432963509455264	0.011552824943562448	
0.10927200724254338	0.033540795224021695	0.26390193729535266	0.03461582514763878	0.26445084684943493	
0.12215601946628407	0.21616980757866555	0.19133292781219705	0.27031095468344163	0.24617747773009382	
0.013941038224494781	0.14015493314838787	0.49938838059213403	0.22580796765426925	0.14095199988559684	
0.17967882851200825	0.12707155282608548	0.002123318703627596	0.5539178299668287	0.0	
0.16399696269016	0.17836125867109281	0.23497596028931408	0.003005032234814783	0.12394753309505535	
0.3172465600789191	0.0	1.6024608523390875E-4	0.0	0.008685491164026622	
0.0	0.17180972859934834	0.23354591175917963	0.05292790743315684	0.17021467778545896	
0.17402087783744127	0.12632787151715386	0.12481721344674539	0.2342837365383984	0.053207507146053955	
0.3469526772892653	0.42763370337121603	0.24349740770824188	0.23690751257723383	0.1528776944456192	
0.15749955602064047	0.028001332984134417	0.13055195361051464	0.07344656289795597	0.2799210007809208	
0.2189666938836203	0.021429421566418486	0.09199117100722459	0.0	0.004440569283812219	
0.019357219330892402	0.2223553962457632	0.2213585108814483	0.005658294717478658	0.20354271614572111	
0.18982646089668886	0.031130220872974422	0.03178698929217013	0.01799173982949406	0.03128111457133263	
0.0	0.09570887941905974	0.1437702644605801	0.10377643352932908	0.0	
0.0	0.0	0.5217843118838333	0.0	0.1633664027070437	
0.21732187521256233	0.35732453621104054	0.16922002734544556	0.13796495052139657	0.46991805586358476	
0.0	0.0	0.18987868297781144	0.0	0.0	
0.430616302008348	0.22696178200721595	0.17281131012791556	0.38503771652605506	0.0	
0.11209117633147654	0.018837387822370724	0.1395151245307801	0.02600743683198572	0.09856438002065344	
0.0	0.012516585580882787	0.22510682552039055	0.07618392517647128	0.05959534931269222	
0.0	0.0	0.0	0.40562349903408645	0.0	
0.007551800101420741	0.16009073495318685	0.0894252982551979	0.03553279198860959	0.030588791271846584	
0.0	0.0	0.27883769648332507	0.06096498824304741	0.0	
0.26418810762419204	0.1552213076208907	0.24292700071868986	0.2278361295215758	0.227200806143972	
0.0	0.33359485421224205	0.0	0.0042383768445305395	0.2129595025236128	
0.01743165624793064	0.13936534629083325	0.18577822172238062	0.23540718824042234	0.11489882624471605	
0.0	0.0	0.0	0.0	0.0	
0.0	0.0	0.0	0.0	0.1757118589811319	
0.0	0.2155866892394595	0.25966086110729203	0.2116608584260785	0.057181363064876096	
0.5871666538291492	0.0	0.016140780951243654	0.39406227385647374	0.0	
0.2094446504773165	0.1650006990311158	0.2334670836418469	0.0	0.0	
4.300884139580881E-4	0.12036966522558021	0.0	0.21835656107387896	0.0	
0.005161003474211848	0.1355529760278232	0.003470432289910028	0.2740951663774203	0.2576048179570089	
0.018131111696170238	0.013435694983328746	0.011564079681352476	0.3051606598873573	0.021322029439502996	
0.2832133416531125	0.8423404679466865	0.4419116535178708	0.42872975142853686	0.3980752467687291	
0.055929963337591766	0.09301718906859258	0.029915400860079176	0.09208110960607749	0.24657253141143723	
0.0	0.13939903765270054	0.1729287191386047	0.18549424735718703	0.0	
0.024730347647720623	0.1468306550329541	0.18207572721564558	0.0	0.0	
0.3586397961470026	0.0487011915263926	0.04305687918985238	0.1966690905108952	0.016701127762459602	
0.2862379580189659	0.2569441744358854	0.16935557333127663	0.17158605882810093	0.13428093871296223	
0.0	0.15136164593029333	0.12091886816581592	0.006214617810584709	0.09120252075673961	
0.0861409929706779	0.13354148388703493	0.2754206437259964	0.12053318106165557	0.24994438982204223	
0.1651995230473293	0.10977520390728061	0.09583098773980839	0.17214419469031383	0.12223415753380061	
0.23822806597359503	0.2940478255368519	0.3511941990279886	0.09276580212047564	0.0	
0.1667787624800072	0.06064970187657553	0.24564734898228488	0.21699267040566161	0.004005851905841176	
0.319803909672712	0.16487810795096972	0.0	0.24397784218765678	0.1616623420549091	
0.41905819671028394	1.2123828996550984E-4	0.0	0.0	0.19965565813350014	
0.2997552294794582	0.16477514081265643	0.24497050260390166	0.0879886466755366	0.1945123375746589	
0.2502499726406676	0.06431307072017016	0.10343593260114363	0.08955583020952301	0.07289743112344403	
0.472732553856546	0.5504486097760906	0.18770391776703194	0.5742010632342618	0.18343962054009885	
0.2661501700159224	0.20463307555797167	0.369244136017153	0.0	0.05084375313653796	
0.17892473222655036	0.11820521897708189	0.24779919816001406	0.3195064421707316	0.09221424932667881	
0.02720619804553963	0.0	0.3191146047295001	0.3723676746621967	0.1633784717243493	
0.16834047693312038	0.0	0.0	0.3983053955527167	0.08476108896657546	
0.19874412706841466	0.0	0.0	0.19730893672242464	0.0	
0.15103264153482449	0.29569324080947107	0.23564632327513685	0.12643180435897025	0.4086388965804031	
0.10652934711188115	0.21680427369300923	0.26692426781712947	0.1832048282426013	0.25914168806353777	
0.14692373694919272	0.17016970297918715	0.3589830328413617	0.0879173081753832	0.16284647155982096	
0.339800701133783	0.0	0.0	0.0947067667104059	0.20192197737770476	
0.059515915365241076	0.23160052804503803	0.13505891905135486	0.5860895668679308	0.11299671363585646	
0.2701858070294824	0.41171138222905096	0.281949480712361	0.08059193081543933	0.21976059454061914	
0.0	0.0	0.03272884700729658	0.08230618656296185	0.40399775920655984	
0.18144345426963343	0.0	0.0	0.02525471060888055	0.0	
0.03450423173709857	0.18788824709503935	0.1783214198595067	0.0	0.08616792421733165	
0.03640558325245574	0.0	0.0	0.023744743119993507	0.15261564581181106	
0.1899669100387135	0.2506064862358541	0.2737182237746273	0.2804242032509604	0.2770446628877299	
0.16707069349409806	0.10846833927699598	0.26651956783683567	0.28745189944512234	0.23763548231703296	
0.19438087833816287	0.0050871084687165195	0.0	0.19199241672860928	0.09394034645217951	
0.22519894220239414	0.07491838217627057	0.16825906409306676	0.07978207750225143	0.09029538121036292	
0.3670027172418278	0.07354809357088012	0.34732679926843163	0.11456099685624213	0.1581789931775842	
0.0	0.053942162885171535	0.3573427627798359	0.189959763265251	0.10061566302480295	
0.18919207824151263	0.007983472393417252	0.15783530978342647	0.159151180204045	0.20889704736998974	
0.14140059999502816	0.3403132558941465	0.41850041164378293	0.010126480377212239	0.22029041138630479	
0.14385179059154293	0.1683166103988123	0.14348653187345786	0.20976486882415543	0.22953547139160038	
0.06173472133481034	0.19233849743669343	0.12936727381440483	0.15092824975909383	0.24305612289691164	
0.23542885415161963	0.2803111152116929	0.12565391041575158	0.6897220754525379	0.4116108944377353	
0.2837812007379288	0.0	0.3181628317832554	0.3769655634458022	0.0	
0.17381588679918822	0.21963710414550056	0.17691630851041662	0.09600226678329064	0.22151429500962797	
0.09199119534875912	0.04632514149858821	0.14921506771921755	0.20341372897464818	0.05242637368298081	
0.03717681457910664	0.2786763668514697	0.19099142118158693	0.2773982064369919	0.18690451847768508	
0.0351458530192224	0.0270953395797163	0.0	0.03323820595386159	0.19813270987990989	
0.024796057673172164	0.03372748433417753	0.04347787974728321	0.1994673864455394	0.21634357214148078	
0.07406265075081504	0.08807126705063799	0.06781373340923307	0.10679505245519987	0.0	
0.025423827655774278	0.10829150527662364	0.2746515098324664	0.22565201292946446	0.09345284299718991	
0.11530283715651059	0.20353718749174898	0.2350721751876686	0.15920606684745825	0.5384983677181312	
0.22328813400717537	0.2316928237929536	0.16367424072321649	0.07461591177668955	0.15581648545955018	
0.3269300467088362	0.5952632847529394	0.004318393581594106	0.027503496786013534	0.1882407973732968	
0.0	0.19647645127681104	0.09676335616106671	0.0	0.22244119140610305	
0.0	0.14569052029851184	0.0	0.0	1.8472001187337154E-4	
0.10454555966618714	0.29536068292791323	0.274941722274569	0.1481696365952136	0.1326299766720226	
0.020773089808332135	0.2825153096957274	0.027248733889183377	0.16792865584319014	0.0889436968074246	
0.09296501916976717	0.0	0.2473867822768757	0.2326370961959821	0.0	
0.10007616473526895	0.0	0.19972558424655074	0.18687566911173029	0.04475088875299602	
0.01141442672635471	0.0	0.0337093096843867	0.15087404817775396	0.0	
0.06382499914294411	0.037477844357572475	0.083188426725531	0.03273638592233978	0.05624919054120291	
0.09685629266167528	0.29817994255904273	0.30718659006027155	0.0	0.14729241896033943	
0.11373172710270432	0.2635000072506433	0.1133227665179707	0.18859322177002713	0.029570924881646737	
0.11312077077043367	0.19878169887531494	0.3097540220508058	0.18259418878218797	0.1558528911910999	
0.08794966079823288	0.0770287299488095	0.28283361757108283	0.24159221776299936	0.13149990052450633	
0.05641296177287695	0.20804927172165893	0.03795774356588019	0.18593892181914556	0.14277660389100552	
0.09870367249624915	0.21865891359363826	0.17190161965671275	0.18597012317275224	0.09794336558333992	
0.19508241132963383	0.08114853931637044	0.2602411722749013	0.6725743263247523	0.3657061531472307	
0.06450227174432613	0.1302468717388289	0.0	0.0922497539692725	0.013795402299358729	
0.14401935389946596	0.25937629487364267	0.19461508960382803	0.09455744119342495	0.3341702309967756	
0.1774184893957992	0.10494242922413917	0.14112533877923877	0.03351779855663487	0.020228628341809822	
0.0	0.2162174310452053	0.31818469536436056	0.30150035177398843	0.14284410197265857	
0.06623762917801534	0.20155213880005782	0.18835220289491086	0.11336768682516471	0.033339723873481455	
0.2945836338241679	0.005103461819403327	0.30571709183613505	0.16552454192186208	0.0	
0.02939315932187772	0.060852215548051765	0.22112321277895092	0.14540920413784308	0.08737079295778775	
0.20985380954890373	0.030181708428959945	0.07683456941568736	0.042389841682077274	0.06526009810293874	
0.0793575737312748	0.39260495685810837	0.3566168658537109	0.5662095923110497	0.4984899951484871	
0.3043585248149356	0.12371461811430533	0.5423793734742514	0.0059965426531616885	0.0	
0.1883106392491457	0.09227394808818734	0.31449897255947	0.18462502928881927	0.3081527138322458	
0.26305589323632816	0.18368370421711555	0.06403598763520993	0.24058246496280408	0.1860667193895138	
0.12925225610953964	0.22833345977486277	0.1878867449519216	0.22334734770340003	0.21222598614168323	
0.10767219502044334	0.17792848158267813	0.16590720196652115	0.2804408009494991	0.2715520574035643	
0.19761328516808493	0.06744466711251239	0.0	0.0	0.01548988735582075	
0.1522622639315896	0.35924505735906714	0.18544629944655305	0.2958136631604734	0.3809967775474609	
0.28870256349109213	0.05396485479698736	0.1905630447591532	0.29000823894173744	0.1310857151609172	
0.23260333218572382	0.17649029729083368	0.2498582336964718	0.1886148506366926	0.22246063841084895	
0.06306408170235712	0.11935879510110524	0.2919534501702641	0.0665613964317853	0.2934276127072997	
0.028784398284547312	0.24522332565954705	0.22975135236903169	0.18405226420747062	0.26785171083076836	
0.0	0.0	0.38200431452849537	0.332977474060088	0.0	
0.2730305157254362	0.22762857463657848	0.17731006770182745	0.1769766697512561	0.08742942243165362	
0.15561081170352606	0.14284173579056042	0.19746483140006538	0.2061163590455708	0.03229583170381138	
0.3169664393294847	0.46587579904646287	0.1268850414164009	0.3239142367313669	0.4784327668542512	
0.11968868613246564	0.09420922972693752	0.006825502773421259	0.18478028505119934	0.14632284131309076	
0.27591931447491613	0.2984061089436896	0.11020000381204484	0.23429922414920368	0.24365271530388122	
0.05729615280073385	0.0	0.17900769971592015	0.2181827535212329	0.4549948205255592	
0.31139667286181966	0.1036602016037799	0.14659496314769455	0.07372693029252082	0.11969002781791413	
0.10676753726201249	0.20854502348574205	0.23825666344785382	0.2737481123243222	0.21416927781126163	
0.44952798159677687	0.4411786754350345	0.24687106029379924	0.6248123608520532	0.29435982419417334	
0.22206880373255672	0.3469403877779354	0.14219066245108714	0.23171904069530505	0.3134951383698971	
0.12010397801967228	0.1747168045270476	0.2845917605088945	0.2558249022527012	0.2654146931647847	
0.2630892802163817	0.13064981379529256	0.0025428676648545376	0.04966722702470631	0.24318469278535182	
0.02758690359141464	0.010712420393235791	0.048023388940551276	0.020052956846760533	0.1496620224725502	
0.014596039323481672	0.0	0.0	0.0	0.0	
0.054321829431534054	0.28308553245625534	0.20618442118598232	0.13060660299252155	0.15889565504831885	
0.15612857189873555	0.0858939279819154	0.17774959068990365	0.05913274535005889	0.2758559240961136	
0.0	0.0	0.0	0.33298377697817777	0.1767458671992487	
0.25095767171194827	0.19843790488998664	0.2905725396669564	0.0521416812301595	0.1317987494256297	
0.05957156588653658	0.0494988341165026	0.171909531897608	0.2495490627172746	0.1630145705546743	
0.20962330462063988	0.030308122471966806	0.005830584988569466	0.13826180627550372	0.14735814322094948	
0.2684296057027735	0.138808176621603	0.26769338571755286	0.25887521206056985	0.2292644696440105	
0.1257518139254508	0.0	0.20051333444708652	0.19144226018485352	0.0	
0.07573162004210948	0.37616128668833976	0.11237631177026602	0.3941507560818611	0.3701970130965715	
0.0	0.0	0.0	0.2074276776785697	0.0	
0.26271255224128576	0.08210168749830908	0.4212300204671931	0.16442667097004596	0.13660703594173426	
0.6005593772981509	0.2640523662795971	0.3285133330582511	0.07545198772926048	0.2816032339215389	
0.1901931462007252	0.16072786781208104	0.05124164700832372	0.04072523564204488	0.2607352626192912	
0.08052765013729288	0.23760572813901013	0.21792112196784882	0.08731535702888146	0.07884073674090156	
0.09961126492203602	0.09465999171272302	0.31710953575403483	2.979595595645993E-4	0.19366931930142212	
0.26616062235886023	0.0914734320703314	0.24302791356214604	0.17559867863610315	0.08815367126628702	
0.0554159138455485	0.0	1.2499293831643837E-5	0.08686426223448518	0.1265652318593127	
0.06472100632339593	0.050996549485376186	0.10675865416821724	0.25510150903854417	0.27111734834471646	
0.08247870594058435	0.1103339699192728	0.20564252087525525	0.25814124027953417	0.2548844650807822	
0.5228290661491675	0.3587662403239292	0.5050507985030164	0.2022740254954388	0.23424634859171004	
0.19119489301287723	0.0017200566044129984	0.22620531820781	0.13070856862782188	0.054795376015851244	
0.3948956409492311	0.13173336398601065	0.2908001919779827	0.03312663204727137	0.12432659733974244	
0.19669604602206814	0.2847379334484437	0.13730707726242922	0.13913487128296473	0.20613410536813723	
0.09727248388100533	0.09414947564151255	0.10404967467040417	0.08925448757542143	0.29541143789902974	
0.3475775830899746	0.48157663785905525	0.22223624448710472	0.14359070658775996	0.18993179122694848	
0.6767857313683872	0.5569478784159743	0.4900322098104272	0.6090954346236288	0.5341789185266781	
0.2793689697276352	0.1224816943515682	0.10597564762954616	0.09471540839733143	0.19317167338895552	
0.35709421406131003	0.24438784541843553	0.19093821948739748	0.43748409163363416	0.21948391146142526	
8.397847045924806E-4	0.24954736353059784	0.02875989424359322	0.22718340939433138	0.25878849773410684	
0.15783832775720513	0.28073550714316803	0.4047891894369193	0.2841350454935621	0.5670233807549623	
0.0	0.0	0.20941642961583537	0.06699228355713316	0.0	
0.20410162289339273	0.0	0.230689618018884	0.3684801941792246	0.303781056405347	
0.24917982676930708	0.17455758205060787	0.2581856857229583	0.05691621869579333	0.15736751442276495	
0.18556843808995435	0.25584448191709797	0.0	0.05072198229227871	0.1349583508842035	
0.1542343430306738	0.1448819685440447	0.1487644985318373	0.1372968234486385	0.1970828451158082	
0.07466453514215259	0.2903308457013266	0.2144251129777492	0.19863769741806375	0.22009386050604265	
0.02421685274391134	0.15476288341013472	0.2463046223865408	0.04229218004928662	0.2554690213017016	
0.216127477415066	0.12820255428601668	0.2537840941775101	0.15341707227230783	0.15357447554345624	
0.28794071568722535	0.03993204253856859	0.2157440166815653	0.14448172520866706	0.2379725622533798	
0.0	0.16137434849222515	0.0	0.0	0.06833507976973878	
0.08924203017026132	0.10756590533143551	0.12081392025416632	0.06271123610526198	0.2010114841169427	
0.0	0.13317232892161165	0.1916038125781659	0.028223286196813326	0.0	
0.10864375694145101	0.055115328954454375	0.21431520207021443	0.013927547272478814	0.0029997109518765026	
0.07976992284103408	0.0	0.13600315160977036	0.29641478079055356	0.26436129164508626	
0.018908270577404244	0.014045278117804053	0.041655870613970344	0.005700702593769166	0.0	
0.4238336387684645	0.2372028589602354	0.22207649594339537	0.060365988323034546	0.08019876916567205	
0.2671062441154765	0.06291916755254563	0.3282230782716548	0.14066751021769894	0.20795438537814	
0.2007223970698898	0.04454115304296766	0.11868634067556454	0.0	0.4053095737713822	
0.20295619735130202	0.2736386092125999	0.27329353972517695	0.21030096387751343	0.3901594475870301	
0.2866084863495366	0.07047704293577683	0.18116860705875468	0.19011512274536296	0.21214199185152063	
0.33440428272778233	0.19406665607411452	0.2840562956871697	0.5204293089909174	0.20981841507777504	
0.357995463113811	0.1373731109067435	0.20034512646229144	0.001967005981595432	0.41415240915847584	
0.36097809794210406	0.004124364480301788	0.47250572591461276	0.008419634813491717	0.07713418337547705	
0.0	0.007677385290131189	0.22939157633273702	0.0	0.0	
0.08520502272196231	0.19158888952507575	0.17349284740291815	0.17304373041659277	0.16177366493704468	
0.0	0.0	0.20601935430317977	0.0	0.0	
0.13964909045359167	0.13533276519095583	0.08889461615461447	0.012736246705924763	0.1811415285308975	
0.2535459657566632	0.23390862225440576	0.19203906488416614	0.44895812393347284	0.33432923567288647	
0.284160074753361	0.18818148342438673	0.22870770847592872	0.25046338320469896	0.03252919359816665	
0.12085072613825924	0.1685420334282248	0.20255684181364478	0.2056795406786966	0.19699412482787368	
0.20270152450471265	0.2793146547777648	0.07849130230949695	0.22908955422077057	0.02612425116776294	
0.17309188224375	0.07491456006652787	0.24127049171774811	0.05893374380079067	0.2900115436775746	
0.14649415988630224	0.0	0.15903732258762465	0.13703366151963822	0.18585935153112482	
0.15662391444192258	0.12486575634206142	0.07429779645859445	0.24813708941885543	0.18147209964825203	
0.0	0.18108388043974988	0.0	0.12780140488583572	0.0	
0.16507006224370088	0.5240189367238699	0.0	0.06587005175806032	0.0	
0.0	0.0	0.007407546507581972	0.0	0.15287121669696682	
0.18090298995234738	0.17747121162913468	0.0	0.11607953360968584	0.08964367878572596	
0.4208595742926001	0.2259128662803532	0.0	0.0	0.13851433466437954	
0.025023492464235974	0.04384891314495045	0.22290930904623296	0.0	0.0	
0.13703614255394375	0.1939721256399361	0.26704168718361193	0.3398264610628129	0.25751078541984035	
0.147367258218695	0.26075593868251784	0.05174415548614372	0.14651696877486636	0.056987473958658864	
0.16246821461163705	0.25594692378836914	0.24837893202765451	0.27593680965244155	0.20879729233093963	
0.2865213906749368	0.2543528981253326	0.0694691250464659	0.16620606542061506	0.27882065125484656	
0.23339248870405457	0.23391686420193078	0.019351620461406777	0.2934412279173552	0.2481444243516276	
0.06803323806908626	0.1749777751259394	0.002083664637227241	0.14524821969527277	0.00863000575405403	
0.0780798932371197	0.11055847462486633	0.0214230164515698	0.27081397558709824	0.044002863323326646	
0.21495342726036742	0.2645240361909369	0.24370446073046284	0.11066897653119677	0.24763393983487067	
0.10265237242971535	0.08785614369646244	0.109419765002513	0.17206527125183735	0.14145803840989585	
0.15782728503899116	0.28436510827661293	0.28681166478110526	0.3439127793790424	0.09424319418730932	
0.0815225277483697	0.2544446323486592	0.2693194219113569	0.15525199228826325	0.20925211431472523	
0.043875113937529596	0.017760696197464426	0.06993475034538071	0.253336215382651	0.12594803685780648	
0.2508776875240882	0.12243506297336476	0.1198574140494395	0.08695841237795869	0.19328789662422077	
0.2922732392669288	0.11241114357561618	0.12007131998821728	0.1541553747449893	0.193021343733866	
0.06704175460253355	0.15086340013667704	0.33008839299901377	0.02180559602114871	0.21674120964324106	
0.11418670414658548	0.04111052349296713	0.11510312968044185	0.16814828093693926	0.0	
0.08544968660661811	0.08604301394917648	2.019705145950674E-4	0.06122091646363788	0.20301294945403697	
0.15097505314579635	0.09609014594360839	0.28706817835554277	0.1703057312594214	0.2695450435001716	
0.10485590265488086	0.2392310087744621	0.14757022764329406	0.1129733200411808	0.1333925300675202	
0.24664113510277672	0.0149560815733827	0.09036159883840275	0.009600833496513894	0.019454392713379055	
0.0447641128431034	0.07700491108929586	0.1575010170084774	0.13386021897583356	0.1299889523339507	
0.11396992406048427	0.002795342368851198	0.17970299597522643	0.09122813133891795	0.26259333123102396	
0.18161947587728647	0.16317954211709623	0.27636329622580413	0.07707557016913107	0.29566010347814325	
0.09487415816859993	0.2872201521094061	0.18465377900863217	0.19216531079404015	0.03915413246066457	
0.18101127515026247	0.0	0.0	0.10422273640365674	0.09667991249346278	
0.039290808889120954	0.19746675895658805	0.03954170750063907	0.026578538879401505	0.08562894590271873	
0.2372552137428309	0.06122716835854049	0.04370125425014898	0.06864783097784768	0.02816568835664454	
0.15733184361733593	0.5077574484709069	0.13789049922539415	0.3973624889105574	0.2981762044539624	
0.12264866029063015	0.24555714784168856	0.5104106543549001	0.0	0.12437807877148058	
0.09894097723499981	0.24003668416047963	0.18181277241482272	0.2408212582947261	0.10100426524975295	
0.09885448507272315	0.16439885362089363	0.08816718418816137	0.044519235333762605	0.01710267557484759	
0.4365334142448722	0.24556070916136685	0.16515213615306296	0.24558977350570707	0.11161960333493302	
0.14755790849922878	0.10154143440236324	0.032655037214978824	0.18555289299889072	0.07687102107751487	
0.029017853399853483	0.0593196887576353	0.14312234654377587	0.256766788235877	0.0491843508694904	
0.03247565242603025	0.035644130038710135	0.22107099808654831	0.11187011020340863	0.2925889358997439	
0.16986935308421003	6.56008344525503E-5	0.2712585642892397	0.02966952848887741	0.07088938172653934	
0.2869344864051219	0.10449665938334289	0.13201037417756778	0.24955075042532118	0.16819212313578996	
0.2288964327176022	0.07559906363488363	0.0	0.08672739405134682	0.042558043789704514	
0.028492590342477062	0.09577209630911324	0.25232131827110926	0.20179402596023904	0.1449108162589145	
0.290505657251225	0.25794724178859396	0.39715588210400127	0.2899471949961522	0.1957431980676288	
0.05341272214152665	0.22917892461380218	0.48536255307112786	0.12413164578265957	0.16415814335407636	
0.2336743412495234	0.2910591238359225	0.21177049738079337	0.13434071261808023	0.21077278479190503	
0.21582837800504692	0.0	0.1399149253887977	0.15629820389900714	0.06843168270343458	
0.22824938749913243	0.07917168624358807	0.18273161044496586	0.24905677706565366	0.07215278104969797	
0.2785530812355763	0.12828674261673081	0.1574051380796677	0.0	0.0	
0.0	0.26434284541354247	0.0	0.3116946227743971	0.17457775923111007	
0.040011544184332205	0.12636992093095034	0.03536965716628388	0.04036739017632681	0.09618291933207956	
0.23389323531471415	0.2678149980750823	0.23500434720588095	0.3406700964080569	0.05745850403254247	
0.17434581645728042	0.07774053010692074	0.049782714782938005	0.13803024396959646	0.016048656006461208	
0.0935393114994975	0.32078783788843734	0.04028994242633506	0.4903418009474542	0.4237647654043996	
0.24971264131220575	0.19457893372447532	0.12223257752752445	0.09533056974886918	0.014904381136032086	
0.20147485652595817	0.2519842227300619	0.09223822027153905	0.270976070663891	0.2902289104751903	
0.27731348245674853	0.0	0.006919411500334901	0.0	0.15532185277901225	
0.1930889611651544	0.2903389794053475	0.41287948951361153	0.0	0.0	
0.005193679841038296	0.26451739854616657	0.04363725481067356	0.17792553998292873	0.11512115974779358	
0.09841607158374199	0.1507853933134725	0.09366737359325088	0.10875276754486901	0.25114959932443176	
0.14565291026572894	0.07928712591328571	0.26764223375360685	0.05774138736743848	0.06496866729180269	
0.09261676902847549	0.13817405628048599	0.16104254115285793	0.08740735858410756	0.12744772971039361	
0.28593549263644424	0.19581430847344722	0.01562724982373856	0.19367497552392507	0.25777070852025824	
0.16807537322866262	0.2153462002991023	0.1385998624377913	0.2462060853168424	0.17770957223452996	
0.12310773229478877	0.2684585440799064	0.2612092128098301	0.16907487688509132	0.15223179618688182	
0.0	0.24894715691832764	0.03447222968831461	0.2009032364549465	0.19130605248318985	
0.11125240064828253	0.09427651038333754	0.26078309824981466	0.21907330433102548	0.007380815782926021	
0.37832267534200315	0.2773226524625847	0.2893871925840213	0.16549854400043898	0.36930434415470914	
0.06119473405698089	0.042199173149033486	0.09972931556551905	0.09459350134084814	0.03424387861132341	
0.2298389993733282	0.03356479885051069	0.2147894654017499	0.04816524978343664	0.011138315390727424	
0.20362215536351858	0.13322875562392206	0.1727508322480209	0.28331207712179035	0.17667332522116605	
0.09774746149058863	0.2861135427374965	0.283240568783153	0.248485642297203	4.008424949138281E-4	
0.032343525475315826	0.12041235741701774	0.03559832793450689	0.056583624259600215	0.22059954892889508	
0.286288138968712	0.19660078436812906	0.04408525360750177	0.16473231174920563	0.15373964622576153	
0.231940685312281	0.16183192479347608	0.06132980467388982	0.22770374524884554	0.0981143542964853	
0.1756997458370943	0.006858345925526639	0.11294495397969909	0.041228098380740284	0.07451958398587921	
0.2820199484845619	0.009479534738767502	0.0782570071598354	0.03229829397453095	0.21820762189804813	
0.07911263834743919	0.2863455194345928	0.0656382097117989	0.07318942202286598	0.0242990914962132	
0.23859832837437603	0.27586570293265733	0.14066434064143676	0.2958962936160827	0.018741440353840705	
0.23015045081473198	0.007098055810035814	0.18435909160187533	0.2711020177654776	0.2794906831416009	
0.11492557072416777	0.2597270101781368	0.17114166617456847	0.10049610936818638	0.26651995253023586	
0.24170371940930968	0.012702860743724611	0.1301058849914753	0.24008318969094772	0.297689862829358	
0.21781088683023386	0.1250991633120614	0.3619843207776724	0.060123571883249884	0.013432917327202852	
0.04366310420296719	0.29616984794033635	0.2907006902426499	0.15058791838566024	0.10512028676853641	
0.1756917641925162	0.12422934694470218	0.07553430237782507	0.13081081210897552	0.14499372550019576	
0.09296940119697587	0.08503621000569489	0.1622622760377295	0.16035828256210327	0.14380824818654409	
0.3646122179609481	0.13895137918389908	0.11388967834216304	0.0869293653773863	0.13477659857063712	
0.3590388911230355	0.2586413817715589	0.32666850172110923	0.36783581926925063	0.25918187967373923	
0.1919602556321242	0.4238505531095255	0.22786772708863157	0.24186591158954254	0.22430134637016497	
0.23882696940867038	0.2610231056672591	0.1100231560601197	0.15780343226808885	0.02443655267315957	
0.07403446409419284	0.11012749252610125	0.24993337136478988	0.06810971777653246	0.15453911764299022	
0.0	0.37454013408545184	0.5558219388104816	0.18812776772799722	0.2456461955001281	
0.23640399137286372	0.19588974662110706	0.08468911872250726	0.048086103248770475	0.2919359878593769	
0.002203578384033277	0.2490817153831696	0.2075998970477628	0.10059115967045283	0.15686519979186173	
0.01832696871519973	0.2601234620124656	0.006948000419831072	0.04674361557704214	0.006854494068000289	
0.19532049362182916	0.0594113230369726	0.1387657807184756	0.0	0.3298244255684576	
0.13278863340428354	0.02687421901340916	0.1889234738542501	0.045001337693997036	0.1325328509715968	
0.18203420320771233	0.13794086729849042	0.09425202295943273	0.0644427028046018	0.025917462396211698	
0.1243999202837318	0.1654531269337203	0.4046800390243692	0.02450323277285492	0.26534908838156934	
0.2894406284033445	0.07382434329737046	0.27485544803159245	0.2345158094601406	0.17476838040691856	
0.066398108370723	0.12170733424895609	0.2257807923801309	0.20018219734432166	0.14379016357998062	
0.36627220922289905	0.08724214195769998	0.29140205121752355	0.581205526606876	0.27343129571077546	
0.199623159190168	0.15135972141828571	0.2992404572193862	0.17962573149184188	0.26158422882659027	
0.26731801213244977	0.04354718383672049	0.018768388605099256	0.04040199529952065	0.06779087886572029	
0.22534171908290143	0.2794882021384406	0.2896919160484281	0.050748218629279265	0.04738417814888994	
0.13821031366396913	0.18715817363805107	0.3249103275765489	0.44001421325080536	0.0	
0.23874949892972408	0.11494184163408824	0.2732541282672333	0.15300152565279806	0.11142516287578007	
0.1444427530621958	0.26967119621232205	0.2671351817046009	0.2626480639132557	0.13540567918860535	
0.12483634746935966	0.14963227797163495	0.09207611193948675	0.20244297773743344	0.24808281328429008	
0.1811431449642709	0.05571155476033768	0.11721867109023001	0.05214240627807971	0.15173232660138952	
0.2378248352198419	0.28071944374444424	0.24469323944079527	0.2667196370835639	0.2412901306490288	
0.12062101393533059	0.06317819347373743	0.08970057213810935	0.25765102985528043	0.17892595451046242	
0.15106742836308878	0.12122984140997427	0.022979006830880458	0.011267839411588657	0.27696716002991556	
0.189136439177456	0.08189616676593157	0.09488855549555944	0.253762837346513	0.19616377073580207	
0.3662687055890951	0.3956216079943902	0.2775497160326447	0.23235694700124634	0.08168262271544065	
0.28068670598226775	0.23181814648466978	0.1581170792241139	0.2294290510187009	0.013598838905013878	
0.16608047522844555	0.06575980102089724	0.2892856883236942	0.25808895328596676	0.015076675188094706	
0.0	0.0	0.0	0.0	0.0	
0.24711371754337347	0.42133183932780227	0.30393617462983535	0.182952156758347	0.315724527304431	
0.08087847931513496	0.2075357284635285	0.11648591616805379	0.1995262268853259	0.09093292737828851	
0.29656850922923217	0.273605863606677	0.13901152816137236	0.2607178874498817	0.17810391342518245	
0.03477721637438537	0.2392070484463832	0.2796288118377333	0.2052674580826326	0.2599298358708712	
0.18582924174134535	0.0763386082899307	0.06327787930269943	0.27004883374803207	0.009262768320355736	
0.2548991060647221	0.12813826577731616	0.07593050059120425	0.0999327913157323	0.21663914296335063	
0.430519890062834	0.3643701106075104	0.26632117049144677	0.24824413137507034	0.1974504665729715	
0.2226026542330951	0.0992764727251398	0.07867506853835969	0.22994395243921678	0.014990025336227548	
0.23952501101390977	0.18956695137371848	0.40833497216059383	0.5002712341752766	0.32399468656727115	
0.13933681018602118	0.05369948971875113	0.11665949161058267	0.07192086545065214	0.2858369844454973	
0.17494987563216702	0.28454178831916577	0.24997880702952072	0.0024233673126442703	0.1679024125796791	
0.4041081984692868	0.32141880942092577	0.42491016265386494	0.37454681093680425	0.0	
0.23536741244241546	0.06412788684239913	0.17355053849475333	0.12321563539380495	0.2490747911435455	
0.0	0.0	0.0	0.09823294474614885	0.0	
0.22411448531373884	0.0	0.0725312166680197	0.03083989475131507	0.15277498525561134	
0.0022885545491918616	0.08194512332068189	0.0363821628791301	0.1990734325982676	0.019227307396812856	
0.2285433498994301	9.361775207144278E-4	0.017568215380324877	0.2875471122409536	0.009483545949281821	
0.062088298463827615	0.21029852005224137	0.14426529277107009	0.24509236297797352	0.1975009831328741	
0.11581272200580185	0.057027299934156186	0.0	0.06694772821451397	0.1191429927174545	
0.0	0.027592614551737477	0.022648457539358777	0.14214150423870825	0.16802577812928138	
0.047524123733244814	0.17576835435965	0.004220025111965976	0.2585843947159441	0.0	
0.31461215414331345	0.2882389836964046	0.20691312670252082	0.24594989507899928	0.0926047568634818	
0.08894019305789509	0.1318372685937445	0.025603754438215047	0.04036064486856316	0.2743912599786812	
0.03045125150357689	0.004777770214327447	0.0037857129839044684	0.10258684571084441	0.22284586450287308	
0.021346610946209713	0.24877849417409303	0.09064988412637053	0.04476664322473948	0.14321956794243898	
0.08393770301599617	0.04629657712819663	0.0967204547830064	0.0019618607762311156	0.13790387277854077	
0.11375684526398808	0.08974335040396543	0.02889910052418488	0.06632230931194238	0.022444260210338428	
0.6340594109762092	0.6898603442857846	0.5223928483744367	0.40208657075587356	0.3233899884830795	
0.21502920297842523	0.023909590452529154	0.06389806918724557	0.29143288318602933	0.11342190754863103	
0.0041397523559630065	0.017945805249227433	0.2138585675371853	0.06145006905654536	0.06684918055142787	
0.2331239747478256	0.22257271275093274	0.2011089971817951	0.004731956941069379	0.2777998958244924	
0.09612263459297204	0.05349638896185611	0.10905390868690416	0.11473853635442467	0.1528142795659098	
0.2876233903661855	0.09977009559786075	0.11553882368224039	0.06826020717026905	0.01019901603511385	
0.12017362364071618	0.19435560520897588	0.2483624894310624	0.037120377131100335	0.12749165923839662	
0.33308445514986695	0.2000013595083085	0.0	0.1831227858686196	0.0	
0.19200011171605622	0.16920320691690843	0.22606390165163795	0.198744344765963	0.2618156880238476	
0.27470108134483934	0.2906923628547349	0.02338008176668391	0.06479006057733375	0.134196073339606	
0.06484853583304678	0.0	0.0	0.0	0.0	
0.06292003860107995	0.1956708634655695	0.25525987655979204	0.25689908240984216	0.26295753401738564	
0.13841820132718782	0.16961086801929431	0.2973244491196395	0.1927111401626771	0.03172804829550668	
0.1750226228051673	0.2768007004004613	0.47363920857747277	0.1762176319752275	0.42893065919641954	
0.25387112877636364	0.11674579655295542	0.06058055795999389	0.26851371562178655	0.2948842572681246	
0.27661251913839024	0.43170853154006417	0.37200056500177964	0.1934823282292711	0.250392219594831	
0.056433721132315075	0.21405447203210093	0.008662328634797578	0.25635914635293455	0.21290430289234236	
0.13227869135453243	0.22067640941698505	0.19518929160316234	0.1084670531340513	0.022991865689892445	
0.06747425554069661	0.060417023453539914	0.0	0.2193007130447256	0.06127872183991753	
0.1759881983394552	0.05527316894137951	0.196185083982721	5.806301224517416E-4	0.2596289156484515	
0.0	0.0	0.46489438259863214	0.4235552862222379	0.0	
0.2298927546048481	0.052788807376894384	0.2373414988146608	0.16095390138745994	5.920355678466493E-4	
0.2009110005888682	0.19366700652016605	0.04596769182915723	0.03823072916689512	0.2853822568568455	
0.27803474142460066	0.11452224992721158	0.021143939087790612	0.09808064928672652	0.09340709619709071	
0.014969033631574459	0.09073262046007584	0.16904067323774177	0.02521163920187337	0.11645212146597164	
0.4791439623473995	0.37619741186351524	0.21986239474848146	0.4232431768318001	0.13571183361330336	
0.14338421284287933	0.0	0.2321259622120721	0.45295280337534854	0.6132668813520109	
0.041888559302652034	0.07313657437475601	0.2360731480978655	0.07394090530054633	0.3007358918053663	
0.18560784604677194	0.12538297712899824	0.15206593124296358	0.09338139804106492	0.19920140096089087	
0.04419440536447197	0.23154104820261107	0.1300837162342581	0.04135778083612706	0.20799455507141362	
0.03410888509572882	0.15263537575157987	0.12851469212530628	0.04671435398579123	0.297477216730962	
0.13207845915876432	0.264609955084483	0.12222919260102652	0.050019873430696735	0.2345361650569763	
0.1647457692724091	0.04060015990101524	0.13079909144490884	0.2911773049428612	0.2906949536619879	
0.16290840661515	0.15198097626863988	0.20592831539930886	0.184600985590185	0.026281262348351906	
0.08288366652969185	0.29619776715936763	0.24830177384841723	0.2172888271315537	0.14529100252511012	
0.17962532521619	0.081902449156783	0.1922479344149172	0.0	0.07963196888737968	
0.1798848421425806	0.05921818228067944	0.19424183302688733	0.1891353404191563	0.07551301579314705	
0.05156683495242704	0.06194142951055813	0.026590567042973606	0.10492931825463156	0.09687586728272107	
0.018777673715482557	0.14590270143961795	0.02797239650363463	0.034816866221897926	0.13584373173990708	
0.2665813018691288	0.26570216510559647	0.19652256893404713	0.2691262469005079	0.2724701264433365	
0.0695017128729045	0.24458111519001174	0.24519101114706623	0.20458567893272672	0.06320344767183762	
0.2852712056966637	0.03182981098427682	0.028230666192362443	0.1260845342205208	0.22898622817154274	
0.003360316777947956	0.07872049459249386	0.02057862057455208	0.20516567427617843	0.11002154917880412	
0.2666878313223023	0.08413669920153478	0.2941128342154338	0.2366978041025693	0.2734635166997225	
0.13394317993628754	0.25596398673169696	0.19699710241269464	0.15286811010323592	0.1283109477466554	
0.014183548149612632	0.130703662799137	0.20194754410613378	0.061479087194191526	0.14387346225005054	
0.18959876452934915	0.04801143484055157	0.0649558103540876	0.11588290223114438	0.25125864597658876	
0.35789831500297	0.5062898981703899	0.6032318050164974	0.3932562166285433	0.33648393069893623	
0.0	0.06185385068440772	0.01022657891915032	0.0317479676738354	0.008545661945793412	
0.2989314386022921	0.11855783899028073	0.14894925171695733	0.21534071127268498	0.2304803840643174	
0.12682463222228257	0.23381425642515402	0.21907683483372328	0.19781317854883684	0.015373621616110604	
0.15869896325192076	0.2975020060012036	0.27253487225403167	0.05574642145995589	0.2385424191108893	
0.04795839493035193	0.13531732269110117	0.18436766822014675	0.017782028023071873	0.07912725449711296	
0.14722386364824513	0.00777168987319959	0.0	0.012461157235242926	0.07987428707916759	
0.07347102600319515	0.127555580262604	0.2578806509927867	0.22269556560770018	0.10495981176895937	
0.12460129879698707	0.2924981928868392	0.15323802463964106	0.1746202761868567	0.04725236589323839	
0.10343415224081466	0.2696939925712439	0.28643176440380796	0.062232996277791074	0.158490141537573	
0.21745711341354992	0.0	0.007651899574732953	0.22212271039589002	0.01130670640782908	
0.25572076028655594	0.20300260389445113	0.17701242412572304	0.1941383151902651	0.1392760787613972	
0.0	0.0	0.0	0.25779119447810334	0.2147810824787811	
0.049201948425271744	0.11792169776303554	0.047028306175208576	0.1468641154381356	0.1362822202991548	
0.14625417313797406	0.16393247929826202	0.07505867072037863	0.15572168181988963	0.05156182465463559	
0.2391788148490882	0.016492247650634586	0.16203084480640262	0.01636443313965273	0.07995930147681113	
0.1899537010874727	0.11829397544462031	0.07662663618376292	0.01558266107782227	0.19026898616579013	
0.2953374838937818	0.12197541756629521	0.20739604933086822	0.08267419931444102	0.19739678376539957	
0.15248530363685314	0.3579531562575174	0.5389937667207612	0.1045995230223383	0.09714211239898092	
0.2631047793272513	0.22706933089117964	0.21538262209068074	0.25174757768783285	0.2152868664554259	
0.33463588310843495	0.32269996856064687	0.24018788455704315	0.4026018146758309	0.23817237918016756	
0.21609821806548343	0.23350002227992891	0.14246154307286163	0.045905151582052516	0.09317011654434738	
0.028128877672798234	0.18502852201436107	0.04419151261426151	0.09280130095959879	0.21348666093791044	
0.22316718516045927	0.18203964499198583	0.1744688629762764	0.17792328354991596	0.024754026638131116	
0.2757449403908799	0.245038908783699	0.136787141240159	0.17877358008831037	0.02989967504918766	
0.0013782504037780066	0.025626641045828385	5.401686823905882E-4	9.968216494037896E-4	0.04979560710959829	
0.12838002806230714	0.1366839268981637	0.0076698971412681215	0.12785676638723867	0.10395606819664187	
0.09734839726132982	0.1508665285876471	0.0	0.13849817924407856	0.0	
0.2772627553530843	0.10510396846909577	0.24313308615541654	0.185475061789478	0.278784298429331	
0.2550169083283665	0.13077958644624627	0.2612488949127148	0.14589856663822762	0.008713129276458004	
0.0	0.0806782677924078	0.07109424188343093	0.02531976450547031	0.016238094090915235	
0.06737041852975786	0.2721609587068174	0.2991549125546552	0.07295611978049903	0.2015346668396172	
0.0	0.0	0.0320967055021699	0.0	0.008888687162686577	
0.17182191589370613	0.20003839010787436	0.16954906086247404	0.2823939094771417	0.17238724956947	
0.22544873777429905	0.23843947780646194	0.13835323605500896	0.19524614837919277	0.14049716097420234	
0.10263654941088979	0.05442780545139767	0.023061281736170128	0.22313883572860355	0.0020367565809795143	
0.3002515377378471	0.13678265865474307	0.050818008857064285	0.14382705350324543	0.06869666435761454	
0.06253279280881746	0.2306011244911945	0.15106554290090846	0.027395273762713685	0.2110612043269226	
0.27003303373621773	0.09084162611546207	0.07685991223116394	0.03889350391725116	0.17542120672918138	
0.14166783054412468	0.344127722597732	0.1994958453115411	0.0	0.31025413078612735	
0.18195543371870407	0.229480072036397	0.017561022134689228	0.15719489627970726	0.2540146997769204	
0.06731973234827839	0.2338821914002075	0.17624553348658328	0.08752333056388335	0.19336459681709112	
0.091844161020127	0.1237307656228805	0.002216610898165392	0.19294574995008776	0.05886502443981311	
0.14042714522078756	0.11607409434514021	0.2962107719630896	0.014398678329905263	0.12692196194454908	
0.22686378623147768	0.06333626351406964	0.2931818143009076	0.0234409173698928	0.09917879279497685	
0.017225565444338408	0.15634555337451414	0.04813365466236986	0.1436701977340823	0.2155067084932382	
0.0962265286542602	0.2549701515016276	0.1237021925955778	0.034870114557833266	0.15425987474279967	
0.2189451807303069	0.22837457986476434	0.03130520971427471	0.02732666944961449	0.17385344134700884	
0.24368066371026775	0.0	0.008399822021364807	0.0	0.0	
0.11235773731645311	0.17774468597078233	0.14589117117156136	0.2779871032185416	0.10277567585773703	
0.015872842741341042	0.28687878125310595	0.18833592229314802	0.023037302389463304	0.10634670247938498	
0.35572626893481674	0.12176867565548419	0.0194495284033868	0.2977760577031638	0.09762022773551124	
0.14265988045978073	0.25458767872507554	0.12935525547183443	0.28509801785789385	0.1998581924235485	
0.1808717012615857	0.0678038464933116	0.1734898205091094	0.10546916932102034	0.17680193613983497	
0.250014895324315	0.2767032382770671	0.13792872507916587	0.23419116521379382	0.03689578053857404	
0.19588194641550172	0.24056135604580361	0.2413522922602914	0.04119196883180584	0.07897950340311728	
0.1306917268685119	0.07958698456926391	0.26301220836523415	0.14217073858611018	0.16520918314131208	
0.21468938597568255	0.12989380247501536	0.2265769615051473	0.22891774278125832	0.15191760921549177	
0.012153084091403202	0.0777743348406658	0.07147288360855737	0.030054222479947316	0.020553669989202192	
0.3317836247175135	0.2773025385685763	0.1352647471699946	0.13448079228582235	0.09065991397880871	
0.0	0.13311995694670933	0.0	0.005168728104728945	0.012605500413376252	
0.29630962151013973	0.07648096701779136	0.04914924861933884	0.1345795768017539	0.19462467921696563	
0.18441196243352692	0.11377542936044693	0.23028664202174223	0.11216963094105241	0.16297997485490615	
0.12557604921036095	0.06711081373033878	0.1563883657652407	0.1348097367174621	0.2645574578112242	
0.17452706915789068	0.2601013008259838	0.14669890351846815	0.07391217533470759	0.24065179980100995	
0.018457288397188576	0.2771745170613562	0.11738863905169854	0.27617692264123256	0.20557385644269546	
0.29937581785932293	0.16703576663438396	0.12254270737130651	0.03833580429661783	0.036780102476778445	
0.1237229280095976	0.11523004786311469	0.10991949890103651	0.25346901749552797	0.07779987101812345	
0.12422581530227197	0.2590304903318199	0.11938534674032696	0.2070429068072052	0.062291198196252166	
0.1421207648562079	0.2020158867043622	0.06569796057837511	0.05722403487130123	0.0726283409943208	
0.013624953728324956	0.1510833968817033	0.24285558505530697	0.11970284019001746	0.25543465117782466	
0.24613681247636707	0.2185642941168281	0.689033961488973	0.281605924777946	0.4956364023961486	
0.24932299849911616	0.14299404448264288	0.2068674094828486	0.22423022702202036	0.22221534823075878	
0.0	0.07954291546147364	0.10209024634584611	0.09923815568835732	0.17914918455886855	
0.09788547322307815	0.1292317160730492	0.0	0.0	0.04495752145878311	
0.002455386602652148	0.005072056223198141	0.030502806039893155	0.11709595293131776	0.13852277501375101	
0.0	0.036558608777219434	0.008566346980402734	0.10683666824100287	0.03534257312696269	
0.17961416041386874	0.10143368936600967	7.390871565299862E-4	0.19245107047207505	0.1046505477162097	
0.13323106931424494	4.301295106478789E-4	0.20712040721128802	0.023810261753630754	0.01800185452765944	
0.20224930099630115	0.0898437851452882	0.35319555376344763	0.25905244493708285	0.22744627881326276	
0.2995822240089359	0.17267645688631525	0.12176442207812578	0.04705387234168291	0.02107635713547185	
0.13388018888803685	0.24602492489875177	0.19055248081080237	0.17133694927006202	0.008248928693752983	
0.3595385964476716	0.26931642004025275	0.22744243227135133	0.1407056376556384	0.46780396050376116	
0.20340661805851729	0.15025469264887606	0.20741224004576514	0.11257361538394167	0.12953259387318125	
0.16967940680374827	0.2374241176434973	0.009201190091493488	0.09258852642269264	0.027460583715770186	
0.0355842552840739	0.2680369146669807	0.050492660572103734	0.019285921144326777	0.07964566657988896	
0.11926803266254597	0.0	2.7813362735954795E-4	0.0	0.0	
0.07144688648116618	0.36163477819568846	0.3652221230434384	0.20226379445464968	0.2766257193823804	
0.20785297808619582	0.21548581244101478	0.2470395951473072	0.049418583616959166	0.2190244668878662	
0.14218739329950547	0.21696778644651726	0.09974544540249779	0.2739422311236984	0.12362185145845252	
0.19580800802823134	0.27708897165779117	0.07653723609387195	0.06265324350962802	0.12160063315440195	
0.3378658001764468	0.3928887527817412	0.11809006002199682	0.37143640832080016	0.17601566241514296	
0.21845520904436402	0.3161480533986117	0.2492455977490461	0.24779136559338688	0.6417681237970112	
0.165038313883794	0.2634981550088855	0.27984449488793	0.09922915031061265	0.10900435165014763	
0.21997867965209045	0.2304014976258122	0.07106169762445912	0.015649487192735796	0.003099527252751184	
0.09229090936148794	0.2838583229558502	0.16940669717429055	0.05003548733014437	0.27914551524196024	
0.050933084738509105	0.010219453750083861	0.13826746127062584	0.01810974300105553	0.131653085339443	
0.22393611496428334	0.20145968738345105	0.21585582534599282	0.24851190396326067	0.09928057512471584	
0.06176597444089749	0.0	0.19164587381733197	0.26370734985822636	0.06755736946679194	
0.04272072760266928	0.10743220756843341	0.1916069139349883	0.25850196780817686	0.2908624623516809	
0.0	0.05158157476301527	0.0	0.0	0.14901104611612714	
0.08715349096303623	0.09053764916053607	0.15738810536799783	0.2126548749633869	0.239602444660269	
0.15795774277269936	0.027404495036343932	0.2533386773236129	0.19420609609968603	0.20761588281397972	
0.15263489938226074	0.21615988608675618	0.17900077365341097	0.13491575237779746	0.017394121483540807	
0.03643311516993679	0.1182998474327547	0.08831546306646004	0.19704354656104733	0.28864686910213894	
0.1550974806005139	0.12681203545019856	0.27230172468906116	0.2612275832106731	0.09270763155343995	
0.18661266656124662	0.07216281610576758	0.22383030192123285	0.1540063275368717	0.03359682768599799	
0.283600670807873	0.12562625204862002	0.08598707088889003	0.228535213405451	0.17552169559093453	
0.23531218689264535	0.09942994253087421	0.0733792299995722	0.27329029756781437	0.03204454230426527	
0.13098071421839488	0.08970711547739074	0.19886181394507496	0.07446556365930208	0.0	
0.17101781536301452	0.18419804744485183	0.01368809785974352	0.0825332548597767	0.02061832977344246	
0.06362659054641279	0.15651025924112913	0.24638268534703966	0.07418022282061018	0.29520609157002076	
0.1072920775985367	0.11433388065484916	0.18360880569274032	0.23225448636523902	0.21884739640084225	
0.09719323637895741	0.10371618269481547	0.2296313875318587	0.2379039370708825	0.4036785531921823	
0.24385232498654608	0.3359586696874007	0.11622618439280405	0.2510598182802055	0.19818506671936234	
0.1086918878235097	0.2634380565013244	0.20997890861678933	0.2519961876953991	0.15588032207789645	
0.22169486668871302	0.2915901722042078	0.23823890455466543	0.1621524793920589	0.13600076409836495	
0.14541144746454387	0.23761976394361745	0.11525095791103543	0.20609296261717822	0.1358145804183238	
0.24406033338248623	0.06381293046302186	0.4455865749828958	0.5169507095325518	0.3520899398921016	
0.0637090225711132	0.15411194327487607	0.23711490226009801	0.21990585675578664	0.1852652485852933	
0.14579592631569607	0.2973139023463911	0.06408093426954962	0.22866660417495097	0.25932016061917784	
0.2048484015185162	0.33738313890284083	0.011630002605692144	0.11465395163283594	0.07833379625349939	
0.2283592908871273	0.25048477294016647	0.20218028846655486	0.037931769892680677	0.1429881951343455	
0.19666198172038388	0.020859637944554952	0.19112314377141384	0.2510447182872445	0.1851687561182059	
0.07791602166139962	0.1332224465773358	0.14306332228967897	0.2901155503283825	0.0792428799170865	
0.16872979441719557	1.7184533836778505E-4	0.20253789135963554	0.15840867209362888	0.005947901933377245	
0.27206202897765996	0.09246631849560052	0.11239274656694094	0.24746789137420702	0.10149866004955838	
0.06485179011389602	0.20714372816571552	0.10956736107442595	0.2390700946163673	0.11287487107330238	
0.2914640640356619	0.27848358145517543	0.14500807276602204	0.14649496828933206	0.04212428043050419	
0.018238582418991886	0.05902560509508712	0.02275574609912025	0.2861503124187201	0.012024249093584205	
0.07721688758661606	0.010971566580608924	0.04426711958895685	0.0	0.12360798617436405	
0.02865833434347926	0.030875287124704522	0.0226775297594154	0.2288440415397848	0.25794804283721107	
0.07174442579656819	0.4518399521408916	0.25752650728247894	0.15362423660912025	0.2963363380232395	
0.2553670936787536	0.29036275614724094	0.021815355152055	0.022088093643242025	0.13126815493588712	
0.22141585024720184	0.22238317010489286	0.20181747022978339	0.11094068770738395	0.05825983833831788	
0.08242826341952769	0.22220142781453855	0.09363588212875247	0.19111755350292947	0.03246891350479201	
0.09325616109350995	0.13674402101527103	0.022319922872963423	0.11373129171278028	0.16311787980953577	
0.23543910008358304	0.1973806279481116	0.03958632198744566	0.1643438294146662	0.2570666149837804	
0.12767368282602243	0.12047755730245667	0.1690822626915153	0.13165628730032966	0.28411381326514373	
0.04486015911613106	0.18757339918554586	0.26603398525698124	0.11535670096203501	0.2337411195094714	
0.3058974213732845	0.28338700166141756	0.40509367889929915	0.4912408991685927	0.42090793320459197	
0.18220191462173752	0.053093766148242155	0.0030087097849511362	0.11147519126647618	0.053065944498259424	
0.439038138515461	0.14038146840902863	0.43859238195496886	0.3379534498182062	0.0567061156189577	
0.1700208096629717	0.12987755114778124	0.026906086543050795	0.030126622344692766	0.22139440607677932	
0.1324198352345956	0.197829219319132	0.22275885779160431	0.14409659601896826	0.022239633272532908	
0.21478905251967945	0.2215221934087223	0.19800064454394917	0.1435783290894702	0.26652147459153935	
0.2704382585630634	0.08871064719755488	0.06630043372908323	0.23386381398397868	0.004215854892511903	
0.040548905835524576	0.3865590862117698	0.06000626650902261	0.6922203646472121	0.20885085454247773	
0.078622745744634	0.21144305869272922	0.28470482822223553	0.073829556879801	0.1124182780181448	
0.25276125275449085	0.3130432167068409	0.28590231409983174	0.26185557915851604	0.15170685551898683	
0.24828395952827553	0.061389916001060585	0.08045641364159432	0.2960766057504482	0.18617456397606225	
0.2022735665495909	0.1194873255568418	0.025289505556161572	0.20817711257022645	0.0761001355198305	
0.24133082959582663	0.275649550768323	0.22994739662651867	0.08108904515150135	0.03484102404184469	
0.346320416301717	0.24064687764432566	0.4278917076934743	0.47622593905729904	0.28075848908629764	
0.1882338698219111	0.08177201263038428	0.16873151729512997	0.0042646633936623685	0.035736924583112735	
0.11762634554522154	0.16966193708664812	0.2159547651390189	0.23104972766272902	0.010850008254042483	
0.08130067308877285	0.27261077607244044	0.21331893611217345	0.12211714581748252	0.12706357033317328	
4.960864963773625E-4	0.02932291427985514	0.09965814510482258	0.0	0.0752253267470999	
0.024663902858053567	0.16743260519121372	0.25062860149625316	0.10853502104071003	0.09864613578486704	
0.13566856859094592	0.16835521221954478	0.28415337120289463	0.17189308346553273	0.08228078808237929	
0.31211345955041003	0.13543157653731627	0.18827302407338517	0.4295891805672782	0.10541650879653999	
0.05923458140099575	0.14285308648560582	0.2934908691471703	0.3162512382811451	0.062353897104793644	
0.25313578591053854	0.15082056565203156	0.29178402601092823	0.13544123963987098	0.14265675356535862	
0.2998155558879852	0.22012826856403614	0.1888014777582748	0.24433421837106592	0.18272047598250912	
0.010952410919696077	0.10150448755602108	0.28603659295693906	0.2528166339829885	0.22145174415983854	
0.11701797265298998	0.13461998767398686	0.10881275100733788	0.14270439137002558	0.1032621103009833	
0.10775028744547112	0.09568916113707641	0.029312933307370604	0.21365578589960826	0.16056365087971403	
0.2510661247000955	0.21807655510306465	0.2832421170550984	0.026929603466748633	0.19455741828407982	
0.23749919834372676	0.2602917856662644	0.14623764558467592	0.24913056414423645	0.003020153351775106	
0.13029018847327997	0.29401845153403194	0.21554193892268084	0.12004703434616414	0.0	
0.03366731912310389	0.21436165624293585	0.14456143724056367	0.19201270904840465	0.27000154336463306	
0.24630238987842196	0.07544344107473376	0.2035016966987176	0.04697245110576159	0.06439351621096312	
0.11538589932149923	0.0	0.0	0.15845532636456078	0.09008858330445559	
0.24523723077594714	0.28962431914033393	0.30024209801168883	0.09566749402071717	0.26534993728302464	
0.24471864896149953	0.043405773758486275	0.20861794848873919	0.16516162139091578	0.24986424584424372	
0.2911845479484332	0.13315669047136805	0.34986299142048327	0.5584158533731108	0.4866974143584867	
0.045993675759885944	0.09671744128922051	0.2657781181122483	0.03774630604650602	0.17786656055138023	
0.05712755663624008	0.012879348696363499	0.1767515825470695	0.12237932391809284	0.11096523934831495	
0.17024402684476878	0.024245503561358454	0.2997547701921374	0.10045032722944253	0.052864948485652055	
0.08991492419904726	0.24532993738578932	0.05607138006064427	0.019868917568684762	0.20013928047877375	
0.2630385347768956	0.15917640935914026	0.10051004336524377	0.21691099643580372	0.2178771986536851	
0.10241873215268812	0.07992492921521588	0.04664895674670047	0.033853531996434365	0.08397182056572072	
0.1787630846567724	0.17267722122531273	0.07747874540367673	0.05679490566334208	0.014848379947257084	
0.005486051638574473	0.17369715184341167	0.07234750784829327	0.09329985429918156	0.2889506853187793	
0.42275066128685473	0.3338942940690308	0.1479729354446166	0.21494440521421604	0.13955236849195052	
0.16845820566405867	0.2222612858379868	0.1300191041515133	0.20091566556044624	0.17888535201419867	
0.019426934852533058	0.2133730832923639	0.23194406492029604	0.2853145408472438	0.23352528937418385	
0.0	0.14368303036910987	0.022667257756757334	0.008537021186288433	0.09755065651733968	
0.1272327316842528	0.14048903951420771	0.11116686434961695	0.2693045787739423	0.08948521909639383	
0.11130841097153803	0.15601557859165888	0.10639961170733653	0.27704164824725436	0.017170488221543843	
0.27870879020067524	0.28561712205576106	0.14833048057900775	0.12946124790584793	0.17502378230579374	
0.06322746944561175	0.16715674446063275	0.14580491738822884	0.10821076390241909	0.2986519755120791	
0.14566789485673454	0.2343128714038949	0.10549117580793821	0.06822110080489463	0.13445012026110317	
0.0	0.24226516916629307	0.14015807503803074	0.45868124131321425	0.0	
0.06164003284999024	0.25023006734361214	0.013167169578172313	0.21364761369558027	0.041636310634708025	
0.030824805591119858	0.24455157799939523	0.26786818939690304	0.016885718004920103	0.1476136720907713	
0.1682307494104585	0.2967789013902853	0.05306040013809374	0.15919342638153777	0.1063758295419038	
0.18820235668400842	0.15946277118378305	0.28227413724915157	0.23771345086451368	0.01217189375081425	
0.27762296764303	0.111754559724705	0.26361224492004853	0.14050185985964175	0.17445089038854586	
0.015227555213066674	0.2821541073287182	0.1864879159903909	0.07190564032761398	0.0401625926856072	
0.03623537737261516	0.11818199495769172	0.029178278407017613	0.12545446491583356	0.10518589409207323	
0.18617078193488704	0.08054404375294	0.22135023035502388	0.0459583653926164	0.22591514084199474	
0.10963381159349217	0.011732869376284278	0.09191034672715859	0.23334050126379907	0.11966328702530842	
0.15275066050835337	0.024381774830337356	0.10568959704434526	0.18270545319629986	0.11316305068321442	
0.08017454679324464	0.022285397907140434	0.11726687675904425	0.0014230878364455547	0.1482807750339488	
0.18820225644173294	0.22480368030505254	0.2744728829832885	0.05715555890797569	0.13597263483241198	
0.19408937411582158	0.04930850981094902	0.17729309509982447	0.00703099880095328	0.20237667322689532	
0.2711599179934955	0.296878853178461	0.3428276471452226	0.281328334736569	0.18274303045091705	
0.1864043571102455	0.2167134791230722	2.393315996471116E-5	0.19376633600154217	6.267584236219702E-5	
0.1427628467922752	0.11910940405473451	0.18577574165685254	0.41865443662190716	0.23594123793611593	
0.07616730598611392	0.04745644481434596	0.11573393475843873	0.0669504883552828	0.25621171000988574	
0.28752257996730235	0.2727151366742809	0.04072975084704778	0.027588917972171362	0.29971198467688964	
0.202282219837897	0.23417518998426542	0.2560863262852432	0.17854028700497573	0.3067705931466222	
0.2569715683264662	0.10807346188130623	0.29069981582423426	0.17650412339159868	0.0751428980788895	
0.07798256927344707	0.17512886623541066	0.17285123433665972	0.007308416027899682	0.05666418852496315	
0.2841692334465395	0.02656310831780741	0.14159321697881852	0.06425164137262968	0.013632677856210463	
0.17278974735508734	0.017276989796779975	0.21580915718117336	0.02524184439139285	0.044124442429250496	
0.0099816888337062	0.2589219364814963	0.22436944865803868	0.23150349356956038	0.08392911190773364	
0.03548984717470802	0.19092403571816863	0.2687356946808683	0.17019224283130202	0.22720530685395623	
0.13439593302751707	0.02353109349939834	0.032972441477708093	0.14096004353789826	0.006749984056020435	
0.060884786620660686	0.17950372195639805	0.10886291479175134	0.2543152950595908	0.01747995422112931	
0.20496713434022082	0.068210547352155	0.2969930702033555	0.14770883876316554	0.03453595342142838	
0.10206157208716538	0.21757677080362856	0.25503421316510955	0.10028955123241709	0.01218349285145373	
0.25599655303359387	0.09480542390720959	0.15530852448562932	0.4469599117500028	0.2449012967838184	
0.06064574283513754	0.018149737352302964	0.09384322638347035	0.2679160823808835	0.060798784830455914	
0.12737207589954447	0.24590874622729225	0.03787267266328906	0.264221677319134	0.07473737717719713	
0.017698494299679915	0.0	0.11883023023764708	0.11551193707920844	0.19693289495933042	
0.23842833290279872	0.2856369869164056	0.0689178420678459	0.00977626219639724	0.08128216312087692	
0.10235953893812764	0.13833103214771802	0.07908324515579017	0.16073497594987202	0.22124950958796122	
0.13565769624289703	0.23936740222169978	0.25678584692616685	0.23170674059750068	0.257411401705162	
0.19356446792818272	0.25892662983123665	0.13110798939083818	0.10049658115884301	0.22339632865671832	
0.26173268594006655	0.2712946941814833	0.16585777426486722	0.1625033783389385	0.058139225481760426	
0.2110981237834182	0.02759023732688178	0.2920686787730833	0.266756929618853	0.08427018366380075	
0.0014010687175423355	0.23398620914905383	0.11504084940815468	0.20437362445307375	0.024779546342983686	
0.07949769479652967	0.0761992337431463	0.29970553627976626	0.1834907320902659	0.136250520640057	
0.07750570325300403	0.08479975261924108	0.1466927799075141	0.029850386815419485	0.12020856002026327	
0.2198063727507516	0.02055780789099598	0.07825248673663551	0.12264874185374902	0.17935546505031952	
0.11085347954457768	0.018854519314651767	0.14530900688444842	0.15364109709080281	0.11255738994889093	
0.27670983307612196	0.20728564129367213	0.17044032588518374	0.11821509571448025	0.06985104033029617	
0.1415860700784117	0.06811190897854331	0.1374929630456071	0.09236472918921648	0.07692488202086772	
0.25515583231307926	0.2410253957585982	0.11119590786356989	0.012265934570965156	0.1549844705615527	
0.050872617818457866	0.21633807200576952	0.29349017296598695	0.29159033304054355	0.11985550546193457	
7.46917713618906E-4	0.27177269867045084	0.27923407263381617	0.15281707442690776	0.010828753083666282	
0.1860191160878809	0.1379111391782707	0.18614583223153391	0.2174124559108281	0.12789926758569006	
0.2429051016245437	0.15864905767709886	0.0214460648572496	1.7345170899299206E-5	0.19162398062707173	
0.23897818909767585	0.061828579603591595	0.12136158746296265	0.0	0.08160153701693347	
0.17014838481665126	0.05668259922841691	0.003021712665281918	0.14953819100462923	0.1294766735985577	
0.36953143497023794	0.32291084472425197	0.14298589210443627	0.388983233803433	0.39731126370608844	
0.09347550969308135	0.21969952323919806	0.05011127299442024	0.16592330914477205	0.01871038680553991	
0.21702892702988844	0.1942404069746944	0.12240150119514956	0.18176454963138286	0.22829268017840643	
0.13849125689048902	0.1240223744574831	0.049849903709765636	0.10592115231966497	0.17575817249536424	
0.04930933557093481	0.10149488358394315	0.03871689160221578	0.08727182355604855	0.11619488864779122	
0.1264012015034639	0.19826871375099597	0.26759405299683336	0.24098429401293744	0.21498170904221764	
0.528721104583222	0.7773011930900597	0.6725697214776133	0.19879404670973455	0.23458043302127116	
0.06013291812995031	0.026287631982933	0.20059807734585275	0.17805626361824434	0.2310806672975371	
0.2742445488977389	0.08423932883136795	0.0976709308201998	0.2765129497287016	0.097219586123474	
0.0937271413218324	0.28805550757161613	0.002959533165697291	0.1983042688483085	0.16712091390901593	
0.0644613247335256	0.057340500799710106	0.2002412832541919	0.29862042152755125	0.024078925652405735	
0.14500480859344272	0.0645579495528911	0.08472676642167647	0.2559468897418829	0.2529418535480195	
0.2897651724825187	0.539968591773861	0.17635104905536297	0.7506297443282139	0.45983745516099545	
0.17145322270737667	0.2509516668981662	0.23316915858184895	0.08407412405159108	0.10383123420441287	
0.2596683407218754	0.1997076659934476	0.10932738882093157	0.13969962525519686	0.19568182691392028	
0.14303602206349977	0.04506921179416209	0.24784517970428957	0.12312825545158972	0.02438815587551956	
0.1845614761460334	0.26921187503162664	0.09101843988561624	0.18280996759878676	0.052544942292375246	
0.4516011055490444	0.8178440650371305	0.3149813399809786	0.38438099990743674	0.5247245605921588	
0.013572467667325313	0.2777634836758586	0.16716600799398604	0.10637339594098637	0.05680653148448006	
0.15522008310084792	0.19299200246401876	0.08769771340808548	0.12218091436884918	0.27481917971513686	
0.2544728531185209	0.27670430786199285	0.20096047924391308	0.2392412953868865	0.22729335721875632	
0.0025317532752718204	0.27742025558698413	0.2778416214204838	0.2167360461962577	0.18897546172028348	
0.0	0.1201590567033478	0.17931552376338242	0.0	0.0	
0.20784557113711064	0.22519548126503802	0.1990525640441074	0.24584274809881193	0.17330415006030897	
0.20088536722078443	0.23755108676737666	0.18984620406725913	0.1516668403520487	0.273544802846444	
0.10329759998317473	0.245632307843683	0.0	0.13345061403483224	0.05700255914004569	
0.12822297323299345	0.0	0.09376413975066213	0.20929717979053641	0.0	
0.25754557313695026	0.10152427931786918	0.24106418626348855	0.18694040237989168	0.13231994780347595	
6.712011152196015E-4	0.2529264489913386	0.26390721966770936	0.03224390443462219	0.21779233978000628	
0.26143247075284787	0.005457557156694392	0.0015269979568706188	0.12624659301198501	0.2996992804438597	
0.0014004227623103417	0.10306533723543004	0.02391674595945946	0.013823179585356424	0.11370639689711493	
0.004337042327288041	0.13896866644324707	0.27871278035243696	0.29663891243411056	0.2512171893790531	
0.10800495772106979	0.1840106215947148	0.13984369427435825	0.2496935319430984	0.2735752851886519	
0.055662704927007735	0.03390836588549463	0.06069076001010833	0.2753239571373485	0.14442522643444677	
0.03278469183079267	0.17231536586036914	0.12257110226449315	0.2589090805773474	0.1975784538018201	
0.18792924149295157	0.004381022474372943	0.2946769953454608	0.22561838087751035	0.13574918294765517	
0.24624655736032122	0.23532776462004137	0.21921519834302625	0.26008090215884494	0.14026817073707776	
0.17587487799555102	0.21328218617039543	0.11735317724572818	0.07303185748318777	0.2375345122051956	
0.07518640434071819	0.25774697279928965	0.22911219955048528	0.20931546392379377	0.10141786237191762	
0.12219443247087465	0.19880240752252112	0.3616181363220296	0.3626713455813015	0.04886916523839617	
0.08550996862924341	0.2716628107446413	0.14956963329769554	0.09670425218511344	0.1156113652777851	
0.09116466865423697	0.04322677905698404	0.1723470109255954	0.1683632100525964	0.11552434035596738	
0.013025114721461449	0.04749843124733914	0.02258435153051681	0.14108591787900893	0.27753220605944384	
0.05533244407118602	0.048535934423744126	0.025704336787874836	0.0632202886975352	0.23126637770187033	
0.1706106528987891	0.08207501951304964	0.28160563025500895	0.29559138954672803	0.03168018452226786	
0.18288559318902514	0.03507659623805604	0.2478475170881509	0.0032269287339358253	0.2792607429088094	
0.015777679697494818	0.10398138772772444	0.13089279228641393	0.16931157584364032	0.05342820266259288	
0.15579293864525168	0.06294626598953977	0.12031610637475343	0.36971078310971023	0.08224181074866545	
0.11530515895064283	0.215316891386242	0.058743802276855245	0.1798429920675104	0.22952024205562485	
0.14905752707870548	0.09674476727685632	0.29836113647177803	0.2845422588418588	0.23361074336426255	
0.11039188933770483	0.1288506633749702	0.14677029474681766	0.07481200946644839	0.016026181827323394	
0.27936437831456185	0.1621750213876951	0.16943202950416025	0.17806842486541036	0.2951068167953869	
0.042978675304061124	0.29989224257940206	0.2979965425809163	0.15810858785057222	0.21843597575899168	
0.08030504208402099	0.05620835711426813	0.010626412054307526	0.05306884680643623	0.1478754806557211	
0.11003828465502248	0.0	0.0	0.0	0.0	
0.2083502164250972	0.07246142641643552	0.06534134869303676	0.16160704479226926	0.2204512849253036	
0.18246157452442474	0.019881869507462253	0.17163326396119782	0.29342269070543786	0.14756858976662957	
0.21776925112082873	0.008126439626772673	0.28074215369623784	0.05229258676168407	0.14581920054311295	
0.2711036751014095	0.2519819836300885	0.10914944724647363	0.08961647652273157	0.21752089181609813	
0.1969999667544894	0.16995326452999213	0.2940267197419826	0.2489718380154271	0.09917444484963038	
0.21079392819368828	0.2714521111778021	0.2868689702950505	0.20312471678789018	0.032186999479406876	
0.06795528832882929	0.07351361258096868	0.2598859761563122	0.0808565908896219	0.23337943767598593	
0.2976250970075183	0.037429227251719856	0.2151546484186137	0.11679327593707713	0.10848693151300279	
0.24002311364146095	0.13454894567485723	0.0334676258588187	0.18589559051447505	0.03259739944924453	
0.052853018377604664	0.20427898396669356	0.026655890824970826	0.2303350394383743	0.1306521536336824	
0.1915644711890494	0.06281885597455183	0.04338681248917625	0.09276866312875108	0.21335913614175234	
0.16549427570464068	0.23554337068812883	0.03581294915145829	0.11973575356033793	0.17904605199332632	
0.2753396695326694	0.27943585048712327	0.07636750872903815	0.12302268252046682	0.01891235449323173	
0.04000644499189905	0.29495562212276677	0.02308771617697102	0.2856849687751058	0.20570877423990355	
0.10043376417709278	0.2767358060338603	0.22470209040147957	0.24513009144914838	0.2226007098799137	
0.021947908746713648	0.009582081727405151	0.039452992198024804	0.23014194960935438	0.27288411354248016	
0.01132517807746217	0.0232097239543439	0.22899387706626395	0.07898265563412331	0.13385424456884276	
0.2078782403019613	0.16756257635863497	0.018928539135538488	0.11551336849139678	0.1185272433278872	
0.18251586069392414	0.06892183609215914	0.11625752371259684	0.09873510493853906	0.24291955877881227	
0.07905385505129084	0.22438229447797142	0.13339073348408553	0.02863361462529833	0.2784404274138297	
0.19436962221924345	0.03040986351725039	0.21594263911963152	0.41672527418689853	0.25069535069846033	
0.0269611598305937	0.1929164103917991	0.15600982105344247	0.18157178389418813	0.19511853757555908	
0.2551893825449411	0.26903703478072966	0.17290968836907938	0.2186500627682762	0.2814558883684425	
0.1156235221610335	0.015849018274843453	0.0593800407851242	0.009876641915168518	0.09308533635940582	
0.06546998430850114	0.06736241777504463	0.2884179195992809	0.10385115554201535	0.03156490875884788	
0.0874775626373151	0.17173056999402875	0.22945585951735137	0.25329425691631857	0.27817050424232626	
0.18779682834146316	0.1252288037722258	0.2557663807903315	0.011574229051875072	0.18928208413047226	
0.016714803361159172	0.20439185724201644	0.14955307675251192	0.1673064184257142	0.18888880771807426	
0.043282807413525304	0.06637120258714112	0.28552247011677523	0.2006169368790207	0.28965457004148687	
0.16733850511836754	0.2340996634812083	0.2171602370622705	0.12265045303951055	0.0665839321058588	
0.09576887108743258	0.1016131263878959	0.25865889800874914	0.2862933622951	0.21349599838812103	
0.23166429656108184	0.08242097948889425	0.17561492640610768	0.1715493266992697	0.17390805633649656	
0.1971915119501906	0.003118521271315317	0.020798430343942603	0.0063943720435719635	0.1806259151460925	
0.09640324176431668	0.13017031347400304	0.06081200276188917	0.1320470969083527	0.2873919389021539	
0.06392952312174048	0.15482251386372858	0.22033781664330804	0.09657067842629387	0.20450043230541384	
0.14630150712640147	0.2103734283729854	0.21871446270293501	0.10287347861524836	0.08707289484841338	
0.020099131262538195	0.1484311577992064	0.20085594497682274	0.28488851663099823	0.17610460277903825	
0.053972560326993886	0.27852913838435905	0.059032942218358024	0.07754001400726328	0.14556916343390394	
0.14526117362079255	0.08044616392422707	0.22554190919440645	0.2165524555999979	0.18604241408283886	
0.19709715284459112	0.19874769916449184	0.028899245231074122	0.2232490599621725	0.0031064178014592507	
0.003536701824015763	0.08088063866266512	0.2530594177714204	0.26724114379601005	0.24681346281288524	
0.23156711678401334	0.05102360593118468	0.02076234036241599	0.2097316236670705	0.2738618688755702	
0.13451900222773217	0.12860533060955326	0.03142985947917861	0.22463843607378597	0.09893579431719805	
0.07688968947678457	0.12081829004142142	0.15703881815041423	0.1353681110187495	0.28628474493416756	
0.24089481933205925	0.2272128099610334	0.05584351212677415	0.21540140290773616	0.024186765715085295	
0.24492214915487692	0.03689100417452541	0.23143495628576083	0.08715367366419441	0.10946001731404609	
0.10820432867700977	0.029972907185748385	0.21740741684837786	0.17234943686718876	0.28706998871942924	
0.13904713564607485	0.021168097396602786	0.10180203587693351	0.07260954671204016	0.1931043701140369	
0.013815688982616543	0.014528185445499752	0.08080665131960806	0.1583290870700756	0.23469018983142706	
0.19135919112106364	0.10353900009852213	0.1872533483338217	0.26953971282490413	0.22689824755815827	
0.033344428714162024	0.0	0.06745930636734045	0.10497591642163197	0.0775532081916608	
0.24813272531217828	0.11051422786752696	0.05115673414938288	0.08633183616628072	0.2058872051927675	
0.293314840776924	0.14295312228788512	0.050837249930954675	0.2912655564806336	0.23296058101437844	
0.01410036570167102	0.1076970633232427	0.1798951861364842	0.13613474031899422	0.18030602680050406	
0.2529862818623698	0.07844269757691058	0.002703250118483503	0.10804024112418467	0.04921972430750039	
0.2967078525766457	0.13577985665200976	0.27218969351479244	0.2668317685109946	0.1513832726068742	
0.27638862267123854	0.030133780085415875	0.03209110244595212	0.12673908547557608	0.16847289973880605	
0.1705021336355364	0.15844637522118782	0.13220760107299473	0.2209423171737948	0.1258732158862865	
0.042575157133179026	0.055896321727292905	0.2944834985807849	0.2776704514019447	0.0014761854354188278	
0.06972473368265779	0.05177757077574776	0.2258924592652708	0.07297843472230411	0.06387041760828058	
0.18175158023808438	0.013006139447405663	0.21503044046076217	0.10758369189733587	0.08589447612806589	
0.1842537927335805	0.22760365896791449	0.13207532532544025	0.21821467795894106	0.2431404643910205	
0.22067488363825982	0.020476654719644164	0.022007859996670272	0.06327731366889264	0.26007774504892994	
0.15441047874710992	0.20867705275857726	0.12665669149837333	0.11620483066433726	0.1608240743514392	
0.17567843973275096	0.252550381983119	0.2227552483566511	0.10862170110691069	0.03485369626708154	
0.1176961583602506	0.22983744996338845	0.05193906347409163	0.28825333824351257	0.10140736521346096	
0.18388083954225334	0.28646453081529943	0.12622069088773089	0.12741343388782964	0.09960220204061872	
0.16846388325909187	0.15419215875125933	0.19060729954715155	0.08333249909037711	0.061613557471498846	
0.2649243049966269	0.23405631749444072	0.29943281585913545	0.0979029324710851	0.009141685750510664	
0.29921632786983227	0.2536293636909725	0.0015998685435000917	0.12748505488241482	0.29730636649656894	
0.09887578543414241	0.1964739464705885	0.21799601484982656	0.14942725704844528	0.03894154546612415	
0.2093831131123965	0.23668700678123217	0.012275092581436485	0.23329947267465181	0.11092078432005599	
0.024832627031771887	0.14824527200413667	0.07307137295156796	0.16463548285894158	0.27045611703940503	
0.11279235880211574	0.018069543208848852	0.22458934480131135	0.006098933438461311	0.02058914624242858	
0.039751757546131763	0.00491692218350861	0.1573263413457623	0.10372570820173349	0.035368430822471805	
0.15009979877943302	0.03162755273632811	0.2097732249044029	0.0285765590967774	0.2592307110475071	
0.15460732733072244	0.28845139541407555	0.07753849468893145	0.17677872492885713	0.22747630927938114	
0.18647050517027186	0.16252987482346198	0.12427674438766678	0.08402384186882503	0.018042727192939746	
0.12245330563752133	0.24559825580153039	0.1983443571716459	0.19363950572806662	0.15449681687012956	
0.15403153843537018	0.07659721977008137	0.07843442358642323	0.1804533277860042	0.107716286171575	
0.2501112335826861	0.11810153194478254	0.22493095444760902	0.29455655610624837	0.14891756782958335	
0.09116282625012032	0.03214197867166086	0.19391776875229372	0.020388338917425218	0.06445739648145543	
0.08350820197254313	0.18562946437435157	0.2118873896166521	0.1951824153007404	0.25168302274750076	
0.09484264241418715	0.20942305991686883	0.07547935105919178	0.2595637510098043	0.01786026014321433	
0.08615465395896445	0.13742786205162374	0.28006661675778166	0.034681139409623	0.2668997293333929	
0.0	0.0	0.0	0.0	0.0	
0.19781361305609613	0.2864283981849598	0.2793230048571964	0.05496196294067	0.19631294220953385	
0.23950635919973592	0.012830511740967691	0.040578986493991685	0.00979187452582606	0.15793005080744	
0.0636657878830772	0.2023547242802673	0.16729128306568194	0.26737487939381555	0.20566035608245517	
0.22076403494920377	0.23899306274105564	0.05467469522173455	0.2587941306959973	0.0374669110304619	
0.10415984270055721	0.10507905959692716	0.21174513495939667	0.031572387816153916	0.1942888451237984	
0.29125277527070004	0.07186884281753797	0.26254042234952824	0.010539558806484422	0.03037609212624403	
0.23908797268031462	0.25189664426708175	0.2613604835694235	0.007299851749736725	0.2246853807380127	
0.18623293460315876	0.2418118416296083	0.06667319428774449	0.06611447650564654	0.20280267095125554	
0.22781979053188403	0.21936327473843328	0.20204699849131594	0.07881014750267863	0.2235911580919129	
0.050801439595768084	0.09390447713791934	0.07051145554834427	0.1418532927670804	0.10140369505242369	
0.2989262902537933	0.2434549010062664	0.16645062935147376	0.07798552689793123	0.19996199337188242	
0.00942380267350151	0.0694086737750762	0.28433807930140653	0.12085558983462262	0.028140634119876082	
0.2276608031090262	0.28829223164348655	0.2466733439506539	0.037859525733012205	0.29470241254905283	
0.015266140263867509	0.28085207493550657	0.07758540319601781	0.05349663223584764	0.23501273192405125	
0.1671541078979903	0.009837026861977318	0.28086129479621535	0.014993420918370526	0.29855989364507163	
0.08966259706773254	0.20935709671306582	0.2524347681631994	0.028461695427843565	0.22239163678757387	
0.18754612850940697	0.12656234916391734	0.19560488973691964	0.030061451862506326	0.1736644557290529	
0.10890700940597403	0.24694360470205534	0.2902410837133306	0.10947310011765363	0.14023128245637143	
0.14408591338176222	0.2224707069747816	0.2581681719988623	0.21527286821823882	0.1036287435876928	
1.9370747941420177E-4	0.0819913207097354	0.2443732171639349	0.10709369479137691	0.010490518481446548	
0.17882703768505867	0.22416236973381634	0.2895365891742115	0.22752160472653352	0.07135699704521646	
0.029042327823878944	0.2841136026329466	0.16751365704244048	0.2886527540284341	0.1400811661908373	
0.2720511974825391	0.26993416489867006	0.1432414444945482	0.14871621381607877	0.24647839600464033	
0.19291712741124806	0.14848204997338987	0.12702710139963103	0.2659599867441222	0.040893643274612625	
0.1772513885829133	0.01585741510987965	0.12807253312611835	0.02480612029584119	0.29692277681247714	
0.07984837325277067	0.2518218744626657	0.02473513703550951	0.07168854124070335	0.2860788927295385	
0.10493663144769615	0.16027292712788507	0.24392321893772614	0.10062652287193158	0.27015999862173073	
0.07857223489009439	0.2567408314034284	0.05338378963514365	0.17773191054437093	0.25472082074245905	
0.20072780448229222	0.09367689455832946	0.28952423069707234	0.04269446049335623	0.007159074848920111	
0.06860979825738722	0.2441623347213633	0.2504591927910037	0.021082402331545957	0.07086377732858906	
0.12346957966503458	0.09154043733072417	0.12881987128229083	0.24803054701795527	0.22324488137541806	
0.05239498372475149	0.013830913751947465	0.13151269933206616	0.24684115522954247	0.03350377308062483	
0.15346823185184108	0.2328991489267817	0.06838758191030267	0.14950899415691463	0.25466370586423814	
0.0570994152382605	0.23296253300228417	0.14593258376111817	0.06921395316817122	0.1250261800108327	
0.18185565997136133	0.25090782578235943	0.20453824943342577	0.0373434737093933	0.01611933755018931	
0.20123410562061267	0.17424839300565484	0.09993348538603376	0.11579183104538343	0.2869337665979512	
0.2170853234055108	0.2158164549802253	0.25052092175545126	0.021135325660491113	0.22321572332088227	
0.07640137452758476	0.12609620748727177	0.09343338039247981	0.2865886389313547	0.12127887743666392	
0.21392344712195047	0.16680450937019572	0.01156942021173514	0.0957438641413354	0.01115853757093834	
0.17787357724175726	0.17119675956481448	0.026856809556097753	0.18689292025795218	0.24650386199955387	
0.015002476128693237	0.03728427097851747	0.25216230325122985	0.03554402195277699	0.2966800883214754	
0.04844344988970817	0.2999588417286047	0.20468679824388075	0.1755572207607123	0.07405575646173071	
0.037091278486277864	0.1679836138604253	0.21863158369733934	0.07540242826562615	0.22729175434623503	
0.12241637100186727	0.10578010773049178	0.04478495534996272	0.03777927540022302	0.2181449725002431	
0.20408051931338192	0.09840726233516557	0.2770192725580686	0.13956925212901158	0.15376888395824523	
0.19714920400271668	0.16813296199230765	0.125124404675247	0.15807256926195923	0.27404453330118234	
0.2995016667897124	0.08242691724539465	0.144545253089874	0.1271239297641026	0.04273036827392448	
0.1661445378743995	0.10494385125255423	0.14087733722435025	0.11657906148741089	0.2569803797646395	
