0.0	0.025403887518661548	0.0	0.29445907271206073	0.2438799500120505	
0.0	0.0	0.0881726657822046	0.36989595540287334	0.21851065185258345	
0.061013392207525434	0.016373045830262542	0.01759308445050865	0.352523215752635	0.1306183710140169	
0.0	0.11888065117587192	0.0	0.0	0.14329642750070593	
0.0	0.0	0.0	0.0	0.0	
0.0	0.09109901847473356	0.03170455978786671	0.4408327133870263	0.06914395159002983	
0.0	0.0	0.0	0.0	0.0	
0.0	0.0	0.6345321433198978	0.0	0.0	
0.11098674444269033	0.0	0.0	0.10380651118304618	0.16194233284513987	
0.0	0.0	0.09183616852638153	0.5002733753154726	0.1491527143084385	
0.0	0.5251568362156993	0.0	0.30578885409101203	0.058297352143128825	
0.0866563289985729	0.0965764073066935	0.29591917467423745	0.05531177670916638	0.0	
0.0	0.20305024681987985	0.27092165038870436	0.48939043126602955	0.062344398656254824	
0.0	0.0	0.0	0.8061695449189609	0.12661942720908986	
0.0967958499296911	0.2688251807313123	0.0	0.041346497230099456	0.061926173022722034	
0.0	0.09109646631886056	0.02461686784543104	0.0629661458789049	0.5250799038178613	
0.4274929457712811	0.0	0.103568558618051	0.44520264912542723	0.05155568498916323	
0.25817615144512207	0.4696938137439766	0.3925048809860507	0.42026924898755297	0.22361396941770337	
0.01567864389435404	0.09424948788096486	0.0057309200273365675	0.03903666329787509	0.3220745858728951	
0.0	0.29598105110752243	0.0	0.3845057873998468	0.09177038750565268	
0.0	0.04704215085026051	0.036505788279954564	0.7513418449036694	0.04027534564535174	
0.034620910401886376	0.05444196719272402	1.5260112054507946E-4	0.3092287473155962	0.2125507272685406	
0.10710784734728038	0.0	0.12365853515535835	0.0	0.03605332140588837	
0.0	0.11681576516243267	0.0	0.15044463830402363	0.07792906878901029	
0.38199546043315713	0.13188891738542455	0.03422487824016253	0.0	0.34938221758248506	
0.0	0.0	0.0	0.6044602307733511	0.044659185827110995	
0.005601704980671984	0.2934642507129789	0.0	0.0	0.0	
0.0	0.41521609053237235	0.3718448058464253	0.32421248833243405	0.0	
0.0	0.1929180450444944	0.2045952505650212	0.05462849324896127	0.04143602320472458	
0.35501865718575953	0.06961311315115543	0.13696458823946017	9.380593612551854E-6	0.09796049304991054	
0.07763125658515035	0.0	0.0	0.10370185512075156	0.0	
0.0	0.2517319032878322	0.0	0.33892501884780096	0.0	
0.0	0.015476216064403131	0.10299729856245558	0.8668844509322641	0.1950893504759699	
0.0	0.09084314193519583	0.12344000286147926	0.22855839088105315	0.10159271709887024	
0.5388447508795196	0.008998962296071307	0.0	0.2835518048517816	0.0	
0.18979828186068287	0.23601990689172445	0.22664224953796205	0.42397664870947166	0.23624219645454728	
0.0	0.2525506214605412	0.3400846009762063	0.05678410774332462	0.035646665566910665	
0.0	0.0191228772315011	1.2765690733963525E-4	0.14173193269495746	0.18610993680120472	
0.25433185501687655	0.0365774220431427	0.282137558725658	0.194698206004553	0.265593248349942	
0.08295693109201453	0.0232318348161793	0.2888707523201748	0.00642447115360617	0.11251287561036566	
0.2517918229149029	0.1232487855974924	0.09791608797944476	0.14314783929373368	0.1272643285186351	
0.0	0.3271507071150713	0.27681299327249514	0.15640922422434048	0.15243611672566545	
0.0	0.0	0.6636546187658241	0.12961883408206137	0.18139746475638277	
0.06078860809115641	0.053923486563207064	0.2173058598777568	0.34415946384431684	0.4129733947215651	
0.2319802844383239	0.08424726514145434	0.03852876230934669	0.22192635997539753	0.11275722801661821	
0.230444092068522	0.2378197546479451	0.0935205204019772	0.06552084424002484	0.016754429216224595	
0.03402123174551377	0.09191432783982534	0.09151898108364317	0.21174848544570904	0.22148706337548596	
0.178288226607808	0.2863788569328106	0.003442833818077559	0.01689725178031025	0.3476518067673302	
0.0	0.10520562708857689	0.28528084306858253	0.08556983972476628	0.09496556458128723	
0.0	0.031185213267965875	0.03358382771114288	0.4307161089094063	0.1959505886983517	
0.0	0.39488839195271147	0.12547052304181763	0.01142012785718984	0.0	
0.0	0.0672955565590678	0.26907110592685207	0.1427339933412612	0.08384613656426514	
0.10043903322441206	0.5728783317855781	0.4583803405845148	0.0	2.2576580199749514E-4	
0.0	0.0	0.3383310858728705	0.14471443029825953	3.192316101408145E-5	
0.1394672905977741	0.05960671933748518	0.0	0.0	0.1075596524321964	
0.0	0.1791444974780609	0.3070147644296705	0.006258504115792092	0.0	
0.0	0.0	0.0	0.0	0.0	
0.11266924529983965	0.0	0.0	0.2158712711249337	0.056909738617643646	
0.2284474112429016	0.032532314193294005	0.03257796030028082	0.25469951472117053	0.2373182128274811	
0.0	0.17829972576871556	0.24156653882762352	0.08968321474055972	0.0	
0.13632736093108716	0.2114799740438041	0.07096258021435795	0.14854977825854068	0.0	
0.05606131888529914	0.0	0.25615247397804064	0.14528686880333422	0.1930412364310256	
0.1682317556208528	0.07615766891187473	0.4942421556709892	0.4508598011656663	0.0	
0.17245951843272952	0.005283053648869098	0.12290492216067823	0.11160581492655797	0.03677072266978625	
0.3593957954107757	0.0	0.0	0.2754503184585623	0.0020639626871175702	
0.0	0.0	0.15078643020913785	0.2192790806880065	0.08082845082603278	
0.3908186612558564	0.3829166072232654	0.021922698769772993	0.15386825099738372	0.05230448678425676	
0.0	0.34514086069239214	0.24081235270929888	0.15381142801701475	0.0	
0.23872116431227114	0.008105139033786476	0.35122730945426495	0.12542943573555593	0.0731831276633445	
0.2899211943750477	0.38283091507554606	0.2117775565436741	0.21518650494254654	0.046679925551622745	
0.4646687004046445	0.005063676595388705	0.22740085173396157	0.7866412643747558	0.10802490760959589	
0.12931481962495628	0.16558593498367657	0.040672181172086354	0.36324374224587963	0.01599849974156525	
0.08839705380074023	0.0019769262637655935	0.0	0.0	0.0	
0.2746355040214328	0.0	0.0	0.0	0.0	
0.0	0.1534219883300684	0.015621984741710492	0.18234576796775165	0.01492034505606549	
0.13079238615645739	0.06583366658934059	0.04871280113887343	0.20373174258989712	0.22077738828706744	
0.0	0.19243970413937894	0.20855773144414091	0.12183499821524044	0.31403745664287336	
0.0	0.10548133776974015	0.5785945773820851	0.2936360925519526	0.17711898855443264	
0.0	0.09767411081996372	0.0	0.0	0.03545897060109282	
0.18735928337462326	0.039668007808467236	0.0	0.029958074404568737	0.11852567988976447	
0.3582693056017142	0.49517600524905014	0.13798067921141846	0.06132226787457905	0.18234441709300214	
0.06682604086843309	0.04802020445217967	5.071112806431984E-4	0.19898856663042283	0.002186214447721492	
0.20868812697980457	0.32022402700833796	0.3447585370538984	0.034448559764089864	0.3250912667630092	
0.050713246042091424	0.11899654325151439	0.09761024658685344	0.19882318694878917	0.15798979605573224	
0.0	0.19543098342250956	0.003943635358288926	0.33668644470569997	0.01625014292170503	
0.1440483594596886	1.1252423160221492	0.19109252401188512	0.0	0.21421524363944264	
0.0	0.5194344272802529	0.14019647569789892	0.6520384415482098	0.1515321593275656	
0.17461143731825043	0.24722429599590945	0.08818101890582797	0.08158106925272543	0.1931627806672109	
0.10062283303863039	0.015522313418207631	0.10922915965826806	0.1389607611080838	0.07797266111936399	
0.11329917439111337	0.4490499379639704	0.2935836897147657	0.12183977351512167	0.34029875512241614	
0.3083672164490625	0.0	0.021082709716675835	0.16804287193343592	0.13816737244381003	
0.09500370375649898	0.41104476828138503	0.03803175845087195	0.28548493778242023	0.0	
0.007851930420905205	0.14601774070812518	0.19232151395795546	0.3428833979239904	0.030355281395226526	
0.0	0.17492723529577472	0.108965289929278	0.1359239665923885	0.07626262879213876	
0.0	0.27127871523498986	0.15381084450342966	0.14395035333673423	0.14348797890307194	
0.2853109979075845	0.04284134405454912	0.2473656068150731	0.23045616089471407	0.24433446248273982	
0.2693473050702631	0.35379852531279316	0.12596310434042962	0.0	0.0	
0.10646705541830845	0.22934709500761494	0.15471532883997852	0.0	0.0	
0.07058790376896577	0.042047156541781074	0.3217741753551313	0.30142014131585815	0.09413001235634921	
0.3177742332871653	0.02979018595385521	0.573281697979316	0.13299069533388144	0.00858568379866857	
0.37479995229858454	0.2295618227358134	0.11615483757137944	0.37372740513649666	0.002918989960021356	
0.09419812014742755	0.006818048204308744	0.0	0.24128745067890053	0.2933680016314037	
0.299298811983125	0.11944366036089116	0.42648358924707086	0.18959999306361422	0.3734154589189926	
0.06231635268768718	0.3457389413923553	0.0	0.22500466655478235	0.0	
0.0	0.0	0.0	0.0	0.0	
0.2995944036984325	0.18901549028231196	0.21298082953949285	0.03840652989655316	0.0	
3.404526645933683E-4	0.0	0.2425958911303809	0.15999202202605078	0.02253896987392733	
0.0	0.06137750095752555	0.0	0.8619490951109329	0.0	
0.29601957816992563	0.035047222750793104	0.28004740013218327	0.033264763538509684	0.27743009989074996	
0.5262971296987669	7.568421272714396E-6	0.4787942564434074	0.3667863340395428	0.09954757445916974	
0.11185675933454092	0.18250583427800007	0.14561716829573848	0.06264319327251762	0.12096878723808291	
0.1367556393084233	0.2232654977075025	0.05993717387885115	0.15226173221422376	0.2717943212158761	
0.4037146453406398	0.12815448507593166	0.41268502466229434	0.2988513182970686	0.11388786445335271	
0.20451193414817284	0.0	0.3820859973666769	0.18184508830600032	0.2711738671562301	
0.0	0.0	0.16007080448803146	0.3830687731394493	0.3529080103904794	
0.20544880027362947	0.19798717520748677	0.4704946915138508	0.18840306979203392	0.5491994698849639	
0.46977439297344187	0.10213951977471025	0.3228571027195364	0.4105056635442166	0.3682705376847425	
0.47872020313900904	0.0	0.0	0.010066357340627122	0.07009495237920836	
0.2389761954274704	0.06841917271449557	0.16142074239164758	0.0	0.0	
0.0	0.08384549991842731	0.0	0.052617914154310365	0.01589391319921211	
0.011643399419297113	0.0	0.0	0.6135942409546294	0.004926826447600406	
0.0	0.0	0.0	0.2879912549786452	0.0	
0.23699902302907772	0.007671643232762418	0.3166481810875771	0.2582231738926458	0.3446426311857196	
0.11328877097637392	0.10058098327973672	0.04302275534477372	0.343690901152012	0.04322957526169281	
0.28536541785190134	0.5089087614842247	0.48285160169287716	0.0	0.020274798941991506	
0.6206740268081435	0.5082291369527082	0.0	0.281597745719906	0.0	
0.0377038084333163	0.6133095684146613	0.27337463558075203	0.10765709664928161	0.11271506352801329	
0.0	0.0	0.5211934251406084	0.18499581478079982	0.2561986954771252	
0.29437212269078594	0.4140456920751931	0.06704919320030725	0.6817170530642971	0.058310164462478206	
0.23210846315128808	0.009760449884378858	0.015212428382869746	0.045648155811288844	0.10477554160340725	
0.027004730685229756	0.05895633453050457	0.2619875169883331	0.0	0.18198286556150733	
0.4302523147141485	0.42876939599534014	0.10908008955860775	0.19656056474812872	0.16202899269184456	
0.3180170246113655	0.37674423613617675	0.19192697639865092	0.12307593622395244	0.1856114273217597	
0.09816943651123279	0.0	0.13024718067063665	0.0	0.08037577937106628	
0.15773390044776434	0.13513798390011378	0.25107173656772086	0.2965110473386138	0.23930537068647093	
1.9026561292120683E-4	0.027817168967720966	5.087126315717749E-4	5.856899778736265E-4	0.05153119388907219	
0.16836752283368275	0.0	0.28353224354151346	0.002774586566032288	0.12236353099342374	
0.3056952924326623	0.12572528991913495	0.46801192935270064	0.14850503194081857	0.8070240762954952	
0.21356578264117285	0.1946049686953749	0.06774235453609542	0.14261347496110086	0.2652736414490017	
0.18760886754655498	0.291082828773641	0.1334665838059866	0.008145418541506924	0.14881951969295604	
0.3501951836356313	0.09477565061169542	0.4802058260082042	0.30063164131524966	0.31884235104471587	
0.27140607685612333	0.15188745630602624	0.08678926487198833	0.35003063156376696	0.0	
0.039848674476378514	0.0	0.0	0.3465683074648622	0.34188870455119497	
0.11664602581432716	0.3813079833730468	0.4572297423024176	0.49161366807585927	0.23322049772652495	
0.23206279739218924	0.162558100053041	0.4074412535366239	0.42696117614522255	0.5377568451199156	
0.03937133970007805	0.15689145947177388	0.05115996685354525	0.2154511531125022	0.1932463142744335	
0.27943547595634893	0.0	0.12548602670237494	0.010137714348384843	0.04658443874133378	
0.2343047218157817	0.2706300753332597	0.06593465271646762	0.1217662006881916	0.0	
0.398413361606453	0.0	0.26104450744626806	0.18586606928030813	0.10082647181738964	
0.1531523063612339	0.02982482024882036	0.0	0.15459717859132377	0.22373593097504393	
0.36362171479886984	0.5182869179748214	0.3247840439134279	0.2892657273871003	0.06959945672330548	
0.19033488559736617	0.09676942245206904	0.014941048115482945	0.3037608567446443	0.0	
0.05989148380157753	0.37002715121971136	0.0	0.0	0.36924118916453924	
0.0	0.3887341747923964	0.02223902288146761	0.1506799136467043	0.17445677382047708	
0.18790328946014317	0.019443986570102698	0.08803567739178246	0.008348277255814524	0.08284773075900867	
0.19072246945901053	0.22565353124464285	0.3504033974943301	0.2690579558741873	0.4109978106896238	
0.2931374818725461	0.035605890475187925	0.013465540528509951	0.07316402515568474	0.1348508903630972	
0.11726562219225752	0.3112813843184769	0.24823773167385146	0.04159435521294241	0.43752434524683265	
0.054823792473237355	0.043868380100659236	0.03157331499965881	0.24499196533354084	0.1464875702127129	
0.4064083113070708	0.15183413057229378	0.03915833874344469	0.2687380685993871	0.021689329351934027	
0.3352048778237767	0.13013577279049401	0.15420466653175183	0.0	0.32137474899898566	
0.0	0.17054486125746982	0.0	0.0	0.0	
0.086259009181882	0.28488170697058496	0.029241527970972004	0.53711978841165	0.5329101583670982	
0.0	0.1778538774850396	0.1948959455758816	0.16296162635252318	0.07782923511168285	
0.0	0.006621053553059592	0.0	0.0	0.0	
0.07653764606012611	0.1843011771893924	0.36472768689850077	0.09138927926765794	0.26546231534208503	
0.048515120551977646	0.0011046859947079174	0.27879062273850996	0.05108005622569275	0.0	
0.03323024316279376	0.17949430279896372	0.1585694299278025	0.04866084337566584	0.06598860399867648	
0.15713795869845024	0.10961650629936341	0.04659486830992888	0.2513467362556704	0.007666863787338806	
0.10927455469970178	0.033541577160228854	0.263908089638448	0.03461663214600728	0.26445701198925275	
0.12270612841636798	0.21650152869046047	0.19337839181015082	0.2707001195150435	0.24871796669245433	
0.014367942910749913	0.13285505051845017	0.5139988557679126	0.22648032591748132	0.13768344561075754	
0.18042756059419682	0.12237881449361693	0.0	0.5434270961988898	0.0	
0.1640030127981071	0.17836758910524517	0.23498200392782287	0.0030105328949791873	0.12395569570005506	
0.31970455384305313	0.0	0.0010816949247437354	0.0	0.009910088177279475	
0.0	0.17474339164121155	0.23696677806723462	0.05228136234256075	0.1710536943441931	
0.1740249347843404	0.12633081659749712	0.12482012330913285	0.2342891983926902	0.0532087475721098	
0.3454956244202231	0.4259755997173061	0.23654532257750913	0.23247138357430477	0.14676802520711896	
0.15750322780613749	0.028001985778916494	0.13055499716683935	0.07344827515690619	0.2799275265762748	
0.21871455755023478	0.018766011206518496	0.0916090914966329	0.0	0.0	
0.019357670605543567	0.2223605800147829	0.22136367141009008	0.005658426629244042	0.20354746133492702	
0.18983088631898015	0.031130946611487017	0.03178773034191798	0.01799215927073595	0.031281843827628435	
0.0	0.0942407191731718	0.1430202797997315	0.1017477755093704	0.0	
0.0	0.0	0.5158269798922996	0.0	0.16247054641946104	
0.2153813071070959	0.35656577327577477	0.16856791172599322	0.1370686406217395	0.4686392845199675	
0.0	0.0	0.19062717072548924	0.0	0.0	
0.4322178956069029	0.2276630384460614	0.17303996989970855	0.38767022440313154	0.0	
0.11209378951189429	0.01883782697819539	0.13951837704541453	0.026008043143087724	0.09856667785101073	
0.0	0.012242727574723446	0.22469698622701637	0.07507184485283733	0.05907866500159428	
0.0	0.0	0.0	0.4102048052463807	0.0	
0.007843708682283939	0.16445238850109964	0.08864514378665164	0.03679343493495542	0.036547769691106506	
0.0	0.0	0.2776023969291392	0.06261556229521636	0.0	
0.2641942666387731	0.15522492629360668	0.24293266407330885	0.22784144106287296	0.22720610287398185	
0.0	0.3341381561943688	0.0	0.004753260977946684	0.21498415582926717	
0.017432062631949866	0.13936859531368917	0.1857825527681145	0.23541267628573184	0.11490150487984677	
0.0	0.0	0.0	0.0	0.0	
0.0	0.0	0.0	0.0	0.17518509979316213	
0.0	0.21397116538371266	0.2561859865209282	0.21065070036874697	0.054618356069100656	
0.5967150041405843	0.0	0.00766886901981234	0.393568586082362	0.0	
0.20813119156011364	0.16497645003538342	0.2316072364782675	0.0	0.0	
0.006477965839740549	0.11423262507498601	0.0	0.2092392017065211	0.0	
0.004022401044683743	0.13445201781272378	5.839597910310568E-4	0.27192390511107006	0.25545410337173113	
0.024948382290905558	0.02093152636100985	0.01881655683107926	0.3053175372744251	0.030880944142578658	
0.2772684695916077	0.8341685324147697	0.4323834993021171	0.423253323346081	0.3925738630033764	
0.05593126723224025	0.09301935757734539	0.02991609827750553	0.09208325629201962	0.24657827975427504	
0.0	0.13810007024035004	0.17594626077117365	0.1877382626410657	7.575988852357712E-4	
0.024582082138860765	0.14908677995832248	0.18254705134757948	0.0	0.0	
0.35923571575627117	0.05361888217129878	0.045409635509085354	0.19699457088077638	0.022363734185312022	
0.28624463108147785	0.2569501645727283	0.1693595215159809	0.17159005901209004	0.13428406920307762	
0.0	0.15100627714825562	0.12070020148048158	0.006205097731598755	0.09096149114355055	
0.08614300117474324	0.13354459713824768	0.2754270646045738	0.12053599105044098	0.24995021677297985	
0.16504748431903238	0.1060594087718217	0.09463704496506699	0.1711526961147169	0.12213199721062262	
0.23978388189355326	0.29301470933851315	0.35288381376916816	0.09882511707099075	0.0	
0.16678265059154712	0.06065111580243906	0.24565307575635448	0.21699772915351015	0.0040059452942246285	
0.3175058983226504	0.16517929729572786	0.0	0.24714068908599132	0.15880956914746022	
0.424516106296389	0.002324817014004218	2.2245425200723493E-4	0.0	0.1957625624501573	
0.2997622176699783	0.16477898221378545	0.24497621359865862	0.08799069795393331	0.19451687223874395	
0.25025580671565434	0.06431457005011305	0.10343834400195515	0.08955791802365308	0.07289913058049101	
0.4689090847294978	0.5471418190221049	0.1790453199261112	0.5698320092428885	0.16502360572817482	
0.2686034294869965	0.1977418779765512	0.36365673492576966	0.0	0.04499291583807226	
0.17916053593295542	0.1182936075982917	0.24832008201541916	0.3200090572290463	0.09254503514354417	
0.02279403319850724	0.0	0.31753422356615385	0.36747084407807284	0.1630162314191555	
0.16443954307589836	0.0	0.0	0.40246206145036056	0.10010332268255201	
0.20081436325940266	0.0	0.0	0.19238565396649235	0.0	
0.14996877818396676	0.2917304365633676	0.23488441189622047	0.1264647712363668	0.4041438579003461	
0.10653183062943268	0.21680932804876715	0.2669304906197842	0.18320909929483997	0.2591477294309926	
0.1443769728818767	0.16659056893020288	0.35802704425741616	0.08589627677615752	0.15924389114316556	
0.3337655076135654	0.0	0.0	0.08922914646134754	0.20849275230491454	
0.05955210284307439	0.2336344888200812	0.13563568542206253	0.589035308224195	0.11360748593931393	
0.26845020644450857	0.40758347039788384	0.28081356756137066	0.06713986028149198	0.21221903268487427	
0.0	0.0	0.02774163191918121	0.07846065820031067	0.41296955202632135	
0.1889875727550119	0.0	0.0	0.028295955909242887	0.0	
0.03334262007537257	0.1878311229698227	0.1775006871658016	0.0	0.08560662575051407	
0.035635296798315064	0.0	0.0	0.015939321013232203	0.15072991792247503	
0.18997133873529407	0.25061232862223815	0.2737246049647064	0.28043074077746877	0.27705112162704904	
0.16705814841101752	0.10840808320648995	0.2662841469682651	0.28709475321059247	0.23748324653369324	
0.18861218084771822	0.007145941007431695	0.0	0.19669904459824378	0.09818144339887692	
0.2252041922629711	0.07492012874772824	0.16826298671486253	0.07978393746098719	0.09029748626563772	
0.36717627372554673	0.06855803608076376	0.34663313097859344	0.11355701766560379	0.15474006916589828	
0.0	0.04694874640562686	0.35745990669652206	0.19685167774580684	0.09881924350854086	
0.18919648887444768	0.007983658512025395	0.15783898939634752	0.15915489049383924	0.20890191738466338	
0.14082906584670452	0.3402492312497394	0.41884339613909694	0.008366632505936139	0.21996676132116974	
0.1438551442068278	0.16832053436218453	0.14348987697347004	0.20976975907034154	0.2295408225496367	
0.06173616055572113	0.19234298142206624	0.12937028975230194	0.15093176834779698	0.24306178926175462	
0.23216088067614066	0.2725646285042744	0.1223721987991568	0.693133673116273	0.41151996213718056	
0.28526246776727227	0.0	0.31864324003202893	0.37461903349097775	1.0212577106848287E-4	
0.17406861288044084	0.21980828003008665	0.1771078625257445	0.09604022151045266	0.22189897466077163	
0.09054628220492014	0.04488298118314018	0.14770875978575995	0.2022315420288186	0.046998170556570115	
0.037177681281794876	0.2786828636306862	0.1909958737625851	0.2774046734184681	0.18690887578076334	
0.0363082062765917	0.0258220141394969	0.0	0.03151224415079678	0.1970268566648519	
0.026632201072206915	0.03633907752620785	0.045095184877599746	0.2011983831867989	0.21859980594966483	
0.0713710234767571	0.08704511205487049	0.06692225160298108	0.10381438145941876	0.0	
0.025424420361201676	0.10829402987534993	0.2746579127802336	0.22565727355247436	0.09345502166233816	
0.11540467151255908	0.20376546209066768	0.23539746894787927	0.15689375587861779	0.537728723869867	
0.22450701769703962	0.2319149099005236	0.1640697677430617	0.07514492952911579	0.15609540937067867	
0.3305379364284286	0.6014304043408955	0.007377032450349309	0.028557160481343057	0.18927799680033897	
0.0	0.1897141825649687	0.0937337106400279	0.0	0.22330416538361905	
0.0015893800328520688	0.14667652580992527	0.0	0.0	0.008398029072357649	
0.10454799693572281	0.2953675686684154	0.27494813198805595	0.14817309087239697	0.13263306867327712	
0.019369673204120856	0.28068925124668165	0.026672512433204107	0.16167334517308546	0.08456319354905659	
0.08989183106742679	0.0	0.24621535471379663	0.22898512284159533	0.0	
0.09706654102013375	0.0	0.19855837151929528	0.18670988752338208	0.04288593981389395	
0.0	0.0	0.0252181518998595	0.15422524096896306	0.0	
0.06416655463374468	0.03746151102565388	0.08277253197965287	0.03256315235254236	0.056247932790817974	
0.09634568871380043	0.30278562634645567	0.3127608857363019	0.0	0.14509702617088344	
0.11317444116338082	0.26550588949881376	0.11279628698767655	0.19033959834799183	0.02964595032953808	
0.1157311495866689	0.20207976502713265	0.31242749423596455	0.18371489249361556	0.1605068632897413	
0.08795171116775234	0.07703052571878262	0.28284021126824166	0.24159784999983727	0.13150296618030755	
0.05282858266289672	0.20242613903067114	0.041545472451390314	0.18612301072385687	0.141549747513829	
0.0987059735739305	0.21866401118659673	0.17190562719736818	0.1859744586922825	0.09794564893599418	
0.19521083353360716	0.08014832867867415	0.25951578897205674	0.6735377853315875	0.365322487166149	
0.06696478907516194	0.13304152221645626	0.0	0.09385185109010004	0.018781686218070914	
0.1441891272886336	0.2573672241382388	0.19374397676494698	0.09234020294045561	0.3274653855402674	
0.17742262555118102	0.10494487574589062	0.14112862883278107	0.03351857995672095	0.020229099931610105	
0.0	0.21122386888629102	0.31747049843749847	0.3002164758693904	0.14118701915160356	
0.06623917337516948	0.20155683758295506	0.1883565939478407	0.11337032976485828	0.03334050112211433	
0.3022935350812124	0.004355310266499532	0.3169724794073833	0.16770223421335106	0.0	
0.029393844564292594	0.06085363419511437	0.22112836782209044	0.1454125940610936	0.08737282983216728	
0.210422522490023	0.030537878458151337	0.0772587568683864	0.042562026437300046	0.06565617219407477	
0.07017976919845158	0.3856620713444882	0.3478987401949638	0.5746314354985305	0.4859097515020223	
0.30109706240154144	0.12139543852937236	0.5434563690485854	0.005559285785030453	0.0	
0.18868552113756196	0.09227236728290289	0.31666643692785534	0.18498644533293593	0.31093037620087927	
0.2630835304861347	0.1837351136129283	0.06408524266742181	0.24064004349907453	0.18607894962804994	
0.12925526936603018	0.2283387829104148	0.1878911251536353	0.22335255459777378	0.21223093376387173	
0.10767470518119618	0.17793262962750245	0.1659110697593798	0.2804473388629493	0.2715583880938296	
0.1974165827091109	0.0666535981990249	0.0	0.0	0.015424949979261447	
0.15125119050306718	0.35778770704512036	0.18434337271233073	0.2944957062773485	0.3797534132105898	
0.2887092940109257	0.05396611287908104	0.19056748735341636	0.29001499990076934	0.13108877116081943	
0.23260875486476665	0.17649441180728279	0.24986405863885247	0.18861924781272643	0.22246582463337816	
0.06306555191463213	0.11936157771144316	0.2919602564779848	0.0665629481769219	0.2934344533821561	
0.028785069334922524	0.24522904254836522	0.2297567085598989	0.18405655501597495	0.26785795525489253	
0.0	0.0	0.3824607329502638	0.33462750393757235	0.0	
0.2730368808829847	0.22763388133915077	0.17731420132957543	0.17698079560650112	0.08743146067286146	
0.15560250390040445	0.1428248511802509	0.19746007305628163	0.20611636750783058	0.03228100262901975	
0.316560681481141	0.4658677959139149	0.12708323470119104	0.32387376630849096	0.47762911970416305	
0.11969147643354973	0.09421142602572165	0.006825661896295805	0.18478459283204604	0.1463262525359551	
0.27207411089918515	0.29479906626538877	0.10697627060859634	0.23299181714790818	0.24372580290777446	
0.050892745140684044	0.0	0.17760011507569726	0.2156050630112298	0.45488941056134646	
0.31135816150414847	0.10360349162428477	0.14645327635907449	0.07365701707171386	0.11963103169401847	
0.10722401694255733	0.20872439431590561	0.23851708913902542	0.2740675323827799	0.2155896109206623	
0.4489685325533682	0.4393713995482435	0.24644848928462704	0.6235756323316938	0.2920680543898501	
0.22091381025106724	0.34463859951765496	0.14045575373129057	0.22948166128959768	0.3128119028558386	
0.12010677800245173	0.17472087769807854	0.28459839519362135	0.25583086629596363	0.2654208807747416	
0.2630954136140114	0.13065285963303086	0.0025429269467017305	0.049668384916248844	0.2431903621475433	
0.030121533400814877	0.003216400699675365	0.048681854972579576	0.02691886126244454	0.14855813472514318	
0.01393975210421338	0.0	0.0	0.0	0.0	
0.05432309583577364	0.28309213202630334	0.2061892279612301	0.13060964782288678	0.15889935938105793	
0.15613221172249409	0.08589593042615727	0.17775373456424642	0.059134123911130834	0.27586235512237794	
0.0	0.0	0.0	0.3348300173927966	0.16996053169964573	
0.24665426783852692	0.1960429487208322	0.2826996341646205	0.04687258797976207	0.12906217793077138	
0.05757684939711378	0.049522941344460794	0.1685283271120817	0.24648345380518438	0.15601504345983136	
0.20962819156654108	0.030308829044908014	0.0058307209169361305	0.13826502957154282	0.14736157857979637	
0.2684358635993549	0.13881141265516828	0.26769962645064527	0.2588812472156724	0.2292698144841859	
0.1256922952457854	0.0	0.1961764834007268	0.1877087274571332	0.0	
0.07435734944437945	0.37562935136501246	0.10835038838249428	0.3924686594076005	0.36930431985521806	
0.0	0.0	0.0	0.20353951681449717	0.0	
0.2577816452692746	0.08199487462657232	0.4165192767648491	0.1596664391578079	0.1364186658474334	
0.5982874131734246	0.2588741526357983	0.3286082274792524	0.06840957615378951	0.27815751997947924	
0.19019758017154714	0.160731614859177	0.051242841604302834	0.04072618506903612	0.26074134113773273	
0.08052952747755568	0.2376112674388574	0.21792620236067886	0.08731739261088384	0.07884257475416999	
0.09880428725527667	0.10065030615291774	0.325118305139529	0.0	0.19790451347437366	
0.2661668273586569	0.09147556458949349	0.24303357926934502	0.17560277236625582	0.08815572639190034	
0.05102057899572527	0.0	4.548646105181583E-4	0.08805482809473551	0.13424934881796233	
0.0647225151635373	0.0509977383673993	0.1067611430316018	0.255107456217348	0.27112366890061407	
0.08318987606091635	0.11177523113969896	0.20584915547783217	0.2555478597384308	0.2534131654793433	
0.5256178897874769	0.3610775196860835	0.5065506643374317	0.20345552498390096	0.23442521724080792	
0.19106894960240106	0.0018748295850145597	0.22664026723159356	0.13218891165780156	0.0568849734665483	
0.393690054225489	0.12668549383871422	0.2887733779711496	0.03266735325409385	0.12518402412536306	
0.1967006315949254	0.28474457154089866	0.1373102783008808	0.13913811493275907	0.2061389109703729	
0.09727475159340145	0.09415167054725035	0.10405210037937808	0.08925656836435385	0.29541832482278224	
0.34799976048449366	0.4819482484742143	0.222480453171846	0.1437643795459784	0.18976479033920154	
0.6761669625074149	0.5519840679412743	0.4856779564734365	0.6049609619051629	0.525645237476493	
0.2793754826534953	0.12248454976602359	0.10597811823870747	0.0947176164966537	0.1931761767981505	
0.3593131709695018	0.2440642757707084	0.19204783132737255	0.4401876037572923	0.21929020265229088	
8.398042824844876E-4	0.2495531812256656	0.02876056472270598	0.22718870571877103	0.25879453086763926	
0.15848799456999144	0.28186519477653016	0.4069527985210746	0.2861242699066525	0.5708418078944147	
0.0	0.0	0.20928035672795564	0.06672560168184936	0.0	
0.20334202132628212	0.0	0.22940016362048246	0.367070840742749	0.3037125501601858	
0.24918563589599413	0.17456165150968675	0.2581917048031404	0.05691754558300262	0.15737118312997758	
0.18548710200965374	0.2557651196773851	1.0839075918683061E-4	0.05049778687348447	0.13467120956187317	
0.1542379386942946	0.1448853461758573	0.14876796667703074	0.137300024248043	0.19708743970610854	
0.07466627579567699	0.29033761418128645	0.21443011186815839	0.1986423282566196	0.22009899155190346	
0.024217417311145288	0.15476649139561197	0.24631036448361837	0.042293166006436414	0.25547497704831473	
0.21613251599267944	0.1282055430708196	0.2537900106434347	0.1534206488829041	0.15357805582359316	
0.2879474284461089	0.039932973473857325	0.21574904631956263	0.14448509350961097	0.23797811010522685	
0.0	0.15369460994613773	0.0	0.0	0.06920504734183519	
0.08924411066877436	0.10756841301425793	0.12081673678782164	0.06271269809165138	0.20101617029556296	
0.0	0.1327245134748128	0.19121086088679234	0.027358186715009995	0.0	
0.11156323746263526	0.05543588464363439	0.21407219478996123	0.015338479766531443	0.0034596128415126234	
0.07861953640297313	0.0	0.133990729535024	0.2952081497597243	0.2624132751162825	
0.014662272641785387	0.01008527403082975	0.03816039387870348	0.002212150479096912	0.0	
0.4220788606920191	0.23391733999000736	0.21723033460439498	0.05446945713587698	0.07588864907105405	
0.26710162177586777	0.0693029921300293	0.32913361645346906	0.14300555797933212	0.20829528413189116	
0.20311999942400327	0.0370267729640118	0.11762888439465462	0.0	0.4044985430685799	
0.20323804760044709	0.27405075360573616	0.2730464329057525	0.21037733463205924	0.389861095483511	
0.2866151680501719	0.07047868596633937	0.18117283064059017	0.19011955489722482	0.21214693751555086	
0.3340737248402156	0.19234416439382465	0.28164765736218383	0.5198218061414733	0.20854727437619597	
0.3627760363113138	0.13979515725224534	0.20233121355841457	0.0019736418971440135	0.4207478480091461	
0.36122703790140337	0.006429449468969069	0.47212620455330256	0.007264144926106912	0.07597553645466555	
0.0	0.00711097516658036	0.2279205904369059	0.0	0.0	
0.0858065194579671	0.1909993278438895	0.17423463451564994	0.1709848088732308	0.1600280294559273	
0.0	0.0	0.2059935000535507	0.0	0.0	
0.14046276911052571	0.13499365271836605	0.08937953737573337	0.00800132937864944	0.17623528046715425	
0.251287612558353	0.23243536210873592	0.19216681352227077	0.4441712537107597	0.3270020510093444	
0.2841666993742025	0.18818587049733554	0.22871304033633685	0.25046922225492363	0.032529951950915716	
0.12085354352996983	0.1685459626468819	0.20256156401917289	0.2056843356836703	0.19699871734983898	
0.20270625008322676	0.2793211664373811	0.07849313217640418	0.22909489498314464	0.026124860202156323	
0.17309591753298478	0.07491630654888065	0.24127611645419017	0.058935117722541536	0.2900183047136497	
0.1469861666052528	0.0	0.15994658949078566	0.13489149375777204	0.1891221604896794	
0.15662756581359663	0.1248686673361289	0.07429952856234374	0.24814287423621764	0.18147633030540722	
0.0	0.18156572991175995	0.0	0.12854322170917945	0.0	
0.163589153962176	0.5245436380759986	0.0	0.06369177295069141	0.0	
0.0	0.0	0.0056762669207244525	0.0	0.14999119400436264	
0.17993527295239117	0.17709696612546763	0.0	0.11561848878767131	0.08829695958803956	
0.4205574631319485	0.22219105728269073	0.0	0.0	0.132174939202751	
0.02505608082968255	0.04426191982691539	0.22319169194569688	8.382702070346139E-4	6.894295433592516E-4	
0.13674068877029097	0.1907391049744497	0.2673517744470666	0.3378481570440566	0.25647432536887843	
0.14737069379003967	0.2607620176829806	0.0517453617970977	0.14652038452342217	0.05698880250704133	
0.16246836170163864	0.2551776337959671	0.246913887452597	0.2759496165527773	0.2065261819347009	
0.28652807034511135	0.2543588278517778	0.06947074457944924	0.16620994018087443	0.27882715139776376	
0.2333976844261309	0.23391961681096005	0.019351385249672722	0.29344628443794385	0.24814799731335396	
0.06803482412725156	0.17498185438097502	0.002083713213679068	0.14525160586549465	0.008630206945287634	
0.07808171351285156	0.11056105207342529	0.021423515886127564	0.27082028907046984	0.04400388916161762	
0.2149584384673619	0.2645302030370171	0.2437101422099989	0.11067155655588552	0.24763971292231193	
0.1010743704790903	0.08468393964556328	0.10684451357853987	0.16977996465834513	0.1370730152088744	
0.1593127905403469	0.2849141696775014	0.287051442417992	0.34508814586585396	0.0943262121032475	
0.08152442828220383	0.2544505642137034	0.26932570055221416	0.15525561167633062	0.20925699260707067	
0.045294140638279426	0.020098045579184907	0.07227768189136029	0.25784289825990214	0.12814880231976536	
0.2508835362329853	0.12243791730070326	0.11986020828407576	0.08696043963851414	0.19329240274292667	
0.29228005302988935	0.11241376421542697	0.12007411920964041	0.1541589685676234	0.19302584363842729	
0.06746696744443524	0.14878058909606315	0.32933231955816605	0.01986214424896278	0.2167035499674725	
0.11410923886717655	0.04107825323540694	0.11503588166145501	0.16810836292925835	0.0	
0.08545167869426544	0.08604501986905787	2.0197522313155516E-4	0.0612223437062211	0.20301768229279762	
0.15097857282562638	0.09609238609217265	0.28707487077297283	0.17030970159514733	0.2695513274009427	
0.1048583471594393	0.23923658596445976	0.1475736679464628	0.11297595378700556	0.13339563984617414	
0.24664688504497165	0.014956430244355504	0.0903637054374084	0.00960105732064447	0.019454846253432266	
0.0409795282402706	0.08073319996820268	0.1566308366193524	0.1363851967264691	0.133614764914456	
0.11397258104012807	0.002795407536638513	0.1797071853892861	0.09123025813938673	0.2625994530665999	
0.18540734305850096	0.1615692443757147	0.2768923249518345	0.07494800740526006	0.2972294944124243	
0.09487636996885389	0.28722684806979876	0.18465808384024485	0.19216979074191448	0.039155045260543836	
0.18101540444576122	0.0	0.0	0.10156982439668454	0.09504411531615901	
0.03929172487533635	0.1974713624970678	0.03954262933605116	0.026579158504599548	0.08563094216943612	
0.23726074487113957	0.06122859574687403	0.043702273057030824	0.06864943136401101	0.02816634498304169	
0.15749237908354718	0.5080174479447006	0.13815362902412365	0.3933084470550002	0.29188013835560156	
0.11874994146854434	0.245858066883699	0.5069159733886676	0.0	0.12441433127682582	
0.098943283844964	0.24004228013317913	0.18181701101407835	0.240826872558194	0.10100661996112897	
0.09763182763287141	0.1630393005771594	0.08593714535235733	0.04018045067747455	0.00981523021301636	
0.43599074959413187	0.24432778879690648	0.16224238771746755	0.24222690107934491	0.10242971495049605	
0.1466013993701612	0.09993701290572919	0.03265622674829669	0.18562345395433902	0.07364067850111594	
0.029018529892765346	0.05932107167691693	0.1431256831535392	0.2567727742373172	0.04918549750374617	
0.0324764095305745	0.03564496100993978	0.22107615191240734	0.11187271823011402	0.29259575702253665	
0.16987331324665614	6.560236380411559E-5	0.2712648881373034	0.029670220174283793	0.07089103436995177	
0.2869411757057931	0.1044990955128667	0.132013451734036	0.2495565681993477	0.16819604419699205	
0.22699745128269025	0.07236644556416007	0.0	0.08525089971740536	0.038567329281358566	
0.028493254589936772	0.09577432904298959	0.2523272006353545	0.201798730382249	0.14491419456325355	
0.2911743259499379	0.2592362177886761	0.3973088107966802	0.28951535818359564	0.1959393048382766	
0.05318313337804113	0.22938397564118176	0.488889474136908	0.12387390513557192	0.1659670462420916	
0.23367978889698943	0.29106590929422294	0.21177543438417687	0.13434384450170397	0.21077769853562545	
0.2182133261063275	0.0	0.14034735647353405	0.1570043539136015	0.06820873729043188	
0.2282547086747086	0.07917353197227878	0.18273587046508286	0.24906258332368422	0.07215446314672559	
0.2801172495160775	0.12045775481456625	0.15247978327092512	0.0	0.0	
0.0	0.2613134307719969	0.0	0.3077115823462152	0.1716345920269473	
0.040012476973041965	0.12637286699159117	0.03537048173873028	0.04036833126087043	0.09618516164346874	
0.23414716867211882	0.26896140169873056	0.2363410494849898	0.3425100008001496	0.0578354020195037	
0.1743498809794703	0.07774234247108348	0.049783875366845434	0.1380334618672258	0.016049030148610307	
0.09051352513056311	0.31939783948189954	0.03951197498673417	0.4875373399760626	0.41814789777364486	
0.24783058134777922	0.19394724401071	0.1207524065751798	0.09503963698191745	0.013472577176383185	
0.20147955350717445	0.2519900972356028	0.0922403706202005	0.2709823879261834	0.2902356765787352	
0.27904019562871984	0.0	0.00553375892206335	0.0	0.15497109379406263	
0.19092364418907845	0.28714533627546585	0.40910798832105305	0.0	0.0	
0.005193800921241938	0.26452356523750364	0.04363827212553712	0.17792968795917558	0.11512384356618292	
0.09841836595658626	0.15078890857176477	0.09366955725974867	0.10875530289699781	0.25115545437240583	
0.14565630587049783	0.07928897433322023	0.26764847329419444	0.05774273349179641	0.06497018190566162	
0.09261892820224014	0.13817727753081044	0.16104629553593028	0.08740939631094116	0.12745070089797925	
0.28594215864758427	0.1958188734903662	0.015627614141649725	0.19367949066659748	0.25777671792608153	
0.16741282709889732	0.21368987304337816	0.13818073296881775	0.2449060114290868	0.1766686918119834	
0.12311060230406015	0.26846480265112777	0.26121530237746765	0.16907881852592224	0.15223534516514908	
0.0	0.24431519388175746	0.03447529071404236	0.1927988169494338	0.18651304445246666	
0.11125499427433162	0.09427870825063497	0.26078917788344813	0.21907841158467078	0.007380987851806931	
0.37883338656647514	0.2767207535886632	0.2893036841471112	0.1650503576074995	0.36878961365217733	
0.0611961606891739	0.04220015693791436	0.09973164055400646	0.09459570659815243	0.034244676938506184	
0.22891060325016846	0.032840389528209585	0.21426160968519392	0.04696008110327946	0.010529457571327127	
0.20362690240469017	0.13323186158450404	0.17275485958636078	0.2833186819732719	0.1766774440045433	
0.09774974027613283	0.2861202128995165	0.2832471719675615	0.24849143524037487	4.0085183975070607E-4	
0.0323442794995859	0.12041516458904283	0.03559915783795253	0.05658494339303891	0.22060469176386474	
0.28629481320109224	0.1966053677201523	0.04408628136655659	0.16473615215186108	0.15374323035652093	
0.2319460925430441	0.16183569757944086	0.061331234454982696	0.22770905370386949	0.09811664163539753	
0.1757070198021966	0.006859679087323968	0.11294739097794429	0.041230369338683154	0.07452380306847234	
0.2820265232126621	0.009479755735061405	0.07825883156462221	0.032299046944319516	0.21821270897004802	
0.07911448269954696	0.2863521950046831	0.06563973993469321	0.0731911282870937	0.02429965798067832	
0.23633329013743284	0.2737350229143313	0.13899865862949395	0.29186471234795625	0.017295778600362997	
0.23015581630977713	0.00709822128693644	0.18436338956344359	0.27110833796397343	0.27949719890496494	
0.11492824998279229	0.2597330651912004	0.1711456559984363	0.10049845223292976	0.2665261659070928	
0.2417093542455845	0.012703156885383853	0.13010891814860703	0.24008878674783007	0.2976968028700068	
0.21803085953929105	0.12304841377210204	0.36201122748208614	0.05889767601938349	0.007725884567310185	
0.04366412212045737	0.29617675254489406	0.29070746734479147	0.15059142904022163	0.10512273743667894	
0.1759838759746581	0.12436964046151215	0.07564204462582114	0.13107147887294582	0.14525709693624578	
0.09297156859165054	0.0850381924539666	0.1622660588564683	0.1603620209930621	0.1438116007867253	
0.36220979477159027	0.13768456579556682	0.11145304684851066	0.08699817384362155	0.13265243230103427	
0.3590900355215876	0.25904287883148847	0.3270389142705133	0.36817531402849596	0.2577175883863835	
0.1915596207484391	0.4211322195050943	0.22818813844680294	0.2393772427471939	0.22418826679485035	
0.23883253717930236	0.2610291908961828	0.1100257210288026	0.1578071111378497	0.024437122362255648	
0.07403619005887756	0.1101300599271791	0.24993919805885428	0.06811130561766837	0.1545427204118185	
0.0	0.3704647256495177	0.5595565188126548	0.17789908874140517	0.24113766192435082	
0.23640950265663427	0.19589431339671484	0.08469109307904346	0.04808722427959101	0.29194279375999904	
0.0022036297560330226	0.24908752222258693	0.2076047368219845	0.10059350475110286	0.15686885678861867	
0.020799351633262457	0.2600923836461286	0.007904292163312038	0.05075460911435458	0.007800705784092416	
0.19975279866619042	0.06808547180586469	0.1447631813549943	8.640165967472043E-4	0.33712068347309165	
0.13273356264038186	0.02688974130520798	0.18882821082349582	0.04512423140006259	0.1324543987008665	
0.18599274308687438	0.1407903419626958	0.09758377725673205	0.06553879541125486	0.02848652316434502	
0.1244429722032314	0.16701371605162646	0.4072905783154421	0.02530128289327395	0.26690402437255567	
0.2894473761296777	0.07382606436351115	0.27486185573376865	0.23452127672474601	0.17477245478033737	
0.06639965630912682	0.1217101716107625	0.22578605600537482	0.20018686418978815	0.1437935157585556	
0.36666716130033855	0.08729520490295736	0.29174304730457423	0.5833317727786322	0.2746516592190352	
0.19962781300278393	0.15136325006588305	0.29924743340902565	0.17962991910463555	0.26159032713697244	
0.2672645031985044	0.04141442808917026	0.017973088105075953	0.038031797972223544	0.06639653088488291	
0.22534697247203408	0.279494717843965	0.28969866963302754	0.05074940172196773	0.04738528281573798	
0.13835511319341326	0.18926195457096834	0.3256969890428749	0.4371292174368133	2.6506193612279444E-4	
0.23524292971126193	0.11511328225220048	0.26928156347786647	0.14485876049969115	0.11095650861486887	
0.14444612045458258	0.26967748305409	0.2671414094242891	0.2626541870248141	0.13540883589978375	
0.12483925777781847	0.14963576634736137	0.09207825850891836	0.20244769728844947	0.24808859683631337	
0.181147367952509	0.055712853563229296	0.11722140380787925	0.05214362187345019	0.15173586393552763	
0.2378303796277303	0.2807259881538911	0.24469894397171907	0.26672585511566477	0.2412957558433131	
0.12062382597176291	0.06317966634629897	0.08970266332660645	0.2576570364710361	0.1789301258093626	
0.1510709501964612	0.12123266763999513	0.022979542540225613	0.011268102098610634	0.27697361696241146	
0.18914084851327817	0.08189807601040817	0.09489076763145811	0.25376875331687765	0.19616834389973117	
0.36366237089914905	0.39186966621247427	0.2769734364896597	0.22909961724212985	0.08103316733440506	
0.28069324962849934	0.23182355085868653	0.15812076540592301	0.22943439969576013	0.013599155934602593	
0.16608434706082198	0.06576133407844846	0.28929243243791064	0.25809497011102706	0.015077026670465172	
0.0	0.0	0.0	0.0	0.0	
0.24872838000710384	0.4218837096474461	0.3046141986075693	0.18197845636080556	0.3130864805621688	
0.08088036483427466	0.20754056674178872	0.11648863180299529	0.19953087843815986	0.09093504729667042	
0.29822056880988107	0.2714303843187732	0.1366660221353244	0.25539589370541393	0.1709305875017415	
0.034778027135265836	0.2392126250777939	0.2796353308212899	0.2052722434807292	0.2599358956124079	
0.18583357397650827	0.07634038797110489	0.06327935449923572	0.27005512939365994	0.009262984263176401	
0.2573401915597879	0.1320211384446475	0.07906486230853371	0.10063508488987295	0.21791934797576099	
0.43012203331482607	0.3645572441235361	0.2664969197175886	0.2472956595890199	0.19549775082701515	
0.22260784376643775	0.09927878715650688	0.0786769026894071	0.22994931312016753	0.014990374798530935	
0.2398405524239841	0.1895370335846441	0.40623279197516554	0.4986744040493053	0.3206372185478496	
0.13934005854361517	0.053700741614391534	0.1166622112920866	0.07192254214103383	0.2858436481601167	
0.17495395423678214	0.28454842183889173	0.24998463478282631	0.0024234238085810047	0.16790632688686202	
0.4055902883681364	0.32449258215860605	0.4247608831267313	0.3742401343726838	4.6460616014163395E-4	
0.23715336872203346	0.06420064931008444	0.17490253810714343	0.12437277253402242	0.24934984201258814	
0.0	0.0	0.0	0.09008397756619044	0.0	
0.2223192187617146	0.0	0.07193895552249122	0.02825898580358357	0.14742745540082983	
0.0031288943294052627	0.090657294032647	0.039493909864273015	0.19868765636750166	0.02381006372695431	
0.22854867792814842	9.361993458111458E-4	0.017568624947945716	0.2875538158237645	0.009483767039089036	
0.06208974592767829	0.21030342273943295	0.14426865602632688	0.24509807681366005	0.19750558747122168	
0.116352205203342	0.0588176251628746	0.0	0.05975977119958563	0.1248191939934952	
0.0	0.020310091552127752	0.021691746559972507	0.14074591630787345	0.16582055505900814	
0.04439324571263709	0.17369618207377482	0.0	0.25704808104155263	0.0	
0.3158597756259529	0.28852325176163024	0.20732096893702093	0.2472792610674535	0.0931014908438003	
0.0889422665196827	0.13184034211460396	0.025604351338273636	0.04036158579585353	0.2743976568592462	
0.03260415199658415	0.005223981427102455	0.00392974223081632	0.10270026591389467	0.2236547182147305	
0.02119996878182835	0.24866195948020475	0.09058384259279054	0.04452503084314822	0.14341044226988992	
0.08393965985478584	0.04629765643981349	0.09672270962595401	0.0019619065130708083	0.13790708773008006	
0.1135083242724459	0.0880421963074785	0.028475110512500103	0.06553980284811227	0.0178849975778832	
0.6316504139535624	0.6886883883495498	0.5175207250012809	0.37216672150435093	0.3199905331270995	
0.21503421595197825	0.023910147856560527	0.06389955884226206	0.2914396773577775	0.11342455175237172	
0.004139848865966247	0.01794622361959694	0.21386355321972658	0.06145150164136054	0.06685073900567268	
0.23312940956460285	0.22257790158624985	0.20111368563373638	0.0047320672571318995	0.277806372170549	
0.09612487549894375	0.053497636122610694	0.10905645105953318	0.11474121125271895	0.15281784212360594	
0.28763009572726717	0.09977242153705267	0.11554151723762465	0.06826179851976265	0.01019925380466767	
0.12017642524714323	0.19436013621916087	0.2483682795031727	0.03712124251806293	0.12749463145011095	
0.3311915604794718	0.19788390746557927	0.0	0.17892696411260411	0.0	
0.1920045878126463	0.1692071515494961	0.22606917187700526	0.1987489780907873	0.2618217917302356	
0.27470748544826634	0.2906991397627401	0.023380626826284837	0.0647915710273362	0.1341992018512558	
0.06466536460776112	0.0	0.0	0.0	0.0	
0.06292150545527964	0.19567542513835653	0.2552658274306163	0.256905071495455	0.26296366434361707	
0.13842142826926307	0.16961482215568086	0.29733138064140247	0.19271563283546586	0.03172878797116371	
0.17404464744874099	0.275995211723226	0.4724016822290627	0.17514046432685262	0.4277183280816829	
0.2538770472713254	0.11674851824648556	0.06058197027390599	0.2685199754792216	0.2948911319017202	
0.2733332316767316	0.43233455249422553	0.3716787463236544	0.19222902932177172	0.24821415007980538	
0.05634524595268888	0.21437506213475746	0.008583649609523793	0.2562094298965381	0.21270256803689888	
0.1322817751662761	0.22068155404380255	0.1951938420490696	0.108469581825323	0.022992401699016035	
0.06739091709738543	0.06022039746647287	0.0	0.21937931458432355	0.06499214232130074	
0.17599230115047665	0.055274457524187096	0.1961896576435255	5.806436586756944E-4	0.2596349683746379	
0.0	0.0	0.4669954578614612	0.42862566689305115	0.0	
0.2298981140922241	0.05279003804180691	0.23734703195453255	0.16095765370407422	5.92049369965631E-4	
0.20091568442491703	0.19367152147705707	0.045968763473474554	0.03823162043948308	0.2853889099704057	
0.27804122324561054	0.11452491978322255	0.021144432016220727	0.09808293583987429	0.09340927379574432	
0.014969382604498468	0.09073473570870469	0.16904461408118335	0.025212226960553565	0.11645483631305764	
0.48053238996342007	0.3773538291607077	0.22064736098301727	0.42386085127179546	0.13577779598793885	
0.13836952093597082	0.0	0.23190493798911807	0.44749628344724635	0.6078420087748585	
0.04192733384799882	0.07330641386358186	0.23402545755034643	0.07395419648791847	0.2995510555955612	
0.18561217312053946	0.1253859001810286	0.15206947635442314	0.09338357504061767	0.19920604494106145	
0.04419543566818055	0.23154644611663844	0.13008674887456984	0.04135874500963778	0.20799940404629366	
0.034109680275809184	0.15263893413849322	0.12851768818697543	0.04671544303703557	0.29748415181419446	
0.13208153830249683	0.26461612393358974	0.12223204212891114	0.050021039543481215	0.23454163279613158	
0.16474960998879967	0.04060110641211702	0.1308021407627554	0.2911840931563164	0.2907017306303926	
0.16291220449712426	0.15198451939954505	0.20593311620396518	0.18460528919102515	0.026281875043145306	
0.08288559879574003	0.2962046724148058	0.24830756250506578	0.2172938927837008	0.14529438969272765	
0.17960431590317355	0.08160648461012662	0.18552117654072764	0.0	0.07524770586821718	
0.17988903579601812	0.059219562833541656	0.19424636138470272	0.18913974972936304	0.075514776227292	
0.05156803712950925	0.0619428735504544	0.026591186948584113	0.10493176447072715	0.09687812574879862	
0.018778111479192876	0.14590610286776573	0.02797304862382084	0.034817677907134865	0.13584689866339988	
0.26658751667622244	0.26570835941738385	0.19652715046263478	0.26913252103787827	0.2724764785365355	
0.06426122296788794	0.23893562736027205	0.2413343882882482	0.1962919758268006	0.06094225357068091	
0.285277856221289	0.03183055303232634	0.02823132433358719	0.12608747362794417	0.22899156652507763	
0.003360395116977744	0.0787223298025584	0.020579100323717636	0.20517045730139022	0.11002411411002579	
0.26643942336016074	0.0838778301240501	0.2937985875010013	0.23631706105680036	0.27311710862887234	
0.1303858870564964	0.2570759100659333	0.19793952217362926	0.15127171148472585	0.12706587469230313	
0.014183878810521832	0.13070670989225652	0.2019522521071107	0.06148052045550624	0.14387681637056646	
0.18960318464335746	0.04801255413062827	0.06495732466821283	0.11588560380802823	0.25126450356676633	
0.35854212537572855	0.5040723184828616	0.6017632766363501	0.39064815470651154	0.3342794901752018	
0.0	0.06259816727761998	0.007908948481658525	0.037673498859755856	0.01939636956224824	
0.2989384075877838	0.11856060292793719	0.14895272416929997	0.21534573150842756	0.23048575725109294	
0.126827588883603	0.23381970733446092	0.21908194216967516	0.197817790165393	0.015373980021190043	
0.158702662999186	0.29750894166234826	0.27254122585664925	0.05574772107569452	0.2385479802478033	
0.04795951298390976	0.13532047734242522	0.18437196638166167	0.0177824425753046	0.07912909918996691	
0.14718386826773097	0.011790554870901202	0.0	0.013071332932466777	0.0800060634486351	
0.07347273883245355	0.1275585539645084	0.25788666296169777	0.22270075730708466	0.10496225869594995	
0.12460420362575861	0.2925050118941412	0.1532415970761018	0.17462434710752328	0.047253467487148676	
0.1034261745685467	0.2695396268994111	0.28642877245125375	0.06198119375040955	0.15841852852817437	
0.2161242893256936	0.0	0.007221699914444078	0.21845244754586915	0.012267731860900558	
0.25572672190195755	0.20300733649202585	0.1770165508145095	0.1941428411347702	0.13927932570315993	
0.0	0.0	0.0	0.2572135325958153	0.2136225322921789	
0.04920309546977915	0.11792444687033825	0.047029402545617015	0.14686753927971793	0.13628539744512677	
0.14625758275997794	0.1639363010544319	0.07506042056238159	0.1557253121578241	0.05156302671491279	
0.2391843908222894	0.016492632134231036	0.1620346222297877	0.016364814643510826	0.07996116556716752	
0.18910412847504063	0.11598763340193922	0.07616194780588943	0.013659316244009637	0.18914604777754238	
0.2953443690934452	0.12197826117792517	0.2074008843527905	0.08267612669718223	0.19740138567454843	
0.1525249163550974	0.35780885865894174	0.5374353311659181	0.10469918475148662	0.09549998623327377	
0.2631109130862112	0.2270746245561082	0.21538764330348975	0.2517534466764702	0.21529188543588493	
0.3351372123352795	0.32304626054034724	0.24040649636218706	0.4005961550060407	0.2368751701158785	
0.21610325596097382	0.23350546586349835	0.14246486427732055	0.04590622176836971	0.09317228861829682	
0.028129533441028295	0.18503283558235362	0.04419254285053144	0.09280346443535441	0.2134916379501969	
0.22317238785470556	0.18204388888031964	0.17447293036704845	0.17792743147355852	0.024754603728494407	
0.2757513688297822	0.24504462137320854	0.1367903301573476	0.17877774783490724	0.029900372099998365	
0.0042617113296358165	0.03222409307220148	0.002175374579409043	0.0036160993169361785	0.053413498995254334	
0.1283830209845545	0.13668711340911752	0.007670075949499704	0.12785974711069206	0.10395849172336902	
0.09392498333286978	0.1492423471164912	0.0	0.13421490158514407	0.0	
0.27726921917679104	0.10510641875681002	0.2431387543145032	0.18547938576764744	0.27879079772475535	
0.25502285353487475	0.13078263530937295	0.2612549854054608	0.14590196796998084	0.008713332405549404	
0.0	0.07774191928107176	0.07179858486382003	0.02503940655229024	0.020344396151869355	
0.0673719891356182	0.2721673035923923	0.29916188674999267	0.07295782060575408	0.20153936521519072	
0.0	0.0	0.03207883525336075	0.0	0.008748638102619092	
0.17182592157622864	0.20004305360076421	0.16955301355795105	0.2824004929233906	0.17239126843161046	
0.22545399365835736	0.23844503654350643	0.1383564614825495	0.19525070015060145	0.14050043638304205	
0.10263894217568936	0.054429074326255135	0.023061819363589278	0.22314403776193964	0.0020368040638643185	
0.3002585374987964	0.13678584746742928	0.050819193576771594	0.14383040654183477	0.06869826588222994	
0.06253425063516008	0.2306065004927904	0.15106906469032513	0.027395912428443487	0.21106612479456474	
0.2700393290134998	0.09084374390533864	0.07686170406549142	0.03889441064109992	0.1754252963219333	
0.1434879510635782	0.34498827065225474	0.19954239371542012	0.0	0.30470157190899905	
0.1819596756438213	0.22948542190290877	0.017561431534614008	0.15719856096267498	0.25402062161895134	
0.06732130177249233	0.23388764389328193	0.17624964229685636	0.08752537099437055	0.19336910472390803	
0.09184630218208924	0.12373365015692132	0.0022166625739920036	0.19295024809233208	0.05886639675951028	
0.14043041899735073	0.11607680037928386	0.2962176775217086	0.014399014006142094	0.12692492087491625	
0.22686907510454588	0.06333774007171636	0.29318864924546834	0.02344146384775349	0.09918110494913274	
0.017225967023764888	0.15634919825675958	0.048134776801756	0.14367354711589458	0.21551173259887216	
0.09622877198231315	0.2549760956180946	0.1237050764634959	0.03487092748444813	0.1542634710016411	
0.2189502849970081	0.2283799039589487	0.03130593953230031	0.02732730651597265	0.17385749439046286	
0.24353965131954108	0.0	0.008049681998276671	0.0	0.0	
0.11013300460002848	0.176310894985143	0.14547699910485853	0.2761554995736926	0.09984008855717146	
0.01587321278475734	0.2868854692551234	0.1883403129665284	0.023037839457852212	0.10634918173894412	
0.35622442158347395	0.12180658927773311	0.019532746522860855	0.2988134934790467	0.09814123879380758	
0.14266320628807716	0.2545936139249587	0.12935827112954817	0.28510466434499293	0.19986285171549154	
0.1808759179216595	0.0678054272036735	0.17349386507547468	0.10547162812265817	0.1768060579215172	
0.2500207239189462	0.2767096890567579	0.13793194061008646	0.2341966249099713	0.036896640689518624	
0.1958865130092634	0.24056696425017335	0.24135791890374864	0.04119292913974303	0.07898134465145148	
0.1306947736833691	0.07958883997980011	0.26301833996608803	0.14217405301104719	0.1652130346612653	
0.2146943910270853	0.1298968306878697	0.22658224369147376	0.228923079538194	0.15192115086912153	
0.012153367416125114	0.07777614799291796	0.07147454985514305	0.030054923133720667	0.020554149156694988	
0.33119395526247153	0.2746887918966866	0.13358820831465665	0.1300645635745653	0.08804780259218696	
0.0	0.1318740756811069	0.0	0.0	0.012000773020051316	
0.2963165293732372	0.07648275001777305	0.04915039443525624	0.13458271425401583	0.19462921650007026	
0.18441626162767227	0.11377808180583793	0.23029201069181152	0.11217224595048163	0.16298377440534995	
0.12557897676347865	0.06711237828403514	0.156392011645571	0.1348128795354399	0.2645636254364626	
0.17453113790562289	0.2601073645648809	0.14670232350846668	0.07391389844847572	0.24065741011389388	
0.01845771869175932	0.2771809788279643	0.11739137573180916	0.2761833611509324	0.2055786489838537	
0.2993827972046237	0.16703966073745913	0.12254556420815771	0.03833669801882119	0.036780959930921606	
0.12372581236092021	0.1152327342200116	0.10992206145316115	0.2534749266160735	0.07780168476570029	
0.12422871137740074	0.2590365291069235	0.11938812996966292	0.2070477335963193	0.06229265039030217	
0.14212407811610772	0.20202059629860944	0.06569949219424069	0.0572253689346258	0.07263003417807244	
0.013625271366728267	0.15108691908734967	0.2428612467450134	0.11970563082107488	0.25544060612316766	
0.2452809126093179	0.21764711834065756	0.6906576676729279	0.27976225579272124	0.4954493110104679	
0.24932687857910718	0.14115362249211164	0.20507793973361332	0.22189944044765533	0.22145241957195064	
0.0	0.07842631406750669	0.10144839488497269	0.0993668851346191	0.18069620155172686	
0.10155694981444041	0.13139112553402515	0.0	0.0	0.041841346588081446	
0.002455443845054255	0.005072174467991658	0.030503517151490345	0.11709868278803995	0.13852600439375146	
0.0	0.036008484879985744	0.008386078405986892	0.10645414113284765	0.03530098710960469	
0.17961834775690602	0.10143605408854561	7.39104386861112E-4	0.19245555708186174	0.10465298743333062	
0.13323417532876616	4.3013953825264787E-4	0.2071252358071683	0.023810816842013204	0.01800227420470517	
0.20243300189835983	0.08994963824396039	0.35340655677219623	0.25934586262101067	0.22767994093429741	
0.2995892081661811	0.17268048249074297	0.12176726077082017	0.047054969308115153	0.021076848488364625	
0.13388331003547582	0.24603066047524458	0.19055692315878825	0.1713409436465627	0.008249121000941075	
0.35930240181875944	0.26641300729429795	0.22196215248853898	0.13687837478232096	0.4624242896958443	
0.20341136007486993	0.15025819553494946	0.20741707544514112	0.11257623981145601	0.12953561366518312	
0.16968336253797875	0.23742965270946095	0.009201404598741553	0.0925906849380377	0.02746122390407024	
0.03494093058814474	0.26801597154347273	0.0504365411693041	0.017813969805700082	0.07839696218934969	
0.11889808346932952	0.0	0.0	0.0	0.0	
0.07156386130553952	0.3592665867769756	0.3633236389916787	0.19983577729484084	0.2743738011008386	
0.20785782376049322	0.21549083605949923	0.24704535437879693	0.04941973571188055	0.21902957300296474	
0.1421907081127136	0.21697284461424646	0.0997477707670199	0.2739486175360584	0.12362473345337856	
0.1956141793963376	0.27788675013174063	0.07642169332501157	0.0597069239518657	0.12193662880674547	
0.33858978438927345	0.3934131750131349	0.11812685050087697	0.3722484679307242	0.17689561489280084	
0.21820718831504324	0.3161023707070821	0.24884355599807725	0.2477539582978519	0.6418747567789769	
0.16504216142027398	0.26350429793860897	0.2798510188997034	0.09923146363875276	0.10900689286745394	
0.21998380801274117	0.23040686897350895	0.07106335428507025	0.01564985202906653	0.003099599511997508	
0.0932224516506158	0.2837280289702483	0.1687492546269003	0.04958025152569139	0.2765996093244091	
0.0509342721409792	0.010219691996101912	0.1382706846984998	0.01811016519330412	0.13165615456644028	
0.22394133558458199	0.2014643840110293	0.21586085759058446	0.2485176975186704	0.09928288965172212	
0.061451646845713886	2.3148802781504913E-5	0.19148204297353497	0.2636357306732565	0.06751202656007053	
0.04272172355054364	0.10743471213436125	0.19161138086496257	0.2585079942618401	0.29086924322521407	
0.0	0.047652381247041624	0.0	0.0	0.1451598242208251	
0.08715552277145665	0.09053975986380107	0.15739177455524683	0.2126598325842557	0.23960803050954746	
0.15796142523989934	0.027405133917049185	0.2533445834055394	0.1942106236243669	0.20762072296087744	
0.15263845775806859	0.21616492541991256	0.17900494669656905	0.13491889766731716	0.01739452699251245	
0.03643396453476848	0.11830260535585672	0.08831752196392388	0.197048140235181	0.2886535983235699	
0.15510109638645184	0.1268149918178504	0.2723080728563118	0.2612336732065797	0.09270979284548177	
0.1866170170603841	0.07216449843674229	0.22383552007471308	0.15400991788476975	0.033597610928489355	
0.2836072823873361	0.125629180772116	0.08598907550457156	0.22854054124448336	0.1755257875263824	
0.23531767272318943	0.0994322605400813	0.07338094068879122	0.2732966687816544	0.0320452893583438	
0.13078325919400732	0.08915572239912804	0.19811719807138412	0.07302908889385158	0.0	
0.17102180229954983	0.18420234165199936	0.013688416970225305	0.08253517895668129	0.02061881044834816	
0.06362807387245056	0.15651390796316075	0.24638842926399818	0.07418195218336648	0.2952129737065364	
0.10729457889761604	0.1143365461194093	0.183613086162901	0.23225990091164292	0.21885249838789847	
0.09623174504067442	0.09952211007975058	0.21940205981025465	0.2345265675089861	0.39411858971980357	
0.24311388247637655	0.33384638792534593	0.11420042955246022	0.249596669646423	0.19748573793523067	
0.10869442175635013	0.2634441980299717	0.20998380385288282	0.252002062479879	0.15588395611420985	
0.22170003505881403	0.2915969700428329	0.23824445861574783	0.1621562596511098	0.1360039346827517	
0.145414837440093	0.23762530357068118	0.11525364475540797	0.20609776726025344	0.13581774666221225	
0.2445741672651564	0.06394282986427016	0.4483229588314764	0.5203687601322637	0.35411213530539115	
0.06371050781888796	0.15411553608499276	0.2371204301173267	0.21991098341871804	0.1852695676720898	
0.14579932525459663	0.2973208336222772	0.06408242818769797	0.22867193507709493	0.25932620614736174	
0.20483263198025417	0.33800258723520643	0.012804216176902642	0.11476183316300735	0.08144186478281705	
0.22836461462487986	0.2504906124890499	0.20218500189349856	0.03793265419563419	0.14299152861663855	
0.1966665664991004	0.0208601242450755	0.19112759942325935	0.25105057089012794	0.1851730729554745	
0.07791783811679515	0.13322555239083494	0.1430666575234104	0.29012231378916337	0.07924472730551463	
0.16873372801312245	1.7184934459635562E-4	0.20254261312337182	0.15841236507333936	0.0059480405967526125	
0.2720683715568872	0.0924684741619135	0.11239536677786242	0.24747366059056228	0.10150102628675521	
0.06485330200299853	0.20714855730527693	0.10956991541716506	0.23907566805497468	0.11287750252398744	
0.2914708589343288	0.278490073739988	0.14501145333770113	0.14649838352499084	0.042125262473411924	
0.018239007614872453	0.059026981158399425	0.022756276603590316	0.2861569834379511	0.012024529414777172	
0.07421241764455888	0.006951246729731225	0.04256486472166678	0.0	0.12046230656977858	
0.028659002454927127	0.030876006919949326	0.022678058440428757	0.22884937657852414	0.2579540563772274	
0.07124001801599049	0.4508698789951151	0.256018645750803	0.15380053465889296	0.2957899174617423	
0.25537304704912905	0.29036952537112853	0.021815863733200772	0.02208860858273738	0.1312712151890059	
0.22142101211259554	0.22238835452140449	0.20182217519834927	0.1109432740664725	0.05826119654931784	
0.08243018506876795	0.22220660799409392	0.09363806506109008	0.19112200902444912	0.032469670452231876	
0.09357387690971293	0.13851597923561706	0.02434481692023519	0.11366539938613425	0.1674172124925289	
0.2354445888728531	0.19738522948062026	0.03958724486295483	0.16434766076063695	0.2570726079750784	
0.12767665928125063	0.12048036599448603	0.16908620450453146	0.13165935660197417	0.2841204368074915	
0.04486120494054988	0.18757777208223306	0.2660401873044885	0.11535939027159424	0.23374656871373806	
0.3058970710115795	0.28292518076602335	0.4051168604218874	0.491217878664947	0.420591265751189	
0.18222763170641892	0.05421669493735406	0.004149441127620522	0.11223482756761555	0.0623736086124931	
0.4398732351558286	0.14038815777069885	0.43923994978993164	0.3386328598266258	0.05672277400610899	
0.17002477335632354	0.1298805789817685	0.026906713804364085	0.030127324686323405	0.22139956744224534	
0.13242292233682518	0.19783383130964632	0.22276405096651863	0.14409995534139947	0.022240151744870065	
0.21479405989460731	0.22152735775329302	0.19800526053089804	0.14358167632954985	0.2665276880038803	
0.27044456328734795	0.08871271530794227	0.06630197939039917	0.2338692660486204	0.004215953176692781	
0.037860862439870156	0.3808826011553252	0.05758069052061477	0.6869875563258475	0.2085712274663758	
0.07862457867588066	0.21144798806253814	0.2847114655429089	0.0738312780674859	0.11242089882428079	
0.25180329055073836	0.31215767861817084	0.2857916718694896	0.26211006481223986	0.14880090309601812	
0.2482897477696191	0.061391347183528185	0.08045828932112138	0.29608350818125145	0.18617890426171893	
0.20227828215112573	0.11949011116360883	0.025290095130139283	0.20818196580106768	0.07610190964149147	
0.24133645573892498	0.2756559769834081	0.22995275738776358	0.08109093557956025	0.03484183629027262	
0.34645847001738167	0.240936157256878	0.4282509212915824	0.47680178514045235	0.28105987158950485	
0.1882382581161434	0.08177391898045674	0.16873545093122228	0.004264762815715318	0.0357377577176606	
0.11762908776698115	0.16966589241360727	0.21595979969019286	0.23105511412260585	0.010850261200171074	
0.08130256845051158	0.2726171314446028	0.21332390921429292	0.1221199927332217	0.12706653256485528	
0.0	0.028062476756139793	0.10143806410275767	0.0	0.0766971639532761	
0.024664477847362132	0.1674365085457818	0.2506344443982103	0.10853755131651678	0.09864843552119562	
0.13567173143086206	0.16835913708284087	0.28415999566745626	0.171897090807184	0.08228270629352853	
0.31304983220519195	0.13567519564189656	0.18926211756471076	0.4353419989700217	0.10560347339076008	
0.059344343023848056	0.14325346092354657	0.29383164475396734	0.3167099203476395	0.06239771615417243	
0.25314168726245956	0.15082408173029632	0.2917908283688652	0.13544439718006968	0.14266007932075778	
0.299822545484894	0.22013340041205148	0.18880587928514492	0.2443399145321353	0.18272473574304865	
0.010951205664416909	0.10150094379121379	0.2860416550311826	0.2528177256095892	0.22144955766462263	
0.11702070069175871	0.1346231260683471	0.10881528775786048	0.14270771823600434	0.10326451764947735	
0.10775279942679183	0.09569139193748608	0.029313616679477243	0.2136607668547033	0.16056739409842224	
0.2510719778020263	0.21808163911950576	0.28324872027560155	0.026930231276311733	0.194561953999131	
0.23750473516004583	0.2602978538459326	0.1462410548213732	0.2491363721224646	0.003020223760578507	
0.1294979375958805	0.291918699710262	0.21445212340128675	0.11820236898185908	0.0	
0.033668104008961364	0.2143666536539789	0.1445648073998332	0.19201718543867607	0.2700078379077806	
0.24630813192345302	0.07544519988688402	0.20350644093163758	0.046973546174021406	0.06439501741633095	
0.11521076331201341	0.0	0.0	0.15676964020745263	0.08407184561266517	
0.24524294798893526	0.28963107114904724	0.30024909755256984	0.09566972431600156	0.26535612338332826	
0.2447243540847951	0.043406785676834474	0.20862281199678354	0.1651654718020625	0.24987007092678548	
0.29101668876686126	0.13340730341787446	0.351544580220995	0.5601714144982222	0.48736586453475206	
0.04599474800996637	0.09671969606191458	0.2657843141947272	0.03774718602574284	0.1778707071526402	
0.05712888845036856	0.01287964895248453	0.17675570315485892	0.12238217694598737	0.1109678262797756	
0.17024799574198032	0.0242460687965286	0.2997617583719501	0.10045266902686734	0.05286618092564144	
0.08991702038473168	0.24533565676004557	0.05607268725213932	0.019869380772551584	0.20014394632371982	
0.2630446669914972	0.1591801202371015	0.10051238655483022	0.21691605327958782	0.2178822780225313	
0.1024211198395162	0.07992679250425214	0.04665004427333967	0.03385432122347062	0.0839737781998926	
0.17876725215868944	0.17268124684755937	0.0774805516648554	0.056796229722381915	0.014848726107383007	
0.005486179534838765	0.17370120124329025	0.07234919448498463	0.09330202939770597	0.28895742162307464	
0.4203383042641278	0.33113588693114065	0.14670130342058843	0.2097851120288023	0.1331871878918605	
0.16846213292843987	0.2222664674130116	0.13002213528552425	0.20092034950524953	0.17888952236653333	
0.01924651249431556	0.21280113920189203	0.23187531031669703	0.2850384375191237	0.23320483702967965	
0.0	0.14130087378234563	0.01827326005589168	0.006711045530220528	0.09464291814073797	
0.1272356978595917	0.1404923147337118	0.11116945598155922	0.269310857068762	0.08948730526436778	
0.11131100590335519	0.15601921578120576	0.10640209220036789	0.2770481069162933	0.017170888516955602	
0.2787152877357768	0.28562378064473104	0.1483339386059451	0.12946426603456207	0.17502786263339443	
0.06322894346694359	0.16716064138406253	0.14580831653673818	0.10821328661882262	0.2986589379824508	
0.145671290810839	0.23431833393740764	0.10549363512261299	0.06822269124270192	0.13445325469534608	
0.0	0.2392255195509007	0.138941767613541	0.45747347311104825	0.0	
0.061641469863429346	0.25023590095454673	0.013167476544258544	0.21365259446015672	0.04163728130158102	
0.030825524209489186	0.24455727922776727	0.2678744342051917	0.016886111661486788	0.1476171134067601	
0.16823467137215448	0.2967858201936997	0.05306163713464546	0.15919713765621674	0.10637830948050184	
0.18820674424357522	0.15946648873769445	0.2822807179031515	0.2377189926756997	0.012172177514045557	
0.27762943986436195	0.11175716505758337	0.26361839050954866	0.14050513537802645	0.17445495736032307	
0.015227910212901591	0.282160685184462	0.1864922635812198	0.0719073166630525	0.04016352899570909	
0.03623622212758767	0.1181847501333002	0.029178958639915976	0.12545738963445782	0.10518834628971863	
0.18617512213237294	0.08054592147538694	0.22135539069062204	0.0459594368195066	0.22592040759930285	
0.10963636748539156	0.011733142904544941	0.09191248943210756	0.23334594112845683	0.11966607673426334	
0.15112142229427958	0.024078484175028846	0.10340837003726101	0.1741107071250716	0.11288478357375557	
0.08017641590161291	0.022285917446388033	0.11726961060051178	0.001423121012877356	0.14828423190210133	
0.1881872201374333	0.22479283628399427	0.27445529233873045	0.05714679951634576	0.13595446407081943	
0.194093898919364	0.04930965933972091	0.17729722833189043	0.007031162714554559	0.20238139123215493	
0.27246885086115497	0.29843473041961954	0.34481203082434564	0.28218034011100895	0.1832858896223179	
0.18633837457579655	0.21663040523288116	0.0012392383781466806	0.194074896436707	0.0019649432363058068	
0.14302791708499854	0.11838779573585627	0.18470599636158297	0.4179288384069803	0.23198005184258733	
0.07616908167371925	0.04745755116594601	0.11573663286244544	0.0669520491713154	0.25621768307079285	
0.2875292829781926	0.2727214944794007	0.04073070037930193	0.02758956115232658	0.29971897185924384	
0.20642290699681531	0.23482234141282027	0.26046821853112634	0.18062160699537144	0.3109900158721542	
0.2558739002936984	0.1075731186369579	0.2898065243673291	0.1743425603027048	0.07245952192190752	
0.07798438728026638	0.17513294901283175	0.17285526401567233	0.007308586408925859	0.05666550953659573	
0.2841758582808975	0.026563727583272915	0.14159651794000042	0.0642531392704709	0.013632995674686288	
0.1727937756006545	0.017277392575061834	0.21581418833779045	0.02524243285424632	0.04412547110191388	
0.009981921536713264	0.25892797272588486	0.22437467938064118	0.23150889060807708	0.08393106854623897	
0.03549067454914286	0.19092848672821022	0.26874195971329895	0.17019621052127354	0.2272106036888911	
0.13439906619849368	0.023531642079534214	0.03297321016389032	0.1409633297379143	0.00675014141832791	
0.06088620602705239	0.17950790672478467	0.10886545271174168	0.2543212239093962	0.017480361731118672	
0.20497191273687326	0.06821213754392977	0.29699999399968524	0.14771228229777386	0.03453675855774814	
0.10206395144752464	0.2175818431686035	0.25504015877504543	0.10029188928167275	0.012183776885094746	
0.25639705426047277	0.09225333755507469	0.14911078386879648	0.44241784216000857	0.24199440449125825	
0.060647156668703975	0.01815016047693943	0.0938454141496224	0.2679223283057012	0.06080020223188878	
0.12737504532341354	0.24591447909531294	0.03787355558850952	0.2642278371163253	0.07473911952888722	
0.017002361070273937	0.0	0.11853676101393076	0.11499061809799987	0.1964750898174368	
0.23843389138002213	0.28564364596848485	0.06891944874877497	0.009776490110295253	0.08128405805109293	
0.10236192524498497	0.13833425705761915	0.07908508882265473	0.16073872316267993	0.22125466757545695	
0.13566085882934628	0.23937298259143652	0.2567918333719222	0.23171214237431328	0.2574174027344693	
0.19356898049459273	0.25893266618504124	0.13111104591001924	0.10049892403458514	0.2234015366929845	
0.2617387877114278	0.2713010188718425	0.16586164090541844	0.16250716677849278	0.05814058088091406	
0.21110304511176314	0.027590880537795102	0.29207548776712716	0.2667631485203544	0.08427214825370839	
0.001401101380642647	0.23399166406709265	0.11504353135426994	0.20437838901323632	0.024780124028287588	
0.07949954812545436	0.07620101017508307	0.29971252331178916	0.18349500980777778	0.13625369704701518	
0.07750751014265074	0.08480172955498419	0.146696199754753	0.029851082717174127	0.12021136244116183	
0.21806788783560402	0.019802182279093316	0.07585392859182168	0.12152854378814575	0.17687605950827034	
0.11085606387058322	0.018854958869862732	0.14531239447180136	0.15364467892408734	0.11256001399814183	
0.27671628400955717	0.20729047374165288	0.17044429935871297	0.11821785166176631	0.06985266876686652	
0.14158937087297785	0.06811349687076274	0.13749616841761192	0.09236688248717895	0.07692667536983519	
0.2551617807583209	0.24103101478112068	0.11119850017260322	0.01226622052656912	0.1549880837128889	
0.050873803811263295	0.21634311549297247	0.2934970150993099	0.2915971308829184	0.11985829965207594	
7.469351265037273E-4	0.2717790345045235	0.27924058241482197	0.15282063704976065	0.010829005534273312	
0.1860234527495826	0.13791435429921142	0.18615017184736768	0.21741752444513168	0.12790224929997324	
0.2428312767517322	0.1587196999031534	0.021625207017802284	1.5729586403569128E-4	0.19151143002855261	
0.23717465645152086	0.06104759275295629	0.11935833134506756	0.0	0.07781964347334011	
0.17015235148416125	0.05668392066925802	0.0030217831104375785	0.14954167718690725	0.12947969208689084	
0.3708994607778781	0.32360846120841286	0.14353845051907704	0.3904808306792877	0.3994795744021159	
0.09347768888665817	0.21970464509187823	0.05011244123800177	0.16592717731313725	0.0187108230005912	
0.21703398662298728	0.19424493529926415	0.12240435474006271	0.18176878710642141	0.2282980023632642	
0.1384944855357078	0.1240252657897976	0.049851065860047804	0.10592362165837764	0.17576226994379557	
0.04931048511895763	0.10149724973309923	0.038717794208703485	0.08727385812315545	0.11619759749801115	
0.12667733099431985	0.1984105491540085	0.26765153287498483	0.24127706053328762	0.2154550979776922	
0.5304728893498687	0.7802806287407056	0.6742738801322697	0.1991478879355152	0.23506050156696182	
0.06013432000803976	0.02628824482622161	0.20060275388672533	0.17806041464204997	0.23108605447870925	
0.27425094235802994	0.08424129270195717	0.09767320782158526	0.2765193960721973	0.09722185260266522	
0.09372932638169464	0.28806222300664175	0.0029596021612629327	0.19830889191364756	0.16712480999712842	
0.0644628275197128	0.05734183757820363	0.20024595147712754	0.29862738326230537	0.024079487004146836	
0.14500818908902413	0.06455945459169166	0.08472874165589304	0.2559528566290383	0.2529477503787973	
0.2901154599984538	0.5411095958501325	0.17664003289456487	0.7526430937443631	0.46056561772247623	
0.17145721979455886	0.2509575173317437	0.23317459445199668	0.08407608407076309	0.10383365482088648	
0.25967439436717826	0.19971232177616965	0.1093299375692001	0.13970288207109477	0.195686388842298	
0.1430393566607814	0.04507026249222377	0.24785095771636367	0.12313112593931719	0.024388724436341602	
0.1845657788257904	0.2692181511652447	0.09102056179755039	0.18281422944564332	0.052546167272063564	
0.4524463423420234	0.8193093495746637	0.3151930263366636	0.3839541303018903	0.5259827317054946	
0.01357278408212165	0.2777699591730393	0.16716990513337648	0.10637587582284992	0.056807855814552576	
0.15522370174501673	0.1929965016845474	0.08769975790395808	0.1221837627712239	0.27482558657179035	
0.254478785641476	0.276710758666619	0.2009651642334572	0.23924687281669582	0.22729865610640848	
0.0025318122980093638	0.277426723082492	0.27784809873928895	0.21674109896142865	0.18897986730323996	
0.0	0.11841226735088473	0.17606761403116516	0.0	0.0	
0.20785041663872983	0.22520073124493006	0.1990572045544446	0.24584847942821894	0.173308190298141	
0.20089005045924285	0.23755662479337014	0.18985062994982282	0.15167037615950657	0.2735511799935627	
0.09679585372930206	0.24552872430105188	0.0	0.1282115126119845	0.05442045174390838	
0.1267816733020619	0.0	0.09042747569823868	0.2085461347738322	0.0	
0.25755157729419464	0.10152664615232773	0.24106980619033372	0.186944760519531	0.13232303257703096	
6.712167629241586E-4	0.2529323454629903	0.2639133721339526	0.032244656136427984	0.21779741717053855	
0.2614385655252953	0.005457684388667124	0.0015270335557579671	0.12624953619748322	0.29970626733004035	
0.0014004554103515063	0.10306773999655565	0.023917303530307077	0.013823501844997064	0.11370904773315274	
0.004337143436710318	0.13897190621830974	0.27871927798056084	0.2966458279739638	0.25122304600275336	
0.10800747563951595	0.18401491143240548	0.13984695444893566	0.24969935304578889	0.2735816630464052	
0.055664002591063716	0.03390915639087278	0.060692174893159694	0.27533037576187264	0.14442859341823536	
0.032785456139969374	0.1723193830466855	0.1225739597633142	0.25891511652202653	0.19758305994624065	
0.18793362268538671	0.004381124609103927	0.2946838651471616	0.22562364071645657	0.13575234766693284	
0.2462522981037293	0.23533325081374906	0.21922030890464542	0.26008696542218823	0.14027144080747045	
0.17587897816473647	0.21328715841576387	0.1173559130991181	0.07303356007411509	0.23754004984478647	
0.07518815716057377	0.2577529816517624	0.22911754084078964	0.20932034369300814	0.10142022672547908	
0.12220911016714751	0.19881672063804415	0.36285140143440797	0.36381925864466613	0.050496203639715666	
0.08551196212224489	0.2716691440168979	0.14957312021298735	0.09670650665033001	0.11561406052433082	
0.09179188774100214	0.044521008071147845	0.17391135084918172	0.16901363823697438	0.11590313458280528	
0.013025418375824296	0.04749953857776848	0.0225848780392671	0.14108920701353217	0.27753867616485195	
0.0553337340358741	0.048537065941474104	0.025704936032808684	0.06322176255146232	0.23127176921250725	
0.17061463034315008	0.08207693292711844	0.2816121953241124	0.2955982806656914	0.031680923082077254	
0.18288985679894035	0.035077413978376146	0.24785329515471638	0.0032270039632915433	0.27926725331157903	
0.014078082333111882	0.1034440806126323	0.12856920367852487	0.16118891118788142	0.05284429247695249	
0.15618250951721768	0.05932625508525402	0.11636891475086278	0.3695914847385648	0.07936835070488038	
0.11481886530739098	0.2152323428733817	0.05773318482266451	0.1788225554894787	0.22931378910407652	
0.14906100205527043	0.09674702268660076	0.29836809216182203	0.2845488923725541	0.2336161895290715	
0.11039446290266273	0.12885366726913347	0.14677371640115922	0.07481375355804018	0.016026555445532185	
0.27937089113338237	0.16217880217226727	0.1694359794712864	0.17807257617273095	0.29511369661751075	
0.042979677265467586	0.29989923396410695	0.298003489771187	0.15811227383442203	0.21844106815460274	
0.08030691423462448	0.05620966749910779	0.010626659787740257	0.053070083999905024	0.14787892807525016	
0.10775291009647271	0.0	0.0	0.0	0.0	
0.2066704595708321	0.0704677498703267	0.061902885693315014	0.1573590772385159	0.21952873309028337	
0.18246582824919727	0.01988233301327749	0.17163726524567977	0.2934295312655479	0.14757203003161448	
0.2177743279730954	0.008126629078374421	0.2807486986351215	0.05229380585821059	0.14582260002460531	
0.2711099953385428	0.25198785808342905	0.10915199184639213	0.08961856575070849	0.21752596287836679	
0.19700455941264747	0.16995722664866506	0.29403357438381494	0.24897764229327457	0.09917675690242267	
0.21079884243032465	0.27145843953802207	0.2868756580683451	0.2031294522322815	0.03218774985458803	
0.06795687256975312	0.07351532640304749	0.2598920348753477	0.08085847589847696	0.23338487844836797	
0.2976320355382822	0.03743009983890206	0.21515966431667483	0.11679599873749363	0.10848946066769896	
0.24002870929779113	0.13455208241301603	0.033468406089229207	0.18589992429642624	0.03259815939207587	
0.052854250539467594	0.2042837463205035	0.02665651225347395	0.23034040923673219	0.13065519952596927	
0.19156893712955636	0.06282032046988206	0.0433878239654806	0.09277082584362126	0.21336411018105464	
0.16549813387095386	0.23554886190825836	0.03581378405836608	0.11973854495870445	0.17905022609205798	
0.2753460885234962	0.27944236497217373	0.07636928908396787	0.12302555054697367	0.01891279539675362	
0.040007377661731416	0.29496249842009076	0.023088254420656023	0.28569162894578554	0.2057135699263991	
0.10043610558838327	0.2767422575728029	0.2247073288789556	0.2451358061643984	0.2226058993679277	
0.021948420418079987	0.009582305114375928	0.03945391196521795	0.2301473149062111	0.27289047528695604	
0.011325442101219866	0.02321026504239493	0.2289992155981175	0.07898449695594542	0.133857365111442	
0.20788308656519655	0.16756648274321953	0.01892898041637276	0.11551606145334449	0.11853000655226732	
0.18252011568426962	0.06892344286620082	0.11626023402302745	0.09873740674900458	0.2429252219599373	
0.07905569803298422	0.22438752550004848	0.1333938432208556	0.028634282160455674	0.2784469186925927	
0.19353619267085148	0.02433444075438448	0.21549006566852016	0.4156979151197125	0.2510716223615441	
0.026961788375829958	0.19292090785005053	0.1560134581087638	0.18157601687528105	0.19512308637197842	
0.2551953317723389	0.2690433068382988	0.17291371941083017	0.21865516015489556	0.28146244994661496	
0.11562621769099253	0.015849387762840214	0.059381425111392036	0.009876872169217855	0.09308750645687573	
0.0654715106095584	0.06736398819438347	0.2884246434832145	0.10385357662291493	0.03156564463123459	
0.08747960200081513	0.1717345735470052	0.22946120881939677	0.25330016196267247	0.2781769892283734	
0.18780120644695197	0.12523172323001433	0.25577234346928346	0.01157449888175552	0.1892864968617136	
0.016715193033194558	0.20439662222723984	0.14955656328182118	0.16731031883849157	0.1888932112808669	
0.04328381646516039	0.06637274989829069	0.28552912649912515	0.20062161385956534	0.2896613227554393	
0.16734240627918157	0.23410512104420708	0.21716529971659862	0.12265331238823551	0.06658548437636941	
0.09250960639954917	0.1008865261498388	0.2573064028610851	0.28373117470484094	0.21055507041095242	
0.231669697348397	0.08242290096832436	0.17561902051504438	0.17155332602692316	0.17391211065318923	
0.19719610907383972	0.0031185939733689963	0.020798915217530994	0.006394521115500328	0.1806301260761572	
0.0964054892120805	0.13017334813315515	0.060813420471471535	0.13205017532093752	0.28739863886741024	
0.06393101351004224	0.15482612323937	0.22034295337651585	0.09657292977750682	0.2045051998218466	
0.14630491785190214	0.21037833280651375	0.21871956159090924	0.10287587690357598	0.08707492477789751	
0.020099599833374435	0.14843461817323073	0.20086062752936074	0.2848951582339976	0.1761087083037951	
0.053973818588726484	0.27853563173124013	0.05903431845272058	0.07754182169679634	0.14557255708628386	
0.1452645600930091	0.08044803936480253	0.22554716725056909	0.2165575040851232	0.18604675128768644	
0.1971017477684475	0.19875233256751726	0.028899918958874983	0.2232542645651652	0.003106490221344865	
0.0035367842751082806	0.08088252423214565	0.2530653173429715	0.2672473739859915	0.24681921677255428	
0.23157251530577735	0.05102479544397441	0.02076282439463902	0.2097365131382126	0.27386825341444604	
0.13452213826781978	0.12860832878427644	0.0314305922031629	0.2246436730672893	0.09893810080633302	
0.07689148200530863	0.12082110667694948	0.15704247919473419	0.13537126685410142	0.28629141908742256	
0.24090043531045488	0.22721810697088812	0.055844814005986454	0.21540642455838221	0.024187329580900647	
0.24492785902237046	0.03689186421411867	0.2314403517264685	0.08715570547687414	0.10946256915428135	
0.10820685124338902	0.02997360594381914	0.2174124852652059	0.1723534548478021	0.2870766811790641	
0.13905037725048935	0.021168590888235306	0.10180440918672781	0.07261123945764082	0.1931088719541913	
0.01381601106762884	0.014528524140934624	0.08080853516422248	0.15833277819442135	0.23469566116136029	
0.1913636522758786	0.10354141390214508	0.1872577137691668	0.26954599660140116	0.22690353723462295	
0.036250078701242486	0.0	0.06789170989229314	0.10711474356497677	0.07724841131126103	
0.24813851002780007	0.11051680428456172	0.051157926765789355	0.08633384881947152	0.20589200503902202	
0.29332167882272947	0.14295645495252518	0.050838435099228946	0.29127234675149577	0.23296601202195938	
0.01410069442334869	0.10769957406375001	0.17989938003107117	0.136137914026767	0.18031023027301513	
0.2529921797289045	0.07844452631069615	0.0027033131393251514	0.10804275986519243	0.049220871766416756	
0.29671476972369987	0.13578302208638326	0.27219603907026163	0.26683798915721446	0.1513868018035202	
0.27639506611629905	0.030134482593914845	0.032091850585486754	0.12674204014254603	0.16847682734575006	
0.17050610854998907	0.15845006907987103	0.13221068322741147	0.22094746799971704	0.12587615036724772	
0.04257614968737058	0.0558976248376549	0.2944903638714975	0.277676924730265	0.001476219849714396	
0.06970539677912815	0.04598570401792532	0.2239289366493167	0.0700476564655009	0.06385839064652579	
0.1817558174107675	0.013006442659398139	0.21503545346316444	0.10758619999481632	0.08589647858508669	
0.18425808824031736	0.2276089650896282	0.13207840439611387	0.2182197651954388	0.24314613272211574	
0.22068002822950683	0.0204771320916808	0.022008373065679456	0.0632787888522423	0.2600838082386716	
0.15441407851698083	0.20868191764451874	0.12665964424449344	0.11620753974633531	0.16082782364139717	
0.17568253532237327	0.2525562696875245	0.22276044144741886	0.10862423340348895	0.03485450881093693	
0.11769890220955562	0.22984280816144803	0.05194027432893344	0.2882600582905625	0.10140972932230222	
0.18388512635433638	0.2864712091599007	0.1262236334693732	0.12741640427587705	0.09960452406570987	
0.16846781065583477	0.15419575343143857	0.19061174317312607	0.08333444182005409	0.061614993867717724	
0.2649304811741696	0.2340617740469149	0.29943979653322994	0.09790521488112258	0.009141898870534657	
0.2992233034969447	0.2536352765496674	0.0015999058412186605	0.12748802694016176	0.29731329759677144	
0.09887809052429085	0.19647852686564116	0.21800109698863362	0.14943074064452108	0.03894245330996507	
0.20938799445871567	0.23669252466293791	0.01227537875054105	0.23330491158281055	0.11092337021513707	
0.024833205954545325	0.14824872804460756	0.07307307646371891	0.16463932100422599	0.27046242218002386	
0.11279498832919314	0.0180699644639201	0.2245945806503503	0.006099075622832574	0.02058962623697891	
0.039752684278438366	0.004917036811663888	0.15733000909310735	0.1037281263580805	0.035369255366328504	
0.1501032980544671	0.03162829006913322	0.2097781153453942	0.028577225301799777	0.259236754490354	
0.15461093168972231	0.2884581200784305	0.07754030234304461	0.17678284616941659	0.22748161243219275	
0.18647485235520242	0.1625336638807286	0.1242796416501048	0.08402580071576897	0.0180431478228495	
0.12245616039015082	0.24560398143109127	0.19834898117156377	0.19364402004383213	0.15450041865280023	
0.15403512937100966	0.07659900548026227	0.0784362521273174	0.18045753469254155	0.10771879736022434	
0.25011706442325043	0.1181042852445577	0.22493619826058994	0.29456342310015027	0.14892103954327968	
0.09116495152813223	0.032142727997272386	0.1939222895552019	0.020388814230556492	0.06445889917606333	
0.08351014879837959	0.18563379195210697	0.21189232934514313	0.19518696558634058	0.2516888902311693	
0.09484485347971466	0.20942794219446742	0.07548111070851107	0.25956980221680837	0.01786067651927167	
0.08615666248150827	0.1374310659059299	0.2800731459478795	0.03468194793066216	0.2669059515639827	
0.0	0.0	0.0	0.0	0.0	
0.1978182246827818	0.2864350756872015	0.27932951671147793	0.054963244268335404	0.1963175188510959	
0.23951194280897506	0.012830810858553284	0.040579932511478053	0.009792102803694146	0.1579337326290575	
0.0636672721229221	0.20235944177383156	0.16729518312560882	0.26738111270157383	0.20566515064017873	
0.2207691816188343	0.23899863438381974	0.05467596985233063	0.25880016396085126	0.037467784496165654	
0.10416227097787718	0.10508150930394103	0.2117500713715062	0.0315731238628998	0.19429337457760634	
0.2912595652435941	0.07187051829511658	0.2625465429516399	0.010539804515108298	0.030376800283761066	
0.23909354653571324	0.25190251673090686	0.26136657666363483	0.007300021931103979	0.2246906188259364	
0.1862372762496093	0.24181747898653516	0.06667474863922335	0.06611601783174366	0.2028073988877957	
0.22782510169227047	0.2193683887521558	0.20205170881087198	0.0788119848028205	0.2235963706702356	
0.05080262392919636	0.09390666633200973	0.07051309938116773	0.14185659979140638	0.10140605907570252	
0.2989332591192617	0.24346057666781928	0.16645450981324936	0.07798734497370159	0.19996665508373582	
0.009424022370514363	0.06941029189875969	0.2843447080720658	0.12085840733972046	0.028141290162184057	
0.22766611056294048	0.288298952597258	0.2466790946437334	0.03786040835173839	0.29470928294330456	
0.01526649616323531	0.28085862243698306	0.07758721194370846	0.05349787940227368	0.23501821077340493	
0.1671580047599539	0.00983725619248135	0.28086784251263425	0.014993770459835083	0.2985668539687395	
0.08966468737091729	0.20936197745286492	0.2524406531723011	0.028462358955050455	0.2223968214014691	
0.18755050077033325	0.12656529971063554	0.195609449871662	0.0300621526848182	0.17366850436668724	
0.10890954835394168	0.24694936169572082	0.29024785010067017	0.10947565226288812	0.14023455166678805	
0.14408927245514916	0.2224758934320392	0.2581741906707472	0.21527788687235705	0.1036311594835048	
1.9371199531463692E-4	0.08199323217253482	0.24437891423418284	0.1070961914655599	0.010490763046793836	
0.17883120667791197	0.22416759562879005	0.2895433391376771	0.22752690893531746	0.07135866059013993	
0.029043004887362795	0.284120226170384	0.1675175622865696	0.2886594833870601	0.14008443190159514	
0.27205753980925146	0.26994045787102444	0.14324478388084078	0.14871968083561116	0.24648414215290038	
0.19292162488621534	0.14848551153386305	0.12703006278111326	0.2659661870665027	0.040894596627689246	
0.17725552084267562	0.01585778479363175	0.12807551887973953	0.02480669860066339	0.2969296989700579	
0.07985023475705849	0.25182774518338275	0.024735713685499715	0.07169021251491313	0.2860855620837635	
0.10493907783428408	0.1602766635689536	0.24392890551716992	0.10062886877700349	0.270166296858944	
0.078574066643782	0.256746816799737	0.05338503417087132	0.17773605400653666	0.25472675904628045	
0.20073248404749217	0.09367907844678947	0.2895309803724249	0.04269545582886578	0.007159241748356953	
0.06861139775689419	0.24416802687531095	0.25046503174353735	0.02108289382537032	0.07086542937508641	
0.12347245811004985	0.09154257141197927	0.1288228744585984	0.2480363293514956	0.22325008588099535	
0.052396205208457336	0.013831236191894658	0.13151576528624595	0.24684690983480445	0.03350455415373511	
0.15347180965512008	0.23290457850219703	0.06838917622928217	0.1495124796585268	0.25466964283654114	
0.05710074639632886	0.23296796405537176	0.14593598588591228	0.06921556675233526	0.12502909474485546	
0.18185989957045423	0.25091367519386926	0.20454301783148873	0.03734434429740407	0.016119713340136496	
0.20123879698920563	0.17425245525661281	0.0999358151343301	0.11579453049912572	0.28694045588184175	
0.2170903843133778	0.2158214863069759	0.2505267621470717	0.02113581838811647	0.22322092714669803	
0.07640315567202752	0.12609914716683396	0.09343555860389659	0.28659532016928735	0.12128170480986117	
0.2139284343170287	0.1668083980819725	0.011569689929507153	0.09574609621703563	0.01115879770980766	
0.17787772400659727	0.1712007506730741	0.026857435668617154	0.18689727729064118	0.2465096087415024	
0.015002825881261828	0.03728514018633561	0.2521681819083598	0.03554485059018788	0.2966870048212617	
0.048444579251347174	0.2999658346659348	0.2046915701050606	0.175561313524358	0.07405748292280413	
0.037092143194864056	0.16798753006065273	0.21863668065315628	0.07540418612164525	0.2272970531965193	
0.12241922489344008	0.10578257378103348	0.04478599942115692	0.03778015614807402	0.21815005811169813	
0.20408527704038748	0.0984095565026399	0.2770257307054633	0.13957250590552214	0.1537724687706236	
0.19715380014004122	0.16813688167428648	0.1251273216991805	0.1580762544061079	0.27405092209851184	
0.299508649068928	0.08242883886325156	0.14454862287184284	0.12712689340294345	0.04273136444655169	
0.16614841120026766	0.10494629780745743	0.1408806214962349	0.11658177929384819	0.2569863707455368	
