0.27679931829334337	0.029205823164898795	0.30020729024129	0.12966527199815917	0.03702572788445432	
0.014922985347297996	0.27056518734679963	0.2815254358965634	0.14577301033847626	1.5952526429135636	
0.0	0.0	0.0	0.0	0.0	
0.0	0.0	0.0	0.0	0.0	
0.0	0.0	0.0	0.0	0.0	
0.0	0.0	0.0	0.0	0.0	
0.0	0.0	0.17317268114265255	0.04144342005968965	3.0606562927264647	
0.0	0.0	0.0	0.0	0.0	
0.0	0.31754582903799994	0.5519463126350462	0.5141194696157374	1.6215324095027572	
0.0	1.5718897003837633	0.27001276185154804	1.1169902506856173	0.379783073350288	
0.5254218808483215	3.4305708244612156	0.42368028400036917	1.090266506193105	0.6950681681214789	
0.0	0.7871283471567528	1.4084385486797018	0.19169038260546534	1.5681616451986722	
0.5727956264481946	0.77433028230862	0.8107811111716214	0.161333679812525	1.0013641205497519	
0.0	0.0	0.0	0.0	0.0	
0.0	0.0	0.0	0.0	0.0	
0.0	0.014126780124307165	2.166480226953001	1.6842973895889537	1.201563604920564	
0.0	0.811330910777808	1.705002259310099E-4	0.629577203357874	1.847791650283817	
0.0	0.4051952518152469	0.6546933564703399	0.9100991729200022	0.949332896737121	
0.0	0.07509141698248763	0.792036287221884	0.49791332830158364	0.6129202022067698	
0.0	0.0	0.0	0.0	0.0	
0.0	0.0	0.0	0.0	0.0	
0.016781772081952376	0.3415464459944896	0.3471053824623817	1.2568198107949304	0.5802230177986545	
0.0	0.018556386451150188	0.0	0.28112574500288373	0.731209596403623	
1.7215962066811836E-7	0.7556157291777233	1.2634546354087433	0.6045372790500908	1.0276486282574784	
0.0	0.3786205658963332	0.0	0.02289970153260798	1.8019521547931028	
0.0	0.0	0.0	0.0	0.0	
0.005317417113452743	1.0855299630447486	0.0	0.6950168495448363	1.237396471676669	
3.069847705490729	5.270535125214744	1.2119040788553657	0.0	1.4095887593899434	
0.0	0.0	0.0	0.0	0.0	
0.4814411023017253	2.14181392841198	0.0	0.4342502166794847	0.452872918523457	
0.0	0.0	0.0	0.0	0.0	
0.1332220261734021	0.7610896082759214	0.33332659319638863	0.453924818695223	0.8661469898776195	
0.4424098089329318	0.9088700966340835	0.20425912141359592	0.2791975398750939	1.57022716879969	
0.8909075134426756	0.6805187269126644	0.7598503443898981	0.8668474513891138	0.13656451900341063	
0.0	0.0	0.0	0.0	0.0	
0.5512774021262602	0.3964762719226738	0.23064934117892102	0.5785261453376244	2.4669899039504966	
0.0	0.0	0.0	0.0	0.0	
0.0	0.0	0.0	0.8157913649122381	0.7840657054952449	
0.0	0.0	0.0	0.0	0.0	
0.0	0.0	0.0	0.0	0.0	
0.0	0.0	0.0	0.0	0.0	
0.0	1.9292083656500656	0.17465732095724792	1.769749076322432	0.9191325289077027	
1.4507421398946159	3.9678634879506736	0.15158643017785303	0.5463971579012055	0.6728390451396227	
0.0	0.0	0.0	0.0	0.0	
0.0	0.250826053284235	0.980394904226438	0.9208564049466846	1.0119291893999036	
0.0	0.0	0.0	0.0	0.0	
0.49791650742971927	0.9669031168365698	0.33379827397711104	0.8442697659938192	0.0	
0.0	0.9748260145117746	0.559320831873979	0.7466509113879024	1.6527182841350934	
0.42254488587437816	0.12798171945589581	0.06759617169041898	0.3777476531684338	0.5670510355953824	
6.543965771193423E-8	0.19519433740009368	0.1932568379174335	1.158221900844573	0.8246077764684397	
0.09150051183955385	0.6361354349759978	0.029516899543062757	0.12827211800912955	1.0885956908872865	
0.028801751311766627	0.7293713632351874	0.7447875003368388	0.10152277347751044	1.6035048043104105	
0.0	0.30976826623524667	0.2459617457859946	0.16319261488639425	1.1977576359969504	
0.0	0.0	0.0	0.23613961975510064	0.5778188049301763	
0.0	0.2603516882736465	0.4105427013980919	0.2350445937362461	0.051168265849089775	
0.5235997049187221	0.3681774378238072	0.5885154868478424	1.024563156419485	0.9913387923754533	
0.08291885752145094	0.5118333160753129	0.15565551240143982	0.10958810585923928	0.18093951435099154	
0.32010303972879156	0.46711780056516955	2.313873448210367E-7	1.0858299072084392	0.9289624382176656	
0.5620949355589884	0.30872723604974145	0.2273014503744516	0.9141008054474474	0.541968565692849	
0.02757392348536133	0.0	1.8141798253682584	0.9956994176797456	0.36228928966007734	
0.0	0.3042879168623281	0.22352884667485884	0.9008206355854494	0.5848916315631564	
0.6453147293631384	0.7616325986895971	0.17376441743663526	0.028977738297344804	2.819137511373565	
4.747990608926869	6.449090136961162	2.5540400627918527	0.0	4.052818396826504	
0.5404677354533761	0.13708125750774558	0.4687460438065349	1.1363332248380464	0.15658834606732552	
0.7208087298987942	0.5284061902759453	0.6315487144933402	0.5604018250108993	1.4177839403232826	
0.19494520408336102	1.0311114894459465	0.36794971201664567	0.4669102673792673	0.9982851631807025	
0.3456699344111659	2.9647629233415195E-4	0.012400598079521484	0.9720259285489775	0.20213691084524252	
0.0	0.0	0.0	0.0	0.0	
0.0	0.0	0.0	0.0	0.0	
1.2807060696679042	1.4200301012640988	1.035861306037559	1.1251269627794538	0.37405866937558546	
0.0	0.2644708852635889	0.0	0.4161290112029043	0.3894932989270496	
0.4455448904765965	0.6280931691930167	0.2462115086135308	0.0	1.5475632309679257	
0.18024669467693322	1.0031877062967718	0.8542420162802191	0.26473126445832007	2.601514363066922	
0.0	0.0	0.0	0.0	0.0	
0.0	0.0	0.0	0.0	0.0	
0.0	0.0	1.921249635277495	0.17774642267274526	0.5553654859189951	
0.2518329208570376	0.0025922094710210224	0.8927260456828691	0.25593699196374414	0.36369676815421154	
0.45362993672223234	0.3937034418174635	0.6725520462299359	0.1906920404296661	0.5110525840255958	
0.07172438635335318	0.37241601961059617	0.004390287694928691	0.484494504899721	1.2591127995905427	
0.32078130965929574	0.6950925244146908	0.15847514021548645	0.5208273545122237	0.7450840543405229	
0.0	0.0	0.0	0.0	0.0	
0.6515213819464654	0.008487292252346209	0.16429278235730388	0.5443160107220845	1.103094400321245	
0.15060091716534799	1.145901957932034	0.33321045956667683	0.6115352028767321	0.35298866420441627	
0.0	0.0	0.5884754881832542	1.9734991543061111	0.0	
0.0	0.0	0.0	0.0	0.0	
0.0	0.6735326941909101	0.0	0.42367298764900424	1.5106685534339233	
0.4112183362323844	0.7480771308847981	0.3699114277143489	0.16297163447838894	1.1643356994861778	
0.0	0.4509047078578715	0.16943965165973268	0.8309431846947128	0.2490743671200972	
1.424459454829259	1.4411811493703401	2.13276111387939	0.25119140813371854	0.4624531339903026	
0.0	0.2332964575676621	0.014304931982256833	0.6954068605511615	0.3145375328117909	
0.006702243449532172	0.07162824731782254	0.08470218735742441	0.10589914569457742	0.5988355246386594	
4.5342419778795495	7.877868476476839	0.7888528647141033	0.0	1.6061423202165073	
0.0	0.0	0.0	0.0	0.0	
8.236844637187885E-5	0.5671002233888245	0.006137938781596668	0.23661995209288997	1.1109545727618733	
8.179689387027428E-4	0.31483126621557855	0.2005295771262712	0.6591957762076246	2.872148762337637	
0.33845592427368326	0.4253528833133535	0.22835608773921584	0.2930343194069052	0.7111669888551424	
0.0	1.1548075634774622	0.08028515473236796	1.0925024415514757	0.6934379730799158	
0.14699681060815267	0.7592959188056644	0.29596493651743916	0.3596444575076552	0.45860830034108246	
0.900669981337047	0.2206097702867588	1.1752764465083898	0.8323472743940616	0.9170903029537025	
0.0	0.1801696084567068	0.0	1.428633553741101	0.44692842076516887	
0.017292345719342586	0.2695215592630963	0.6623236936779925	0.03658784370246951	1.2401565959994416	
1.588275246064535	2.7683029672982076	2.6095249339515365	0.8632211592453767	0.6457049103971679	
0.031005815760421666	0.029454356299209016	0.6523102456993943	1.0168907554942064	1.4308009067205454	
0.3973320372149098	0.46320031553140517	0.47329484597585486	0.32479282698165257	1.5527411561565139	
0.47827974969320197	0.9529742513686905	0.7128630087646415	0.6630923881188986	2.035742758151389	
0.09255214254219868	0.04587548319926394	0.0025490712892661067	0.9981277824556206	0.13276865319840891	
0.0	0.0	0.0	0.0	0.0	
1.4630403593356236	1.1250189688651464	0.588043668455087	1.1051811930271562	0.0	
0.004375319956604166	1.5333049197283957	0.788116515651508	0.44106957144612935	0.3756343059830653	
0.0	0.0	0.0	0.0	0.0	
0.0	0.3698830415213323	0.0	0.6062520366184271	1.6381584809615297	
0.22712402096620188	0.2998807311715408	0.3246429679028144	0.3919591809515136	1.4350782110931064	
0.4548690629182167	0.9430672565279766	0.633065013981624	0.2586212278774216	1.3764719474032783	
0.012127126970795987	0.08717445867099813	0.6509182587864125	0.48456496410805866	0.044835370021225236	
0.0	1.2534908524362036	0.0	0.07487802012636732	1.2709471226177729	
0.8489716129233948	0.3288193178034804	0.2270314154795132	1.6012435151117463	1.032378310606393	
0.22620894897750268	0.037604370140170935	0.45399483847811106	0.0	0.7407241569027192	
0.3684526152012543	0.5501308201356695	0.3692830318161006	0.7046953126565384	1.0807414617476474	
0.0	0.0	0.0	0.0	0.0	
0.4263868572308657	0.14065703122213344	0.49915221694464057	0.555718013645014	0.8654895109805784	
0.9811151584672442	0.7786113066651122	1.057266216922401	0.2763276071405292	0.0025628977636972675	
0.0	0.3476424118583825	0.7850398139302345	0.6676078722103427	0.2659244809472345	
0.6047035039960523	0.4125723342266371	0.699539976805185	0.3371149542797417	0.49939539550773165	
0.0	0.7656968728516599	0.6430821106856061	1.1358118966898598	1.0405378852737939	
0.0	0.39453543303230515	0.0	1.1221562148127087	0.6302123356487037	
0.4076664375176914	0.45883145946920234	0.6202388173454242	1.1497992119267284	0.9420988642627479	
0.25382307243802993	0.3613321661801509	0.7086873120924438	0.5465401373775534	1.852365058291649	
0.2524954422926326	1.001482677146597	0.32567593788433474	0.8522036181587301	1.8355298832267806	
0.18442050407855262	0.09530016807541503	0.1369339261384386	0.7812897568358924	1.1974994250585425	
0.41445915087306573	0.0	0.004496203769101309	0.28068177773163266	0.298247985220713	
0.07511394405404052	0.6305079115824657	0.0	0.7975247711715617	0.6554780929656925	
0.1462617261021529	0.5928668707240905	0.04303099290199237	0.4634752393449547	0.5588526804323003	
1.4034605070308537	1.5813416459270488	0.4603499798647358	1.094849171231178	0.04735333186448024	
0.2656763146325635	0.2298916894050597	0.6640251303870242	9.718260000633897E-7	0.2966044729997757	
0.10479940196173099	0.37405471392263895	0.5001976148663241	0.36540153625518257	0.46895215340515506	
0.6283758421611078	0.5757325170351818	0.3232797202448064	0.7221974796631376	0.5971511784347117	
0.24289151938044204	0.02870208732361168	1.27193245634595	1.172787745586896	0.6449365473034349	
0.0	0.0	0.0	0.0	0.0	
6.3858994027973315E-9	0.012989057625945261	0.3728338122536182	0.4920710794310449	1.5515832801354519	
0.6053376569775643	0.027453211534703828	0.24888320214330267	0.5553435984686093	0.16939788190316873	
0.4368054411771794	0.5677437897785317	0.49497025230614694	0.49104599919089476	0.5312915742439428	
0.39201157214092197	0.3173328965703428	0.8263846045311509	0.7103281200341944	1.1912318071764492	
0.6781314208416048	1.5814126765872845	0.10581084304230949	0.3372721207278572	0.5407126309101485	
0.09107518275987471	0.2411552129057439	0.6095146819229204	0.6096520527484391	0.6389480991985473	
0.08920179434805038	0.0	0.0	0.06760625676203542	2.576169154845062	
0.0	0.10728535674164878	0.188103085890677	0.7140554725742417	0.4394700966050003	
0.4173505304874989	0.891668226746367	0.46845872642751096	0.7742515775859414	0.6894293326731787	
0.0	0.6998336796036512	0.01845683046656076	0.45473732032959246	1.1576741170903164	
0.7043741283541762	0.2552381882815316	0.0	0.39917565895171603	1.3439191825009558	
0.038068544628703994	0.13534516063256077	0.5348523859411827	0.507754263831725	1.446051456616006	
0.029675245393446736	0.3392704708092202	0.47579746738046114	0.76139548410457	0.7009267283236339	
0.3165464864324061	0.22881663585282985	0.4426748819765328	0.37463245090872455	0.4668169370245132	
0.009373527765834562	0.20511039812847032	0.17516527719065791	0.39167981647732253	0.7787462941636116	
0.13610508657105028	0.5261486217917644	0.0	0.22343870748578407	1.1256650753471233	
0.0	0.0	0.0	0.0	0.0	
0.0	0.0	0.0	0.0	0.0	
0.4492103281371766	0.0	0.7743341482131647	0.9717834549122634	0.3495469970576435	
0.39269209041417685	0.0	0.0	1.1036118867665137	0.8280191118852308	
0.5608259350535264	0.0	0.5308940384276524	1.5675278631710683	2.703893753085382E-5	
0.0	0.7672768757353158	1.8695308896363966E-4	1.02267178773027	1.3344850590246125	
0.4867086001031059	0.7011370275262275	0.517755084853753	0.0	0.1835333672951603	
0.36711517020159845	1.333192792496633	0.30069688575618736	0.6362146179883852	0.0	
0.0	0.3173769642303521	0.025900199553120302	0.7814192740348023	1.5471306144586598	
0.0	0.04290078110943252	0.5754176453100237	0.12309040392509232	2.002018661896086	
0.6428096942657175	0.6679655035735858	0.8455335043690001	0.41970891159058693	1.1548007188914167	
0.3225055437556728	0.9454356154846187	0.2861643967459976	1.0270764789338631	0.36287210888814125	
0.0	1.2663732001916203E-6	1.5844549475194276	0.6183191623292261	0.3253404566854392	
0.0	0.0	0.0	0.0	0.0	
0.9876073161684382	1.189881833875458	0.40214677469466487	0.09966918205507184	1.5339434269575405	
0.18006022909152244	0.39501935681508554	0.19690549087097364	0.13925757099155928	0.43997217311186937	
0.0	0.0	0.0	0.0	0.0	
0.6586678922191389	0.09098354465694843	0.13935846143506464	1.5663304950315344	0.3941383746789078	
0.0	0.4569895479513559	0.5080146534988704	0.6172788004483087	1.4964424798367568	
0.0	0.0	0.0	0.0	0.0	
0.0	2.6899973186703194	1.4747350783347055	0.36909080854389603	8.9464904587679E-5	
0.0	0.27676235841223773	0.5289280254030333	0.0	0.0	
0.5353773319844933	0.7576044431528952	0.0	1.3367946494972285	1.4430135754794264	
0.17147560610465812	1.3773266587030646	0.0	0.28640917582102415	2.3539509308121596	
0.5021589897907147	0.15621728745706653	0.5526963188430636	0.7742285738527419	0.8295001108059169	
4.805358953720871E-4	0.0	0.0	0.6168078886880879	0.8562990038565069	
0.0	0.0	0.0	0.0	0.0	
0.1759830318714624	0.21487570373477338	1.6367030056121574E-4	0.3337115975484048	7.441882469337906E-5	
0.15321633918733119	0.9104217825848046	1.0326669392091479	0.28087908361946684	0.4363760245514527	
0.28981285646941074	0.22572899163651905	0.3138490456115613	0.22734337155944934	0.44075546075422695	
0.0	0.5703832288516955	0.4988431487620507	0.7819445016354004	1.689214511581112	
0.3382573031254205	1.3363178368489657	0.0	0.40213758418707257	4.236185785579389	
2.84816465085722E-6	0.12446812395242925	0.06507870803256606	0.17315135390951836	0.7735658208685483	
0.0	0.0	0.0	0.0	0.0	
0.18759906704142915	0.9616672234943633	2.2761308300389634E-6	0.07216542862843224	1.1449213010072221	
0.5606301102049306	1.7070565997261913	0.7813636459848832	0.4598964551218682	1.2668942460989325	
1.0773053780785424	0.8031290833087777	0.4564735781568625	0.7599208317589281	0.3548054435609256	
0.06558081648589636	0.9754500489119194	0.0032505215670656992	0.18326795712086727	0.4985947589523792	
0.0	0.022840088361145365	0.29215797190341475	0.49931417094918	1.1047584354870952	
0.0	0.6800203946303355	0.0	1.0526230521728797	0.6077357380182038	
0.0	0.15910791697174345	1.1183598851938	0.11450353204087015	1.5326171934361965	
0.20747710308050854	0.8540556548397481	0.45283597411509446	1.3850716841842798	1.5151326291465286	
0.18402698008050256	0.23810298244440287	0.32624947504565915	0.4787124919191965	0.8942542281019092	
0.12548433264588568	0.5006622148129701	0.5743852896411363	1.326975258442402E-7	0.1521066435154338	
0.034381534384112455	0.20666369400822265	0.10647362219397356	0.11447793671542167	0.6085392858508862	
0.0	0.005785077576971501	0.01934285655275924	0.6054140756127818	0.043042769757159656	
0.0	0.0	0.0	0.0	0.0	
0.0	0.0	0.0	0.0	0.0	
0.6325564898802426	0.011818991226070396	0.2223328155607392	0.7008445079034843	0.784970741633044	
3.8021460643335714	4.4159103642720625	3.5551590330921057	0.0	4.606250333100622	
9.009443499884064E-8	0.28998046528316085	0.3118737504414856	0.44999326454275573	0.9212381585593297	
0.13140451667978972	0.7736879890132372	0.49843215491853937	1.0486636891987005	0.07584642366228779	
0.21662227844906987	1.0243879890510998	0.2938830098278993	0.4867582249466117	0.35703064523674516	
0.4653616508315509	1.074401504256766	0.37510854290014006	0.9610392031023924	0.9954862457644604	
0.0	0.29881347448450757	0.17305551516870132	0.6729505515425475	1.1417318228344662	
0.22994468896642392	0.696394759096011	0.0	0.25569830358030304	0.14346002574550415	
0.0	0.0	0.0	0.0	0.0	
0.3211375146912862	2.574169561696615	0.4584313747409562	0.49893208489090696	0.0	
0.9843802965571234	0.14164390609344005	0.14829060120775808	0.6982830791173539	0.6914462731945925	
0.47016150432566306	0.15359873260037846	0.0	0.06418254781020184	0.7088009399488131	
0.0	0.021174975039455264	0.2170972144836227	0.3182228057785109	1.0761737051220117	
0.0	0.0	0.0	0.0	0.0	
0.4183062607770918	0.017695972537874454	0.8035604269074028	0.7064287098155044	0.1845030982772747	
0.35047228325865293	0.6024580917258503	0.061490011972557344	1.1408101586981902	2.0237240009952715	
0.0	0.18490176444184075	0.0	0.5686384159416563	1.161450019217611	
0.46920381346354667	0.5204625159257205	0.38543320955861465	1.447935588062317	0.550573319132272	
0.5267170885461759	0.11043711072741252	0.4570702785433192	0.5263360228789716	0.0374656409911775	
0.0	0.5500377832664891	0.26211380508748433	0.26327371197160476	0.28003156050887124	
0.45114952281720905	0.4808641428488472	0.6671280386450611	0.0	0.18177274903259066	
0.8651768938510245	2.7814964693425557	0.20193924750008344	0.2827125005727706	0.5944507130169459	
8.078292665666391E-4	0.6488901219226322	0.4788340791191411	0.8851028085504837	1.4271224848559299	
0.2708087883369575	0.901799250843828	0.09746724620687039	0.010354612699169749	0.45324775317987925	
0.0	0.6820972478011661	0.0	0.6920718012797278	1.4055484135423704	
0.2304102489746366	0.2896606447557293	0.30985259677354876	1.2593434256387257	0.8306009797445993	
0.0	0.707725997526968	0.4210023857286252	0.0	1.91303673501648	
0.0	0.0	0.0	0.0	0.0	
0.46815894371804495	0.29286469227605344	0.36380846461620414	0.36378654776284103	0.5204294918007045	
0.0	0.0	0.0	0.0	0.0	
0.5034574444378325	0.0	0.19475434128406321	0.18619498873501095	0.2858909901845502	
0.0	2.8765847391902915	0.0	0.7908898100432945	0.49011169144727995	
0.0	0.0	0.0	0.6526065672668577	0.4772690158533366	
0.0	0.0	0.0	0.0	0.0	
0.6227917805021367	0.4805647688521646	0.6062730473078827	0.6707873767247337	0.489066039461402	
0.23420632231353855	0.6381403451856338	0.59692195584673	0.5676406325042361	0.35424131956148563	
0.4197588539654781	0.0	0.3579077397761201	0.43630825481568486	1.6631640052198	
0.17826950660086072	0.5104983786028296	0.31450655376081177	0.0899712838018304	0.3301228347576655	
0.0	0.8639696751761756	0.05307220508159191	1.3723631178393594	0.7899377156970995	
0.0	0.10717813931035652	0.0	0.690515534673366	0.3612962365606363	
0.0	0.0	0.0	0.0	5.76998375293155	
0.6006271972658627	0.2792130777712848	0.20159003167446046	0.5427489853143771	0.2257481538270854	
0.0	0.0	0.0	0.3691480087721604	1.5968317651118624	
0.3347703584797512	0.6173000893472957	1.2232902977747608	0.41822305753345035	2.857068071367994	
0.0	0.4375466867564835	0.06885487330681468	1.686886332779092	1.086730363191638	
0.0012342058871486115	0.7000422294067215	0.17952032887728486	0.4421207072597099	1.7798332023795398	
0.2062696961351691	0.04484418463851538	0.3634191691939311	0.3262504703975509	0.08018368387791619	
0.0	0.7407235196026806	0.3316822317181478	0.9088927863426002	0.0	
0.3806716709665737	0.1339695540489326	0.21656943124823702	0.4958056439175325	0.7112337978422563	
0.16365653611503045	0.012131923074980233	0.46570876623701674	0.2910867666138189	0.3287253928368224	
0.08749513058676547	0.15925306145366613	0.04314772319954772	0.6928852406707113	1.3965696647928016	
0.6901381945605379	0.29487095554753534	0.273305810119238	0.7433256304910277	0.2629752421434414	
0.0799227209614441	0.07935735650498128	0.5747790067435323	0.20121182154643524	0.5746197719773534	
1.223183919882759	1.828640873099779	0.5915393756428455	3.196750058505456	0.0	
0.517383808337042	0.1952920397318623	0.27242386666514085	0.8686265006205283	0.2599487906055136	
0.06333882816427136	0.2965433998215711	0.1402953655149742	0.4720705483357043	0.9577516979683646	
0.11689115445461574	0.113743474511589	0.8620114092310771	1.5004807696483962	0.2805652567911167	
0.22108107641389868	0.08005851170118129	0.4017833144597206	0.3639831497983316	0.5336982370731174	
0.2599947786668639	0.7206184728019787	0.16074948828774022	0.2009796481324866	0.7414430386804195	
1.4092755625546756	1.6364680669765541	1.2747460394134715	1.5436700105989398	0.1348087627998391	
0.19594001847116452	0.48710046351363095	0.5065808944530505	0.24183325800756866	0.1993429213474735	
0.6886521193478095	0.34006308868254564	0.061340985630140406	0.4654494690892686	0.3895356541126967	
0.0	0.0	0.0	0.0	0.0	
0.22749042436677494	0.2745642060548432	0.6988639151656586	0.29853639080169875	0.5122079268549852	
0.12705056899925507	0.373977982236429	0.0929089758294161	0.23885887537656925	0.8950511707738801	
1.2946437813816167	2.8819186922408466	1.280652758774497	0.0	1.6461398188870657	
0.04464264966352712	1.06679023347175	0.7694511140060604	0.47036919667380955	0.5821339091297663	
0.4661375168392906	0.20104971291883858	0.0	0.1891788017681734	0.29908449741731624	
0.024259730925564972	0.5016429824321275	0.30419934062309467	0.38144873178857286	0.3465590110753329	
0.0	0.010357413940472458	0.016067349325597627	0.01969482825765779	1.1228892394320693	
0.2190127906420122	0.7253831826240068	0.04798291326315958	0.14874573505378	0.26612662786019253	
0.7445738815188724	0.8288545518242866	0.8872971142655589	0.0	0.9532810917345585	
0.2888253380904576	0.8369509235049902	0.5977092867886362	0.7383025612511257	0.3002557821238251	
0.0	1.4285181866670156	0.0	0.32649537046721244	1.0666541111270946	
0.6470090690918295	0.3508628728546359	0.6192818541005064	0.45986231781278125	0.09525685507311084	
4.273059774911531	4.714025602455982	4.599339250400643	0.0	6.013296798372318	
0.0	0.0	0.0	0.008504599006322808	5.382724745472485	
1.0038131952997895	0.9110663852567751	0.9354831663200459	0.49696061541401776	0.025825968479411616	
0.0	0.0	0.0	0.5144290130371642	1.3081985273831687	
0.0	3.6622661993244026	1.8071738932443053	0.0	4.468267813041366	
0.8312963680388048	0.00745340091344737	0.0	0.6125363639761221	0.24989366034327334	
0.0	0.20401990329590808	0.4375239730400658	0.6443534522398717	0.5037234358603201	
0.44421265723998304	0.9439289198544218	0.0	0.001679674519199534	0.009737420268007063	
0.0	0.292284086284684	0.6211311388641022	0.13582807862887675	0.23970781324857215	
0.0	0.0	0.025596211825217766	0.7519876914652177	3.0311939571319826	
0.0	0.0	0.0	0.0	0.0	
0.0	0.950099582879117	1.498457654754945	0.5338990800045974	1.355979808200326	
0.1878540740247324	0.04465907400135092	0.2764891590386082	0.5320003990757642	0.864946034887364	
0.34782162811347184	0.41146971786964776	0.6091245732787595	0.22143344279208588	0.33814333630168053	
0.43416304839865755	0.22571151226669134	0.41963721115331737	0.6618267221876053	0.6771189190315808	
1.7985395209846822	0.5241709801008029	0.5193970459009761	0.81383446046902	1.8402517718292501	
0.0	0.9189948269058745	0.37931811706632756	0.5323978995557441	1.3358490964732692	
0.4207115916700374	0.29565440073698646	0.4887465347975353	0.2522975823312249	0.5295395126821083	
0.05283037357628014	0.30608218711509105	0.4246841081075245	0.008695065567676857	0.2972255809769834	
0.39620452420005536	0.9507426722381113	0.7484701155929516	0.6585554249476989	1.4368813363892121	
0.6529623926430902	0.0	0.2957503051029336	0.24420585531765568	0.7964507530029539	
0.0	0.0	3.56336125165002	0.2194663398201943	0.7621508452502433	
0.5283428824594709	0.0	0.010192392234802896	0.32936445153604077	1.5484105064434983	
0.6442372470664708	0.0	0.4625431000131454	0.690818152233719	1.3236445812118685	
0.3479261361635611	0.8451250994382279	0.8901019799891868	0.9201417179801457	0.796438696774154	
0.7529404010407964	0.3190797905532877	1.1027113750523378	1.017517177141869	0.08330615680739807	
0.4561929827378736	0.26071057499378797	0.27029385418561497	0.20094725850424788	0.6381328607597101	
0.28621364575742425	0.8787266004702882	1.514589740103278	0.25830705755127986	1.621759174213223	
0.020265286297077634	0.08743861985592008	0.08024701834829036	0.4452164032731497	1.0345315020260568	
0.0	0.06582836170015674	0.023300650786247802	0.4093553139112053	4.288976214704459	
0.1604843863295215	1.0714314387424686	1.0421308961549838	0.23053814597103447	0.8577746071524212	
0.018555147249132594	0.09972989341879193	0.7366999348281816	0.4692992885975427	0.6944993114265662	
0.37279323306396883	0.0	1.1300901271380108	0.730086782405175	0.5966606721291594	
0.0	0.0	0.0	0.0	0.0	
0.0	0.0	0.019039261910313996	0.2370912541956688	1.2345099989403594	
0.10794171860743854	0.0	2.044117153435764	0.9920841934752769	0.5863433802404003	
0.5139401743959968	0.4569062240592737	0.0	1.245285083455896	1.7799752695864712	
0.0	0.0	0.0	0.0	0.0	
0.0	0.0	0.0	0.0	0.0	
0.35136480742958737	0.3266544590348191	0.0	0.7340271595008333	0.799540007949701	
0.2075632569387349	0.9140529832988862	0.4304998835797774	0.32241066974135724	0.5348474888761304	
0.0	0.0066073960379887265	0.6736817250862438	0.08960846908231493	0.9768917527591824	
0.0	0.28850702074976053	0.1651969002357172	0.33550096039744726	0.04145469727223608	
0.5014183034711048	0.3557938842092072	0.22283910543497948	0.3987691525346291	0.3402256333038108	
0.01942713749019415	0.8756161010996856	0.0	0.17440714850288716	1.824598561905913	
0.4253905217551952	0.39737244414384676	0.7986578716253467	6.193870018721437E-4	1.078424470173714	
0.09686778509624935	0.6122179011553155	0.20723759856669224	0.4657481633810271	1.4867525006221354	
0.0	0.40664800060330136	0.5536314623097964	0.391352110871885	2.2541285173744816	
0.756308301764832	0.494836633164597	0.20424596928050848	0.520817205195168	0.9192445912329164	
0.008281220192662796	0.05718393894994901	0.18259411683750562	0.5936121469904448	1.3478611014992912	
0.0	0.2380823956683851	0.42729096743321276	0.0	0.5726439119811532	
0.7705688272181489	1.0323771651329234	0.17289760798225176	0.08772943677353129	1.0727692408021403	
0.987190017725164	2.348950708756611	0.22077681513517047	0.25314432610775417	0.47232006395040516	
0.0	0.0	0.0	0.0	0.0	
0.29155584080017344	1.8616428175905972	2.3951854962565603E-4	0.17819933469791704	0.7401370691645828	
0.09774670453921198	1.4158571456264202	0.5060439116817532	0.6844354352954962	1.0536299730299696	
0.0	0.0553437672729211	0.6820604924326547	0.5707716080052855	1.1765504162667524	
0.09000303582480314	0.4891313512212886	0.16836600940240615	0.2373347199519103	0.6076722289444284	
0.24159049553153805	0.0393925141094362	0.8861176672659531	0.2744193086294193	0.20490360310524067	
0.0	0.0	0.0	0.0	0.0	
0.0	0.6077424594599627	0.04344143838568113	0.316901290800345	1.3887104146566618	
0.6070712753611699	0.2264612272344722	0.07367402133326584	0.20138453569377987	0.3653231818171561	
0.6310741604727512	0.6304767529707789	0.30584618752386306	0.18944672409710106	0.4716941371543587	
0.11896718831267575	0.2880134699824199	0.002540845932193665	1.3472353790334657	0.006443189797476001	
0.0	0.0	0.0	0.0	0.0	
0.21148228327284121	0.23535980643654292	0.5037558990952457	0.4056956802192719	0.1820139295808322	
0.4718595061096455	0.9415457141627621	0.20265402755628567	0.05664933599691668	0.32937896771636704	
0.30828161652680386	0.9543181129473635	0.8228868913498335	0.5915751459886565	0.2951173293090835	
0.0	0.0	0.0	0.2582237324384035	1.7911223028072591	
0.3347967729011917	0.8184446688826398	0.3534061154161705	0.05881170319901076	0.0	
0.0	0.2756001848678946	0.023785142592745844	0.14754938396180017	4.092939083507936	
0.0	0.0	0.0	0.0	0.0	
0.0	0.12780756932397308	0.028930185087976432	0.6453741333993478	0.4617541843302725	
0.3595270116178452	0.19496942943333592	0.0	0.8724801494063367	1.9037338975960032	
0.0025490318667181827	0.7426279523760606	0.2853294848001386	0.04840463395418185	0.7400613557862179	
0.2581672296779041	0.25508775314810384	0.23125739852829866	0.3105965897037483	0.3196679816001802	
0.797409335466216	0.026246368035211343	0.0	0.26968781682587883	0.21149567381137327	
0.45128352874160754	1.3545612201679438	0.1640146877938903	0.46555621004016673	0.5503707588797434	
0.28223739108590046	0.5253469397932177	0.0	0.5094658194642272	0.22495730131908703	
0.7319771786989269	0.5439700950996036	0.7661166106926605	1.0013188534074378	0.06615071977944223	
0.0	0.7846600669677405	0.2999640929238706	0.5190090522974555	0.0	
0.0	0.0	0.38854740862162446	0.25137327152593425	1.0537034247126404	
0.07827077280730159	0.13871584234999962	0.3598566283919062	0.33763381093070854	0.738245012161875	
0.2362752684287613	0.22450784743720936	0.6764582669473388	0.15336744561124918	0.2006989127915988	
0.0	0.2728240226173163	0.42014468971070373	0.40044052753336695	0.3835597086241577	
0.43925398709436203	0.0016406129658033677	0.11554037867847812	0.6669608688513391	0.1232490272632044	
0.03780318998986935	0.6500671251728827	0.6834446073106696	0.0338090340009595	1.1372835707069275	
0.3858744743839922	0.3703329851742727	1.407330612427574	2.018540671437815	1.1033178056393387	
0.08831363266381609	1.5996005432395646	0.3366761975372289	0.6717063623229075	0.4785458622024786	
0.0	0.0	2.4319242000243886	0.11344041349373438	0.5905706965490645	
0.32847413523680025	0.0	0.32392224516630114	0.45225618248222854	0.3239798427511606	
0.0	0.0	0.0	0.0	0.0	
0.7374705392624932	0.8576162531556	0.9875709757207097	0.43445145837252397	1.1767979884445654	
0.015040378388393935	0.1837545193582712	0.2948807000404672	0.13904287861434733	0.6660026708964806	
0.0	0.0	0.0	0.0	0.0	
0.1266497249201975	0.5013050910802465	0.7166981748527856	0.3842657418051455	0.30980281666480547	
0.8400379221032173	0.34339679779160115	0.0	0.8814536066880914	0.18663392019597846	
0.0	0.33158711900591403	0.15147744650690273	0.3018780328143392	0.8673196941561204	
0.28306899149699616	0.00391850641776604	1.547921258847261E-6	0.45064339909903117	1.2513157235129977	
0.25352018809086235	0.5245706717135173	0.4291286528570909	0.5549728203644044	0.16940110267368585	
0.19065063164945892	0.48476157602646835	0.15893373385517934	0.4822837579575763	0.6521396405973912	
0.19048047977075586	0.6935721769742331	0.8047934504061409	0.4647489915328825	0.2245267679132147	
0.4162585767596317	0.24910236019487034	0.4115977994093433	1.0629984611231307	1.2883106746417183	
0.0926550339568752	0.6801616527817074	0.0	0.3349039726380234	0.5928066694805392	
0.0	1.854490016149892	0.14757072309083857	0.5254556480871364	4.406226296553568E-7	
0.1372622544316872	0.2052681322986275	0.1382867405779519	0.17867437022281626	0.0	
0.0	0.16270290730556558	0.7487026909362989	0.5841572017514949	0.15872564926395644	
0.13142395422005476	0.6513148171483635	0.6096584220183483	0.6324904398708108	0.2230561123748106	
0.09263473099170597	0.521627428396893	0.9813153873004221	0.7095058841282047	0.6934229101509027	
0.460036659483717	3.911360519742446E-4	0.0	0.29496902225090366	0.5402992870744545	
0.0	0.0	0.0	0.33687132872706527	4.456137792160157	
0.03988164878233997	0.0833155196291812	3.473942200374694E-7	0.2863419991844129	1.1193330142852544	
0.7323223908004038	0.24077868533133404	0.6668218085111763	0.2619297205588014	0.4479785023024839	
0.16822791973027623	0.5523497941844416	0.41193225880226414	0.8179439115179237	0.4157165981877132	
0.0	0.0	0.0	0.0	0.0	
0.1472367942547893	0.9129394695779428	1.0524802479864768	0.26636186934152706	0.6174266384819295	
0.0	0.5793399990937125	0.5987025301943418	0.435767830284713	0.0	
0.0	0.0	0.0	0.0	0.0	
0.8065766983095937	0.569995763155338	0.15651931444974834	0.3205179648366358	0.6613684460906383	
0.11882945802921531	2.323970658389474	0.33283844889837394	0.3261652494524029	0.10090195054373435	
0.0	0.0	0.0	0.0	3.9931490705219748	
0.38784738906908706	0.9817803277715981	0.9314986568163574	0.2491993825105636	2.0403174353775833	
0.03332778686162712	0.3584952903074514	0.35757886450896353	0.33128726579474904	0.6164490946254034	
0.36673041261164857	2.5492695352928973	0.3334074047994901	0.26415834530858917	2.63741625973459	
0.3480415295794058	0.476704162016336	0.11150109567846363	0.6358607382516533	0.07092900259862922	
0.9342871064930955	0.09953130434474251	0.10281755940314838	0.26937175719065226	0.44907125955402744	
0.533900484336275	0.4256676848971576	0.6147268451134692	1.1657913486479574	0.4089831767841321	
0.2916558928180733	0.4383580982679898	0.24426697021318775	0.5604535913673375	0.7810070124102125	
1.0814203633943273	0.8920060634685525	0.27713986248157574	1.1180006068224564	0.0	
0.0	0.44472766384143847	0.0	0.5496289411493905	0.9827471479218614	
0.8905455975471545	0.35062672917566723	0.7519551625433307	0.707463207513053	0.3773188677791637	
0.029594488590108957	0.8248617639499768	0.23522598755100008	1.0319582349304028	0.895850827192582	
0.4062504117207828	0.11716403981008719	0.3589220228529293	0.3426111829897557	0.0	
0.0	0.2536660005875152	0.34746692699760956	0.37623105888531955	0.3095344883102438	
1.0639799789629791	0.13907326472987272	0.0	0.2782654838752889	0.9863184398414913	
0.04030499670900099	0.3811140219457006	0.023498249700938192	0.8464835473783405	2.300402692992326	
1.436338545338172	0.11036056969036621	0.30409497539252095	0.5536065181034173	0.22613949735524908	
0.0	0.03027848057298283	0.3692369105488177	0.545519806533704	1.1854203839444117	
0.08069832101643643	1.146004695922354	0.0	0.1541791083758104	3.542220390908382	
0.6923017525853566	0.8902810703174032	0.5875773753621908	0.31811399093310594	0.08263355306638857	
0.11242239502186065	0.9690664016135725	0.2538261637033699	0.5441720771587547	0.2366604802089173	
0.3468788688861953	0.0	0.5226835361633622	0.6589427977574989	0.22283737694934133	
0.09323374406919378	0.0	0.003656656324268514	0.48636339787265354	1.7408261070307525	
0.1430463817778069	0.42410230531353227	0.40921664307565936	0.04266862774464787	1.176128123196106	
0.005158243520676884	2.1842021223507793E-6	0.7037005757553114	0.28524674594523386	1.3489819460070749	
0.0	0.0	0.0	0.0	0.0	
0.1851446174893085	0.0550659202108287	0.021252643842638096	0.7265450435676433	1.0134403489811656	
2.2029215892378757	1.6574694249241992	1.7756636146518858	2.279054936274857	0.3867884626955476	
1.7039136099232305E-5	0.21039243665713914	0.0	0.28790116826200696	1.082359397410333	
0.637125142111904	0.6582735017565688	0.27560657554522444	0.8199409448080325	1.7550174019319487	
0.21235732841539953	0.47145867401946556	0.4176637236845486	0.1861424104458129	0.6300395545542992	
0.5711781153953205	0.5059762731798906	0.5497525188630359	0.0	0.06483634178617835	
0.08781433410830608	1.64785301190334	0.3580488738084311	0.14254923261012986	3.985445427375658	
0.3714571401319781	0.0	0.9684804430975219	0.38676948286334123	0.5932727753499828	
0.0	0.0	0.0	0.0	0.0	
0.0	0.9871530437221065	0.0	0.3672189614907236	1.7411598939899116	
0.0	0.0	0.0	0.0	0.0	
0.5122106161858689	0.30490368501216525	0.40284052117416497	0.13158115360408407	0.0	
0.0	0.7442143604836443	0.5879441742546682	0.29788124418467943	0.1967067330147559	
0.4252311218065939	0.13843608741991117	0.7896808106743576	0.22258576439530142	0.6326927724210824	
0.34333870318372545	0.48440643837472663	0.3259669285921844	0.44400640740633973	1.5379222856867945	
0.5294398885022727	0.5661857840612216	0.0	0.4951212252030208	0.428162090052154	
0.2640898795897018	0.11596457738870809	0.057189937858849835	0.0	0.32394804079974426	
0.0	0.0	0.0	0.0	0.0	
0.007599329416917706	0.27168835885039705	0.0	0.16712798347160454	3.474229165552812	
0.0	0.17646740960355317	0.008479484020287042	0.34532033046222943	0.28850552200763213	
0.0	0.0	0.0	0.0	0.0	
0.4700252108664179	0.09648883030498483	0.8258504491587034	0.3757723735888403	0.7477363101882665	
0.0	0.0	0.2777750554451948	0.7406038163550124	0.05098606382243784	
0.6025359810205784	0.4551033793772938	0.5183352136725741	1.4886281487039084	0.006154934157806055	
0.16310075257295698	0.0	0.8475032921840202	0.0	0.21996247996917517	
0.5360536407142276	0.3138965086276712	0.25913714453121545	0.2703019455354737	0.4596915619903185	
0.0	0.7911502477796194	0.6221929391413423	4.6456117808558406E-7	0.0	
0.03547964755636726	0.3482627725930885	0.2574604348564017	0.3780267679268697	0.4513801989703499	
0.0	0.0	0.0	0.0	0.0	
0.7911832139578404	0.2638586348175451	1.1233958429067008	0.6720861637430859	0.27542361226238393	
0.0	0.0	0.0	0.0	0.0	
1.3128892129912149	1.4867826223452754	0.7390800342752665	0.0	0.9347450412957509	
0.8715689211709028	1.7249852692076897	0.16803196153952654	0.4129061716912212	0.1258985151301199	
0.11254009109557112	0.07879802088415296	0.6998451655114738	0.35051316753651385	0.9007831847419983	
0.0	0.0	0.0	0.0	0.0	
3.0120187177905056	2.9176271060984584	3.055640022242753	2.0805975581075984	2.529224246875884	
0.0	0.34818299215025933	0.5419493809106153	0.0	0.7438902698477883	
0.7439742223432172	0.27820298354649714	0.7832400355500905	0.6591992070268247	0.0069031907536724	
0.41029711374135425	0.2273248499008305	0.4134573952798068	0.5451153121532483	0.3872581664131698	
6.230502737020632	3.327646386585351	1.3660004433249529	2.300036110658166	3.379581767073092	
5.541998546339388E-4	0.26188351864729476	0.018801334951787894	0.8412508140143075	1.2572545521044716	
0.7317171978932843	1.7912721087770254	0.7256415204046238	0.17462892120765214	0.6851555277654565	
0.0	0.0	0.0	0.0	0.0	
0.1496820265608827	0.05304974413106794	0.2412573204928958	0.4721904392686629	0.045895313261779	
0.27556064051973267	0.36340671851334355	0.0	0.5523186679152761	0.7785187093462205	
1.7707570296814164	1.6175545559709497	1.456685665328005	1.3539258588050338	0.10140688659697455	
0.2620192647416128	0.3523227899884658	0.12309424466405358	0.2217208000820261	0.79987321589553	
0.4328252629072064	0.5265267192083749	0.7177417691367375	0.31864661350181533	0.45916441666647023	
0.0	0.3730484925678601	0.725912386535257	0.24564697411957587	0.14023551623497327	
0.7281970950628206	0.31454596273508334	0.476016352526261	0.8899260313648588	0.03379912283743946	
0.10912768777001006	1.93401360989848	0.003325138657112863	0.42302639284953214	0.2652841320618396	
0.9146942203018054	0.798905611051614	0.3040339643949751	1.002627234961177	0.0	
0.899202875321964	0.9643298333415212	0.44405855445569614	1.0076282810583315	1.5235206521938314	
0.41114919496760854	0.40389700365339704	0.0	0.8010467289922276	1.175692457138486	
0.0	0.08633175500270765	1.741006373642663	0.4726302027239977	0.5899732883575758	
0.6881131136310523	0.07305104626311468	0.6140872038456896	1.0572687003017773	0.8986196367682049	
0.31431364156273034	1.283531388854248	0.65378803602853	0.08888488010863237	0.058870018890178795	
1.6714709212630423	0.0	0.39560650583109447	0.5186594447111318	0.05323094063504625	
0.264934104119228	0.18992090479790205	0.43280076878396495	0.1823876615916006	0.12107466212537772	
0.07164349048202606	0.5044063991052546	0.07351485066151642	0.0539255808386042	0.05375510766311435	
0.37635621572665273	0.40736483715272076	0.0	0.32525636622143317	0.6358713408936874	
0.04921279521477428	1.7245656619499155	0.8816710889078065	0.9813456318937057	0.4650245807288615	
0.6448073227970117	0.2927640685316599	0.7570556233726972	0.13274806610325818	0.264564051228458	
0.4044289590892389	0.701883277802809	0.3696451443066941	0.8594584413454541	0.4879243034979488	
1.279775541885616	1.2517593568192975	1.6781769309832495	0.2097956522326253	5.222568840944742E-6	
0.0	0.0	0.0	0.0	0.0	
0.565101434593779	2.6275186217504563	0.0	0.2218878748932803	2.4471005142701334	
1.424177024742129	0.5158590642575812	0.0	1.0151102901015225	0.5266107622110543	
0.5699981888857831	0.6244663162838611	0.32190191485695235	0.22541742705230486	0.41439195597578377	
0.0	0.0	0.0	0.0	0.0	
0.8903230086033186	0.0	0.6061010374218521	1.7668211119336463	0.34170451325094653	
0.19924130737840098	0.32327528049737486	0.0	0.0	0.6759177458458384	
0.14241942842806274	0.11386939040864959	0.1932903955848042	0.3365134784317841	0.8117982071204772	
0.0	0.46559383968170515	0.2864100045715571	0.7764494823357476	0.4182559160281051	
0.07353562756313128	0.028774896118822457	0.21439766987416528	0.35229919110395236	0.8318760932806519	
0.09133881108112774	0.4130161188384134	0.1594166756201791	0.38622488711827013	0.6139929828921263	
0.27598673013430025	0.07550194538237108	0.8707689888560819	0.6381929726325658	0.301915393882309	
0.14635039513425033	0.3948567856331778	0.2685933248287493	0.5395288846262587	0.0843925758806264	
0.0	0.26323270709513824	0.0	0.1692223090106462	0.39222138168679854	
0.2606160100061327	0.9163819934853263	0.17742572258206193	0.03845459219797113	0.3022233677866134	
0.04232644209438593	0.6016708003579291	0.45687951897699103	0.0	0.3273578789265019	
0.0	0.7079011679652922	0.8149508487841466	0.49695136306621024	0.07350194478488521	
0.287774045441784	0.47191253018536133	0.1393007166775076	0.13562845650961491	1.5865262453549784	
0.6416121741139732	0.38642324528663174	0.44365721640642447	0.6605201619196337	0.580376447379765	
0.6565979759817739	0.0392689032107837	0.2845050209871284	0.9750548625596667	0.7739855412466078	
0.23466418796627148	0.0	0.49421569709392077	0.10458751426929175	0.2170513507977817	
0.25253209107250657	0.09572576095720255	0.19654815459629738	0.18875398117751932	0.5491170658884029	
0.0	0.0	0.0	0.2564582984403428	0.007407834184593627	
0.5423667718476347	0.5068706583549499	0.7666767915569317	0.2775317521906432	1.5735472506328614	
0.26603481369701754	0.17433322197826565	0.44787431910257	0.4225321193450442	0.10179798056183657	
0.0	0.0	0.0	0.0	0.0	
0.4700510357975905	1.1491917287738727	0.5873045405134864	1.164576151424114	0.2194571727022676	
0.0	0.2362462429579565	0.13409651793812438	0.6983120979459351	0.22358905476136984	
0.008134718096639395	0.7595802128940893	0.0	3.921675616752109E-4	1.1838650058796514	
0.47368686841079166	1.1879155674663329	0.6211596154527834	0.5462173754456418	1.1241297488115085	
0.0	0.4675344286886044	0.07468021213299712	0.09283154343248877	1.045831047569195	
0.6855435941464268	0.26809170275288113	0.6184483122242944	1.1262347663056393	1.1686083481911091	
0.13493864632847496	1.2855587353023414	0.24253633683616757	0.8011065468751007	0.17680902652027083	
0.0	0.0	0.0	0.0	0.0	
0.4923961811992408	0.5100309371248868	0.0	0.0	1.2101497080866233	
0.64294760379694	0.0	0.0	0.7903051679087169	0.5154213370389771	
0.3614065738117546	0.0	0.1500190296657157	0.006025526904367702	0.15236510345209353	
0.05777748639605127	0.41033998206497596	0.11196224316997234	0.19685810817700677	1.3177228894697206	
0.0	0.31638322077462	0.4558388808295515	0.9048521101746386	0.19235572425551584	
0.0	0.0	0.0	0.0	0.0	
0.7000431816738022	0.7023038590429621	0.48244705636526203	0.3597295285399178	0.3853038529470784	
0.0	0.45205269093092043	0.0	0.4421827853941754	0.5851572264424394	
1.2065793514320422	0.15054827338050325	0.4540451269153555	0.5180760046841983	0.20741314249622456	
0.2044343108361431	0.4837910275802031	0.8261793170468024	0.2374149847966545	0.30168875073843926	
0.31114209184330127	0.7887116320656107	0.15749394003394745	0.9616533694351542	0.5736564502355327	
0.0	0.0	0.0	0.0	0.0	
0.2965071231207967	0.0	0.13595794188108704	0.874925809593734	1.2358322379562365	
0.2648240120242001	0.6245905766642414	0.3455737642428131	0.5883351696824236	0.45072694101590516	
0.5292485541818277	0.6993301816427456	0.0	0.1504081137913813	0.5982410436218107	
0.0	0.5980828759855076	0.4488014678466071	0.9190242259799095	0.6273545337383931	
0.5285819212896401	0.7096853450544652	0.0	0.7042654047102519	0.0	
0.885891191714621	0.00719490570150203	0.4524651293395921	0.8320142060603792	0.37827071639862864	
1.1821586732476888	0.5994818995803358	0.6051815509215265	3.234888752452088E-6	0.9605259423929877	
0.3172855713325211	0.45739793622493785	0.0	0.09512681326082663	0.31191243680891517	
1.0412578044969683	0.5860860927518353	0.7699636482540744	0.4644537958553657	0.2059723517760143	
0.35597717940453644	0.0	0.46734947194404347	0.5706882360135185	0.5686221925842606	
0.0	0.0	0.0	0.0	0.0	
1.2087486589983012	1.0762551002530012	0.0	0.6983986650274253	0.6153740117064097	
3.6242621262335035	6.250118349645657	0.30151314195361445	0.0	1.569421992442315	
0.028242472829403238	0.5293847235474235	0.5271685284432568	0.07295176740275323	0.338380541517966	
0.0	0.45099065331323085	0.4317724108659929	0.8583095137794156	0.6658246646748048	
0.5251794217776935	0.13794169036285162	0.6708858966085135	0.7449480695928482	0.35244068636351367	
0.6379377110340866	0.173529447877488	0.006880773683498759	0.43933138432001473	0.18644368113613136	
0.0	0.0	0.0	0.0	0.0	
0.8944524047498752	1.1845795895018654	0.09190079514887166	0.3488127516950803	0.6813539993136507	
0.2537969878221915	0.13989047416393915	0.12747663238116236	0.2867312319779054	0.27097383241421125	
0.06538648792044728	0.40118927610777866	0.3247075815441279	0.05618607176656379	0.1914494546386393	
0.0	0.0	0.0	0.2061657265395651	0.0	
0.011131027875782754	0.20897350773580303	0.302171148280392	0.5242035341820633	1.1724906905695605	
0.0	0.2553803596208038	0.14236134609061354	0.18912402725241645	5.284457057788301	
0.11667019068947991	2.937040313094907	0.9585140640734843	0.0	2.9395877644084583	
0.2653076203973801	0.9989539233931354	0.4888918332729662	0.2772810032676867	0.42533555847997073	
3.4047256386557785	3.869737403933083	3.9276436522610547	0.0	5.816245396197281	
0.5416756899990207	0.16108223387721396	0.18293318121873947	0.6409934176235139	0.2641002959066095	
0.2874873154795124	0.17739882668387177	0.7609233201361565	0.28197345244429756	0.0	
0.34375515911160465	0.027810929373478555	0.0	0.4858485698321268	1.0769602493896866	
0.0	0.0	0.0	0.0	0.0	
0.18992912625215572	0.9091467374810472	0.23191950670768713	0.350380458412633	2.3649870979592835	
0.0	0.0	0.0	0.0	0.0	
0.16446425012758858	0.18586566868890608	0.012968658419506507	1.2162484196143626	0.04519382624316664	
0.07863263611112788	1.0631569271299386	0.0886164321964444	0.5210708629566614	0.17321393652736575	
0.0	0.2645092850442253	0.3327809512282788	0.7757278956109825	1.178286410192361	
0.0	0.0	0.0	0.0	0.0	
0.0	0.616475483355205	0.635636593196132	0.18733961154224796	0.8474052840313547	
0.0	1.385110579987219	0.4638624714593701	0.8924582141587707	0.8655883089734465	
0.5055449047535605	0.23061894480686443	0.14285251360427906	0.45439619308335627	0.02836005767145021	
1.5559854330215337	3.958771338515977	0.7033266450672948	0.0	1.050761545409373	
0.21225768574099244	0.03380626308121798	1.9634296717894032E-6	0.29755891047196015	0.4305065432503074	
0.716058136588633	0.008603004846615884	0.012170059571724123	0.8039547891200763	1.1873830864193224	
0.40015192931302446	1.9517724054656396	0.0	0.2664199259471319	1.2798053410443644	
0.3684532622628593	0.0	0.39732944300123585	1.0429508279409367	0.6445970648325284	
0.7218286777544134	0.0	0.2744794748284651	0.9444721673375698	0.0	
0.0	0.10023056063654051	0.03090568188558307	0.8497264430988435	0.15450248589755716	
0.0	0.0	0.0	0.0	0.0	
0.6449057445325417	0.0	0.0	0.47459257858554343	0.4698799492743103	
0.0	0.14848251699969003	0.4383707233999593	0.3063325417765195	0.11769338877092655	
0.36807926740893904	0.5822961490157859	0.46020270833105903	0.1517802020088463	0.22190957339831982	
0.43760580031315344	0.3637458207498892	0.33026070957113507	0.3843980525441003	1.2091598563614192	
1.0742442336180815	1.05101791783012	0.06901533002085097	0.9377422622116688	0.8834735765532549	
0.0	0.3371516816643721	0.09781728374393264	0.34097328131749555	0.5012373689834554	
0.31889201200406647	0.172743715266542	0.3538370770908326	0.4137168681119001	0.2187375163402361	
0.08209634430341882	0.4048867442249098	0.45043252755131946	1.0337456586770146	0.9877073002740355	
1.5685052928476255	1.1708091348175624	1.41158922787404	0.4238767975407235	0.9982765983203951	
0.037979180314287875	0.2145458446372978	0.17572280943324922	0.8799466331144238	1.0001116036715505	
0.0	0.0644879874031122	0.41595801224147605	0.48196014463535264	1.0355895821355303	
0.28858103764281334	0.29346522074134423	0.0	0.4662336709184871	0.7532245776132293	
0.18477047743914052	0.13096781795304122	0.09685159382214772	0.2854577951841214	0.0934694769559044	
0.0	0.0	0.0	0.0	0.0	
5.01232701741231	6.806483128751824	5.356702931160473	1.9271133951494783	0.0	
0.3649280332308744	0.21650659565024716	0.0634267920638285	0.19917487604605444	0.3996424705954717	
0.006870998787931103	5.3255245338787746E-8	0.6714994461691143	0.0736583051042427	0.9352018997665144	
0.6266566407097319	0.8934980536894135	0.9486019323232374	0.19395338014583255	0.6171576474466769	
0.0	0.0	0.0	0.0	0.0	
0.8077417426326343	0.24462258996043076	0.09203033066338943	0.6027093850681035	1.1617628117105345	
0.2268074784136452	7.360771658343693E-4	0.3689318717008004	0.3664443690058019	0.7030112061139939	
0.0	0.0	0.3780292662400059	0.03458460098821064	1.076899103536899	
0.4646340548276551	0.30958331467518896	0.0	0.4258832322816499	0.45305024126150095	
0.9260168511980867	0.0	0.38696045614054925	0.8388137911893532	0.0	
0.0	0.0	0.1821040347575241	0.014732849206449317	0.746165944186673	
0.13876632137323766	0.010789248770813529	0.5384236489129837	0.6797843306837329	0.172572380502045	
0.42374284947923824	0.3068379066845735	0.10339489470703563	0.7122455930712733	0.37838397417226544	
0.0	0.31048446919035044	0.4594434552868563	0.5009852562008521	0.8889501500266753	
0.8377655989429703	0.5721876486163152	0.03358675444282529	0.2874553017874358	0.4800858773825445	
0.07864987796262364	0.04858667209573992	0.0	0.04500705775735086	0.15963847527819325	
0.0	0.33438207907468565	0.4992420628476229	1.4686213068193072	0.07203608369795844	
0.0	0.05825004724696545	0.17912658361010822	0.25967428486561167	0.2653320765592219	
0.19586557480994074	0.27018477943611735	0.14003252651930964	0.6141515694057805	0.694786857249735	
0.0	0.0	0.0	0.0	0.0	
0.3341614765996385	0.4866612197856069	0.3663743712405504	0.6870834973430542	1.270184504354772	
0.0	0.15607932651058531	0.19180555852225448	0.16705149495824606	0.0011450104048675608	
0.2123710963131751	0.8795838845640447	0.3014066384108736	0.6655376248680384	1.1474424761741742	
3.1095990024316857	4.8499072870304545	0.7672026565311432	0.0	1.437597886032902	
0.48132689906469206	0.0	0.0	0.3948766251992799	0.3073633528834495	
0.03202893449284934	0.3036120374638803	1.234922727831848	0.8128571396405079	0.1315708837653507	
1.8254833996948383	5.190471816755051	0.2927488330537377	0.0	0.7760515381249069	
0.26818917604611	0.4442837464099573	0.46352271573748705	0.21433260643451454	0.6289239257197946	
0.0	0.5288789437555513	0.0	0.30453478850683996	0.1066687713667931	
0.022092455348862523	0.002728028505981575	1.072679799055242	0.027296564954890374	0.525937251018384	
2.3580075303630506	2.2293827444915535	1.7412916356867003	0.0	2.2971051528897046	
0.1483914071102435	0.4309484154099296	0.9372576815448121	0.65255395052453	1.0043996504806973	
0.8341604437471124	0.7135592882636694	0.7389531993925061	0.3984254601156198	0.08504209891823133	
0.0	0.0	0.0	0.27973862869217575	0.33437841731204665	
0.36144578352313206	1.817775861796443	1.0045368890374156	0.3593174790653826	0.3257638283309496	
0.5817077048063759	0.37288763626539145	0.3336799880158028	0.29799272515811515	0.12836759527115219	
2.263395479810987	1.8349750078083644	1.5418736211653847	2.286573921501364	0.39831022798409516	
0.14946420650280398	0.35422277645339045	0.2562362742264493	0.6292124938782859	0.4584644552592907	
0.35476217891136835	0.3749125551049454	0.16560855124161014	0.8631853759059323	1.185998609762337	
0.0	0.1631444646786226	0.27152466479716825	1.1273742469195391	0.2262074054617844	
0.01065390988383524	0.2691034248277713	0.5896843964959158	0.2707451509914828	0.8225995692681075	
0.17351894664386142	1.999021924420934E-6	0.1052429603436431	0.14170880205268918	0.44712101514112085	
1.8745913628813996E-6	0.005963262036249702	0.5223417545028086	1.643856200951467	0.6328116578243513	
0.3503075424445729	0.5125111374063277	0.3136941569871466	0.29685486382219006	0.39326099200478404	
0.0	0.5484480350376196	0.1306898494211793	0.14832223566276884	0.0	
0.0	0.0	0.0	0.0	0.0	
1.4332840540998417	0.5670780198665323	0.4053469585843904	0.05273407551932092	1.380099789730487	
0.1797000114766873	0.17684409543800217	0.6985175770144136	0.7704860152567281	0.3182055886243827	
0.0	0.0	0.0	0.0	0.0	
0.6307448277038197	0.44365435866861236	0.0	0.17724584514763775	0.0	
3.427590542453511	2.785141454654991	2.9958335263921416	2.615875107645632	1.5108328889060896	
0.16397021348884738	0.04439829755620725	0.18856186261158897	1.7420022906175923	0.0	
0.8147221416500929	1.2063541624613658	0.72111454399584	0.7012383448348931	0.8095300388960769	
0.5376158496500195	0.5208402927384087	0.6165782093066754	0.44755759806700207	1.2574965647129581	
0.0	0.0	0.0	0.0	0.0	
0.0	0.0	0.6838716098475185	0.0	2.703750414629943	
0.0	1.3277059481055027	0.0	0.0	4.059539891415571	
0.0	0.0	0.09451135766762568	0.5630771435056853	0.15938678203714746	
0.0013529834746099148	0.2689742049453841	0.7530959606571282	0.1570280192822927	0.4224232938757314	
0.0	0.8445850165794122	0.3303749017649849	0.9092513440879861	0.6040231002613133	
0.0	0.0	0.0	0.0	0.0	
0.938863200601678	0.0	0.6697268887794771	0.4542328375018965	0.0	
0.5490393348681426	0.0	0.3679612052343802	1.014774190498275	0.44234901054575604	
0.2777061866714091	0.19193847520967572	0.4539629410120459	0.1688112446468153	1.1748516692056843	
0.0	0.27742892273732467	0.015497606039712435	0.8902351711225005	0.3812784271581902	
0.3984749721806043	0.1530082256390278	0.05720826620819325	0.38629735863701575	0.2221591103130733	
0.33170970247773945	0.15436021622001309	0.48268106974565167	1.0047845070186603	0.4660719331923467	
0.2980068389759596	0.004493495800116581	0.0	0.17860967194372052	0.47887675366633475	
0.04052896943605188	0.41952644328767086	0.0016409585441251107	0.6795838443585037	0.8054492597517308	
0.08258901004159978	0.4587707403343088	0.49943999319460114	0.0	0.48125484134699054	
0.4826747548995279	0.8871513559167865	0.5598242806128364	0.10698114118950315	0.35345566362044406	
0.20709453255228655	0.6974572825819235	0.09349096659963568	0.4589944441283822	0.23280681160906772	
0.22069350278887526	0.012232369729141565	0.11445153434553133	0.5350720780601513	0.3747004112615002	
0.15250980837985134	0.6502005791930303	0.44356519218738133	0.44859868527307156	0.28821309854360266	
0.6053539742243935	0.0	0.0	0.3605550308256894	0.0	
1.2267942135298684	0.3039061695892078	0.1403555721560608	0.11500061734372159	0.5317555429440904	
1.2443310315708587	2.1633350250681787	0.17141036134980808	0.5943394947859305	0.4364503456576996	
0.20276106207268343	0.20653727033029984	0.3898958068240422	0.24539608901817755	0.06635034640186768	
0.708530523668278	0.0	0.7548696737785867	0.621560093428668	0.0029275781254062233	
0.6155457509684125	0.8937719464856374	0.9047537456098702	0.6938191101977939	0.12052472872382512	
0.4677871441249942	2.0876386731156984	0.0	0.23399264798866082	0.05811938114681582	
0.10473962338405736	0.26695761524544803	0.31047394066006206	0.3741352164444331	0.732947243078055	
0.0	0.0	0.4259007005873045	0.0	0.28538327166336475	
0.0	0.0	0.0	0.0	0.0	
0.0	0.0	0.4808586010976245	0.6524310046889933	1.0277677649924757	
0.0	1.3161013308541885	0.10065011552545758	0.2789853694660554	0.40848539830973296	
0.4332533519423377	0.688610441335054	0.6003128252339338	0.6500148246195142	0.6877626675861106	
0.28349932489885554	0.28982916948695475	0.006172723112318179	0.10649431265523562	0.25328327635588527	
0.5942915288825981	0.763469494418679	0.3263459142924334	0.1109103035135759	0.9970750309780022	
0.2207683576589495	0.08679010094557309	0.21652760715446703	0.3453220181958165	1.1962233980095593	
0.6320079918780295	0.20242844049882164	0.5927212996732054	0.5070838989329686	0.0	
0.47803800607410385	0.6093812212822094	0.4149771814178279	0.7257319030221305	0.4988130511654383	
0.0	0.6694979899891798	0.3626354874521841	0.6767015156411347	0.9513913539816461	
7.647075711597599E-8	0.0	1.7546258395906795	0.46743478543896744	0.5905843577546661	
0.06471198424973286	0.0	0.0	0.002618964384849251	4.374027059772948	
0.16407178208738032	0.543663302606261	0.2814243456694099	0.7772187520157942	0.8579864166346953	
1.0358015539085623	3.138452953821369	0.0	0.5416685175890483	0.018165955804628472	
0.9917945608386393	0.2297532992006253	0.0	0.8750813902842324	1.8144233680355972	
0.4546963031173513	0.9050752451112294	0.15755379790322901	0.19594467854010447	0.10438898503849608	
0.0	0.0	0.0	0.0	0.0	
0.9453992506920145	1.2658546126391648	0.5269770877250853	0.4340625611484986	0.7182472602377713	
0.06006766466539362	0.0	0.08121416467329842	0.8239271209289097	0.7688721918333427	
0.4937313122642392	0.4174938294616912	0.25328544190861985	0.3508151999292474	0.37345356935471835	
0.0	0.0	0.0	0.0	0.0	
0.2599034559326586	0.08805960094200156	0.6714801574077824	0.0	0.0	
0.0	0.14242481790006387	0.16155757229641138	0.41767981994377773	0.928513748307133	
0.5668897757959532	0.3719950525339678	0.4813774911309362	1.1098668676886927	0.40136690690307986	
0.0	0.2788916758026633	0.7969652091125072	0.010631305782475104	0.5647942235418467	
0.6816928072342224	0.18610453185219342	2.4041084930720425E-4	0.9422569587814701	0.42806811838111086	
0.31153675821578747	0.2877392448228071	0.3452429381483896	0.0	0.5510938041734409	
0.055447082481454996	0.3250549503184134	0.3744405195777898	0.5326029046524261	0.43903391834631444	
1.803807727404867	6.201557961502156	3.2535808259285566	9.235532349647917	0.5787356681066275	
0.7023167405344983	1.5136271251880022	1.185121658038345	0.777587748861625	0.08672705500918022	
1.437204831421608	0.04425951167386935	0.2592948682529987	0.48944270074076185	0.09657286893047655	
4.676888449999702	4.448299661855227	4.2843522473016	4.477055850399788	3.8907406679128282	
0.1412137295041694	0.9352716072823863	0.0	0.0	8.289467638775027E-9	
0.0	0.0	0.1831291690434454	0.4596137378528817	1.1118391848260711	
0.32933508156592034	0.0	0.0	0.7188609330699024	0.44382973061120173	
0.0	0.0	0.0	0.0	0.0	
0.4881889583440874	0.08067473219230929	0.49878812038138737	0.37873613871618245	0.24074759536276436	
0.2700913238895579	0.7504921696714814	0.6877480396813423	0.5273546494664431	0.2408827035387585	
0.27440886030690514	0.22644486108257172	0.3995010520018088	0.1661908608119183	0.6223918484829909	
0.719543057722722	2.598572040247478	0.1083361671653127	0.3228019195918919	0.035655277789310894	
0.6836969965257242	0.413451399951287	0.27649687428280173	0.02590043251819346	1.7964401565619705	
0.4630043129397108	0.21258913382550562	0.1366606755047084	1.3992795794854143	0.044186794515502094	
0.6165260398670767	0.45250298587290594	0.9382943625675357	0.5932845192844828	0.18381507405838227	
0.10599164351375746	0.07910520360695755	0.1724090570383421	0.039739566703033295	0.5081637353727276	
0.3300940040449446	0.2914273217347472	0.22659360269441337	0.6191956223494508	0.5756224483676704	
0.22047663541489207	0.23821840897016713	0.32256479277751515	0.6412370983550881	0.779000466154902	
0.022702841972756946	0.17316214413850056	0.44154331586906254	0.8944453538056248	1.8031103414131644	
4.028501800870487E-6	0.32406420655536794	0.06664171110049483	0.26867423306789906	0.08173784877615133	
0.4060170134899459	1.295662310200951	0.62639664738933	1.0817991357937295	0.05369339834552106	
1.386052185598622	2.162768769651082	1.9745806156965666	0.35465880863961247	1.6461054626769238	
0.10541737721257001	0.6713400048127959	0.7159998743322742	0.32110445704893653	1.2335110938071134	
0.04427104674861458	0.03210332214798768	0.34189643928003366	0.1162326723829124	0.4495260914753418	
0.1662598854634496	0.26045425559683905	0.2604563375916418	0.2615567433319905	0.2782870867791779	
0.5220518134172006	0.0	0.1090619222684383	0.42025854788624567	0.8204109866419758	
0.0	0.4985252004820296	0.8743226273442618	0.46168325675374183	0.5433076516504992	
0.5369140551055342	0.302388607988477	0.12366195064767067	0.5590315756814909	0.02383381657105723	
0.0	0.0067887575114320125	0.6125912987486923	0.6673099372194404	0.053666328866109614	
0.0	0.5677137365104246	0.0	0.768566979334866	0.8340730148147475	
0.0	0.0	0.0	0.0	0.0	
0.9214303401654855	0.3016522606281768	0.5670460120293999	0.5408348230065587	0.13819581038383602	
0.7104751155177296	1.2468144457003878	0.523710460281195	0.0013527178558838432	0.36021878590940604	
0.13287757824637642	0.9351159540177826	0.2905805950333961	0.20236482223788946	0.0726365771933219	
0.5442601294367205	0.46223592179864154	0.0	0.5513587169423817	0.5617024509547295	
0.3389406705430889	0.2022723410477305	0.5241615293690325	0.40611825028267656	0.0023375215147340817	
0.10671363205807931	0.1794444702767569	0.31427372772464224	0.6290902610603505	1.1329857316027614	
0.6793765883594443	0.2922190830679289	0.6069334022205152	0.08399399292527149	0.3994668950887317	
0.3653947378023585	0.8986799409482683	0.6340718392852188	0.9014840887370745	0.8050510703138056	
0.4465389027080944	0.0	0.744550421122944	1.0721840733489023	0.07126461678814333	
0.08165197289602015	0.0	0.274148426689539	1.1625352216816363	0.8919229407366812	
1.3183995703055265	0.0	0.0	3.1160016644054167	0.0	
0.45822066136442013	0.8722620079976546	0.8980418397908079	1.2218058906733258	0.6504005784582921	
0.08028694308920907	0.5266823796945453	0.5950732205694366	0.0	1.2448202942576811	
0.0	0.0	0.0	0.7660152879305847	0.16573869421771117	
8.091085271538388E-7	0.6984030903803656	0.38411109712821945	0.11100646706155859	1.8222450858890595	
0.1346724532439163	0.47317527958752864	0.9981556466976549	0.638957860243488	0.9938616367525787	
0.0	0.23324036424279052	0.42639772104754264	0.034454567726673435	0.26983626009984546	
0.09779871921205044	2.2860513093587762E-4	0.050582645183776635	1.0497186689117772	0.04543449754158023	
0.3995867686172282	0.26184694120432417	0.3351082897747015	0.2713863845759348	0.8434309096994786	
0.31001320571630153	1.5265717365977185	6.050224492770733E-6	0.461461187923001	0.3367370725660949	
0.4966995153540385	0.27943947122025187	1.6883760957162968	0.33238519638152997	0.8410538777950373	
0.0	0.13234475716077485	0.0	0.8785758628830667	0.4783398458966415	
0.1169800324332295	0.4898980664361711	0.7072010362911639	0.2956434541793024	0.23434970773987054	
0.23220367402075448	0.28470545994988694	0.22264166455672654	0.8675682198781692	1.1890635678100139	
0.0	0.506313059834487	0.0	0.3961137537783045	0.36249297368368244	
0.0	0.0	0.0	0.0	0.0	
4.464110211186507	3.783988819396514	3.9882517589745046	4.338328306450212	2.4950021630499704	
0.38927752529994814	0.41506417985946603	0.048665975968826436	0.5593379910665336	0.5644306899615441	
0.32910367823209363	1.6745002502948372	0.0	0.5251311871800022	0.44928839808536364	
0.0	0.0	0.0	0.0	0.0	
0.42666094061693577	0.7506849980039204	0.03487797704529256	0.5794914340529791	0.8408339620782447	
0.26881594444960927	0.44502547093715594	0.3156081477104331	0.010094749564842933	0.5067512949197528	
0.3545042700468845	0.5863674287106295	0.13052838218891658	0.4834386923555621	0.7449331236867136	
0.0808777381290185	0.27457546475122896	0.0030919210878310745	0.6842022157336108	1.0623142008764275	
0.0	0.41241993402735744	0.7614703505325765	0.43786454043459566	1.7804175163181761	
0.2635958129088405	0.404446067507745	1.04832246899474	0.27513973244430573	0.6181172939991194	
0.09914891635043727	0.06988009337353297	0.05604887366673306	0.5512049122641965	0.49278547388295413	
0.0	0.14696126392332218	0.517055613799439	0.0	1.3140075437572976	
0.0	0.0	0.0	0.0	0.0	
1.0242853819377196	0.3541351010653957	0.927570469272064	0.4260204224094881	0.5274456585389203	
0.27624517720217256	0.3054254449729092	0.5651061999280748	0.7104043454394241	0.5424765489977553	
1.0347172778875748	0.3749128618754415	0.009733679452316252	0.3575013146558799	0.0	
0.0	0.3721080143354452	0.38483485655892397	0.5014183318216056	0.16134287835758812	
0.01857382924144417	0.015415011027769772	0.6316480570016406	0.2788108675690944	0.9079292271665523	
0.0	0.12639514771282515	0.689476289526161	0.23163322973889786	0.9036943810487814	
0.6542068246355428	0.24814405406492598	0.1630562132282843	0.06494316407430709	0.3183045987449759	
0.23277858846036964	0.6400247921320722	0.25679674751762416	0.2926410537119054	0.44778389344861746	
0.11468539509776268	0.9385664467037794	0.4729628233121782	0.9063072329148882	0.4892832388434112	
3.995356212673645	4.277172011486854	4.126230924681582	3.9150067884185646	2.553141274768463	
0.03245694992526493	0.18159753930934394	0.013737369768691091	0.929704767286217	1.300655678396859	
0.259662551233505	0.2580174022057257	0.0	1.3500572327727405	0.54841734822411	
0.0407122200816901	0.20443979834099116	0.29700058226851206	0.2544661393168175	1.3378841933621939	
0.008170332217528546	0.6148120790452999	0.06208783702589946	0.682608830336774	0.007703315284844743	
0.11083104696765982	0.7434773288012366	0.1680703258181667	1.0820297200164473	0.9484502050786119	
0.7075942683109075	0.6426902542834789	0.7666062720286931	1.1701986797525668	0.6031980172058886	
0.23338169339358703	0.7428214201298491	0.752939767269388	0.4281676755373583	0.8001664480838976	
1.4305618441284522E-7	0.011093326893083092	0.5629711454369941	0.5853083699463311	8.841124184556545E-4	
0.493326833078546	0.45412810319264657	0.3529015652309721	0.2869310140709313	0.10990229987486014	
0.0	0.6036044305575696	0.3361260040628111	0.7991122553113432	1.3088515525143158	
0.3657075512879095	0.4692106460053356	0.0	0.45699791066371115	0.4257545610253806	
0.5834192209044673	0.7931156718843174	0.008149661976353455	0.11427310652441323	0.6773243738864095	
0.009461169645306263	0.0	0.3338853720504261	0.3229024539792089	0.23133239844263337	
0.8202839244496886	0.7875132887584718	0.04551233621193882	0.6041192235796772	0.6715313831074866	
0.1615703028261007	0.09321741074893973	0.7414466482835188	0.5284113374163253	0.3334858144812559	
0.6910719891027177	0.4430203669060029	0.7320884178601673	0.48003525335746733	0.8450968092061948	
0.0	0.9436043487991097	0.0	0.061643967794269595	0.46192231120873417	
0.0	0.06969284130527746	0.6535146605045571	0.5628667006911539	0.82568247951927	
0.4293465598558282	0.0	0.0	0.0011477394157799804	0.0	
0.3912531440657534	0.4616658463041957	0.15593627107702526	0.8320015076807988	1.2875901780961452	
0.011946434202338235	0.30496657143845457	0.39492737001391676	0.49561575513363804	0.019072969798521047	
0.14466538574783305	1.0128733562175651	0.24256042420634838	1.0151394996407876	0.7336789572245872	
0.35548349205769014	0.3640153185483444	0.38999441970283394	0.17867789715165813	0.5004160847567058	
0.8173552527334452	0.09336983033003361	0.2959025192383216	0.17944425451921062	0.17102969592733763	
0.018837267027006173	0.729784514371556	0.7451397826264038	0.6124376763589294	0.13264270569850367	
0.10261076433304354	0.6834972756771122	0.2820437081357562	0.4740756751532301	0.6323015587218429	
1.1938104070045834	0.6759375317113869	0.21462416153370298	0.4922404289282924	0.5431226388427858	
0.0	0.5729289905771296	0.4931581155338864	0.6639331895347761	0.45839589069264813	
0.713027429941428	0.5702858708768519	0.6508965410652351	0.6845792867753346	0.15150131792090946	
0.0	0.0	0.0	0.0	0.0	
0.48577229742796363	0.049428064652155386	0.5279053256633067	0.23818863608494334	0.496558626505184	
0.09720681422668023	0.9123632367179356	1.1030009171672785	0.13967843937649488	0.3436672340731924	
0.13756232456766845	3.7399344169905957	0.023483793618638046	0.528989085574793	0.3245548529566386	
0.0	0.2393046055549474	0.7285909028527888	0.6022599408534663	0.026369064536494336	
0.512386483446711	0.6581338456186852	0.7549997727300298	0.32295206716802827	1.4875866065514136	
1.1858845075815014	0.698697696533305	0.03237714355542358	0.921127583211487	0.04844400956178615	
0.0	1.4958945536415689	0.0	0.2073437429031349	0.212114536787915	
0.09044433246721381	0.04439582672796096	0.3672149693850206	0.34381818929257457	0.2285687395683538	
0.037426410852432625	0.68655530056247	0.3872901226545897	0.6221669450535443	0.04587273081201732	
0.8569257654885472	1.1113127814797918	0.191453236220601	0.3840493712125115	0.575210605471551	
0.49240182049841147	1.104734971470361	0.013063076175427521	0.5261989778621272	0.66699622775574	
0.0	0.0	0.23302616893991435	0.25958368207676025	1.0861329967889202	
0.18129965974382065	0.28079149892542593	0.41226970744165065	0.14869601771799817	0.4220410450006593	
0.1803435068696251	0.2980850444464374	0.4768790425358545	0.4850265666076002	0.47658699372190183	
0.25683975497747885	0.5581167883307112	0.11907269694901183	0.5662268993636316	0.5278346761735264	
0.269854038499887	0.4166466494704507	0.5487967729959161	0.6926072453744094	0.9503394175716378	
0.2239851297766486	0.8303382236537667	0.577909805724377	1.4328400639666043	0.7996522862600582	
0.5848810465738166	0.4890018262327259	0.4723748647958102	0.6081339688282695	0.3689476435848392	
0.3904160325924155	0.4070367383963594	0.19788984546112223	0.27613721640709793	0.8338908618803292	
0.078915008420518	0.443616325522923	0.30910588906016895	0.4231409663944166	1.0761888462537774	
0.3545218013992485	0.933548101332969	0.45290563469620493	0.4157809388879065	0.4023784181219735	
0.4298579061700724	0.3924281493182596	0.31410190051982106	0.7802972663458224	0.27374731032579963	
0.02233517615353253	0.6495500021961617	0.7537453590536805	0.5997715247018451	0.3301370418449116	
0.0	0.30777962437037953	0.45583578952045395	0.6693550410654294	0.7502786399700764	
0.0	0.7752901351067725	0.9431517765826216	0.5888351314218719	0.5447237793523618	
0.0	1.2429089587456659	0.0	0.0	0.001658917826148669	
0.15426711271262736	1.096471996489975	0.4707549076076078	0.0	0.6340916253204105	
0.2393447535713061	0.0	0.04327452824842291	0.4471456022612819	1.1071873278563193	
0.42315507364122407	1.2101224815690976	0.0	0.5112824541135722	0.5256399974540973	
0.3424228030904383	0.12963306822460594	0.49679003007111694	0.19546499926377683	0.46583766443962965	
0.0	0.19256135407566888	0.22622062550076352	0.5577080096876709	0.943075348925622	
0.0	1.3192497872061706	0.28204941891267993	0.27566344734334053	0.9556951856835871	
0.5908519236549545	0.7073686041675836	0.09731112236948282	0.1838374470617374	0.946920570754019	
0.22580521703764667	0.9264291522247698	0.6421550705338195	0.48084202116267905	0.20228294361773416	
0.09136748418490113	0.14811380461314436	0.44343804325213027	0.4575986865759983	0.07794393104484135	
0.2066667102567199	0.8001088106155051	0.543694107892418	0.38427137967770164	0.11336947180724438	
8.187113592913382E-5	0.33378189484647375	0.5828007095736367	0.6339036145244351	0.03904314453212748	
0.0	0.8654791159252702	0.0	0.013704371721757726	1.1691690393472525	
0.6704740470187533	1.1312246680155105	0.11692194776743654	0.7194877630449061	1.440659690420336	
0.0	0.0	0.0	0.0	0.0	
1.574298230637481E-5	0.2321090448899012	0.22792472692621218	0.22024099075482237	1.7453608064898856	
0.3551767296933961	0.9044551247478103	0.6235815921174594	0.14942598644840066	0.44312640703857265	
0.0	1.1796960581929004	0.2714221561847467	0.058752854881402146	0.6247499960953886	
0.0	0.5651525118141069	0.4018204497991661	0.7391252663055523	0.10574687020621923	
0.0	0.25827617583359436	0.0	0.6243806506514101	0.8220715367918654	
0.1598772257472308	0.1915012216709446	0.36475554100669505	0.37504885253007086	0.15599226662986948	
2.158242980911323	0.7580201363888603	0.7470391145397641	2.1639322505311687	0.7599055203192314	
0.0	6.9228439115798E-4	0.07519906975542043	0.2330337822328203	2.4585031176910666	
0.5076655425624105	0.0	0.6217106975134494	1.1130328372211002	0.07166979075471258	
0.0	0.5425961794201128	0.22994832851215	0.9359441097340329	0.47963947301287274	
0.2986625121799009	0.5633494934779938	0.47962175674691054	1.1258669131717713	0.9963525852788467	
0.35709389052603696	0.36388650281207346	0.5834613636904307	0.34763872584527133	0.49459532808936035	
0.0	0.0	0.30819352335042494	0.2771126008652273	0.5229728069979505	
0.0	0.9737357482096941	0.0	0.43904016204888313	0.3897029507318716	
1.7741694736958147	1.5500512956031895	0.701798283009725	1.0535928755990083	0.4558818344800107	
0.0	0.5940272877096665	0.46231332552702104	1.445279461334495	0.0	
0.3112405390439334	0.07109582310487826	0.15696377397588704	0.34979603227364664	0.4751196745961223	
0.0	0.0	0.0	0.0	0.0	
0.24799449793555337	0.49926110596448114	0.5665709069608936	0.7147619969664977	0.1942841233289366	
0.43046890948548394	1.380812913380555	0.15353908750110346	0.5462591777551761	0.3890307696394607	
0.05618070819380017	0.5670928678121083	0.5156228199933792	0.006699972137359723	0.7647702819417663	
0.0573637328641285	0.014253509960255845	0.5066234407032887	0.9177918125880705	0.5230753638302392	
0.3423153335935669	0.5839201312679776	0.33238787739084963	0.7368494212873605	0.607716596529658	
0.1958235818851626	0.39741231884330336	0.5181216892002032	0.19970339490058314	0.11894046555620272	
0.058845974810700356	0.47570155086296717	7.137571862000218E-5	1.1131374074277294	2.393229529625227	
1.0185839266862646	0.4997835143242825	0.5733844836789519	0.40842371507365605	0.33938866866712214	
13.017855325982808	12.02470753834795	12.28102749753243	13.27302795514905	10.858825814569778	
0.5151079993603302	0.43109550565131627	0.23932092601035823	0.7766029659812249	0.20119528578396947	
0.2542795266816513	0.4560858424444415	0.1576882372948225	0.0	0.6321573161019983	
0.0	0.1318952989189605	0.06531354302414183	0.5435703553576674	1.259495443290973	
0.709463024170301	0.7189526985048651	0.34184390527503666	0.6709129855269609	0.4244875168098546	
0.08138226225308472	0.008688101351415338	0.009196726852767049	0.41152691239648714	0.32482869970185735	
0.290130081853274	0.32356595156275575	0.0	1.084664880708428	4.369126470314005	
0.8915158194065942	0.4634612285112147	0.08317059589790515	0.36536555619616046	0.4151581079929284	
0.02162085371268814	0.35174557674790924	6.31671862680878E-8	0.7712266282039714	0.6198114716000442	
0.3075163604901956	1.6340348155296598	1.5192702286804527	0.7669674073378783	1.3006756617697492	
0.7650057004901827	0.6060186063416814	0.33008242937341664	0.25254987217061525	0.10652569236578967	
0.18239972946547967	0.30083412479300825	0.49140974103285184	0.0	0.7004988053879109	
0.0	0.0778054973833708	0.6094818509755471	0.08427787212058797	0.0	
0.6079379036324114	0.8423429176239292	0.3072013722468587	0.5707025533570028	0.31935044396467155	
0.3746974205386538	0.5433923514836272	0.3145268729814471	0.5127443604769794	0.23059341015151555	
0.07234956910965445	0.05810322884261237	0.0	0.7789154774416193	0.4099106855282627	
1.423667309347231	0.9724050137855668	1.0141753317180444	0.8672697355413816	1.4102206664950088	
0.5762859536951064	0.45707261062891735	0.0	1.2476845628984559	1.2668966141779103	
0.45275495409297833	0.40849261776556717	0.06619729228508042	0.02211640374034328	1.1827292719169757	
0.005166655585931267	0.0	0.0	0.7200960297890326	0.6928064240129799	
0.8866022280607492	0.3378497388116501	0.3144435856006244	0.8958293941826477	0.055621930200640435	
0.5761842827037814	0.9184321739124743	0.7004647664046473	0.37396053386378175	0.0	
0.38292172669119584	0.12566901794574786	0.226896534686687	0.5073349352977139	0.47635896283060697	
0.0	0.16268658480658352	0.307440951762329	0.4150300105409768	0.12125032663281762	
0.43068994427781015	0.07157029772113586	0.5213770431222033	0.009285301211627642	0.030931073995258913	
0.6116722072550279	0.3201427692948124	0.5980517848414094	0.01867210885378706	0.5310526269944951	
0.0	0.0704002883656845	0.0	0.7556776018042819	1.4575043553754676	
0.4985757069545718	0.0	0.7154764619249	0.4625881908057095	0.21910292672593426	
0.5815210643400155	0.3950366871569234	0.0	0.8207675531836325	1.2172049339322601	
0.0	0.03630487039147654	0.38877030472891644	0.5060571512686065	0.35083997097835384	
0.0	0.0	0.0	0.0	0.0	
0.8250581193995848	2.044322961642231	0.7010333086946489	3.6328349269155917	0.0	
0.13432492376413013	1.2483918601945472	2.3168934050345453	0.3119850656789895	0.6796543831461903	
0.37104351960633264	0.36640629394670216	0.45861648305285313	0.39135605864152007	0.4159483640673712	
0.011532737554757111	0.21312515822405562	0.6503667912723736	0.1468394028697703	0.5028542059124024	
0.3634964318052927	0.06368205333147456	0.4947354400810884	1.940617441710592	0.0	
0.0	0.2967793533926463	4.872829721515513E-7	0.3034852292512773	1.4008792493313738	
0.21254119392205326	0.3503331478312361	0.5594448809226721	0.4071762296443447	0.2771585554784974	
0.0	0.0	0.0	0.0	0.0	
0.6273881793900312	2.200626929474185	0.2652975032294059	1.0981112126288384	0.014677682125374977	
0.582523590209411	1.4368596971326706	0.0	0.7076947684036466	0.9237742873795064	
0.1112172823014258	0.04001641320809706	0.8002213609231927	0.6228702666258602	0.1861677427097559	
0.18247674736029948	0.5614194903065325	0.21926337877489258	0.5281591986097567	0.20745144119992215	
0.35723318888623035	0.30992860992684235	0.5823342334339046	0.46922465182963036	1.4898672882299064	
0.22634525337350753	1.3765294342899037	0.0	0.21914356705066151	0.04818768576861306	
0.19688022094568422	0.508890624842677	0.15717672975655786	0.4876207437527151	0.18221163113512956	
0.22646133064437568	0.32744790760408515	0.47477860604074884	0.290414199425172	1.5889257967007813	
0.0	0.6583855416506905	0.0	0.8729643904048854	0.9198155908881822	
0.9065700675262327	0.0	0.4664124099457404	1.434143869092778	0.4060744550078155	
0.0	0.22961354054475244	0.0	0.5683242953494527	0.47318899498018274	
0.6991301589977296	0.0	0.0	0.3038954906185923	0.0	
0.07531715294231263	0.2051178540826796	0.009732526070013566	0.13740361545156685	0.1550802940568408	
0.0	0.38378376634984696	0.0	0.44928489089471124	0.14764885403855912	
0.0	0.10146631413999722	0.21587531115174208	0.5732390451537867	0.7227034287338218	
0.16970936102213735	0.42939249397224205	0.5642000075670724	0.0	0.23811358939032018	
0.4585029026978802	0.31531534414340506	0.5841942551206718	0.9256253641838055	0.6782146479099589	
0.32428832507519634	0.4038835395588055	0.44472606643659063	0.23262144223365464	0.466823819143006	
0.7651569358227195	0.6806729248555076	0.37777497447978087	0.9834737610917759	1.4304385197367624	
0.1645624727175956	0.7062066282661864	0.44525617049310917	0.13184817136372018	0.25462442750180825	
0.0	0.41905863241219143	0.4381608218149744	0.22126014857664209	0.28390541109232337	
0.0	0.0	0.0	0.0	0.0	
0.0	0.9265974383755509	0.33128292441471563	0.2637782586379178	0.19501568035510256	
0.0	0.39626162078800764	0.9676861208044202	0.7303692052518829	0.4622662851737165	
0.0	0.8404531590938037	0.5557744477453493	0.046518358822436094	1.4207239585580467	
0.5405882594166748	0.12934700688662942	0.2888294761997086	0.5043673889936221	0.5231477344330235	
0.0	0.9423609009554532	0.31950363334838294	0.5200019157217599	0.0	
0.14126473901582398	0.5026308717648247	0.13669104471893795	0.5618777553598925	0.1223597155053856	
0.2827253747737792	0.7791455410820545	0.5939814688607749	0.501458879395227	1.109459493286161	
0.0	0.21081665129762242	0.025915097905468903	0.0	1.5261429175768673	
0.9839968189668822	0.43723632162713505	0.09184876622679164	0.8453759191103122	0.4697345683897119	
9.75098757562767	9.400783709339866	9.04546148750592	10.182904514873465	7.8531847591538275	
0.19119490094124045	0.3849288455617706	0.2507875345408231	1.2089998072182955	0.08654558522623548	
0.15895303759236085	0.5141825089252249	0.0	0.4296135327571553	0.3189935589438603	
0.7506389135630205	0.969349854933359	0.6854409263013644	0.5116218075114207	0.7440344999480414	
0.29602403880193984	0.5047185296814749	0.34969778663713363	0.0670052736552291	0.62670279546407	
0.05068903647413014	0.3776334810886733	0.5437123766847068	0.68978704267516	1.1392023838462308	
0.9769012168493341	0.3080582005431855	0.6793973035969032	1.1132097025216485	0.43269211941859365	
0.0	0.48099528897429117	0.7382534637282818	0.37630684965645655	0.9035313973727007	
0.30523625355299244	0.128399556943041	0.24204645141921097	0.5838970311208906	0.7322307371564065	
0.5495351178240891	0.753408117339124	0.0	0.0	1.3214178681745417	
2.3121138928890545E-6	0.44168568183912826	0.41923141978741374	0.3970890455385977	1.3102897120714703	
0.0	0.0	0.0	0.0	0.0	
0.13394170996127724	0.9076618399019497	0.1530543133813981	0.676020091023927	0.9338841439249425	
0.5343085058626631	0.005993343930182957	0.06818918982572099	0.5426356738512963	0.2821377261616862	
0.27435332005574986	0.5413882165458693	0.7545437797671879	0.0	0.48989736459075095	
0.26935478288044046	0.4432015499733517	0.2350274256771615	0.48225021023560627	0.04801586891559837	
0.0	0.8567285247571167	0.773097449969435	0.06913577934328564	0.45739591062440177	
0.4175339466550067	0.6193262049316027	0.27710057145658445	0.0	0.0	
0.41689974007226166	0.3362443689789185	0.2652313093690376	0.6729324785938228	0.6537584001531377	
0.0	0.15539846115376738	0.2869681954393921	0.23879698307195374	0.9024350571302566	
0.0	0.5772262171554833	0.4508125903051941	0.9490698895560866	0.7489841336128729	
0.7131659227215142	0.0	0.15885439020522021	0.5707634455210469	0.010692731436196158	
0.7439170557069514	0.002546531722023235	0.0018781067928474095	0.37210006674147095	0.8056825928046645	
0.003904167065844428	0.3950401113488877	0.419678728615951	0.018057502147296903	0.3537028057392823	
0.4290876920230309	2.007836697441885	0.20626422860513763	0.01581920213399547	1.0725113142045108	
0.8962160435678469	2.387648892459005	0.29158919006472434	1.3089667766263733	0.7992955663310082	
0.0	0.0	0.0	0.0	0.0	
0.25462928498614024	0.6194471516272732	0.4647720846967452	0.4325928822558888	0.439294500047596	
0.22778549190155076	0.39768284184689057	0.4592292666141709	0.7519068612013607	0.5656146069929573	
0.0	0.6163802295423537	0.0	0.8835577695251231	0.46339222467714186	
0.0	1.219745962508017E-8	1.078012258726854	0.5320842313455647	0.6092426587605071	
0.2269102496258362	0.0823246789312266	0.24640534226435143	0.32832239512290584	0.47134052219420103	
0.4793257806225944	0.4504799679917536	0.2763876522209206	0.378724095544105	0.8360994026450825	
0.30508135604793724	0.0	0.0	0.0	3.828704651072732	
0.10375277876907846	0.0043299259776846954	0.5006384522333621	0.47982039605251975	0.22522339895126497	
0.9196828029569852	0.2690788589291227	0.2542536480090705	0.4311278975230527	0.3173855021059489	
0.16069402355581217	0.22681057575173033	0.09575866371440327	0.4609494489795525	0.17399709635691094	
0.3057298039627985	1.059302957338862	0.16439661837433475	0.7394998838103746	0.3740941610649954	
0.0	0.0	0.0	0.0	0.0	
0.0	0.46295980757552047	0.1483878454969857	0.2823189601681531	1.7714308703533883	
0.1495030786792853	0.29585524416551007	0.5529535635160191	0.2515143592359856	0.34395307220056626	
0.0	0.0	0.0	0.0	0.0	
0.004579558143603457	0.531579438162357	0.3755815085962391	0.3175673315986608	1.4767687607510138	
0.0	0.035457753451459864	0.0532037373118456	0.286462135983853	1.072707462519198	
0.0	0.3433922687309485	0.5523313575319838	1.1281368535126322	0.543617917611461	
0.34643185996675085	4.7275606199564955	0.0	0.5320524304808646	0.07981299646649578	
0.13062549897648687	0.06615158947537805	0.5499942518416174	0.4315313341118658	0.06974165008127488	
