0.2764596354501673	0.029169982335842174	0.29983888158147115	0.12950614924986242	0.036980290617498586	
0.04361391089587384	0.14591155009792428	0.1816899504415524	0.03044128460305099	0.8034858475880662	
0.0	0.0	0.0	0.0	0.0	
0.0	0.0	0.0	0.0	0.0	
0.0	0.0	0.0	0.0	0.0	
0.0	0.0	0.0	0.0	0.0	
0.0	0.0	0.14866863437503752	0.18557709571906592	1.4347450589707573	
0.0	0.0	0.0	0.0	0.0	
0.0	0.1175829500641393	0.0	0.022133652680179635	0.4380859809875119	
0.024331782802202124	0.8943486273804334	0.05503617387158744	0.2783717472764273	0.22977905846813984	
0.42760621284914235	2.07876569424806	0.32682831694803033	0.0	0.3737962253642697	
0.0	0.42272230577389913	0.8245818150752864	0.23021178958924965	0.8974153729877505	
0.585256191378551	0.6946528251950186	0.654725149261599	0.0	0.8432071488887558	
0.0	0.0	0.0	0.0	0.0	
0.0	0.0	0.0	0.0	0.0	
0.0	0.0	1.3625064740949997	0.0	0.4734485128434113	
0.0	0.4948875249622088	0.016106605890703785	0.0	0.9693727266113916	
0.0	0.22894253517123186	0.3336462098964089	0.4626156588153058	0.41921012533340773	
0.0	0.17195214683782334	0.6394611545265433	0.2071276352063626	0.2952877324931642	
0.0	0.0	0.0	0.0	0.0	
0.0	0.0	0.0	0.0	0.0	
0.0	0.03366900197418682	0.5401152770843439	1.4799662212933231	0.0	
0.0	0.0	0.0	0.37264260624861073	0.20246486688560844	
0.0	0.010338434768350002	0.7132441098099725	0.24920444623513066	0.4749634743452559	
0.0	0.10779173517128926	0.0	0.0	0.7440327452330704	
0.0	0.0	0.0	0.0	0.0	
0.11247216307994215	0.5010339619405879	0.1736732645772371	0.6790197027904011	0.5092867770206841	
1.832284836078436	3.2000032471506055	0.8862468910019246	0.0	1.1515713817499067	
0.0	0.0	0.0	0.0	0.0	
0.30963576608411936	1.1344902546860167	0.28528209966682694	0.2933941194522261	0.29994627392883766	
0.0	0.0	0.0	0.0	0.0	
0.07469513254164473	0.52305212545329	0.16395199327245502	0.18705236623470278	0.5085457273463436	
0.19247784398290102	0.664002837515038	0.103086439402915	0.248701065740993	0.8032859833731338	
0.6397863925927484	0.6747033132010571	0.6076939197592247	0.8004342831375462	0.1744477111544564	
0.0	0.0	0.0	0.0	0.0	
0.04434780518436366	0.3040012283042287	0.02207857502157957	0.0	0.5956668335439568	
0.0	0.0	0.0	0.0	0.0	
0.0	0.0	0.0	0.0	0.34450158935703273	
0.0	0.0	0.0	0.0	0.0	
0.0	0.0	0.0	0.0	0.0	
0.0	0.0	0.0	0.0	0.0	
0.15978220285625003	1.3029214155632083	0.06575804609594821	0.3636666902181034	0.3967132108284224	
0.7802016877311615	2.129493288707555	0.2295183603699558	0.1263400749203756	0.31593853669243127	
0.0	0.0	0.0	0.0	0.0	
0.0	0.0	0.7658155465194092	0.867343415579695	0.026488284778671992	
0.0	0.0	0.0	0.0	0.0	
0.6426251713620756	1.2636142890596207	0.4918312670492455	1.1640031680794949	0.0	
0.0	0.5023942293603338	0.22877346094296358	0.1417636490642032	0.5794627095414282	
0.09973884653638405	0.21675323246523442	0.0	0.0	0.14419355274543405	
0.0	0.0	0.14105290282248742	0.8773385989847622	0.0	
0.0	0.4166320290964087	0.0	0.0	0.2899791392665886	
0.0	0.6084142664054271	0.6316419022928266	0.0	1.1945238757483405	
0.0	0.29618925583004296	0.22476799512110068	0.11658368881569693	0.5117558507725442	
0.0	0.0	0.0	1.0819548269926902	0.40130201854196595	
0.0	0.09938845333499974	0.3106195023222464	0.10522924102906478	0.04159176678335487	
1.1095376253507896	0.0	0.25440644249723265	0.4214711161608427	0.0	
0.0821788132852768	0.3208617761600186	0.11550007971991264	0.10030063556608308	0.24579229987544965	
0.3507437180698517	0.3871748873271025	0.0	0.0	0.0	
0.0	0.17874243413844199	0.1882281182592816	0.0	0.13911227577469176	
0.0	0.0	1.1505726300635344	0.0	0.2332594090080413	
0.0	0.3756410856723772	0.40920694900870647	0.9215206693126162	0.5006695003819163	
0.4386024705814563	0.5157395622241807	0.2102555007135408	0.10228501080158564	1.8553154537961325	
2.9918783233770796	4.172716797518174	1.6202990851260164	0.0	2.8874770521737694	
0.0	0.1215267873824653	0.43270331857095456	0.0	0.1764339899446864	
0.3923353841330003	0.33082986748550874	0.40112302171477326	0.5098090479227765	0.7236804375806487	
0.09058011932675207	0.7686057054097752	0.16948259051311043	0.1735556141687928	0.5395425465669532	
0.856382504994897	0.0	0.1360636692126107	2.1244996253830792	0.05620886923921411	
0.0	0.0	0.0	0.0	0.0	
0.0	0.0	0.0	0.0	0.0	
1.2615637524317909	1.409994270926506	1.055127230679865	1.0995366050712105	0.3780123821683197	
0.0	0.025065668679834632	0.0	0.5128451625603004	0.2584326369889558	
0.22159816159462123	0.42205868897999316	0.1923417025121481	0.23569575208686178	0.8201477557167283	
0.04100474018348258	0.6866037576537616	0.4239524931475228	0.11238628063723201	1.4533586182794247	
0.0	0.0	0.0	0.0	0.0	
0.0	0.0	0.0	0.0	0.0	
0.0	0.03495793828243527	1.3262907825050325	0.08549004241458906	0.39763889240775724	
0.2582223586872295	0.02627630051006484	0.5552913171358341	0.11800737666311292	0.3056017540999543	
0.3754859790472388	0.1069237814545797	0.3187877048613341	0.07771845562351257	0.3803292333094806	
0.1418742925625291	0.150496584677095	0.0	0.3902140635624158	0.5112573812517535	
0.12717253404129134	0.38144054664824845	0.12054137215784436	0.004817324238075571	0.288325477891218	
0.0	0.0	0.0	0.0	0.0	
1.7484390852177771	0.250232342895205	0.04537106286734627	0.7999280931336704	0.3704669901235468	
0.0	0.5468047720047403	0.0	0.36737393101745786	0.0	
1.3958288761313498E-4	0.0	1.2663868243488927	2.8104708982065123	0.5706812521884321	
0.0	0.0	0.0	0.0	0.0	
0.0	0.414428925924026	0.0	0.22902475602087444	0.6887042739573561	
0.22126551403656308	0.39408562688611914	0.2736303829148045	0.3414933419799129	0.5275000015826028	
0.0	0.44205601607737466	0.2597065052719417	1.5230246443777524	0.0	
1.7403578642063955	1.5585195140106833	1.910444931532825	1.416454644134044	1.150510396454576	
0.0	0.0	0.0	1.385580218522748	0.0	
0.09134602411675784	0.15965497515856483	0.09932585449847099	0.2612758190400498	0.2322316359365092	
2.845673680071923	4.710907134547339	0.6704068476070506	0.0	1.4108086291976132	
0.0	0.0	0.0	0.0	0.0	
0.0	0.5545176263547436	0.0	0.02619000434573003	0.35853166390736474	
0.07498270479331369	0.2637927480752823	0.0	0.2969300803594475	0.95295396475926	
0.20173494734071548	0.25857948112095164	0.11712235969858438	0.1311454843313967	0.3548886428791627	
0.0	0.23173058956123985	0.0	0.7410989594486064	0.0	
0.0	0.3585251174971956	0.0	0.0	0.0	
0.0	0.21877494561476274	0.8504283574679045	0.011051188611011592	0.5793425680726347	
0.11006978458985588	0.004898579653610943	0.0	1.3565493450863753	0.0	
0.0	0.24291806095079063	0.4009142615187895	0.23476163111849271	0.7124383173010989	
1.7775605989113852	2.3183106708863552	2.1026054158922864	1.6790189550800527	1.4793602506598391	
0.0	0.0	0.46219906622941725	0.04462862503089312	0.532607391095989	
0.41552993786351844	0.41894917682146454	0.3333484560937351	0.391536226379661	0.8878145877785578	
0.19849125717070257	0.22249602156012316	0.0	0.13806502116794164	0.5844726218272878	
0.30218759533134565	0.2982821427681355	0.0	1.0053221040652807	0.0	
0.0	0.0	0.0	0.0	0.0	
1.2565406644877815	1.1345626484856415	0.7021858859565667	1.1879670114769145	0.276402681057133	
0.04335751359444669	0.42008268253089626	0.4244141679482499	0.12932927437187605	0.08750070850818914	
0.0	0.0	0.0	0.0	0.0	
0.0	0.316198626444556	0.0	0.28592905532877266	0.48661206226719306	
0.2196317246944266	0.2956043133331842	0.20324711094045578	0.2696384892386346	0.8705065151279611	
0.21524559487327144	0.5769676738413011	0.3443183618510981	0.2793070522759555	0.720712627820806	
0.0	0.07451750220206753	0.8192544113031712	0.8416327845457204	0.0	
0.023186056323920713	0.696202623758974	0.05054635190911757	0.7355443761019854	0.7427244806112375	
0.48019040272428226	0.32331877943193643	0.1210274040100259	0.8204379295524149	0.513322141152846	
0.0946072644058484	0.07395185454494746	0.3551156039313966	0.0	0.5531616917887014	
0.9101874268477894	0.5705350470285654	0.5320743598628638	0.47287943167499985	0.2595815458377131	
0.0	0.0	0.0	0.0	0.0	
0.46668399324855253	0.21281764032201364	0.41450659670942164	0.2883426795329815	0.41933205672437146	
0.9190459492367857	0.7242738746132094	0.9393448852919293	0.7968458306891965	0.4844633433245036	
0.0	0.44753908066468207	0.04669544497550211	0.0	0.0	
0.9983688378095733	0.5721382147439357	1.2128794244025967	0.6650180217599941	0.0	
0.0	0.0812831166774173	0.15725914641211114	0.6743398550329376	0.0	
0.0	0.0	0.0	0.5866840296714299	0.0	
0.0	0.11761911592893504	0.20980634788368896	0.06521604363151305	0.08292176450585592	
0.10667362462356589	0.12564147310992274	0.2677101181029376	0.3092164345768043	0.7170848721467982	
0.18659251579574304	0.5242142555520726	0.1005430263844698	0.10220074252233691	0.7176110385231027	
0.29947351199773353	0.16666520979193833	0.28059573996563025	0.5808857627128942	0.7853687408516482	
0.06267810390386329	0.01577168225861878	0.0036335510114640867	0.0	0.13503037796371253	
0.27297406354350895	0.461000795348263	0.0532198516789176	0.3936170827000395	0.0	
0.27165302141396735	0.5855669683090076	0.1721240310442434	0.27364032095748597	0.32538936536728397	
1.6060089663007695	2.070528946703259	1.0625182077214765	1.837902006031377	0.7178113217047933	
0.22280434851005798	0.22308703189072143	0.5220103397411451	0.05939438511389006	0.28523278080658265	
0.1408927819394869	0.4060397947391891	0.2859296336050419	0.4181309518546757	0.41963634709657804	
0.0	0.16982168303601147	0.06049641166336993	0.0	0.19078663456150563	
0.5303960003854568	0.21968602087064076	1.5620913718788647	1.4882012412633405	0.966892437025777	
0.0	0.0	0.0	0.0	0.0	
0.0	0.10258107253471342	0.3582484233752654	0.22558023475619718	0.034035570083871446	
0.1320850838772931	0.0	0.0	0.0	0.0	
0.07888624132035262	0.38081245652161844	0.04645181051142226	0.14341371048005525	0.07835424507132556	
0.2718870394696364	0.3581346599013098	0.45623599098492107	0.5703639515329233	0.6719457300271052	
0.37779283345304293	0.9070467844288285	0.19368378591442023	0.30277872763849967	0.2962814692498011	
0.0	0.16384570156530376	0.36283598224366137	0.2762625147882022	0.23809675659750046	
0.0	0.0	0.0	0.18128377286969338	1.044005395474573	
0.0	0.06036356545856203	0.10339012784557083	0.519741817254097	0.3928397670641037	
0.2578128188543129	0.6521105931602145	0.26750721536761624	0.014052740271430775	0.6664562978683097	
0.0	0.5629139824835575	0.0	0.055563873496497995	0.3481294856510123	
0.1257742598162429	0.17139056100302458	0.0	0.0013648543618754968	0.4250987433616966	
0.038286549075931	0.13865105206952916	0.14748318680099964	0.2816365542288566	0.598497767905589	
0.015345735928342182	0.06463845973686234	0.2646979018762907	0.48615576908197183	0.28693702356817147	
0.24747176050987751	0.13144390577575119	0.1942337447156312	0.16991590861919162	0.1842335675134077	
0.05117323146288174	0.14149146838230034	0.1503385522730458	0.19036185080643325	0.4018631561567413	
0.1546368782986439	0.2684740205487583	0.0	0.19327599936614157	0.48601872645424266	
0.0	0.0	0.0	0.0	0.0	
0.0	0.0	0.0	0.0	0.0	
0.0	0.0	0.5403613123740024	0.0	0.23675089899447269	
0.17654158960185756	0.14574470165863207	0.0	0.0	0.3278622857517668	
1.1226569869998126	0.2701494589256744	0.9556361974041029	2.369283648204263	0.5707787185254655	
0.0	0.7709554842437235	0.0	0.9002496534418246	0.4256486097449406	
0.3120385249957517	0.5678495977390693	0.42174049634266125	0.003983011725025153	0.1291404513324785	
0.24781098451879602	0.9921104530411706	0.16949275662884167	0.1008931329713336	0.15963245133812745	
0.019899668900886944	0.5473109033983149	0.11900932722382751	0.6848230944869333	0.5182624801640485	
0.0	0.0	0.27117398906616297	0.25955139819381523	0.8509061453932564	
0.46777716603140707	0.5305100486846893	0.514444318018248	0.26462156929033537	0.6948695977590919	
0.0	0.01996186717496777	0.0	0.09531757040888647	0.20406855694272313	
0.0	0.0	1.0017319079403297	0.0	0.246461152730549	
0.0	0.0	0.0	0.0	0.0	
0.5086195812770965	0.7570768502610331	0.22508159188755805	0.2090860453654701	0.7821896760212729	
0.0	0.27908366853027217	0.046893301507169714	0.0	0.2676612840485494	
0.0	0.0	0.0	0.0	0.0	
0.03400993651218871	0.0	0.0	0.08522673562471655	0.0	
0.0	0.33934688982193456	0.35809942952279755	0.0	0.738457841430821	
0.0	0.0	0.0	0.0	0.0	
0.1725496435508922	3.155132671003119	1.9778909302641636	1.2348894263344148	0.0	
0.0	0.27843112197075925	0.21946738448868405	0.0	0.0	
0.0	0.44295802962407066	0.0	0.0	0.21309892685731902	
0.0	0.862979427279636	0.08203678683357947	0.0	1.4179649481605656	
0.33124163675912555	0.5088572321173134	0.4079945344630452	0.44707952153451025	0.5646141710513695	
0.3572996235902104	0.2906429336495534	0.31068175255537955	0.8725193599027073	0.6483747897751545	
0.0	0.0	0.0	0.0	0.0	
0.13634484543114128	0.49561126104617886	0.13854160848020364	0.4464560896475379	0.0	
0.07272323295783789	0.35978341263624364	0.13358091281159656	0.056926004764451504	0.02737357387204114	
0.1436740540786406	0.25315843281057604	0.19653084980419358	0.013329081835501059	0.2509957061020262	
0.0	0.38885855266821734	0.18278374869059869	0.47287549272992346	0.47094462929453906	
0.3028353731892352	0.8171841464359759	0.0	0.367327622750824	2.055981409877439	
0.0	0.0	0.1082499478525948	0.0	0.27138113450851	
0.0	0.0	0.0	0.0	0.0	
0.13223911683979564	0.22771003998823322	0.004759887524363617	0.009203005181090181	0.1998741704688916	
0.19030064348190204	0.5678193299912558	0.28357769715606557	0.21157078873041818	0.5142451472510942	
0.937350145953109	0.4909053642045277	0.28686561044783115	0.73044295170101	0.0	
0.0	0.7398568051210448	0.0	0.00818252623055711	0.18718254731549636	
0.0	0.18130619935600378	0.20380125339958646	0.35907839754082366	0.46019138907658735	
0.06486836542157196	0.5674350241129588	0.11778295002725844	0.0	0.4670633333487495	
0.0809418557824152	0.23561925846029183	0.6450805624889795	0.154048143359229	0.9650056917196994	
0.06482689965098683	0.31974493476956867	0.23397334042676146	0.19037733420202035	0.3917753657695351	
0.022131757286846784	0.07990568477293891	0.2638041020664579	0.33419696070979876	0.14613667525442614	
0.0	0.302094874876811	0.318205201218087	0.0	0.0	
0.20794082734552682	0.3245129208872144	0.22331235649456035	0.15368168077781075	0.36699622756467787	
0.2459289141428857	0.0	0.0	1.644407259926808	0.0	
0.0	0.0	0.0	0.0	0.0	
0.0	0.0	0.0	0.0	0.0	
0.6068492831240024	0.021942380140048942	0.3467077590962243	0.685803480093403	0.7358909933308136	
2.3105469764469473	2.8910199817438027	2.210736646794567	0.028687606036545098	3.1743652302831675	
0.0	0.04335066233612767	5.478121018315366E-4	0.0	0.2001919048566943	
0.3124596223800524	0.740876587576187	0.45563924680375467	0.9895422195748601	0.1958237623883367	
0.0	0.0	0.0	0.21419969146527654	0.0	
0.22846790874703868	0.8047483289685023	0.15744063900289723	0.1627874525951033	0.3580978501600323	
0.0	0.13748515630550323	0.021156617954281327	0.2689598342035515	0.2788148597989275	
0.21348250312026368	0.41798247502522723	0.0	0.22020102595322352	0.1847456244998495	
0.0	0.0	0.0	0.0	0.0	
0.06613756972681961	1.4776306168435553	0.0	0.0	0.0	
0.11578019685626134	0.06171756088673828	0.03388170031128145	0.0	0.22398545850012486	
0.34708414258857406	0.02972844390181915	0.07605185072811324	0.22408371871069743	0.3724764449836145	
0.0	0.0	0.1898781425510494	0.3491345110068415	0.5672587871773966	
0.0	0.0	0.0	0.0	0.0	
0.041637882340581814	0.13779497675800392	0.44060714198964807	0.0	0.0	
0.2759176925991662	0.23344048326115757	0.0	0.1664522146110954	0.6277795316868422	
0.0	0.25157799145656823	0.0	0.0	0.5650417248788716	
0.0	0.009717454723810833	0.10553122744710891	0.021219368492130533	0.1615982054802545	
0.34511928758445964	0.05032345334436437	0.22274786802759902	0.47546048690407167	0.06595949881201313	
0.0	0.14920929443680397	0.2866720688807742	0.11570673905032937	0.0	
0.28711457470353774	0.4987681177032666	0.3934962488140063	0.0	0.11737010295408656	
0.9585772314952302	1.853056197945762	0.2422124940179681	0.0	0.6631887901368947	
0.0	0.161261401513191	0.269342679328665	0.05021437280817984	0.4470200854879737	
0.38893559250611326	0.7160045002468106	0.0	0.0	0.09968160995284014	
0.0	0.0	0.0	0.2179410069975677	0.3628558188653571	
0.0	0.17511655248839736	0.30118204184893566	0.0	0.46429041223595685	
0.0	0.4214188555710112	0.30310472408065786	0.2076270095889384	1.171884414361238	
0.0	0.0	0.0	0.0	0.0	
0.30256754487389514	0.11830338266692697	0.0	0.1950725629305976	0.16048284038670926	
0.0	0.0	0.0	0.0	0.0	
0.3395191986820184	0.0	0.14762608861172827	0.33552618585093563	0.0	
0.09539877771114806	1.7034448499078736	0.0	0.20954701212467053	0.27786087025532874	
0.012348375709040418	0.0	0.0	0.0	0.24549776810927976	
0.0	0.0	0.0	0.0	0.0	
0.6044379819135332	0.362501736287418	0.39784930005369956	0.40445259839291636	0.3553021084330753	
0.0	0.1063192269678679	0.7710585802786954	0.3992999584005099	0.02315297537360929	
0.0	0.0	0.23044190090756783	0.0	0.22698215245193099	
0.14335482295688734	0.5152698804204555	0.24500443164034943	0.12749755935540089	0.2835571551424568	
0.0	0.0	0.0	0.7557862428191141	0.0	
0.0	0.0	0.3627654499853348	1.455825998647515	0.0	
0.0	0.0	0.0	0.0	2.6275355714556916	
0.2853347063138587	0.09103920063776666	0.03940533961952877	0.2552155377409174	0.03743092097287155	
0.01790228982962072	0.0	0.0	0.7606436430007812	0.9306299821872893	
0.29472639497039677	0.6580557187893764	0.5110657018384945	0.09496433155020098	1.185807959044417	
0.0	0.3867717675120247	0.0	0.011304001024977755	0.5411322996377823	
0.0	0.3964529369973857	0.32271063620352675	0.5521824505811637	0.7195248778254036	
0.2958488299965235	0.10137199652666352	0.3526037161008472	0.32045931302883734	0.14117936071948906	
0.0	0.5172549401044385	0.12319524296749486	0.35999502073940703	0.21489325408960352	
0.38474554523168575	0.10824624849505227	0.11823177314118583	0.34309238376260354	0.5517680373967743	
0.047961667662599315	0.003254980408123982	0.19466442949800794	0.2642867637267201	0.21747527957776727	
0.3124107530334579	0.17137243824086096	0.00197288624974192	0.5128418202101742	0.3780174468878682	
0.052967616981584274	0.02484922604387014	0.3211223654467557	0.0	0.0773728123098824	
0.18621420405271127	0.2897209880052293	0.5893972742817959	0.31058925695946565	0.19642256501701122	
1.5552408129445616	2.1515333263309824	1.2440661021285637	3.6892871335287443	0.09912107291021513	
0.5148195761236912	0.2787553597931328	0.1481681200412471	0.6900626811933155	0.3268094705842025	
0.22659247142438627	0.3362959010126642	0.198795754505097	0.0267471550849933	0.5607674609564551	
0.0	0.0	0.8226897248886098	0.23249860031742614	0.2995712889799614	
0.3364721234117387	0.15752241593074787	0.2181923410336114	0.24707654659904282	0.32900528894613934	
0.08070660019665127	0.5579951240149598	0.0	0.13863631384020209	0.20157119902651177	
1.136033841507628	1.6111825355692477	1.2078987572496385	1.3092176292515842	0.7319496099873413	
0.09132597411715505	0.4817721060157158	0.32990299510108995	0.2589478910894774	0.1753616441919745	
0.5513290962308369	0.06414891822902954	0.1634716262688388	0.40327242716289724	0.1511115907394328	
0.0	0.0	0.0	0.0	0.0	
0.05417983580893446	0.012481934587328034	0.16875630666353597	0.1417443787853514	0.12948807199278745	
0.0	0.22340477437569473	0.13864898286690214	0.0	0.24600825067103033	
1.196970341557273	2.1721991113047032	1.0109929655248528	0.0	1.5346026033247344	
0.10221535001612223	0.6256786386847494	0.5090636445798582	0.2540582936172308	0.37568921804182465	
0.31591401296648436	0.2342320783145793	0.02856963268522639	0.20359100757177323	0.13347050837912425	
0.12665002456457986	0.3343764927716713	0.23126315605887046	0.3019429180035212	0.30741102545264265	
0.09004508425572956	0.11241073900879954	0.054965709172696504	0.04302931623861182	0.7230405492451424	
0.13651781559408577	0.41649968921274516	0.04149784761706118	0.08581462458941341	0.2485567938174468	
0.8361003178864308	0.9596549699278115	0.8177988261805021	0.07423767487953156	1.0644557974169568	
0.02895165493997794	0.39918716967345935	0.1529356858547551	0.30794415635841244	0.04131785174157297	
0.0	1.5801574378606922	0.0	0.6561492295145073	0.27619172393820324	
0.4778220105745395	0.37600157163908704	0.5012395759206153	0.6088284886049142	0.19187497513603635	
2.650778188159632	2.7745840592553486	2.6544343782959317	0.4734982722555256	3.7922863669031837	
0.0	0.040513838044050905	0.0	0.0	3.3013990257135717	
0.8641604859991902	1.0102126792314963	0.8550822547202177	1.2026672623405414	0.27331839330962016	
0.0	0.0	0.0	0.07304564215206076	0.4021501432509978	
0.0	2.300020519936755	1.2391153176014447	0.0	3.075855199138654	
0.7969231110578062	0.0	0.19117525371077204	0.4101497044903302	0.25248843972034285	
0.17966214727050697	0.01655880623099185	0.33567647298166003	0.04300336995712675	0.1953286600224254	
0.264842644348157	0.7085756472767694	0.0	0.0	0.0	
0.0	0.1211811230851908	0.20165544903749003	0.16981127164093418	0.05100120584476088	
0.0	0.2515115864507045	0.4251942921162651	0.9657768791065399	1.3051337758327577	
0.0	0.0	0.0	0.0	0.0	
0.00670758156111718	0.5781083784363735	0.9203614032466958	0.18393081365056607	0.6425942860127745	
0.1353700667273015	0.10279070244305286	0.2906771069862421	0.3206158236498405	0.30359033853101475	
0.3046803101414845	0.2360869916159413	0.2558266596403488	0.2475831988674616	0.3534488157139605	
0.29410482845841407	0.2344328222820351	0.17110837754668726	0.45024924337058736	0.3963065769976257	
2.0467379873583456	1.0125857084125454	1.1843129561424015	0.9523461130494453	2.010660703415526	
0.39015927431528363	0.0	0.0	0.15199173796454185	0.0	
0.20416317026428127	0.21509069147963114	0.4138323401723719	0.13566715319638883	0.2711150728234769	
0.0	0.08321543033186675	0.17021194554289168	1.8204319194484292E-4	0.23886800064149155	
0.2655315110038574	0.6253230864547819	0.014292605999610335	0.0	0.22698887154478004	
0.4908902027301902	0.0	0.0354125082017972	0.0250105106621201	0.24380347468357827	
0.0	0.0	2.1458851695469967	0.07091836712840222	0.499520590220084	
0.8073401340998185	0.3116236158087966	0.23977952437732564	0.8380518231372455	0.7151859598179169	
0.0	0.05438907835188915	0.0695667825874211	0.0	0.023957114639948117	
0.0	0.0	0.6070207823299691	0.0	0.30376501761933916	
1.1702905403683952	0.38719648535378376	1.1641918988105868	1.1822201517477544	0.3325963749927424	
0.2774323950356509	0.21363758045612574	0.24034607374657785	0.3319572078576736	0.2983393716248769	
0.0	0.6339472503486973	1.0681514155912575	0.0	1.1931730992337153	
0.0	0.08384113036884784	0.0	0.7714621339025236	0.23089514052180554	
0.0	0.0	0.0	0.6966523562267524	1.8749279174183868	
0.15217149030143898	0.6391081318248332	0.7269956153140462	0.52038852686057	0.5469149299516012	
0.39659344381170814	0.139928399183318	0.6468581370051224	0.20492335726624375	0.5488577495750157	
0.0	0.0	0.7840553763424758	0.0	0.4073292207531759	
0.0	0.0	0.0	0.0	0.0	
0.0	0.290881827190778	0.0	0.1060147475078741	0.59019693741268	
0.0	0.0	1.2742039599751618	0.0	0.29866060121024346	
0.02922164579492942	0.19403740715741158	0.0	0.0	0.44952570692361926	
0.0	0.0	0.0	0.0	0.0	
0.0	0.0	0.0	0.0	0.0	
0.40653963508968505	0.6699112954117448	0.14166677443699752	0.03420781675361368	0.47015949964418	
0.0	0.6235225324746103	0.0	0.13358205121731445	0.016488574905882042	
0.0	0.03375205127169724	0.33059227026829063	0.0	0.2805794771396543	
0.0	0.21957040751267173	0.3110378572966288	0.14984267149013025	0.1995940867864558	
0.8863974078910092	0.8063436741714771	0.400444904854482	0.4896263391283291	0.8213817797914394	
0.0	0.0370276720840267	0.02742814711387994	0.2831950769661267	0.5300210008990616	
0.2756560009072936	0.3722188318828796	0.320294123617201	0.0	0.4019712872776495	
0.10222299677219995	0.4975777625658584	0.1383861270589289	0.29709379389701457	0.7900521520215023	
0.0	0.20441210513528585	0.22663245932613724	0.2593892855182456	0.9677641991424604	
0.3770961605330768	0.40185083259181414	0.11676947948645973	0.24487277995542348	0.4601741108631685	
0.12072190353432782	0.11952227695426529	0.0673785184801634	0.5460405418402796	0.5994566007852988	
0.0	0.13283581099125424	0.4725081173789363	0.0	0.3095418343805377	
0.20928717221313345	0.5881005599688168	0.0	0.0	0.4770766559896876	
0.616524239988653	1.5421210010029718	0.10608786527222186	0.0873194637721024	0.3145232130867922	
0.0	0.0	0.0	0.0	0.0	
0.2213364836243269	1.0010110049190046	0.06723352435568528	0.49378156262700124	0.4226206801743045	
0.10238314721500916	0.8660994714185543	0.19206401823468208	0.09288934791585307	0.3893665490350039	
0.0	0.0	0.3297189455135275	0.27091421731343523	0.31385962772809206	
0.10639898703933014	0.2752301535759298	0.016636260983300198	0.04055007941859677	0.1067539435075702	
0.4473688865409414	0.4072943139440768	1.3069970778671134	0.684839179030061	0.5353151166173606	
0.0	0.0	0.0	0.0	0.0	
0.0	0.0	0.05524978517739868	0.19203210829436004	0.5310154811210829	
0.353300951890815	0.12756836333101224	0.0	0.21374503945318704	0.216218105639296	
0.4916491523591365	0.3935956412241288	0.31706115657842987	0.2093517678359103	0.25454204752012455	
0.3924099192793289	0.6346029618885611	0.006833117344382106	1.6729948137840918	0.0	
0.0	0.0	0.0	0.0	0.0	
0.0333534655398865	0.0	0.06638253206011571	0.4842993891251213	0.1270354667233303	
0.4079665938292986	0.36961458595334096	0.12210292723208754	0.0	0.16494329252276857	
0.5392644398513609	0.8687684661996392	0.7193760914186254	0.5839909169849778	0.4571713740247986	
0.13813213649007747	0.008519587036904488	0.0	0.5757727155251608	0.785394890355489	
0.1885582496059844	0.5856012903782246	0.1867528666338982	0.03125836196191421	0.0	
0.0	0.2138565555329228	0.021884038453638427	0.2889723292631378	1.7940254404579619	
0.0	0.0	0.0	0.0	0.0	
0.0	0.0	0.4035502474249494	1.5437492254172474	0.0	
0.02819218159089393	0.26796883230173585	0.07509508727945136	0.0	0.280033221934743	
0.3205605391786677	0.9181204281456159	0.5492592073739003	0.0	0.06502516163573632	
0.3291397573009073	0.22256907436210616	0.2597488808169841	0.5394906780266778	0.1177420065418731	
0.5613508125199754	0.0727801583915986	0.0	0.37520017623311247	0.01744400258632082	
0.34157175231660125	0.8997566083109858	0.19145004997612028	0.2111131922584647	0.37648131986105565	
0.30704509911873384	0.5771901438786803	0.0	0.019283706124313904	0.0	
0.9813867393622697	0.7497145419246758	0.9283020089184368	1.0631182855972108	0.08861081169360793	
0.0	0.44022128010135764	0.061877430669213	0.0	0.0	
0.04323082805189467	0.4241314759202844	0.18812208577027315	0.2075142637709253	0.9375956900674915	
0.24192880656908058	0.37948785232411086	0.4947157113003834	0.44792319551223875	0.6881350461789811	
0.36058183951405415	0.25470133432690784	0.5503734101478105	0.14974909874436654	0.17192843358168894	
0.0	0.10443657395208814	0.23421557430775267	0.3228554592022502	0.11525906409646751	
0.8312895130792264	0.10496862184219173	0.16118634913975635	0.8702842768394741	0.31566569943456435	
0.0	0.34300789963600065	0.312968595214036	0.0	0.28670788090779403	
0.5952053235195256	0.6525518272548323	1.4327187406510318	2.157332783039397	1.0592320584083397	
0.053501741072169276	0.7888550596678887	0.3017282526691586	0.3922281660845006	0.1998674978303614	
0.0	0.0	1.6397496314228386	0.19871910408172566	0.5151417888744155	
0.37705264262470095	0.0	0.28916480060204713	0.46029070474135303	0.3646615923180738	
0.0	0.0	0.0	0.0	0.0	
0.4443796857887896	0.4619463611340384	0.5778035760066461	0.34628394603685897	0.6561513401922612	
0.007711637788989728	0.15448861629376148	0.14397869947677724	0.0049156681659879	0.28469702878778597	
0.0	0.0	0.0	0.0	0.0	
0.33540352128004414	0.19971302606112873	0.6209684420208197	0.4146924332455858	0.3252170674767301	
0.30452899210141127	0.31336455707395017	0.0	0.2167827906042838	0.05161450756576092	
0.0	0.18286107423871462	0.0	0.0	0.3185955340876041	
0.712530891630707	0.3716807753509101	0.32939058556669937	0.7240940734351855	0.4822100850756176	
0.09367965725430671	0.3220775765168579	0.30812432323869143	0.34477817794152654	0.15237107142351755	
0.0	0.02204140635882759	0.2991866432020797	0.8806514221326204	0.06185367613869661	
0.37232639206918333	0.7214376338137183	0.6043999341539078	0.466759381778342	0.1815511327311912	
0.03083876032079818	0.0	0.0	0.21813240720869104	0.12492024853192336	
0.06967281061708124	0.4255951010216576	0.0	0.14629652656644737	0.25068768585097867	
0.0	1.0354019681716335	0.10301807707180281	0.08715131918169637	0.0	
0.12718442094503982	0.29394416435119153	0.24812194167759644	0.39511751048911675	0.0	
0.0	0.14919338467120766	0.4490601019026651	0.36253032757463227	0.042962152640596746	
0.3252099029151733	0.8280337304326258	0.794557899335793	0.40612538802025017	0.36117626565199046	
0.04336446490333718	0.1934185839818916	0.3447707920187715	0.3370452814345539	0.10278225002694137	
0.27463104003606376	0.1628671255707429	0.08369278316482429	0.3000279007987176	0.42604798004377353	
0.497142978391961	0.0	0.11428792444693298	0.9785184823806595	1.9442917680199527	
0.0	0.07072627194061132	0.0	0.2625652120221348	0.35071787227968654	
0.4376353681837529	0.18079072752309427	0.40956224800517127	0.3479947902191125	0.20505760659380837	
1.0436246608753605	0.2751371700091323	0.6638280833137526	1.3723090220920526	0.14235529533589664	
0.0	0.0	0.0	0.0	0.0	
0.5110729007141993	0.9418105238405573	1.215544263636521	0.5247826268146887	0.7313342163933217	
0.28352256304848344	0.6403914113679812	0.8394513003079901	0.5194534922489222	0.3497238540163202	
0.0	0.0	0.0	0.0	0.0	
0.9161145697254902	0.7173219765975811	0.364229879268001	0.500982734616923	0.8837616325028574	
0.12522072936759876	1.1486659779460937	0.2828574380349467	0.10815710116305575	0.053790291639107465	
0.0	0.0	0.23395859466838534	0.01105379360742767	1.816696751151049	
0.38767471782077983	0.5808963559221174	0.505744743840931	0.0687900228870822	1.1340395852769294	
0.2390426091396579	0.27353530502772805	0.22500588718858608	0.12707140802729616	0.5488494689292753	
0.2926744743065849	1.309217717017232	0.34628155613783546	0.3406649602015447	1.4185508964274758	
0.27712188223491885	0.36337448509186593	0.0	0.4519793304603372	0.0	
1.083574792823802	0.22947100479508892	0.32251831116287616	0.34784898320685964	0.3520150058326854	
0.032335314212984925	0.09715813258775555	0.1556067510778783	0.0	0.04367610110848606	
0.20896132449154955	0.2479719685231144	0.13050420307056218	0.19311240656904077	0.1856034861501576	
0.9940379083811836	1.0542060254705095	0.5349795912347394	1.1374013630292135	0.34151485814416216	
0.0	0.1461332794918483	0.0	0.06724524309312806	0.3187102341946634	
0.11166970898374447	0.04276383148564884	0.1408220128405011	0.0	0.0	
0.0	0.4017593409613028	0.0	0.16643877201719515	0.17001602943751512	
0.4769495458824228	0.2928113112075481	0.4989830389222813	0.4991568756622954	0.11105516160052767	
0.018059922476947498	0.22665069907926866	0.27419933123901863	0.2865653138978861	0.30469152197612226	
1.2847613672184846	0.5551660143143868	0.0	0.5358204464331642	0.26956899294478914	
0.0	0.45636785155915566	0.02294472556542709	0.17608683605035613	1.7921697653377364	
1.4463270069167942	0.27630103299461395	0.45614046875256453	0.7325871875319941	0.19846350336001328	
0.0	0.0	0.26418531648627264	0.2051723473195671	0.4939347403703179	
0.08867079515347168	0.6537958745569729	0.24600025430427125	0.3680923053144714	1.9480306639188048	
0.0	0.38883028913663026	0.0	0.07795333403170976	0.0	
0.28194325631648154	0.8925665038017471	0.24285575492278927	0.8047428675907659	0.5606368804485775	
0.0	0.0	0.2537684989978908	0.013060809362689142	0.05714372004484162	
0.2568636571241061	0.10942623034149676	0.0	0.42209576372630986	0.5699531976787693	
0.0	0.3675231821826726	0.0	0.0	0.3334323115122881	
0.007316839432671557	0.0	0.3634152490412086	0.3617696931497911	0.5174760597554174	
0.0	0.0	0.0	0.0	0.0	
0.33411003620058055	0.0	0.20049760242601136	0.891183348448065	0.31654554646300426	
1.7436472081572525	1.4435299900034506	1.4968380724251011	2.0824402241842073	0.8854577009664759	
0.0	0.36330093661922835	0.0	0.26024574049722005	0.5551832615834922	
0.0	0.17673795177867643	0.19891443070739306	0.0	0.6988202085105768	
0.2531780519323197	0.5385950095050702	0.377166473892996	0.25546084159520793	0.1775320710526005	
0.33782238530420516	0.428773950112904	0.0060033572596919355	0.0	0.023919510261280447	
0.2449596237561402	0.9146224638741924	0.3294074690357573	0.7771302552214524	2.111979291148202	
0.2592253793384727	0.05313641382830045	0.626831856411769	0.43991740457863193	0.3758290170648354	
0.0	0.0	0.0	0.0	0.0	
0.23779793854016074	0.7611658042575694	0.0	0.7126014554533162	1.1028548267943397	
0.0	0.0	0.0	0.0	0.0	
0.5078433546191382	0.6797646817935078	0.42596267883974287	0.31114565827811635	0.12154885071443469	
0.0	0.40396190663990206	0.45059212727898273	0.0	0.0	
0.10723698954868109	0.2460046381752353	0.43762787501785033	0.09495978233212818	0.4199030125308124	
0.21747438780423944	0.2877020433451691	0.04705819509001222	0.1647297172123101	0.5684790919117113	
0.33888242099348875	0.2963498226384581	0.02720763859211411	0.30469938189227297	0.18498283848398386	
0.45376996556725946	0.16655512871356604	0.15491844368814484	0.0	0.28132895621280085	
0.0	0.0	0.0	0.0	0.0	
0.0	0.36823410986599925	0.0	0.39424324987946324	1.5263290803005851	
0.07645087881315665	0.06616739274460157	0.04555460658923786	0.2705682030988747	0.16994330273640137	
0.0	0.0	0.0	0.0	0.0	
0.4487307402721075	6.338554375435596E-4	0.5486006624059366	0.35024570076457917	0.47221369267245106	
0.0	0.0	0.6969374328730429	1.535581858656705	0.0	
0.7399392715232617	0.5201142272569671	0.7383339687270933	1.4573989283144704	0.3144143581448953	
0.0	0.0	0.40975877636889596	0.3150298729876151	0.13012069209235638	
0.33540920559930054	0.2260624966586152	0.24893590119391923	0.44577902931578317	0.36738186301921066	
0.0	0.3703876883259956	0.22233801685863397	0.0	0.20344965855427538	
0.0843108815463788	0.18840034323320623	0.2318166552713841	0.30006355998009776	0.32091626674489837	
0.0	0.0	0.0	0.0	0.0	
0.48194021410669796	0.2958408989001826	0.7129384742128693	0.7126528103986397	0.32526965676897057	
0.0	0.0	0.0	0.0	0.0	
0.771774663703717	1.1934961198364176	0.5332850100063632	0.0	0.8430925536335069	
0.5698514367338596	0.982876261284476	0.19397789236043247	0.21493108040818648	0.3152861493349108	
0.23170053585863526	0.19603740065452266	0.657592097515446	0.40663509244648455	0.8689639243396482	
0.0	0.0	0.0	0.0	0.0	
1.9975748204739887	1.9848726135772374	2.057768777071078	1.7623412119216466	1.9067798851610398	
0.0	0.3221672683183743	0.25204181446914764	0.0	0.2496477625011807	
0.5141675901258587	0.025400266858955956	0.478102919239102	0.02517208832728598	0.0	
0.35838129318819023	0.23307675555956364	0.38166891454685403	0.39790560404924796	0.040009257588112024	
6.315438405773071	3.3741611033507914	2.266421169945356	3.1887410543442187	3.636341791719053	
0.19190087904498537	0.0	0.0	1.005430331293978	0.0	
0.38006535917676293	0.94308730882818	0.30583406056431317	0.3199865657067431	0.42373799780297144	
0.036585373027765135	0.028439297876640224	0.0	0.0	0.0	
0.24354881942783937	0.0	0.14522353911196745	0.31811372535313154	0.0	
0.22543918207913355	0.207418953964185	0.0	0.33447006387686845	0.27074531433050986	
1.411301460470081	1.353781745457541	1.1134154479268423	1.3054669720076033	0.6635636294892435	
0.020786237616250487	0.13710150911475483	0.08681633378943346	0.0858618637914302	0.28489302866571126	
0.294489111694548	0.25862120821893664	0.6014933124838205	0.4503934716726056	0.3003692954722474	
0.10491393704382357	0.10724365213187267	0.25000036691137123	0.12502525747703583	0.0	
1.0652762641160782	0.2974726539422835	0.72943549175785	1.2623228272597808	0.0	
0.17557896733001538	1.0801808258669336	0.13908097939679998	0.3817292008299647	0.27849833132544066	
0.6999648738364987	0.758606033516386	0.5867985439262307	1.0005427539918266	0.21262257964108378	
0.0	0.0	0.22449023802364254	0.021172541941344443	0.5786308943716285	
0.012140993421898089	0.026385246940587387	0.0	0.0	0.4298165870312117	
0.12328085577507504	0.22292127354679353	1.184756850852072	0.17007354704753902	0.3443352338331892	
1.6241326082525895	0.11442594370886458	0.26218784223655667	0.43492670844614034	0.0	
0.8204594632672768	1.9422252522716814	1.2544474334117828	1.0314942581481736	0.6060257578538295	
1.7995988377968395	0.0	0.6693308292601516	0.8204650232116284	0.3582090586104647	
0.04201503242974398	0.0	0.31671462911431764	0.0702922497551691	0.029297563507839165	
0.22058587553953848	0.00496512052817525	0.2292330451119449	0.29820075530179313	0.131806963148015	
0.23985640527332805	0.4470950857130764	0.0207282305683818	0.20935358876484406	0.3140984551569767	
0.16614926200278501	1.2278055721997947	0.4919356261363951	0.03882466905082053	0.17932168747116672	
0.720458413010187	0.41955473233776525	0.626960525754171	0.20603236018998483	0.05239529804580648	
0.7480738426059743	0.9632677756813779	0.7155233140875663	1.1610666366725295	0.8495834832087988	
1.326958556519431	1.1630196493606835	1.3982751777281082	1.176247822689537	0.8030749385861015	
0.0	0.0	0.0	0.0	0.0	
0.9133545657575977	2.881966607135976	0.657782152188392	0.7615266330374298	2.748590004085258	
0.0	0.6242634375703978	0.0	0.0	0.462572691639449	
0.24763762770493003	0.3367353161137714	0.015627975974089884	0.07398527477456725	0.16907718879932093	
0.0	0.0	0.0	0.0	0.0	
0.02009663032059618	0.0	0.39014160435505085	0.0	0.0	
0.017615078961895517	0.3807703880390759	0.0	0.05439801678164774	0.20966838646973207	
0.27544942861620386	0.010412292428390863	0.12417429504374967	0.22411358161493705	0.2895644327983489	
0.0	0.048993699062484526	0.034513680903011906	0.25117247461045233	0.07429347836073903	
0.07665176426558001	0.009817421167836233	0.029421205990975002	0.1672284629696742	0.23113871291029472	
0.06907156757005418	0.25021150892325295	0.11949907194335546	0.0	0.21092287444286278	
0.40910094907180217	0.2682647121603108	1.0129591893719088	0.6231644558726367	0.4106316349088081	
0.08494394626552353	0.5799651117257991	0.2186461730329463	0.3367031787274277	0.1271483435021765	
0.046737014309917696	0.30847906462802066	0.0	0.12777322727683152	0.23581989946035956	
0.10517728439997803	0.5444241376541601	0.04333047658768832	0.013089191236210506	0.2090274780604257	
0.0	0.29488391645643225	0.0	0.0	0.0	
0.0	0.36127161566740357	0.24841480169356367	0.0	0.07722893153357271	
0.10918225833854933	0.33702996736350926	0.07144115874568155	0.1815087774158761	0.845326260759467	
0.6998708647175204	0.4839913381818121	0.4800924180889484	0.7257694723057235	0.637112614531935	
0.4377376229246985	0.0	0.0	0.0	0.0	
0.10331237984702393	0.07205281146976779	0.31194799193723777	0.005631485724323839	0.03363994051582246	
0.09734235269091598	0.0881408835532329	0.12920883392784696	0.1726105613179984	0.32451126758094306	
0.03242400476720101	0.0	0.09307142548237161	0.3066456606700029	0.006188457843951044	
0.3823778762776725	0.511213249925886	0.4803740670326886	0.0	0.8110645887884455	
0.061834019902294604	0.07457559494271028	0.32957956892785595	0.10147494121380701	0.0	
0.0	0.0	0.0	0.0	0.0	
0.6781490020352094	1.2670834655978636	0.803475544381052	1.1030337939129267	0.38741951821170395	
0.15574583131014158	0.3379008431217332	0.21304901351679598	0.4901688173592509	0.2065591949047155	
0.0	0.838016518720313	0.1947824191692419	0.0	0.3933590306909551	
0.2918753749989393	0.6946775590891919	0.5114393992680007	0.061978412809593354	0.5882535555491015	
0.0	0.619828436045908	0.0	0.4106329370165898	0.26599539539132333	
0.9192861576484814	0.9100576788007972	0.9302563596279022	1.8448181956835232	1.3462850636061656	
0.34208973696860656	0.3300220020553377	0.4220359394508477	0.2987605487318358	0.3733040451961728	
0.0	0.0	0.0	0.0	0.0	
0.29869013465795785	0.3392785766097576	0.0	0.0	0.6262888759476989	
0.0	0.0	0.03708902722412228	0.0	0.20439564452465603	
0.2962249390306928	0.026807798209263985	0.16091857939465892	0.14466262184824466	0.1493587019714801	
0.0	0.26764969966094293	0.0804394436738705	0.1471793037424215	0.7415426421728762	
0.021430193762210295	0.0119929943629139	0.3644794273469555	0.8183057282359585	0.0	
0.0	0.0	0.0	0.0	0.0	
0.41848403486809677	0.5289007561297774	0.27644294238426126	0.047434983380143916	0.3433160774145844	
0.0	0.18694386597996082	0.0	0.030563707629748096	0.15866438525098792	
1.517322793410412	0.5542952937612589	0.6792274116311459	0.7667339432929281	0.5700764344187575	
0.6342436747899722	0.5510938996440891	0.7382120321797436	0.25035076522453886	0.3172985744274018	
0.061442599734887526	0.16138890492154565	0.0	0.3489456257311725	0.0	
0.0	0.0	0.0	0.0	0.0	
0.940071884823541	0.0	0.08688267479009112	0.5038180023496959	0.048289672285333374	
0.17623276005644978	0.5241989437998527	0.20157154360888802	0.046382230989071724	0.39431696649680625	
0.058603869804266115	0.24223221469742098	0.0	0.0	0.07902265438776852	
0.11306845404867144	0.3670432292978584	0.30842806817005575	0.4409779062066427	0.0	
0.27952257344086323	0.5405978725197447	0.0	0.22487766553560443	0.28525819774820615	
0.902758885984163	0.0	0.5870618201626134	1.015573632251156	0.26962823110904993	
0.6468528961924687	0.5905455243248279	0.4149635140503134	0.4031922553675529	0.6024004593237235	
0.19364029296711516	0.3722433027454481	0.07890440862285589	0.25447453251103114	0.2883009402795181	
0.9281204349536387	0.7920310439746958	0.7322022864028864	0.7058192364051243	0.2118417934483282	
0.0	0.0	3.510065443051019E-4	0.14959184969276731	0.0	
0.0	0.0	0.0	0.0	0.0	
0.013518597537534892	0.7828330960034462	0.0	0.0	0.3017850531924336	
2.2083916093684812	3.8257750952257528	0.3497583666601182	0.009246605080078085	1.2170445731549309	
0.0	0.41860893772487506	0.12710711044653675	0.0	0.0027529537777089695	
0.12070814216073095	0.3695961268965431	0.4994616867274964	0.4875994692692168	0.015516734515998713	
0.3847452681973982	0.2699206587609469	0.6213330688833668	0.43005634567907325	0.19562311121280962	
0.7294332404008809	0.48494698418092225	0.0	0.4899574961890517	0.22072437972397735	
0.0	0.0	0.0	0.0	0.0	
0.5309494973520914	0.666209959428165	0.10587262451774368	0.24880908063430843	0.31043589592132814	
0.16839712817735597	0.12396651754122617	0.0480016464433739	0.2673552334123824	0.08784490557156333	
0.0	0.4312881716271044	0.12005834370618211	0.0	0.00879147100992383	
0.05018202617352999	0.09793553947419738	0.0	0.23457473143457838	0.0	
0.0	0.12884616039290453	0.15337351173523203	0.33780474624458795	0.49594101678239755	
0.0	0.0	0.0	0.27376480893334587	2.337639253621198	
0.07093369687553207	1.7107926398214057	0.5427498445951404	0.24573839109363546	1.6516574059042932	
0.15706821088856363	0.365804195932526	0.31169039632107426	0.24697980724903237	0.2620290208522613	
2.242760903950671	2.4945577422601533	2.51836477715912	0.0	3.834389406920157	
0.6220539403696859	0.18446110360505147	0.3142349467262115	0.5665525149920946	0.29014034603767086	
0.05244118824064797	0.11177654587397105	0.16011720566753918	0.33625765795078694	0.0	
0.2316659289529986	0.20699509515936423	0.0	0.40869132454249074	0.5611996625756882	
0.0	0.0	0.0	0.0	0.0	
0.10346429417719237	0.6616434561434219	0.13267345086317744	0.2295466027842019	1.1662903456277436	
0.0	0.0	0.0	0.0	0.0	
0.32576942524928876	0.28145162363348003	0.0	1.1868067840486005	0.3924101455998621	
0.20418499956136554	0.8593348440157921	0.0	0.21925933624233948	0.4282883613197817	
0.0	0.1471461545810576	0.22536495735540601	0.0	0.3970398331585109	
0.0	0.0	0.0	0.0	0.0	
0.0	0.5971323009014825	0.3925303765678842	0.021081919569217636	0.8181432790447681	
0.011311701669859559	0.8850825627534069	0.3091339985545956	0.10786150266276263	0.25853495551448086	
0.23241727999565667	0.19442006188060026	0.00923100529341934	0.16917602871299312	0.01043266796434567	
1.2722482350371833	2.5643550394207915	0.6929027715742715	0.0	1.1457340515426828	
0.34333537538270353	0.19192551152330325	0.08161137481367371	0.5328060604062806	0.2780125094901015	
0.16701010959981621	0.0	0.0	0.0393319534202583	0.37665081875986595	
0.3030459721896685	1.065226826884327	0.285001262953983	0.4773973063164378	0.6533456323725689	
0.10387105882718817	0.0	0.3066413550622171	0.027491278178838896	0.37007366399389463	
0.0	0.04583584664932247	0.1754733662153677	0.0	0.0	
0.0	0.4702194316954337	0.0	0.9330691927497489	0.0	
0.0	0.0	0.0	0.0	0.0	
0.36094553988330247	0.06844216451510497	0.0	0.3789712635640134	0.20692281565470122	
0.022680817699485947	0.21518936544877837	0.21106128376744962	0.17775432315072426	0.12119693658295531	
0.6625698088335973	0.8002144354969402	0.734144324140465	0.3330606225291415	0.43800209642161303	
0.3153698538109817	0.16600897080346694	0.0	0.28015421229079135	0.201746777364107	
1.3860548342024752	1.2783826295434138	0.3053150961688194	1.1110863502103223	1.1692343546942174	
0.025993996923776973	0.09571406663415885	0.05373867910177481	0.04267655289774828	0.21483043900422205	
0.06509692450939965	0.0695503549481538	0.2636673104235807	0.0	0.0744783055050897	
0.0	0.005469511039812061	0.2099470935924419	0.48412621540028944	0.2544440908025837	
1.5242307883251314	1.1914301307288842	1.7642495908079219	0.440805715631694	0.9768840747828599	
0.09551863116470702	0.04415721041792747	0.16113155200581558	0.5337760188347979	0.2577236218937609	
0.0	0.0	0.2682676657810701	0.00627966582962837	0.34346833857451065	
0.13141020898801115	0.3595313394256754	0.004970056259600304	0.3736026109043478	0.28232681336275545	
0.16017835527420043	0.317735402978586	0.13275955946462212	0.21299472925700566	0.0702426003674669	
0.0	0.0	0.0	0.0	0.0	
5.069603206605948	6.499934778750692	5.331135393537057	2.856879659997841	0.0	
0.332934563171585	0.28286928624889285	0.275017213885177	0.2375896182231337	0.39384230183445285	
0.0	0.06662596093262482	0.9258205701762032	0.6792100697084833	0.9851997053972373	
0.2437038984113138	0.54637382848831	0.42456350359700623	0.017914717420119682	0.1930699992375322	
0.0	0.0	0.0	0.0	0.0	
1.1117988951907989	0.0	0.0038022162957044026	0.6250462034524342	0.15004170372081627	
0.16702565908025985	0.0	0.14324116822890542	0.19947351215868112	0.31781787901915354	
0.0	0.05163020345904577	0.13238450178298766	0.0	0.6888584758122509	
0.0	0.18329008981023692	0.0	0.0	0.0	
1.1385934807271108	0.21449358450633552	0.8230697086801775	1.167372083759615	0.16223220095170848	
0.0	0.0754264439739811	0.1831895726625169	0.017150123331581696	0.5348007042315084	
0.36324177135821245	0.0	0.3583120830439094	0.49769922351623364	0.0	
0.3203308041549848	0.38677060166961047	0.19477567256438752	0.4652679576217773	0.1338705010298552	
0.0	0.3530323574569348	0.2762815264703135	0.1934482400426189	0.3311121555205756	
0.5031458154501465	0.4326245738483275	0.11152591337601324	0.1591275961997145	0.2955662060429015	
0.01635816212399832	0.0	0.0	0.012144662514955235	0.1465853420075373	
0.18092762722340722	0.6573318715668345	0.5586059074319629	1.7758206847866858	0.0	
0.0	0.044467654599548684	0.08666270059934639	0.2773904144964632	0.0	
0.0	0.26017830913551976	0.1609614906877816	0.0	0.4444189680171306	
0.0	0.0	0.0	0.0	0.0	
0.3747477146382582	0.559928847151938	0.5230430279127785	0.6836806796242271	0.9800616948337997	
0.0	0.23902281012160242	0.12573963201167457	0.360616247954173	0.0	
0.6634821839178074	0.0840394743712417	0.0	0.18121471613122941	0.0	
1.8867836251351642	2.9496939495239056	0.6517777216900414	0.04714142745943233	1.0826183014337847	
0.0	0.0	0.0	0.0	0.3287733081482605	
0.016977828332740724	0.0	0.24872236634115613	0.18432872105973871	0.0	
1.4415384413037684	3.2364080440098943	0.4216111592831096	0.0	0.8964897165618613	
0.28896149247382735	0.3296945549254191	0.330072548060611	0.09453567025096724	0.19923751212065194	
0.024102230992238044	0.419595032283771	0.02603722294575292	0.20707978481668401	0.18925347398880304	
0.0	0.08936510249449692	0.8102387211228683	0.01770284641862427	0.42176213638790594	
1.3931355173361541	1.5414991014050703	1.203496208568543	0.0	1.7524288072182945	
0.10143601562208812	0.4081341558057154	0.4474231938923432	0.35212197895075215	0.40754993702973885	
0.7429970103561627	0.9158583215082685	0.7609803534201384	0.6530460609415173	0.4521231996100881	
0.0	0.0	0.0	0.10733943888833676	0.0486374210399654	
0.1798731179260965	1.1665290587488206	0.6101604606281875	0.19391108719972427	0.056855266376260316	
0.0	0.3612838565883873	0.2611962205158975	0.0	0.04508421586041038	
1.5819755255907846	1.6976670636754445	1.2321656903153642	1.8074970256610954	0.8386435488361043	
0.28697593505739616	0.42662586212078435	0.373629684236446	0.37737592921321284	0.541334714492225	
0.1351830901417241	0.3031829885483357	0.14436484065819474	0.4491757569816581	0.5089737869861302	
0.0	0.0	0.4273132688234615	0.24486213006520297	0.0	
0.0	0.18799124045123017	0.3364404684783705	0.01755834574359215	0.27107956032155645	
0.10418584505600852	0.0	0.2704388485720139	0.4086924262130946	0.32483736646000333	
0.1219054763836522	0.05355664573922669	0.5769528036014502	1.8373560578537294	0.20254154745180766	
0.04302147425493801	0.17973298933002607	0.1799219073076715	1.2162593439001069E-4	0.0994860828929302	
0.0	0.12886497038200426	0.07627813595296705	0.18203242078708426	0.0	
0.0	0.0	0.0	0.0	0.0	
1.5736819956397412	1.0453732621761596	0.7786701888594483	0.6353047438353326	1.405463697612959	
0.1995349058176158	0.21031575925218748	0.6211730307068797	0.8190698353667708	0.2514704068150834	
0.0	0.0	0.0	0.0	0.0	
0.3972539202640437	0.3964051034595333	0.0	0.10995352819712388	0.0	
2.3136159375954177	2.3491070978260216	2.291954749196961	2.5677733222426924	1.6739234202314666	
0.0	0.0	0.28506193660292023	0.0	7.215696344903128E-4	
1.099221222768518	1.6337931985851495	1.1100757773359877	1.1283142964653503	1.1694836422071218	
0.43927491188967377	0.37274181661249617	0.3467110905934685	0.1660433889259791	0.39613888083171706	
0.0	0.0	0.0	0.0	0.0	
0.0	0.0	0.30030744702997153	0.0	1.2070307743473223	
0.10883944998940537	0.8355165418950106	0.2353075596989961	0.49399293372022	2.1897837030922074	
0.05710927603526068	0.059812027937679965	0.15776975325324438	0.3837879970128967	0.18413481110687507	
0.45784680886978113	0.31211722815602666	0.5982310480631092	0.0	0.6688771149408725	
0.0	0.35993673277855687	0.14444274285082231	0.6249595713358589	0.20408773952061965	
0.0	0.0	0.0	0.0	0.0	
1.2065281253645654	0.0	1.035188385777054	0.9637686766106358	0.00787833990868586	
0.0	0.0	0.20590007404784505	0.0	0.11789479531030313	
0.2543014513097331	0.12981166065637254	0.21089813030042842	0.006568635176055683	0.5392426163654042	
0.18676896621776937	0.3173896764662699	0.27981487230476626	0.32913036974811594	0.004642259246774083	
0.3043872722865544	0.0	0.05256855571386215	0.2822521015867648	0.17860188678464337	
0.41761140231929067	0.18522784141901627	0.36545857063481946	0.9020046857564052	0.38908002220691784	
0.2731919217516097	0.019067120352117987	0.03958432178820245	0.09736953379843788	0.11900535262325357	
0.05220917616277945	0.31212386441271334	0.0	0.0	0.38081803859441	
0.0926739745050897	0.5414209438060194	0.34379407805744727	0.0	0.18930346090761357	
0.731457734181663	0.9805974292014699	0.7871227601792805	0.0	0.657138069726752	
0.30331298372026005	0.5165825021497972	0.3134222444408657	0.2522009396872602	0.26877232571689874	
0.23287275505495203	0.0	0.0	0.4245616199481734	0.12599604264022873	
0.1306145006721272	0.18988831917736498	0.27228049483760863	0.2197530996654866	0.1059073339260954	
0.3658767586012688	0.17308670467296466	0.0	0.4806282574893612	0.0	
1.0684119616676049	0.47276354997232556	0.3297749376100184	0.29401925825855557	0.6957816387027149	
0.7737176895294055	1.4871955252321234	0.21085248796825168	0.08439636950545587	0.36693250424537355	
0.006958516045160358	0.21606647129959386	0.18984760025011738	0.1451545923284257	0.017504029169966656	
0.4170830874522568	0.13670502043024962	0.5788613545747824	0.3120280890673311	0.04908190980523745	
0.7176086356041348	1.0694738619694142	0.7322920649697832	0.37862348954081576	0.0	
0.30343880128912054	1.0805668368103771	0.0011787511381636875	0.21669091696926487	0.016305674850532605	
0.09350973218184053	0.17550533551386793	0.11165350684796066	0.23535825530152665	0.3260264368127078	
0.013474911652438358	0.034629076636380346	0.29489007966480296	0.0	0.2596270082996105	
0.0	0.0	0.0	0.0	0.0	
0.0	0.0	0.24239144100370577	0.22953234675144418	0.31231543540936446	
0.0	1.0471962169635731	0.020085278310860155	0.010502241219709017	0.0	
0.0	0.023660810556592235	0.4203131326109932	0.0	0.25347332494472735	
0.19732699967618847	0.2659930441340246	0.08856451309245532	0.15020498112402686	0.19753664901506654	
0.36013564876831644	0.5520413872882302	0.22529910474654374	0.34243086777393417	0.5536446364243173	
0.12002292103813336	0.10375116023092792	0.19509623615962535	0.3441080701658007	0.5303383882402524	
0.44796616078363416	0.35638773328731327	0.28509647287830775	0.34028771754422377	0.0	
0.09935658987859604	0.0	0.0	0.0	0.0379433528899437	
0.0	0.37198790486655586	0.054206942368120736	0.17334836399113004	0.2917303728459751	
0.0	0.0	1.0465441070200434	0.6169958865983609	0.26348663381403337	
0.1730407001218673	0.0	0.0	0.0	2.6829164155113814	
0.12263880025836857	0.1957719953909644	0.07104885936895042	0.2946590081689692	0.38998447611075227	
1.5881043032964373	3.677072163117866	0.0	1.244238001933307	0.5717632132029395	
1.098849290761139	0.4369487600579523	0.05546161919236791	1.1509534070055534	0.6211199390116877	
0.33540609343339245	0.5360944631960546	0.2700487648704788	0.08668510947084371	0.12830652659251268	
0.0	0.0	0.0	0.0	0.0	
0.5764144686848824	0.7069067156861993	0.4449415642925826	0.17747808198180326	0.43360690610540165	
0.0	0.0	0.0	0.24219856420882413	0.410045191659016	
0.3355909999072379	0.29888899874895347	0.2597069882696681	0.3282004517027739	0.2970684299246136	
0.0	0.0	0.0	0.0	0.0	
0.08202827055657164	0.13425360958198948	0.3363516209616451	0.0	0.0	
0.0	0.15087522792801908	0.09992764165919363	0.32408008117450116	0.29176247963613344	
0.0	0.20965215676533855	0.35932205585138055	0.013407940967969025	0.19059295839496376	
0.0030632519938825864	0.2819823321856515	0.5236286971951117	0.03288951437511185	0.24838674052085252	
0.4154320699423808	0.2016015195884231	0.0	0.37071826666844315	0.12549624647894358	
0.0	0.2728489313153494	0.10572047888648371	0.0	0.0	
0.0	0.0953043560132041	0.10272214390784604	0.23955999331037023	0.23164059852015179	
2.034741852843943	6.102227605299803	3.4484705597382956	8.870357294181385	1.9365606058701652	
0.8527116367095953	1.6744062488564422	1.319781706782114	1.0293562498251974	0.5034683832211404	
1.6231873498309966	0.3914098686316048	0.4192396520102186	0.7708199767194855	0.3507214434761804	
3.1535743547798747	3.22836927628023	2.9573159350717857	3.2204459294404453	2.893675280268772	
0.08699504697145252	1.1071133285756805	0.0	0.0	0.0	
0.03219868556644205	0.0	0.2760840166924328	0.2712958160419691	0.5069357479651273	
0.0	0.0	0.0	0.0	0.27364274812499706	
0.0	0.0	0.0	0.0	0.0	
0.4905140305630733	0.1483545191357947	0.5828678099939518	0.40435547287127926	0.2657983793596873	
0.12727699666450626	0.3536337361044549	0.2835578086342826	0.27138405101081065	0.07794946871472766	
0.31631586763423314	0.1517159723588447	0.36784936523426204	0.14487008083073466	0.5595091746510361	
0.3960318425272138	1.398977817340336	0.21040688303709773	0.1564406823958417	0.11253851561747306	
0.4054237713994075	0.47863014439766216	0.24548363492524966	0.14492131430912944	1.1236044728445438	
0.6203578781377185	0.1444542901157878	0.15112205428302877	1.334405361878744	0.03975343716405759	
0.4791840873240927	0.36156220045308257	0.6969855762047764	0.30210694026868923	0.08948847842973455	
0.13371076879372104	0.034105455878793094	0.2047901064222318	0.18742248381598153	0.27594048233116103	
0.4614052185455901	0.12344040648422738	0.0	0.3638389155510491	0.06271199301125031	
0.06272004162940256	0.09280784244027554	0.0581217666063476	0.15470900568758583	0.2408470842719666	
0.20938797812014157	0.06994868903669045	0.24339847195375117	0.9795490125297623	0.7652713836068226	
0.0	0.14876172884710048	0.05988555771381417	0.47200544127016036	0.07923749183254183	
0.1344942071796208	0.6488267368361613	0.2999223412689761	0.0	0.0	
1.4613175195563863	1.698594030540491	1.6480760323653583	1.153976725019238	1.6302721846931982	
0.0	0.3338457244534916	0.24991498390988978	0.0	0.4179868570876999	
0.198867410042589	0.1738804355758979	0.3476508641427021	0.2591000093080969	0.35778399329997795	
0.1522295422957083	0.35831928756024783	0.2440437249893441	0.1515757626969241	0.14364965109959185	
0.36521087781026806	0.013976790320349129	0.1484751979792287	0.2439156143721703	0.4086742277307649	
0.0	0.0817932637209289	0.3997371121943764	0.20853021873480682	0.20627457900174576	
0.591677229962444	0.37998648273754576	0.18235080866456022	0.49054965729643357	0.18097327013963813	
0.0	0.0	0.9965175816188154	0.7683516523618408	0.04562469849639911	
0.0	0.0	0.0	0.2629184327701516	0.0	
0.0	0.0	0.0	0.0	0.0	
0.0	0.23240636761187397	0.3939023125696212	0.0	0.07532078987111471	
0.4778361426838075	0.845401465650517	0.4285179393302152	0.30189652563145364	0.38079280328770776	
0.28440883363445196	0.5935522220886861	0.399555535935167	0.06486111116778166	0.17785390521363945	
0.0	0.39458189467394894	0.0	0.0	0.23052638581298807	
0.2869318662171151	0.49917064682471735	0.5059622988940817	0.45978131531671934	0.22146082611428863	
0.2857476930919992	0.07851395713647341	0.19967067502099292	0.30919483416542587	0.3553785449836452	
0.7648091744272774	0.5010358099218324	0.7106668889685862	0.23811095910990812	0.6191409460868044	
0.3069255647971803	0.3088592612457617	0.31988233429640656	0.3232858233947635	0.3559743442067812	
0.7130458410193738	0.0	0.9485726029529808	1.067097995964821	0.0	
0.6193281959029734	0.08263475548255798	0.1229992338014547	0.42582650168602343	0.0	
1.516382689847775	0.08392374923564433	0.0	3.729770237035415	0.0	
0.7689975159054484	1.4054987104338579	1.2587047764199393	1.543158617659306	1.0327364465688453	
0.43895619026480126	0.765942248402943	0.7712221858355647	0.08114558770553967	1.5198334367400603	
0.0	0.0	0.0	0.5024599651591599	0.01755055982156849	
0.0	0.13030396952030576	0.2604203109660448	0.22900011419863073	0.5555272465241393	
0.08576743366936326	0.3284106878857469	0.4266070935746732	0.057312584687700084	0.4665127997549927	
0.055402486177032625	0.2059646788347586	0.3150608964885154	0.1511490718384812	0.14384463834761582	
0.38049584421505755	0.1996257448472249	0.49703556679189487	1.546709877545845	0.0	
1.1095831994904057	0.559526195166332	0.48800770398101884	0.3206903837577124	1.0930300525922627	
0.20658640196756398	0.7433390517291543	0.04322626825778166	0.4939721265301552	0.09101053732934766	
0.35344886623814764	0.22586159430667993	0.9949524181394661	0.11095065599776101	0.4002396165686403	
0.0	0.07469934444822521	0.0	0.5125677613773708	0.044151412108620794	
0.0	0.15699803414369895	0.2441485457484145	0.0	0.0	
0.012633197329918787	0.0	0.0054094895206659045	0.19223318076778148	0.24935262544622933	
0.0	0.28143113294342603	0.0	0.0	0.3164973565280713	
0.0	0.0	0.0	0.0	0.0	
3.1302642947159542	2.7211838627818583	2.748703239339558	3.28793176367373	2.1785738771294483	
0.0	0.21503453879595516	0.0	0.14037377292352074	0.0	
0.21179957872924096	0.8967481562526106	0.12943581216389363	0.18031404544174864	0.243165342807376	
0.0	0.0	0.0	0.0	0.0	
0.33294403725984095	0.5606657528133739	0.008086476080377363	0.0	0.1191087828523999	
0.028315085718160674	0.32414127209727084	0.06934145210332504	0.016223805011399185	0.19401121429948162	
0.21953480425550445	0.4226864844143175	0.14110530231715715	0.1828988792307936	0.41112479918474043	
0.0	0.7389959667206432	0.0	0.0	0.34220833634998193	
0.0	0.2606236928503923	0.27374287186443286	0.2519336597547842	0.5916842560403333	
0.531837166307181	0.4167037293975373	0.7075784979226347	0.0	0.16312369891687384	
0.0	0.0	0.06728049349805522	0.4812833335624236	0.016417362772643846	
0.05666033226130008	0.43759937449835723	0.3488375490213801	0.0	0.6498231156944836	
0.0	0.0	0.0	0.0	0.0	
0.9874908472550469	0.520223085603763	0.7909074843544646	0.5890090169790608	0.7057104310810266	
0.12338784572085067	0.0	0.25314965881828944	0.333250745536579	0.15465199479547742	
1.1864953465793011	0.7916541386281926	0.0	0.850592905502492	0.0	
0.0	0.3101721021819698	0.13955039244940481	0.3981582375918443	0.12094932034310782	
0.012113271716162027	0.025855528386490013	0.39933090024631523	0.25976727723859017	0.3668710795820449	
0.0	0.0	0.2767178264260013	0.1116885477917557	0.20182432614621354	
0.36677500098270244	0.22809278481230766	0.1429705486636253	0.1043379067530329	0.1401347958157047	
0.0	0.39669859224234366	0.0	0.0	0.1398452985507183	
0.39793558323971523	0.7823369525862796	0.18897459487899002	0.672130643447479	0.0	
3.180938395954422	3.3140134903193936	3.1307015112725916	3.5197227591304734	2.5754056354174155	
0.07514399482636037	0.0	0.0	0.22090560259897146	0.45815954649683555	
0.39450782438785	0.33882777781785944	0.0	0.85743856937897	0.557665445662463	
0.12040459388155325	0.4932974544351243	0.2233257312679805	0.2496789334382455	0.8103418390795624	
1.3093116695005607	1.3711069211358862	0.7556303553984114	2.0319416758135285	0.563575506711617	
0.2704973685342842	0.0	0.2532144830691847	0.6145989622992984	0.0	
0.9709923032184975	0.74163243711438	0.8331844517720116	1.2760194801957123	0.7513396231920472	
0.27841861356958375	0.45899376066395625	0.44846918174791356	0.2861530883882658	0.5333103935386082	
0.09107402702911715	0.0	0.8741088761711944	0.8715570122276545	0.2698094224900694	
0.42506840477315366	0.398149588395998	0.43938992854071696	0.3085689686229421	0.0	
0.0	0.28511517203029807	0.2203218883599557	0.2353221668743556	0.6025703179355408	
0.28411730782770916	0.24724577404484288	0.0	0.4471092996328646	0.19007308994675623	
0.726633569261667	1.0092900859943486	0.0	0.2922652820528576	0.8401470437042755	
0.05213303496059474	0.0	0.18250442004840584	0.3071183374114275	0.13539797597681552	
0.5822878728997076	0.8642936708023299	0.08360053429614224	0.3946778604310634	0.0	
0.2172149876339086	0.1142643566264972	0.6578190699015176	0.3433253331271593	0.2961514098015326	
0.3035112847808197	0.0	0.20015083554031332	0.0	0.0	
0.031971582401181906	0.5727077422036867	0.11627734657290459	0.060061946567901106	0.4068515127978065	
0.0	0.0	0.2515539046037952	0.16155259450004517	0.1135790803200041	
0.3421469378776319	0.23693795030393283	0.22626363673775876	0.2557491555968218	0.0	
0.1764804575144964	0.3331818052481589	0.0	0.0	0.6176887444998399	
0.10935553893048972	0.15279474110397487	0.19167294966578308	0.29315798983882085	0.05495666044024858	
0.20576347310627024	0.6992899864170976	0.13040907174648048	0.0	0.07818153452980821	
0.4703990712827884	0.4283106479440683	0.28285017453515465	0.13260313134790458	0.5929647964929691	
0.6502013431962544	0.08207779294286496	0.31591594892394415	0.24330843141077563	0.09435960821705472	
0.0	0.41791222184390553	0.2778167093354831	0.0	0.18911213767359633	
0.06453820600365164	0.5287818811594017	0.3747634860056378	0.6495673828000846	0.5579016835210625	
1.28951118813804	0.836491938297262	0.3553480827444169	0.6385480916215824	0.7483223904034978	
0.0	0.16065297473108953	0.16733556638243235	0.35602106675703143	0.004113281562076486	
0.0	0.01815891661623299	0.14594173848418646	0.045263831097906736	0.0	
0.0	0.0	0.0	0.0	0.0	
0.7226941676449915	0.4514888053766746	0.8551855880525248	0.6486240617307603	0.8582706672536026	
0.28700432953048316	0.883874732528743	0.7974751689331148	0.5590043017050532	0.42665839908124614	
0.17677492325988015	1.9530807951799223	0.09589549039669472	0.1781754694843044	0.24946183842848024	
0.0	0.6455953043222001	0.5527465253146233	0.6574305342000728	0.0	
0.28342130963757717	0.5228001924324955	0.4418619777829811	0.05916918589822379	0.871111949961006	
1.0941933696506863	0.7554661001676475	0.29899819117015186	0.9562518588938904	0.22471367333064002	
0.04931593008787126	0.8271378789716832	0.0940754654848421	0.3336786150862151	0.2598815962675688	
0.07419424223465765	0.0	0.2460337339099146	0.22152164842253302	0.14854855661286773	
0.0	0.1978713647071994	0.25563653021850735	0.17473288519244637	0.02894840859714582	
0.20907101664322988	0.6923937718996784	0.0	0.0	0.03411569965897192	
0.03913078882470579	0.0	0.0	0.11324462786586682	0.054418372544134626	
0.04889452473648391	0.05958684773357434	0.13017395594071862	0.3838513332996422	0.6140756338909701	
0.12431878513922014	0.1098969228682323	0.08502707666165983	0.11306380827147511	0.09152699789005678	
0.0	0.10257327462726806	0.04919622488431772	0.0	0.33153842469453965	
0.07580020861441611	0.010844134065298869	0.1215680275188395	0.0	0.24755643595503377	
0.075971979248323	0.21748090908826553	0.21928264026688082	0.3052530936172144	0.3854268517982667	
0.2073326187453285	0.48275135788479556	0.6342982045593446	1.3885297741114682	0.12368461229920205	
0.0	0.1706342852373241	0.27146497987571755	0.0	0.20399023152315499	
0.35727294234097995	0.32591787657877047	0.09541767408210981	0.2641549263467535	0.6711772174771836	
0.04969348094672815	0.3651674094782703	0.17155905888829964	0.1976760859427302	0.41845028236763604	
0.32396751397885126	0.8982186911498028	0.3119458282607803	0.021527211139710893	0.0	
0.2221955676569685	0.0	0.02351116795170058	0.47655382702071053	0.0	
0.0	0.34847667069508764	0.4235205068634586	0.5437521222835254	0.0	
0.13273419650610202	0.44026790188455645	0.5065479922484479	0.6563133350512715	0.682618593416779	
0.16543986711775693	0.5489896234186665	0.4818519542994791	0.45408083310117237	0.18011101830364087	
0.0	1.4820669523054961	0.0	0.0	0.07317772908533154	
0.3546442295413156	0.9671796858099544	0.7315206116995484	0.2254655372083752	0.7752884790346136	
0.0	0.0	0.0	0.0	0.6615306575981557	
0.2547949818904699	0.8648757005024246	0.0	0.20078988333550876	0.225393438566362	
0.1729801348340554	0.14697311043370873	0.40362982658096547	0.17102140467672022	0.1861297102199602	
0.04932838924089053	0.1143683573787721	0.0752303648985589	0.19028035110813382	0.23605275819472843	
0.18349899256098343	0.9146527782480368	0.11174531675300671	0.05541031932826802	0.4116869044904763	
0.3472567440523377	0.09238614435480119	0.01518958187671944	0.0	0.5200757356911301	
0.20657703250201717	0.2611530902495164	0.4860888536792848	0.10029830615869609	0.21046713567635741	
0.3310692083926194	0.0	0.03140123228333853	0.5786002665048933	0.0	
0.13735403805594942	0.2693820356145314	0.31592717980751106	0.3171777390652466	0.11955956011321603	
0.0	0.23756167446746554	0.38247814968880856	0.48283552519313855	0.07197153325379492	
0.0	0.831446875745899	0.06706357761994505	0.0	0.2610827533948319	
0.3974845825174311	0.6329736796271744	0.023928047898241486	0.1459896478230666	0.6508069007574239	
0.0	0.0	0.0	0.0	0.0	
0.03423815791983785	0.1864458277868744	0.18462048227452676	0.4679609507619351	0.9644689751377796	
0.2815114596685975	0.644032250255481	0.0	0.0	0.0	
0.0	0.8395969922984874	0.051046010254299695	0.0	0.0	
0.0	0.38145600919191525	0.2978814376665524	0.0	0.23352669677611526	
0.0	0.1311262212810122	0.0	0.35235704619655617	0.38142515625379153	
0.17625085273507893	0.09822836904175462	0.30146373303815216	0.2823208562699801	0.030859495848955094	
2.1739235516742736	0.9277984375912629	0.8875709436959861	2.2006082261949937	0.9209699805912598	
0.0	0.13260330055996056	0.1669038417831795	0.5176977753563886	1.0600590367972704	
0.16077331294725797	0.0	0.53321509723308	0.0	0.0	
0.0	0.0	0.30921511928364354	1.1414026976081895	0.03118582408821935	
0.12813040160629255	0.0	0.0	0.1428058310825651	0.12470581080576174	
0.1197106998313823	0.1802626346528202	0.4428621999968299	0.08199935501880046	0.3296481948962644	
0.0	0.0	0.31816472292724646	0.33581942196841796	0.3082021984510319	
0.0	0.7935521037899084	0.0	0.0	0.22436123486408893	
1.4612848831446617	1.621681657642299	1.2220191778838443	1.2116590144416048	1.1498676727564483	
0.0	0.4385259083579647	0.06910632035727783	0.2738182101841806	0.11509161636943799	
0.2603994900713166	0.3014017402222157	0.029958355140849092	0.25197424206274044	0.4010701122084103	
0.0	0.0	0.0	0.0	0.0	
0.0	0.6207173658588272	0.058321202659915056	0.0	0.3369046295848726	
0.2372885212677454	0.7515570465643251	0.10502801169728898	0.26931489896249694	0.3038165852810444	
0.5614004904897635	0.9286449820350962	0.8029528561700149	0.2587267622676212	1.4821683781160686	
0.24613877574887005	0.2659788805896438	0.5702595005810221	0.8524086780789154	0.28186568971950665	
0.3591623261458423	0.5547864679777164	0.35697672008675396	0.5501785532858618	0.3933953196574108	
0.24126978894489912	0.5193548127127653	0.576019344240154	0.38309938567780744	0.24965732279907132	
0.0	0.5644234625905037	0.0	0.011061698064834218	0.5354321225531503	
1.0921770778356406	0.6230088765491987	0.7304025081935974	0.6872945947090658	0.60436461048925	
8.560413054399206	8.076852700816042	8.080437969732118	8.904593845414334	7.680054823716567	
0.09792244866286667	0.33755404927291205	0.14268322008570944	0.0	0.25659584229497595	
0.07011737600095688	0.3321629433735828	0.09423568001648644	0.0	0.21426249719535878	
0.0	0.0	0.0	0.28186728570807085	0.4254029062381907	
0.15320777585201675	0.6164111636864471	0.2851148229289765	0.22464937282120923	0.0	
0.2306161373447584	0.08779403005102322	0.035146793703339146	0.5542080545703633	0.07713186547409483	
0.7088254242384235	0.4299643504432833	0.09565004270627166	1.3333703918885047	1.8724795845473547	
0.7449381615228974	0.4238100460979916	0.1501705908457703	0.35279989101510983	0.09798476397453826	
0.0	0.39715809992076123	0.0	0.9155437363387026	0.2447402931836014	
0.5907880177582241	1.7264930734295498	1.6418444524464009	1.0499868488930486	1.4514396014179964	
0.5855736577871998	0.49695528804171824	0.36030673445504674	0.28422270679598594	0.0	
0.17215913897703938	0.37429107970992587	0.46938395567950286	0.1412136108333329	0.5090337236202157	
0.1233644952608358	0.13893844434856495	0.47069763797269304	0.2877179829806713	0.0	
0.45193072258028055	0.7527633081938753	0.21296664341759716	0.5056993157422083	0.06436184430023499	
0.6117934952163788	0.6476006694268037	0.4435497143518576	0.6065051363501037	0.4197395356427199	
0.11726655370186023	0.0	0.0060020330790761965	0.7701463346380496	0.1751372565061408	
2.0990554793493414	1.7519132594596505	1.7846401842549244	1.7876563457525851	2.1926923615848697	
0.0	0.35474924643776085	0.0	0.057901693551829	0.06425876740239568	
0.19709246538319286	0.2944111669572721	0.08362675405976998	0.16827901878489676	0.6579012074094541	
0.08691660594438902	0.0	0.06126670491798856	0.623558507646755	0.24889971212203157	
0.9087803320061455	0.34145291123993	0.4847745148815996	0.8017992302441167	0.0	
0.6809545130318707	1.100179526769716	0.8932996525659449	0.7240052181084456	0.06128861270418301	
0.295331711672245	0.0	0.09232911030693924	0.3853936454456379	0.3474172067783989	
0.05711514797524674	0.16011294131346426	0.18998208386040347	0.2922402741877668	0.0011393283311604437	
0.21981061917356204	0.0	0.21749856472389303	0.13648317682074157	0.0	
0.491009169942242	0.15744839031950292	0.21821540305307766	0.0	0.39957316373956286	
0.011008473517894385	0.0	0.0	0.6506938631014407	0.0283030359154548	
0.2100113748630038	0.07744881965120995	0.309036707302452	0.007248619254348495	0.0	
0.8039924851292638	0.52330480286806	0.0	1.0112757997709303	0.42287581252624373	
0.0	0.0	0.21894330158343533	0.4639776746653758	0.25299048749321823	
0.0	0.0	0.0	0.0	0.0	
1.0545511374410197	2.244757792735089	1.0342922372907948	3.88538021495896	0.9557748153376154	
0.22250909254041276	0.7797940782855312	1.4738256821337754	0.0	0.59510102101237	
0.40281275845630854	0.35179043969392876	0.3744184776062315	0.3201261000810976	0.35737536855854307	
0.17906249771551266	0.22543520892051694	0.48194841953267026	0.1663386700793029	0.37991539502038923	
0.560633565478939	0.24018552283128874	0.6889139410704295	2.104265096626557	0.16149387429712522	
0.0	0.19705469934007816	0.0	0.16012798465692704	0.5985450428153464	
0.21740092105227657	0.29778865459993187	0.3652270636903264	0.47348143375112883	0.23265580586144774	
0.0	0.0	0.0	0.0	0.0	
0.26995780187870655	1.297771613031575	0.07948348080090083	0.27557552593430057	0.10421195331868122	
0.4641279251043162	1.1466744481902627	0.0576544377235321	0.12039504496112916	0.4899955241363638	
0.15672633211711645	0.0908628859557111	0.6648868786511225	0.42168972431341967	0.24324957816469037	
0.011417497899915733	0.2397622771009343	0.0	0.3488280000559572	0.0	
0.2051581239535412	0.30687176907718816	0.45015204767010947	0.4344505063300225	0.8496395911727445	
0.0825710007340145	0.717513119204609	0.0	0.3237171493566936	0.002697373992584429	
0.12255623526438858	0.14950117699278961	0.14854741424166923	0.2598349840740159	0.15176028720879087	
0.12087682726518403	0.20045817191540866	0.0	0.03646122031703493	0.3122911866105484	
0.0	0.5280035124621217	0.0	0.540240533087327	0.3489802931362832	
0.0	0.0	0.32882400836893083	0.0	0.0	
0.0	0.0	0.0	0.39202243538920956	0.026338200030833713	
0.39589584722018556	0.0	0.0	0.23963894186879733	0.0	
0.08661837636028318	0.3990680306317978	0.062201759217385764	0.1966306784281309	0.1100361244636835	
0.0	0.5337723111114309	0.0	0.5272516721927614	0.17650634553381314	
0.27004887289198704	0.5363081601068012	0.3754374656734278	0.36095651764572023	0.2016518430556623	
0.13856274837105995	0.41425891229844036	0.3071214043208051	0.0	0.09247519354289857	
0.0	0.23620595132027766	0.3658354905953323	0.0	0.2212608412097466	
0.18461072264962386	0.3642499856759255	0.2802792366660885	0.0	0.24200044298884932	
0.0	0.21673668448390077	0.09999180516630626	0.0	0.3437925889807274	
0.21363946467151787	0.7293291800294566	0.44934443887880904	0.06693678934308567	0.08203572899287317	
0.0	0.1957053368431464	0.391173545190244	0.1114737800804142	0.21999677132029835	
0.0	0.0	0.0	0.0	0.0	
0.0	1.0586196066977593	0.026203833272902433	0.0	0.0	
0.0	0.0	0.5797034944182706	0.40567266939633806	0.16651225405221637	
0.0	0.4736517278204983	0.4920754904572794	0.09321022691244663	0.6840704849262671	
0.2944527520160976	0.2462086624899611	0.2088250069184912	0.2237193120209096	0.35640208441155063	
0.024496620352271875	0.5978409376071788	0.18381667229790932	0.0	0.03166845336284468	
0.21680665843703736	0.5784263674442179	0.20936349320106665	0.4575552021524307	0.050753314898177505	
0.25247115351193894	0.49836618668014254	0.1459422038581968	0.0	0.6888557173126703	
0.0	0.5656651628099918	0.006637512544844021	0.0	0.5501426449239639	
1.0746445940765468	0.5177296843976212	0.25808980932982284	0.8906474379768916	0.0	
6.279111288479229	6.328067799416883	5.829971330806093	6.7572574435290225	5.5068634296913705	
0.22817191473495307	0.6615049153658858	0.4535016342379641	1.2822679966017083	0.0	
0.09959443967071122	0.16148279124865586	0.0034545644431294175	0.20003415822863319	0.0994463714692015	
0.17633879355238852	0.0	0.0	0.0	0.017321805284607174	
0.02398426710749686	0.20361508637019232	0.013117684580179081	0.02064987741212222	0.20083370333665496	
0.1583488586796323	0.7060814490811792	0.6330043957203173	0.40195191199310737	0.1563815173428855	
0.06615527497488456	0.1103654526924134	0.09519359539354252	0.0	0.05295736281991753	
0.0	0.36978852868286777	0.2001861789727663	0.0	0.30234202861907256	
0.30900662185287026	0.0	0.1269370912641906	0.3971614729860206	0.2238863829597655	
0.46971344607692844	0.4263584914537395	0.0	0.04784869751875487	0.5918031604265914	
0.0	0.2706037161162032	0.1558787700769454	0.4120333840375972	0.3763342765288672	
0.0	0.0	0.0	0.0	0.0	
0.15704267290956514	0.8310282938217978	0.0	0.14423264884741713	0.2787802839149064	
0.4555644301362507	0.13730084735100365	0.020594717447420634	0.4372639884762244	0.1267948930342901	
0.12893402698284884	0.41379588545938467	0.35420717177509076	0.0	0.331487127529915	
0.0010417592532171935	0.36524997906568474	0.0654193021012659	0.18837631767498625	0.0	
0.0	0.34625984246116515	0.2615884384147877	0.06032439094892598	0.10540854971049361	
0.33596241403924976	0.545075945925469	0.26381390697454005	0.0	0.0	
0.4619485308248146	0.3300066180124092	0.2498881348773771	0.5134481026659409	0.5152947028624991	
0.03943820241353821	0.19346319766728629	0.1612705758081125	0.32368485182260964	0.5798365642361569	
0.0	0.11411569200690529	0.04360263960823796	0.6513209247082982	0.0	
0.6509424040493058	0.007246442592364049	0.31330949155152554	0.7408519785850126	0.13739389691298684	
0.8818717647361412	0.0	0.0	0.8008700163513766	0.34740481288042446	
0.01738832053310132	0.11513583088831095	0.17311369294687434	0.0	0.25028574814076116	
0.3006913176612612	1.2103020029209721	0.18873838014791833	0.06455159094769032	0.6554473866424155	
0.5927541063868257	1.5714117189269037	0.12405757529003893	0.2515517534865484	0.3751035461382376	
0.0	0.0	0.0	0.0	0.0	
0.08059075126280207	0.7343533437872299	0.3655568280415409	0.0	0.0	
0.0	0.15589086783065706	0.26160192659557113	0.0	0.23805154586662244	
0.0	0.3790107317339308	0.0	0.6795441231763792	0.20385412585176366	
0.0	0.0	1.2985751213623666	0.33759266598061105	0.8822454654329891	
0.1649412244643054	0.09746915848719978	0.2009733693337892	0.20404843828303637	0.35643171398389106	
0.6508748875643303	0.6565748650767694	0.3688135219184502	0.3948957580008974	0.8507521664696327	
0.6780742398515018	0.0	0.0	0.5534741823282545	1.69189143200318	
0.23985136869741358	0.08370774005969434	0.40556660884181234	0.47643414431176306	0.5783736801398048	
0.5472191159571921	0.01840523191950386	0.04362627079279821	0.18218506752908445	0.07881843982651965	
0.10304854758673121	0.10570443346942354	0.04380600054981965	0.31932103276328294	0.12227347980609318	
0.18555130079736337	1.2052913526153275	0.28468977738281315	0.5529925688736355	0.0	
0.0	0.0	0.0	0.0	0.0	
0.0	0.45642466831689843	0.10747609788981756	0.026570611425644	0.6993779591643693	
0.13722255612264728	0.14844979137067812	0.333424038437594	0.08045839588249373	0.2769683854868145	
0.0	0.0	0.0	0.0	0.0	
0.0	0.3614077827665527	0.1338833376959226	0.17182085156965313	0.5644326548859054	
0.0	0.06907121781078587	0.0	0.07894384515824909	0.4771359937958084	
0.1351331006776011	0.11898212893950395	0.030164287885263194	0.9713321240277062	0.07028230653729285	
0.2936915956630759	2.425134790576073	0.06945354036126042	0.6180999897415385	0.0	
0.32624363185442967	0.24847456052107894	0.44082785652888007	0.5986873381630117	0.08000682802913171	
