0.2767716758894759	0.029202906542256157	0.3001773102138393	0.12965232305074756	0.037022030331548536	
0.015570814579733588	0.268426790748765	0.2792642480196617	0.14522490064981153	1.5810354298594562	
0.0	0.0	0.0	0.0	0.0	
0.0	0.0	0.0	0.0	0.0	
0.0	0.0	0.0	0.0	0.0	
0.0	0.0	0.0	0.0	0.0	
0.0	0.0	0.17723608425913653	0.047905860269694	3.0491329700746586	
0.0	0.0	0.0	0.0	0.0	
0.0	0.3080293052673348	0.5565533154179064	0.520347273447508	1.611866216497272	
0.0	1.5620588479938327	0.2690135597845817	1.1380790579937032	0.39131326962334995	
0.5221192984387699	3.4157398533221555	0.4258844734703089	1.0906813747283235	0.6982163906743442	
0.0	0.7798632701709359	1.3992666257879234	0.20617115779815118	1.5684539788997816	
0.5651052332794865	0.7615401213990629	0.8087066962430322	0.10471191706054103	0.9689495418125754	
0.0	0.0	0.0	0.0	0.0	
0.0	0.0	0.0	0.0	0.0	
0.0	0.009670743926215971	2.1564558004288044	1.670169198983908	1.1972331513073242	
0.0	0.7988199898381146	0.0053247983167206	0.6235037846394553	1.8302393166672795	
0.0	0.40851100727622636	0.6452243650359697	0.9133264816130805	0.945507305281345	
0.0	0.07263993753180047	0.8103950603171963	0.4993038248509692	0.6117489012969207	
0.0	0.0	0.0	0.0	0.0	
0.0	0.0	0.0	0.0	0.0	
0.015549091261812578	0.2971035231046344	0.34876283289656346	1.2294303051910116	0.5391694007995775	
0.0	0.020319026801824517	0.0	0.27174984230815713	0.7136385701158762	
0.0	0.7340383741208821	1.2517171876651192	0.6042813221692803	1.0224881376126504	
0.0	0.36652960623545683	0.0	0.02726020310139921	1.7975756700896643	
0.0	0.0	0.0	0.0	0.0	
0.003554087404249927	1.068922895120959	0.0	0.6527389951582477	1.2017854690058891	
3.0416514196620503	5.230706453952363	1.2154951294490794	0.0	1.418131216832536	
0.0	0.0	0.0	0.0	0.0	
0.47792038199836356	2.124616296746597	0.0	0.3956286546201992	0.4414548545976276	
0.0	0.0	0.0	0.0	0.0	
0.13189862801561328	0.7567005949929365	0.33724743713441824	0.4618960300292359	0.8648797891235847	
0.4366337609441076	0.9124247074162055	0.20048478164203226	0.27376988813815284	1.561879562322889	
0.8851636412398628	0.6791459440482353	0.7472578649104155	0.839934418836136	0.09590647808427966	
0.0	0.0	0.0	0.0	0.0	
0.5447493708632566	0.38336909024485116	0.2343472211578974	0.5700375460596687	2.4362932375553243	
0.0	0.0	0.0	0.0	0.0	
0.0	0.0	0.0	0.8102923149363583	0.7937843197219556	
0.0	0.0	0.0	0.0	0.0	
0.0	0.0	0.0	0.0	0.0	
0.0	0.0	0.0	0.0	0.0	
0.0	1.9277379633584208	0.18224592872453615	1.766331881088176	0.9245139807303193	
1.4390229933401717	3.93173920593339	0.1521813159323074	0.5205114684432146	0.6627601549652943	
0.0	0.0	0.0	0.0	0.0	
0.0	0.2388313507664135	0.9103387232401458	0.8452933198299333	0.9558958006152932	
0.0	0.0	0.0	0.0	0.0	
0.5083978165307238	0.999499890942777	0.33818074058997827	0.894090448781651	0.0	
0.0	0.9646174671986268	0.5538443288156902	0.7429589860404449	1.6311177469288272	
0.41736549429717207	0.13875525284080115	0.06904290487460206	0.37352727472767894	0.5677055767394331	
0.0	0.17591070071459855	0.17255411105857005	1.0835218651020988	0.7620609606904426	
0.0670577190792197	0.6152549083828205	0.018257634668547497	0.0936330543435793	1.0400349291221205	
0.014725906576385506	0.7243208457072876	0.7476198331589812	0.0588768704273718	1.5846090088445581	
0.0	0.3089279312132343	0.24540680137474083	0.16615275964521575	1.1879772342599355	
0.0	0.0	0.0	0.17572912868690801	0.5528743031780557	
0.0	0.24434810172372837	0.40309891201493764	0.21524478523366505	0.04564512470728332	
0.511881524768883	0.344045390703629	0.5462548273153817	0.9769176920159384	0.9359366179382503	
0.08419880428904085	0.5001794248872566	0.1392347342221353	0.06663597891294133	0.1685969167931197	
0.3085081520504068	0.45400004680382783	0.0	1.0346932570317742	0.9005670522687726	
0.5480212647707561	0.3235234500708878	0.2501291101760255	0.973334817658438	0.5427988444040354	
0.03171510029193076	0.0	1.8025110436473948	0.9667414017295376	0.370008415962709	
0.0	0.2905356587029267	0.22338384298823954	0.8617124641000647	0.5381993371018107	
0.6406046468195655	0.7575351448663247	0.17469692777636098	0.037210891522440025	2.8082291383212685	
4.717221945536111	6.418427988488865	2.534607324786613	0.0	4.060010669796879	
0.525617875815057	0.1401514509692761	0.48411478978598915	1.1587192067315493	0.17620374397189728	
0.7136547883524299	0.5166882246804135	0.62727399433634	0.5750197752206643	1.4078041662501237	
0.1925463322586161	1.035882254987065	0.36602654739357215	0.4472500280393751	0.993348457471559	
0.3594629373296081	0.0	9.157230760914292E-5	1.0195123123340564	0.17865456444079694	
0.0	0.0	0.0	0.0	0.0	
0.0	0.0	0.0	0.0	0.0	
1.2746758873229445	1.4188686259098058	1.0245378573935346	1.100639095787297	0.3410652800826775	
0.0	0.25129422219127523	0.0	0.3961730335290419	0.38157991379761264	
0.433124580775102	0.6287768184317355	0.2425250637683181	0.0	1.517651923161301	
0.17654395147763438	1.0017033616756499	0.8461755218313449	0.26904445830810786	2.597707982821754	
0.0	0.0	0.0	0.0	0.0	
0.0	0.0	0.0	0.0	0.0	
0.0	0.0	1.9232697209252858	0.1879081493497019	0.5595320942535404	
0.2511470050262808	0.0	0.8891723324786046	0.2526817668238265	0.3583806828319878	
0.44321516780218023	0.36393036092010644	0.6429920260100771	0.1586335418044629	0.4924108791094086	
0.06761511603413596	0.35567541256396373	3.1883417451739125E-4	0.4800272599118078	1.2440372306643523	
0.31203187436315	0.6946177834202039	0.15349218271327836	0.50672564295068	0.7253622804850192	
0.0	0.0	0.0	0.0	0.0	
0.656678366135101	0.0015123687132422045	0.14866470827978873	0.47220305972713456	1.0539033421232709	
0.14587049402224092	1.1163131734343335	0.31985961218111514	0.6010475849789533	0.3355316701209443	
0.0	0.0	0.6002516118718514	2.0070779773758893	0.0	
0.0	0.0	0.0	0.0	0.0	
0.0	0.6706482481549829	0.0	0.39838103761737514	1.5058063696493469	
0.39784805095573555	0.7409044333829805	0.3646787763938416	0.1363354388700135	1.1336153934321829	
0.0	0.4022573045821693	0.13978303338487025	0.7626606576301828	0.18590410453532832	
1.4443470631978794	1.465225929202268	2.143832547197338	0.3135760083518027	0.5011566054368309	
0.0	0.19442170561716962	0.00951066944896486	0.6288681896419454	0.24783635632924825	
0.013264042029331785	0.07286960418916327	0.07480436824205298	0.08226016212226384	0.5682023198481689	
4.506678167938498	7.811568335246166	0.8128665076074778	0.0	1.6397036497726005	
0.0	0.0	0.0	0.0	0.0	
0.0	0.5490771130353461	4.738385670201015E-4	0.2152798820770274	1.078701307709331	
0.0030063243051949703	0.31125241796414194	0.18695400462439235	0.6584229993580847	2.8446967855878564	
0.3347338468307792	0.41171177926397756	0.22608574903201914	0.2958041162600247	0.6985562846241556	
0.0	1.1182267099129595	0.07102694427087015	1.0356052085445935	0.6325122966810155	
0.14691694082453857	0.7555564422645199	0.32060627453143586	0.3451104006447812	0.43747593700024345	
0.8878372332023652	0.21620036918547617	1.1877568744612192	0.82986877762629	0.9245129331354494	
0.0	0.17904620817839273	0.0	1.416489628057039	0.4141984954376083	
0.007278250529429091	0.24874323171556947	0.6462973268219563	0.01213596499028988	1.2209914082995659	
1.606719667262065	2.7808137732728606	2.615615267218087	0.9481073076231548	0.7136001676759749	
0.031871703868907614	0.02286934727798444	0.6591711747180883	1.047367888438485	1.4122489684791257	
0.41272175212832113	0.4769526662278188	0.47924913894369153	0.3310604556773416	1.5466335969886087	
0.4691113410097593	0.9163026449609617	0.6758993650760661	0.6406114838487094	1.99998966782222	
0.08712075024515656	0.0493325623020128	0.0	0.9634549076587211	0.09771155294420207	
0.0	0.0	0.0	0.0	0.0	
1.4764181615266656	1.1329611076934563	0.6064701678644123	1.1441885377876677	0.0	
0.0015888212707241564	1.4972583730085256	0.7635230715954798	0.40951024455640267	0.33959685723598065	
0.0	0.0	0.0	0.0	0.0	
0.0	0.3484353751336994	0.0	0.5774917952703131	1.6007109400050938	
0.23920718820477108	0.31211239901202675	0.32023670680246774	0.38590389221083754	1.4219415267121611	
0.44941151615529124	0.9360911530333346	0.6218628794255929	0.23904999884305153	1.366800333520442	
0.004935615858360616	0.049589463532892626	0.5980806689462637	0.43413258007458866	0.013805210692345825	
0.0	1.244223537953014	0.0	0.043523490754254025	1.2373627624594905	
0.8473484031828005	0.33579311926369754	0.224691792347153	1.587589735633078	1.027758269900762	
0.22428311810050322	0.04382418718587037	0.47123149993848523	0.0	0.7498535388248402	
0.35025649139009246	0.5277174537978069	0.3604485445602529	0.6472904823760188	1.0092662354430268	
0.0	0.0	0.0	0.0	0.0	
0.422129461392821	0.1200199495335415	0.46486901722266744	0.5084452630949927	0.8383349119149915	
0.9898504011243673	0.7756768891567655	1.0667058914529084	0.312184188226034	0.041491227566703356	
0.0	0.3554029054587532	0.7497980908400312	0.6568279187002812	0.2671257913598091	
0.6068544296779088	0.4048712278468132	0.7035285499511419	0.3257417518749828	0.4443214051110594	
0.0	0.7396518485183112	0.6257908378276916	1.087981923683828	0.9874169290988739	
0.0	0.38898612984718567	0.0	1.104805998545221	0.6035303387959611	
0.39511394536618016	0.4463395836190433	0.6103596033970345	1.1338746454853836	0.9245385210824058	
0.24777053516668623	0.35718837313105833	0.6968383118528105	0.5518053061619094	1.831446040924692	
0.24708687203642943	0.9896865163475205	0.3210958389286661	0.815664522955048	1.8121514670317733	
0.1940629020935744	0.101171401127277	0.16145043014683239	0.8033527832808042	1.198108772035396	
0.4114191702295079	0.0	0.027146837650282495	0.27654713500665257	0.3094267737771783	
0.07046754305035197	0.5952777071038741	0.0	0.7490271078878769	0.6046425894069007	
0.16529484394112615	0.6056198871613125	0.06205112475575687	0.4523692917007766	0.5533797884606894	
1.4128270088885766	1.6100462189009903	0.48017627016931236	1.136317603285132	0.05735461386520576	
0.270631310508625	0.23172333282291976	0.6749250052969307	0.0	0.30286740475856483	
0.10722039024319308	0.3711333330805281	0.49298940069224456	0.37397618280130734	0.48437687404280966	
0.6211082304192276	0.572564659023978	0.3262727561087958	0.719572462374002	0.6039781132679887	
0.2497085157911254	0.010620997036923135	1.2762301760066481	1.1458829787054654	0.6489880090007307	
0.0	0.0	0.0	0.0	0.0	
0.0	0.005031368713982257	0.36966447798296803	0.4791816573808598	1.5090143101055784	
0.6118460866958957	0.02591224498867788	0.2387241326014429	0.5495299833001465	0.16189427320338723	
0.4246896878773619	0.5744595032258811	0.4916593740389566	0.4789809715454934	0.5124462096717846	
0.39113504003301097	0.3196987776014716	0.8233805004459432	0.7481727460988739	1.1942873291575606	
0.6789563140409163	1.5764113795451602	0.11431740919369544	0.3265447514236837	0.5280494861715893	
0.08862694623439785	0.221613209794341	0.5919197221563332	0.5669037601943804	0.627129367418238	
0.07768375129017303	0.0	0.0	0.12109825852555647	2.5691736867563444	
0.0	0.09256905419633224	0.1619908711182165	0.665961066211816	0.41426661053001423	
0.38162576023869943	0.8387495236170186	0.4164157045437255	0.7091456711690883	0.6407399038406477	
0.0	0.6809838627084551	0.00876534584109944	0.42375618309535745	1.1143082696263489	
0.6814388902238058	0.2462692547611557	0.0	0.3854071387713784	1.3264624305784225	
0.027510881571769227	0.13373695866259935	0.5129217054289201	0.47692520562031854	1.4293217962074312	
0.03861577649814764	0.33843462222958204	0.4766134164997561	0.7747678322834503	0.6919796232982998	
0.3218668103451608	0.24071036587700165	0.43092913915876185	0.37579063395680423	0.458875204330692	
0.015829214250829136	0.2057206367890997	0.17063962142129377	0.367443186968116	0.7539327722062691	
0.13644879347429353	0.5177713169595916	0.0	0.21681470563393698	1.1038263854050487	
0.0	0.0	0.0	0.0	0.0	
0.0	0.0	0.0	0.0	0.0	
0.45869986465631385	0.0	0.779936043092764	0.9707293237453585	0.3791797608771186	
0.37869904895248935	0.0	0.0	1.0754565917070724	0.7984775794335239	
0.5697994656961802	0.0	0.5319191497353167	1.5872985824560106	0.0	
0.0	0.7519614539342262	0.0	0.9838559459245177	1.300148036301667	
0.49167347647722837	0.7163772207227476	0.5049763427800634	0.0	0.19075724839865177	
0.37786768802659676	1.3523282046252874	0.3105267006207507	0.6293196259890874	0.0	
0.0	0.2902121428960281	0.003304394751330795	0.7391968125239303	1.50447002997124	
0.0	0.03199216329625173	0.571277170734323	0.11013856655784575	1.9748114690758074	
0.6469347857231533	0.6705996180637204	0.8453637649780553	0.38904647587715824	1.1560082713781867	
0.31953052783958713	0.9240771888493572	0.28454867675440065	1.0257317651458913	0.36748554819042967	
0.0	0.0	1.5742695484517348	0.6154716029346665	0.33423831751681277	
0.0	0.0	0.0	0.0	0.0	
0.9686179243994063	1.1845687687528814	0.39431665333605265	0.07789635913637287	1.513175697058744	
0.19708418027148272	0.4214165943212007	0.20830329569975278	0.14238334452083926	0.4615776908614314	
0.0	0.0	0.0	0.0	0.0	
0.6422818382474758	0.09009881666011182	0.1329211796963048	1.542170489488994	0.37425417779426057	
0.0	0.46938280269569777	0.5058023256599836	0.6120484178769362	1.477284057696183	
0.0	0.0	0.0	0.0	0.0	
0.0	2.700922383706008	1.4840491739567283	0.36153915177656537	0.0	
0.0	0.285120466773621	0.515496903213443	0.0	0.0	
0.5205556110957106	0.7392941297547918	0.0	1.296994580025772	1.403994312414888	
0.15410910223476407	1.3730547814702347	0.0	0.27066704394347163	2.355407136939152	
0.507161057216562	0.18682985778169878	0.5620841678395131	0.7763213188751913	0.8387241730836171	
0.0060749963005583465	0.0	0.0	0.5535779994354032	0.8194673409549718	
0.0	0.0	0.0	0.0	0.0	
0.16905473990460407	0.21170387966079734	0.0	0.3516374812725968	0.0	
0.14053671366727782	0.8827186468752504	0.9961642468591384	0.24141751825947988	0.4123034899096232	
0.2850366480942992	0.23002581090537258	0.31228863381913186	0.22576359751699027	0.4400410849683736	
0.0	0.5520553416350401	0.49027393488707016	0.7467069473431519	1.656288136898846	
0.34161864589957186	1.3518537711200749	0.0	0.4398216735273541	4.243532287493312	
0.0	0.12041007805874794	0.07722884867748046	0.175641152340146	0.7583371116219176	
0.0	0.0	0.0	0.0	0.0	
0.19581294366032667	0.9647144429037003	0.0	0.06142163789985102	1.1337513524467424	
0.5439154380685782	1.6698583393202298	0.7486395742679376	0.43345837174245694	1.2469121708538276	
1.0588459825557066	0.7689571390197328	0.41971834613858916	0.7209351907153881	0.31113503188406616	
0.050835620958662404	0.9448601076014275	1.9421090291041836E-4	0.15496724659128727	0.45225453821135353	
0.0	0.03897219581862683	0.29228124274906736	0.48746791020567315	1.0857053419764058	
0.0	0.6683642531162975	0.0	1.0360472188576726	0.6041558302646289	
0.0	0.13240433028714801	1.106148271380644	0.09185866177679196	1.512098993095755	
0.2038939927674976	0.846270815285339	0.44843103353059643	1.354584047892536	1.4832622636577308	
0.1803437643968807	0.22899246091427966	0.3210826171580241	0.456847321547432	0.8750136652670999	
0.11282996274290981	0.4692241707887879	0.5530501306435658	0.0	0.13282024162796374	
0.00584722168032628	0.13457711015485008	0.10153413492459226	0.09330745679171712	0.5896088128512523	
0.0	0.0	4.3994652665370625E-4	0.6227575227556543	0.0026379320100756074	
0.0	0.0	0.0	0.0	0.0	
0.0	0.0	0.0	0.0	0.0	
0.617832904733336	0.007678893234556427	0.215227183426411	0.6552412105250722	0.7627456923567641	
3.7685354519606054	4.398269529150513	3.5390385304694303	0.0	4.605153534454657	
0.0	0.2869941765884338	0.303932645632312	0.43758424752000974	0.9028194540166491	
0.13114320239838048	0.7637231149316402	0.4546638320561505	1.0153992342057103	0.050171217157448905	
0.2049770275984241	0.9928953703952575	0.29552364345659915	0.48162022969398377	0.333797197706259	
0.47084471736564687	1.0904938078146227	0.3764671803944894	0.9306178082326426	0.9843427003421679	
0.0	0.30729631356665665	0.17255273569357163	0.6790321742844214	1.141311855060218	
0.23596460667125768	0.6957173894202517	0.0	0.21535165469777903	0.15551383946118988	
0.0	0.0	0.0	0.0	0.0	
0.323757359055448	2.560831998224636	0.4431538486636472	0.4820418229254044	0.0	
0.9575694911822933	0.1415820995180048	0.1555429438955208	0.6715928353646493	0.6704982932939256	
0.4620950282988256	0.17214292461609337	0.0	0.09240845452895391	0.7011986471821481	
0.0	0.013246759402826202	0.19870889762211136	0.29973427398786	1.061168764172684	
0.0	0.0	0.0	0.0	0.0	
0.42854729196458263	0.02570147339805819	0.8059420130201849	0.6957458317811578	0.16967974478200137	
0.3314120160809165	0.5787332917827467	0.053868145280131084	1.0941633608599513	1.9867587626891334	
0.0	0.19635992716826087	0.0	0.5546544548211078	1.1557957141097552	
0.45622134451691515	0.5138925474621425	0.37917282154600473	1.4330767645585696	0.5488992542189203	
0.5219004513645349	0.11175358445088698	0.44708131294973147	0.5308147655162527	0.03886631894505981	
0.0	0.517784606023939	0.2544198357904191	0.15798315185180234	0.2069235017402959	
0.449699897474352	0.479617916675647	0.6636395596287278	0.0	0.19991654621474864	
0.8721254623929087	2.761584222940144	0.20463886377038346	0.2662875577318023	0.5806427405385891	
0.0	0.628518912507864	0.48396809043402417	0.8778655089408096	1.3941673751948944	
0.27303521418066484	0.8723396582956838	0.07540934229702408	0.003689013175525279	0.41529206387105844	
0.0	0.6465039920058634	0.0	0.6547921648331496	1.3715395453893264	
0.22403999989445406	0.28881834066869333	0.31410486595219217	1.2818382504132209	0.8257028532988802	
0.0	0.7005016719890471	0.4089995388554407	0.0	1.9193293052913458	
0.0	0.0	0.0	0.0	0.0	
0.4636305058248166	0.2984298363240718	0.3469487434475438	0.339656335417025	0.5011419134886301	
0.0	0.0	0.0	0.0	0.0	
0.4924050008133586	0.0	0.1978738719716971	0.18256920923052683	0.259571896902908	
0.0	2.865314042518839	0.0	0.7886638083077127	0.49909804604541663	
0.0	0.0	0.0	0.6590425318246906	0.5018162121993979	
0.0	0.0	0.0	0.0	0.0	
0.6230668870954535	0.47034987303916126	0.5958615305805758	0.6446621795082099	0.47089590746839755	
0.21036165883510535	0.6082981216697135	0.5854490385219855	0.5157123507987631	0.30971297158476535	
0.4116548122365049	0.0	0.3604080645304645	0.45000943245149916	1.6425402562009535	
0.17712829795004575	0.49799478045308493	0.31181897257648067	0.08278398799370329	0.3141082703919445	
0.0	0.8313069226353504	0.044718410182040404	1.292121808637998	0.7399012639252165	
0.0	0.11660445540411678	0.0	0.7091164923775566	0.3382688037166718	
0.0	0.0	0.0	0.0	5.736326219618512	
0.6009448039711771	0.2771335112022457	0.20237020393922872	0.5355286605746709	0.23098084075600947	
0.0	0.0	0.0	0.38050261903920096	1.6132673925204968	
0.3365263268567474	0.6241528212551011	1.2112404644952335	0.3810935025936938	2.8302487415803874	
0.0	0.46444970646872463	0.08169466743478322	1.6989447755092792	1.1038822383743392	
0.0	0.6896229000151994	0.17382698732549096	0.4137195722481248	1.7522725205262004	
0.2003717105537451	0.04171854579145912	0.3514014321352385	0.3188274587487352	0.07656426755305859	
0.0	0.7642157735566529	0.34105664726562296	0.9174161841177036	0.0	
0.366216663319377	0.11507703850757021	0.20538392517559625	0.4804776573823821	0.6895932004767275	
0.16441699172201868	0.009218868102853559	0.46762231921955283	0.28672721240197624	0.31678623600844225	
0.09267508057537918	0.16722084551032712	0.04125386463378798	0.6673102672109191	1.3735508209263005	
0.6718404016938603	0.28988382127680756	0.2911179113705043	0.7186155406798743	0.2544668840584102	
0.07201879157942392	0.09030225555598327	0.5495285553894306	0.18578129330836743	0.555881452202544	
1.2306223259774685	1.8381652366795578	0.6168458956577247	3.235165755129868	0.0	
0.5103228057784823	0.19652283177433652	0.2699213897475387	0.8352840856904208	0.2547120384579907	
0.09849317098063001	0.30399364187342537	0.15169795647771825	0.483442655990892	0.9609911546371578	
0.10834267922751217	0.11093626130940917	0.8423239369659601	1.4540044302762032	0.2666919057400335	
0.22550437328859352	0.07888168233497217	0.39436658492121274	0.3419526055899574	0.5209169900667232	
0.250475238071666	0.7116164092481317	0.14917694422884592	0.20087791908981711	0.7192355186076724	
1.4051592191034317	1.657876353849914	1.2920766678934166	1.5726654206667448	0.18308792169316315	
0.1937247591875588	0.4917766010562445	0.5075481337768484	0.2516123535737774	0.19481696282983638	
0.668181562589145	0.31775970364691053	0.06364646052724303	0.44245267956738193	0.35474665281824674	
0.0	0.0	0.0	0.0	0.0	
0.2216344657815134	0.25360775317179657	0.6784766767143392	0.31098457918779343	0.5233802997003937	
0.12284126743853363	0.3653544905100423	0.0901008356385315	0.24289532239844355	0.8834335958767022	
1.2961315693422433	2.884712744871155	1.281910557023682	0.0	1.6635448753312718	
0.04671925378775521	1.0594773102589896	0.7609398945950445	0.4317961156263078	0.5615409134333524	
0.47258302472475466	0.20647279534259388	0.0	0.21524887588488603	0.2965318379199693	
0.03905437304224465	0.49602870892455736	0.3037504953854863	0.35494795218191005	0.34734106128083897	
0.0	0.015197294238891252	0.018739614019501777	0.017522225879939086	1.1430316156561593	
0.219911215600187	0.7323530619993219	0.04936987742719696	0.1603872308319175	0.27335085036876994	
0.7825559473934246	0.8755971232153318	0.9105976604112856	0.0	0.9845416543203079	
0.278633906856013	0.8164504247426388	0.5788608547571967	0.7219071886515562	0.298130850677306	
0.0	1.4316699319519441	0.0	0.327123826461442	1.022769447093028	
0.64360111664041	0.3497589759329522	0.6138531770244751	0.4231568822181747	0.06594359082136253	
4.248879900230563	4.673604674875522	4.557144526269236	0.0	5.991302197003249	
0.0	0.0	0.0	0.0	5.351199424032929	
1.002757979999986	0.9047195384538884	0.9359859265266527	0.580088619495654	0.009956585995152617	
0.0	0.0	0.0	0.5145332377812322	1.2940134621558332	
0.0	3.6340435441678203	1.8062471668416638	0.0	4.464638306062239	
0.8188639695460065	0.002982086681347179	0.0	0.5424559854198037	0.24261753829149488	
0.0	0.1948861590062083	0.4399620232626073	0.6382166323290267	0.5076315598891415	
0.4341447482245284	0.9457781246460063	0.0	5.65589207751805E-4	0.0015585967961146234	
0.0	0.2777372612678877	0.5988229963040844	0.13482326224814983	0.2303216178114936	
0.0	0.007093381750128908	0.05536967874314868	0.7581237585120577	2.9973665338594793	
0.0	0.0	0.0	0.0	0.0	
0.0	0.9358075261618141	1.4956711588051477	0.5190692618331705	1.3358161732521325	
0.19422411476189766	0.06461670992185244	0.28476605276431466	0.5285330330198695	0.8519390991925415	
0.3328989897311148	0.3931115313743182	0.5770480500722475	0.2085949946399595	0.325373535671911	
0.40696836671675535	0.23408384360452306	0.3976878121434224	0.6385495811368727	0.6505227911926564	
1.8334364213755214	0.5501737955521927	0.5651613132008932	0.825044587944641	1.849306234790949	
0.0	0.8990898222766678	0.37495297327485777	0.5327933583819257	1.3023574891236582	
0.41640623294685924	0.28984555294958686	0.495756838281118	0.24131532617150342	0.5259083441587769	
0.039205351229605556	0.30809639246412346	0.42688154058079747	0.022800691351122747	0.312182232718566	
0.38923774108363174	0.9281888374058302	0.7117305319076792	0.6128924049457519	1.3935084728450768	
0.6555285313596578	0.0	0.30475757350261495	0.23159136856858947	0.778538295291198	
0.0	0.0	3.5320514580877775	0.2076349622195757	0.761573780582394	
0.5309298683390294	0.0	0.015057582649106461	0.3285930353682707	1.5179576445211354	
0.6568543301305616	0.0	0.48798880472224254	0.706375825426311	1.313702089919681	
0.3409014126212583	0.8232481799233347	0.8899394278065105	0.9318659303561408	0.7917634184366189	
0.7675577165588424	0.26502895378883845	1.0862466860759274	1.004339543275784	0.06362958054754579	
0.45139377631638783	0.25668695019893834	0.2774150525866231	0.20269505364391302	0.623525137542385	
0.24937624409592865	0.873269438224442	1.5111033079776928	0.23306193328227368	1.611569544654738	
0.016948087536174543	0.07281858854990378	0.06654544584245198	0.45054004382877394	1.0017788601544992	
0.0	0.05330643285927124	0.022926532680429712	0.3257433933838592	4.241764974445557	
0.16921211497831118	1.0657224239095422	1.0433381627146956	0.20439242365349644	0.8363495138720565	
0.008936448126267737	0.08498224915720275	0.7075356728244891	0.40331547711509336	0.6496173271837158	
0.3660938124820455	0.0	1.129304123026211	0.7270842000365227	0.6011845258275595	
0.0	0.0	0.0	0.0	0.0	
0.0	0.0	0.002177582356684884	0.2116373921624735	1.219454299697928	
0.1115795390508009	0.0	2.0323644028591823	0.9679127008880131	0.5871688610744293	
0.4996989978085547	0.44245625094359853	0.0	1.2262734162358566	1.7569279861401845	
0.0	0.0	0.0	0.0	0.0	
0.0	0.0	0.0	0.0	0.0	
0.3745687394784189	0.3832039906713051	0.0	0.7211643592910776	0.7971535053318459	
0.18218921405620406	0.8835460235111248	0.40397367519366145	0.31098901200763956	0.49624333471849813	
0.0	0.00483575069033925	0.6567306922777896	0.07476268495948152	0.9469396065262972	
0.0	0.28401987550370006	0.1724598203573204	0.32250176302928707	0.045997526923920326	
0.5005685899295981	0.3349430518332126	0.19968315162147807	0.34733299852953897	0.328457363410591	
0.012317706529210893	0.8421192691165569	0.0	0.16445535461318747	1.7912656428639566	
0.42093144769016516	0.3930859478485339	0.7881779249227651	0.0	1.059542044156756	
0.09992022346779307	0.6185317186093067	0.20681406522858992	0.44612550179293653	1.4727223978883692	
0.0	0.40018131321232325	0.5345980641229915	0.3895513998519468	2.2410985545655793	
0.7624032847374529	0.5107364347039914	0.21248491017111057	0.526119711508813	0.9224770275829234	
0.011197664030545888	0.07038915222097021	0.17357008475609995	0.5844260908280975	1.3312626889236057	
0.0	0.22795859870416585	0.44502731329426776	0.0	0.5780868515911202	
0.7379099582612608	1.025726013428941	0.16606366614358717	0.06257091770714983	1.0459819987642445	
0.9807405144132567	2.331701572108084	0.20706632275227535	0.24539280465411628	0.4582584834819792	
0.0	0.0	0.0	0.0	0.0	
0.29220295504259064	1.844352736860469	0.0	0.15258669642214737	0.7262712982509543	
0.09545652570585701	1.4126477721842814	0.5090984387743569	0.6795177553287796	1.0489804286629065	
0.0	0.052225604262266696	0.6679370685046114	0.5267810967082032	1.139491280526704	
0.11011569288919368	0.48122764029780296	0.18041291580959765	0.23606995564966737	0.6065452813264348	
0.22363439669593624	0.01108002816008543	0.887386195783177	0.2733257723577178	0.18264182282688973	
0.0	0.0	0.0	0.0	0.0	
0.0	0.5938351682435425	0.044915595805383485	0.30675239802655047	1.3678833436811122	
0.5961296709019042	0.2244781357800095	0.06396340589479253	0.20312142836624966	0.3585318247553538	
0.6413961181279407	0.6319966880867492	0.31634235187448767	0.18888651870542092	0.4651709907867514	
0.11293573415901186	0.2949469755384155	0.0	1.3466157174310573	0.0	
0.0	0.0	0.0	0.0	0.0	
0.21251628433347253	0.23046628234853767	0.5008524489773698	0.45247963842092476	0.1863019970536888	
0.47254847707878334	0.9221122312864413	0.18722597298640611	0.027616751747385957	0.32441022165828837	
0.31286343903499086	0.9059469423408906	0.7828509489223593	0.5522359070690352	0.2519438735223316	
0.0	0.0	0.0	0.23774830452513526	1.7773719137450064	
0.3474433614636605	0.8304270468944482	0.3497889659176269	0.07855006647157611	0.0	
0.0	0.26076753117172063	0.03306117661642139	0.1045573010986222	4.062467223819006	
0.0	0.0	0.0	0.0	0.0	
0.0	0.11219216003215741	0.012911373998120054	0.5502573497717448	0.40654836799929567	
0.3521929885806788	0.20021510740158274	0.0	0.867926160575221	1.8861168826459687	
0.0	0.7339795769800951	0.2800134840616923	0.024289901756688593	0.7023889310680235	
0.25787563329182817	0.25044946749466357	0.2365001986282032	0.2762247597746003	0.28304706084489495	
0.769992232534651	0.03000181606431367	0.0	0.25324631508427115	0.19218811750585035	
0.4518504341852523	1.3774775761280944	0.1620947930176273	0.4506889228633893	0.5430436508586335	
0.2690883029873295	0.5342694970069782	0.0	0.4747349319345982	0.21764591050865034	
0.7339172034708316	0.5458949250206003	0.7600774605994477	0.9642220060166334	0.04524389267152452	
0.0	0.7950346001821961	0.3193206330741004	0.5409385973745522	0.0	
0.0	0.0	0.3709947643480774	0.22004970940718954	1.066710842356109	
0.08703502724552772	0.1498093647978043	0.3652823206136344	0.32845543864617527	0.7235537061293839	
0.2478020331056058	0.23432725963562204	0.6873370334919473	0.1328174506653663	0.18993476068184148	
0.0	0.2541822855945985	0.4221360747645515	0.391402511394659	0.37272339254536596	
0.43725046345553925	1.2732307264804138E-5	0.08177424554256148	0.638381265752994	0.08263607731228817	
0.029548503135542734	0.6224524457995642	0.6548580643946836	0.022408797146150468	1.1066932018396853	
0.40159730993391846	0.3852340961634947	1.409265873031761	2.017167664588972	1.1070960076794023	
0.08009244271431608	1.5782408004656572	0.29833082464124167	0.6270861782194741	0.4481512980306853	
0.0	0.0	2.4329812168472387	0.09794245507680016	0.5853978817952153	
0.32478132158842116	0.0	0.31766907878969447	0.44915175353948195	0.3128228818986973	
0.0	0.0	0.0	0.0	0.0	
0.7320542147592036	0.8575295644677009	0.9759402777004939	0.4437280950494566	1.176165768721169	
0.01789670530198357	0.1750820635842143	0.2920775993419823	0.13162445004224474	0.6568064411999921	
0.0	0.0	0.0	0.0	0.0	
0.13073579368600094	0.45042821691474866	0.6836836701920743	0.3134901719141857	0.28688685472865333	
0.8336386901562708	0.35855574266855145	0.0	0.8634472262867399	0.18446646488480722	
0.0	0.3332235993602249	0.15490967340433445	0.30450199838566355	0.8755223249696603	
0.27494494949884357	0.003325636629279754	0.0	0.4345359453978554	1.237543797989116	
0.2495763600671622	0.525072617304375	0.425026671841603	0.5244324108361664	0.1713689846945299	
0.18991840633403817	0.45999170774466897	0.16263786099967067	0.46906580041093443	0.6255311613479215	
0.2024634280771173	0.6926898495200307	0.7844872685843587	0.43530809709879453	0.1812274954234565	
0.4114170473368003	0.2402913777536608	0.39828474700466826	1.0212555175411917	1.2538120841587217	
0.10023895062344321	0.6762019681637619	0.0	0.3242695323025497	0.5938878326072446	
0.0	1.849739834186925	0.15308225348621798	0.5240277918590901	0.0	
0.13592740232344988	0.20952125837979343	0.14914941366637727	0.19342119612980496	0.0	
0.0	0.16255467098299617	0.7218731966526621	0.5644062333264482	0.1589082263659543	
0.13617142491219686	0.6467033050663635	0.5730464447002563	0.5715957576637385	0.19606238223771189	
0.08959351126940984	0.5112151078459866	0.954481807896884	0.6956954270387534	0.6736310343797711	
0.45937158856682114	0.0	0.0	0.3032999829105499	0.5392564465579243	
0.0	0.0	0.0	0.3748435605968949	4.419248536350045	
0.040955815174858363	0.08013862616686736	0.0	0.27464839609804353	1.1109397868679558	
0.7243401658276081	0.22506833708859872	0.6667912767465342	0.31750280026512984	0.4356949858599037	
0.1647781556963617	0.48976401199515	0.3891538670454213	0.7532953245937621	0.33582036293346085	
0.0	0.0	0.0	0.0	0.0	
0.16350596545291052	0.8967524863066128	1.0409248587315025	0.26807033355918003	0.5965473340396673	
0.0	0.5789331231536011	0.5969558233146414	0.4268559068623828	0.0	
0.0	0.0	0.0	0.0	0.0	
0.8073643172326985	0.5691864260549852	0.15179589259835613	0.3222173722363665	0.6651453919727096	
0.1323780850657585	2.297834508083046	0.3239205022315069	0.2959095035016883	0.0932539559536217	
0.0	0.0	0.0	0.0	3.95858790447482	
0.3955233449245818	0.9716825661295747	0.9206054659483969	0.24235688976656994	2.0275509847079296	
0.039811505079262545	0.3279748481685918	0.33889036218414886	0.30352408799114655	0.5966301336557733	
0.3626439784412971	2.527403523157975	0.3336857975286486	0.2540690467259303	2.6126253593387068	
0.3294060047769615	0.45611000168366594	0.0866723898318495	0.595866838503416	0.04818665568271087	
0.930072191741939	0.0970885488379151	0.09800673968466628	0.23458117684683788	0.4068864433831912	
0.5328509234707892	0.43660552757090276	0.626677761599219	1.1620606748876792	0.41090819943757245	
0.2847633561833586	0.42794635852169177	0.23204703764202167	0.5466427310267298	0.7599647025226178	
1.1072300609830699	0.9020957714972725	0.2955697432956743	1.1444023712915674	0.0	
0.0	0.4396201460246391	0.0	0.569196011488114	0.9862684924935905	
0.8729358318467996	0.3364980281266263	0.7365641967852536	0.6956985316865214	0.3664890341319104	
0.027663953763786612	0.8094853403472048	0.2174974729735289	0.9950491546737984	0.853273083572343	
0.4183634728929875	0.11649826383864444	0.3624318914308679	0.3536700963008496	0.0	
0.0	0.2467434687392006	0.3434565388603048	0.35682099574604376	0.3104268907199773	
1.0600864132793535	0.15555896735975816	0.0	0.2391653492081129	0.9439620289229478	
0.03601201947326478	0.4018032230658552	0.03137225264708024	0.8644338895009778	2.3223218912720953	
1.4270615479998787	0.11194485756012851	0.3020907851232658	0.535101288043615	0.19728379465332796	
0.0	0.030145911582758617	0.3606122464607692	0.5233700141933693	1.1715259157499123	
0.07732757356027391	1.1395820852724656	0.0195400673636765	0.16728090072819887	3.5320714434968274	
0.6785295113096981	0.8888415835008582	0.5709439517575696	0.3149511335278175	0.08464559686564578	
0.08628825682511095	0.9125352101225418	0.20828304272908338	0.542159688275503	0.20024890270711673	
0.36341340605185174	0.0	0.5438187084704866	0.6969422615144336	0.2379920115142775	
0.09742120493751333	0.0	4.0258440891099317E-4	0.5175733751244765	1.7009008204811813	
0.13774881673137113	0.4207068618985371	0.3875617003624943	0.024715115966976214	1.1509197997226726	
2.1304945027580426E-4	0.0	0.6951537192411613	0.3108813751784313	1.32732481217608	
0.0	0.0	0.0	0.0	0.0	
0.17765541178432961	0.04851479637375326	0.023516345400013176	0.6896680178657559	0.9819810828982597	
2.2122140328100786	1.669652073758815	1.7942407927989281	2.3386932591044705	0.4466517670093371	
0.0	0.2050107873400261	0.0	0.3141531500849057	1.0772128409703783	
0.6200995577975209	0.6352128446703561	0.3022623621052015	0.8089702457948669	1.7382204087128015	
0.20893702273560352	0.4776421069117715	0.39647440463523753	0.19211646540562244	0.6102424084997382	
0.5298410209459063	0.4965512877739423	0.5129224811431237	0.0	0.041566395597034865	
0.08366558562383783	1.6339874665148388	0.3579016392251751	0.13629784825373212	3.947954953731412	
0.3695395284400858	0.0	0.9585122780880593	0.3731586601419151	0.5785542145931828	
0.0	0.0	0.0	0.0	0.0	
0.0	0.99484455096081	0.0	0.33676811934412215	1.7284064657109517	
0.0	0.0	0.0	0.0	0.0	
0.5228646367341206	0.3411236450397965	0.39849693281167353	0.1253028723705348	0.0	
0.0	0.731540848799416	0.5821432518503208	0.2648672105316418	0.18131649382472592	
0.4048590170421807	0.1662310154523929	0.7790264002630812	0.21230444285743852	0.6196579844785406	
0.3490905200093238	0.48120278038653314	0.3253033489613906	0.4480356160191651	1.5278692797234548	
0.5100815513240001	0.5626710248727663	0.0	0.4724202015974994	0.40842344566170075	
0.28074847821776017	0.12423057365253348	0.06606193155405732	0.0	0.3303315233276183	
0.0	0.0	0.0	0.0	0.0	
0.0020587988645082004	0.2650580824469406	0.0	0.16476708952453403	3.4490928531688216	
0.0	0.17480157123906845	0.016076048598267015	0.3362403844168778	0.2866503127609781	
0.0	0.0	0.0	0.0	0.0	
0.4649538852299603	0.08341975573552107	0.8044513952117335	0.3488670355112626	0.7196937893719355	
0.0	0.0	0.2756744991690274	0.7220085551512723	0.024783752882089952	
0.6007709147746699	0.43075161405435475	0.52151267170611	1.4644294772122592	4.154010672315189E-4	
0.17204855371865857	0.0	0.8256828718791529	0.0	0.2250354172397078	
0.5344002715371188	0.320553835417229	0.2667245363314677	0.2919706675403872	0.46453181487324996	
0.0	0.7517134367843293	0.5914452099275342	0.0	0.0	
0.03504242105819744	0.3348643388767782	0.2530731903226428	0.36841131888944667	0.43864181544204095	
0.0	0.0	0.0	0.0	0.0	
0.7845800525733891	0.23659534831990517	1.1146176151701745	0.6905181711902982	0.2509072860854446	
0.0	0.0	0.0	0.0	0.0	
1.3005608458606464	1.4909827470144301	0.7369323245374562	0.0	0.9489240233087388	
0.8701633537459629	1.7033466310665066	0.1796803319981831	0.3850219927316721	0.1371086425993799	
0.1028819090525605	0.052815715735060734	0.6802274776891499	0.2998939308367412	0.8839594827831052	
0.0	0.0	0.0	0.0	0.0	
2.993021886246147	2.8967854515245484	3.0410764437646036	2.1338961183589435	2.5434277014345072	
0.0	0.3519846947464057	0.5334540907396356	0.0	0.736275336748733	
0.7416995326349356	0.27355631443956463	0.7824251144248716	0.6506927507851152	0.007065306847853166	
0.3988086485154912	0.2224064834951778	0.4124160747006656	0.5324339909163116	0.3648493565353406	
6.23539960860119	3.330346336798045	1.4339160422711288	2.3322517174999677	3.3912647742300956	
0.0	0.2508018155121696	0.012030238104999692	0.7762206156402439	1.1689788921969584	
0.7174531453364117	1.7717168846803608	0.7139680568930361	0.17075100890796996	0.6814945928566296	
0.0	0.0	0.0	0.0	0.0	
0.15303666616360803	0.04987898895141098	0.23639495478403127	0.4716604695268746	0.0468866399176673	
0.2617818236108155	0.35980417884616933	0.0	0.5489704143411203	0.7658826598917399	
1.770101870054764	1.6179228234775929	1.4545701276298788	1.3788611192334637	0.1308095853434169	
0.2522909419370587	0.34579301553238784	0.11924753397599584	0.23255579918610106	0.7923867104755341	
0.42023627765156146	0.492518774773141	0.7260678596100464	0.32109815948572346	0.4159647553267719	
0.0	0.3573854858495815	0.7048305907762921	0.22868423156211265	0.12081327165412573	
0.7278393783577102	0.2658699694490607	0.4635765198203344	0.8920236489963136	0.02438503466006094	
0.11833634028915488	1.9203617812141645	0.0	0.3835970265177869	0.24470334647438183	
0.9111774341750778	0.8094069518394115	0.3228032048119557	1.021718790120712	0.0	
0.8805336409440145	0.931987363471253	0.44415110546190173	1.0030551649460149	1.5153144632968025	
0.40479981918972	0.4004379311795314	0.0	0.8012390350841792	1.1756242863827726	
0.0	0.08681527111296194	1.7431873364885262	0.4571753917773585	0.5824727879046123	
0.6978674780177301	0.06917083958781764	0.5832126691359601	1.0235758917471323	0.8482537251073337	
0.32615150475735083	1.2888889714442546	0.639977084885344	0.09985711792881426	0.027800005279776323	
1.6680118385521492	0.0	0.397098477979909	0.4935653681175377	0.03467464023926066	
0.24685651756108046	0.17507602001324452	0.42950980556079954	0.18393978795874674	0.1188680083863535	
0.07849208107262867	0.4847460774799873	0.08558076985336169	0.02244754460541167	0.0232974026616622	
0.37177247525652535	0.4123401106369451	0.0	0.3372166840778736	0.6268489798668858	
0.04995029612112198	1.724482322683144	0.8488018138994444	0.9527685474401073	0.4546540471961819	
0.6355442697206204	0.29304952046080784	0.7322644968023888	0.10144655173411073	0.22643981291573206	
0.41856254359524975	0.7149081504891508	0.37857650004142246	0.8888088021919432	0.5063363685147169	
1.2781027903729172	1.255726198084958	1.6759252168841825	0.2236461199063658	0.0	
0.0	0.0	0.0	0.0	0.0	
0.583658603776135	2.6586140551911766	0.0	0.25408265776171357	2.4705597266180432	
1.3934466611315182	0.5403930198489028	0.0	1.0196937481152315	0.5532450856067839	
0.5703487149791456	0.6303849582852401	0.3011789415166406	0.18473157216500105	0.41594096058270685	
0.0	0.0	0.0	0.0	0.0	
0.8759323864629183	0.0	0.6223332858172357	1.7545628639254958	0.3485646348491801	
0.19652109741863563	0.335373712429743	0.0	1.6618803214429152E-4	0.6575806868895281	
0.13688573861505612	0.10421260307826413	0.1755790623153272	0.3027732721565939	0.7966561660828988	
0.0	0.45820208333493345	0.27807516396353077	0.7777559441236654	0.41806781166777157	
0.07570224233822419	0.013260785752375	0.19833340188559112	0.3363623922406383	0.8131384428473057	
0.08644744740446013	0.41629734304523336	0.1678127249538548	0.38550207746039944	0.6041591896953256	
0.2660277977184294	0.07107121831374028	0.8677493748120867	0.6316167217326837	0.2878231440970964	
0.14735322855090535	0.4272168876207192	0.27333865075524333	0.540384691152773	0.08795502048030453	
0.0	0.23363426184872857	0.0	0.15819741908160742	0.36666801313961345	
0.2641395164039941	0.8997721941684966	0.1758194062661853	0.02118061445301598	0.30459483024648215	
0.05531531478339032	0.6068277457643297	0.457366469101931	0.0	0.3069920495670297	
0.0	0.7189935741260567	0.8117976844729551	0.5126773602671376	0.08267007957385174	
0.2833314839718577	0.46963865143822925	0.14088157666825818	0.14160036235888399	1.5768452836575486	
0.6347830834958972	0.38699921124500364	0.4153866407478044	0.649576162177151	0.564809093126905	
0.6364561696355382	0.040814022431389735	0.27028995928148547	0.9380085755740576	0.7392374791114739	
0.2446865290664435	0.0	0.4998313472569194	0.10657087685429699	0.2218190882259192	
0.25252793311212324	0.110024847257439	0.20274306600650063	0.20394866257732377	0.5541287771020547	
0.0	0.0	0.0	0.2590416408421921	0.004654469291387129	
0.5426971300376837	0.5295851204559633	0.7694868504486698	0.2835577474891024	1.562147991377548	
0.25307315096343225	0.19829922667625632	0.4455414217956502	0.40058858297270994	0.09772647842824396	
0.0	0.0	0.0	0.0	0.0	
0.48228211669404564	1.148576898428563	0.5961591667423972	1.133614141650235	0.1756714866777132	
0.0	0.24152366151156993	0.13617996065588206	0.6800002251829037	0.22184135711004635	
8.679637311535386E-4	0.733817509230832	0.0	0.0	1.166363492946428	
0.4695406638903068	1.1790058610660148	0.6370203688998911	0.5495327573432165	1.1208474759575782	
0.0	0.44878415635947627	0.04650773918427254	0.07970281496735442	1.0101376923099352	
0.6917950698655532	0.29096398049129296	0.6263022194682571	1.155205098310622	1.1707991984328545	
0.12246924848631088	1.2228181084747658	0.24453264460625979	0.766374490370244	0.16512776514975736	
0.0	0.0	0.0	0.0	0.0	
0.4889065492578695	0.49967381162478786	0.0	0.0	1.2013844020777582	
0.62711247015219	0.0	0.0	0.8040834389645616	0.535045497853418	
0.3612731911339483	0.0	0.147603783103354	0.0	0.15912435459892602	
0.050368183666692656	0.3996835427711622	0.10649573422368479	0.1885979159327725	1.3068325241878145	
0.0	0.29240359547522976	0.4363175214110091	0.8901113819808019	0.1672675617430593	
0.0	0.0	0.0	0.0	0.0	
0.6972501940299906	0.7006313194801755	0.4800890086967861	0.35629240853022615	0.3905727927057448	
0.0	0.4530647236975849	0.009165059999165233	0.48660488363245424	0.5936834227586623	
1.1990803920702813	0.14722206214367806	0.44743178233390846	0.49368202571416914	0.19187847182494536	
0.2026720532019756	0.47698673811831	0.8213794374740688	0.17850870915519573	0.2729830430544085	
0.3009626587874529	0.7896138204808211	0.1625549553954292	0.9505257226737345	0.5485951835589937	
0.0	0.0	0.0	0.0	0.0	
0.2982618830216858	0.0	0.11861211127014935	0.784073788853797	1.1655506349887397	
0.2589293182863842	0.6326795014567118	0.33590488189412815	0.5715268647272757	0.45379905265170395	
0.5245435547383569	0.7074018819211593	0.0	0.14237506228668936	0.5720619442720869	
0.0	0.5724199055315311	0.42557640541533126	0.8716688019379657	0.5947720348757369	
0.5274618850887508	0.7097331292611286	0.0	0.7081040827172421	0.014329894156496634	
0.8563578895756149	0.0038790288064573268	0.4361775892903851	0.79863594677569	0.3361615033422408	
1.1654895769014308	0.6036133026758134	0.6037316289405016	0.004080471625244648	0.9628824885646917	
0.29828610018496554	0.4551546864362552	0.0	0.11505729052178905	0.30781238737652733	
1.0407263353853624	0.5999574515401751	0.7660438267954967	0.44984941435849113	0.1650533929275275	
0.366930119003044	0.0	0.469503593105458	0.5831501320030266	0.573563883795526	
0.0	0.0	0.0	0.0	0.0	
1.1899867241955016	1.0914246368139224	0.0	0.7115420449013437	0.6216869488039126	
3.6034323199325264	6.202001099948232	0.3239512016230203	0.0	1.59164756532798	
0.024714380107994708	0.5191500518503913	0.5061887949317865	0.06363140489944628	0.3098320395845139	
0.0	0.42364955854926317	0.41914533840241963	0.8251107829825893	0.6281726180899802	
0.5142535870609983	0.1425925346345767	0.6629430513801103	0.6870484232355022	0.3395865755696935	
0.6296652276456064	0.17258247466913296	0.0012844536408598809	0.37671136920441334	0.162856699255702	
0.0	0.0	0.0	0.0	0.0	
0.8909887848650956	1.1718596003133144	0.08804193546073268	0.316614197310369	0.6570328567399254	
0.2519987342625756	0.1343943270587308	0.125810578216597	0.2909207532997188	0.25531444063416486	
0.06465054489397759	0.4292862348626882	0.33111086903262354	0.042889987448598565	0.18590184270901242	
0.0	0.0	0.0	0.21198205569875944	0.0	
0.0031151786241296817	0.21200195248687342	0.29088403369431665	0.5065142505457574	1.1619450422787574	
0.0	0.22829352389644927	0.12937337220860062	0.1802934670818694	5.241692671422215	
0.11598973042764316	2.9268278469914555	0.9510481391603837	9.713709235923993E-5	2.928134282834241	
0.26505486981503706	0.9789365659104938	0.4793318289639235	0.2762651166916997	0.42807417734516606	
3.3899952696697	3.8582120139084957	3.9108626590745352	0.0	5.807015066574957	
0.536839012496752	0.1404923811361262	0.18055069787128025	0.6162508358673219	0.24223101818376347	
0.28411135265921705	0.17425677011445037	0.7401975347229964	0.31062222589344907	0.0	
0.3367493261654525	0.04438439612881652	0.0	0.506676944038875	1.0742824909226718	
0.0	0.0	0.0	0.0	0.0	
0.19049206115855213	0.9148295876477257	0.2301032558707855	0.3321864734954526	2.336452622210478	
0.0	0.0	0.0	0.0	0.0	
0.16619091716557002	0.18310748563033172	0.007635430546298227	1.1913136084106577	0.0351608095482816	
0.07124767868757068	1.0220738790930277	0.07656114836298034	0.48139468462781365	0.16096395880716968	
0.0	0.2607119369919261	0.33033154088456745	0.7763239854945164	1.1730139383108982	
0.0	0.0	0.0	0.0	0.0	
0.0	0.6406108186995553	0.6259150242089956	0.10939513885614481	0.8559156692492789	
0.0	1.3901081550333185	0.4719328309507046	0.8761772941290403	0.8544272990057904	
0.4994209032667039	0.244416326231708	0.14090871440823782	0.4517122926451138	0.033809187038113815	
1.5517864806174013	3.934189465641382	0.7268319201960098	0.0	1.0696901866951616	
0.21332759130612503	0.0450131772786311	0.0	0.3229942901135384	0.4379963501021893	
0.7131602545434158	0.0	0.0	0.7855264941137665	1.1778455608242706	
0.3979899626473258	1.938642811929212	0.0	0.242580783352401	1.253521443767188	
0.365273588426812	0.0	0.3690061072655826	1.0034556603606484	0.6203772889979876	
0.7100532044010132	0.011569121351010235	0.27802328256531955	0.9464746290816389	0.0	
0.0	0.10048471338790498	0.015293618473609867	0.7934006955453768	0.10188017259004703	
0.0	0.0	0.0	0.0	0.0	
0.6311957017494056	0.004116521369235333	0.0	0.4787278617990569	0.46395172733661943	
0.0	0.13917214071489667	0.42271728874432624	0.2908430857181211	0.10858668451981832	
0.3494920920143579	0.5598149650867359	0.4409713749233442	0.12555936673369783	0.19800960469522882	
0.416537362940664	0.35281526700429405	0.31069502069567934	0.36685790792358186	1.1889817709280648	
1.1042388119494095	1.062649597470092	0.08427289019437562	0.9542781450113071	0.907565624740876	
0.0	0.33854800865005763	0.10794835431444759	0.35594396649837756	0.5014839189259668	
0.32759584301017747	0.16807667935501014	0.3591627434851845	0.41097498176295705	0.21775089404803236	
0.0800910349643545	0.3926391759489996	0.4411997802956605	1.0233289345803274	0.961164420807387	
1.5630032482287428	1.168196968221648	1.4395387657940506	0.4202388283699995	0.9973576537929773	
0.05161553307844392	0.20878883723537264	0.18299797749636626	0.8694716052981617	0.9761289272460394	
0.0	0.06490073466371973	0.41658851591431456	0.5035113088980067	1.04157508660722	
0.305876548464351	0.3221231626519183	0.0	0.5061015136397615	0.769074137298387	
0.18468723264845727	0.12495177646048101	0.0890621288898202	0.2811629887602023	0.06372932458919224	
0.0	0.0	0.0	0.0	0.0	
5.02294526095993	6.806196332952745	5.37791078610994	2.010655022139372	0.0	
0.3661065029822819	0.22774575469642264	0.07939967666413314	0.17579138330592028	0.3959704958480824	
7.386436303695692E-6	0.0	0.6700375260177925	0.09288764426775212	0.9356920360878287	
0.6188891300477395	0.8968934776380347	0.9356887617516517	0.1915384816877442	0.6142470528643531	
0.0	0.0	0.0	0.0	0.0	
0.7688447607445471	0.22932485452341472	0.08098369886834547	0.5496822521397267	1.0839386473287391	
0.22633347815660426	0.0	0.36316109685492587	0.35878661712796894	0.6917472063094726	
0.0	0.0	0.3706656692920049	0.04171705977229229	1.070984995433924	
0.45243559825797663	0.3176438167982491	0.0	0.4700360970465084	0.44951223073483443	
0.9462888171647196	0.0	0.41427859067235495	0.8841501536166525	0.0	
0.0	0.0	0.1886313608975353	0.0030273373877847025	0.7455292887114287	
0.14379340056674245	0.012700923107175658	0.5189455212555623	0.6350941988890102	0.143021617356127	
0.41931302840687396	0.3128047432349908	0.10203203164016637	0.6784482154405624	0.3508990510602012	
0.0	0.31106894216541114	0.4644720843920281	0.49557168648974437	0.8719213371822774	
0.8359574451138707	0.5619263217262638	0.04204943599993826	0.27138819078541987	0.4695826507227855	
0.07769006257862437	0.035147390979006314	0.0	0.04987893149970883	0.1622214030772093	
0.0	0.340030868693899	0.4516924355496918	1.478798564440387	0.05091945243327495	
0.0	0.06387872128275372	0.17614182455197758	0.2623692594064032	0.2517831687377712	
0.19062708279488624	0.2634057290912275	0.14687035773931623	0.6133267445751887	0.7034086755507163	
0.0	0.0	0.0	0.0	0.0	
0.3165162321256077	0.46501485630647216	0.3662551468225197	0.6472781266525173	1.2282043343104305	
0.0	0.13694527762476202	0.18597847168556006	0.18626712320058614	0.0	
0.24179993127453905	0.8652069641300888	0.30352475777676374	0.653628524160404	1.1133960915206271	
3.084790442327111	4.813367903045859	0.7779472866023638	0.0	1.4485435764364876	
0.4626719649752288	0.0	0.0	0.41990478968738515	0.3322458201846973	
0.015546419104119647	0.2938651260612087	1.2135547718066542	0.7707537706407527	0.09587758875450146	
1.8203373318105107	5.152716945419663	0.3066183791164816	0.0	0.7984442328996154	
0.27515730981580644	0.4355628851156862	0.45982449414912746	0.19679042721622855	0.6158935661023106	
0.0	0.5167493660692786	0.0	0.2875877816289413	0.1033336683288814	
0.009760402355081287	0.0011924709864357527	1.0790329836834014	0.021952183838357182	0.5141904813606437	
2.33622812638151	2.2255964818118916	1.743653094063211	0.0	2.324159642527349	
0.1477275398288312	0.44074060392174164	0.9374264517031912	0.6512551769994089	0.9829431771549787	
0.8403124903530298	0.7330618339595778	0.7417591853403519	0.39358075323390435	0.09357306269283493	
0.0	0.0	0.0	0.28380171016384864	0.34099925983433466	
0.357308936214458	1.82237449462406	0.9937492830399896	0.3288709428620246	0.3116999251242139	
0.5758156393418127	0.37618565271237103	0.3069065793020611	0.30695564422820365	0.1289824145931315	
2.25365490958546	1.86607698844473	1.5439973876976918	2.3042627115966012	0.4398763358232306	
0.12626433929747496	0.31172952297718515	0.22020485622102973	0.5994271674713488	0.41748747424957505	
0.3508336572276731	0.3800950561523294	0.16822156202488853	0.8725292892629025	1.179577109508748	
0.0	0.15439608715717712	0.2758655608066636	1.0969291851581977	0.22051515633035937	
0.012598346869326106	0.2622511749767006	0.5942105781421506	0.27046139682762127	0.8095738993485748	
0.15778020942510151	0.0	0.12211725481597936	0.1331604082408905	0.4424128956193157	
0.0	7.405125873498432E-5	0.5047657240731453	1.6376645048516152	0.6123435165477635	
0.3495549809213	0.50701836023953	0.3225656277958727	0.29054103893712074	0.38953097016053834	
0.0	0.5434985501196299	0.12807735621787697	0.09880880675091022	0.0	
0.0	0.0	0.0	0.0	0.0	
1.4400299569381745	0.5733279642434971	0.4106656210769555	0.032215118630472696	1.374410116574685	
0.1613466317768516	0.15150034321554304	0.6444003327091931	0.7301395226527504	0.23241556267373337	
0.0	0.0	0.0	0.0	0.0	
0.6293680676038222	0.45495728874531244	0.0	0.16141604924319508	0.0	
3.40247484973928	2.7993927834935683	2.994631775685691	2.6919916422529355	1.5541754398748133	
0.2008294392497592	0.06738108719781909	0.21101552052081646	1.769639638286208	0.0	
0.8322922589462738	1.2388159677189514	0.7445126727602814	0.7221351582473517	0.8275705525872467	
0.5306219275741425	0.5126535463913193	0.5912733137735237	0.43323363409290094	1.2380697675212504	
0.0	0.0	0.0	0.0	0.0	
0.0	0.0	0.649957556121704	0.0	2.681085253815116	
0.0	1.323079507556708	0.0	0.0	4.031427880339035	
0.0	0.0	0.11128444588131417	0.5605113191446917	0.16956827366738683	
0.0	0.2464650427028079	0.7093178553233869	0.12681670846754176	0.39116462602423496	
0.0	0.8364316144699285	0.31593751847838825	0.876317606108216	0.5741748757998424	
0.0	0.0	0.0	0.0	0.0	
0.9443295884401997	0.0	0.6799742543189495	0.4646756101673972	0.0	
0.5503205796450312	0.0	0.3691388208172084	0.9913741870041736	0.4394686912700045	
0.2693087429575241	0.18423945853016369	0.43780226000658995	0.15174384970804297	1.1394138118510964	
0.0	0.2828810642500542	0.03318237310135577	0.8587532101748848	0.3615471703271018	
0.40059561086002216	0.14377369902481354	0.04089026187282304	0.37754605394407137	0.20675957281297702	
0.31543066677954673	0.13364319057264218	0.45635179236659207	0.9730335399933288	0.4252955858836028	
0.2938860959945356	0.014066817725268835	0.0	0.16308123578163716	0.4838869688543574	
0.04681146434647373	0.4177235570759707	0.0016651665883066194	0.6815342936649696	0.8018494862870355	
0.07646333047578527	0.45114840829803576	0.5014346536604329	0.0	0.4818387477370275	
0.4813903900440551	0.8374087141103473	0.5291238952718166	0.04870631266339169	0.2932725173687033	
0.22411973686304937	0.708833917401137	0.11325675547849842	0.4338191812900419	0.23066884550454805	
0.2139115571185202	0.0026817877450353083	0.09473061814249474	0.5066620181069512	0.35796394981510754	
0.1458355120409213	0.6159248813518835	0.4214404872059708	0.44524848577146864	0.2733580047774898	
0.5833174646314732	0.0	0.0	0.39808666248880525	0.0	
1.2108210067023821	0.31684526940615315	0.14776273242110152	0.13003175187766502	0.5379112891784545	
1.2336035956743907	2.156451863492998	0.17723750655616036	0.5929806275142343	0.4320331390523832	
0.1882857456498489	0.20066534860039634	0.3665710375536268	0.24077832284069045	0.07094197972450537	
0.7149573933529241	0.0	0.7797359352012867	0.6301669819285759	0.02519997244543447	
0.6157909101313752	0.8880872826119391	0.861080965870101	0.6263889934193984	0.08856831661600786	
0.45791172991110307	2.0676379668256235	0.0	0.21115862197112567	0.04676893001254329	
0.10474769655934461	0.2685002573267527	0.31387777412212553	0.37218870477832405	0.7162947860343569	
0.0	0.0	0.4349644606274858	0.0	0.2969836331116334	
0.0	0.0	0.0	0.0	0.0	
0.0	0.0	0.47118263769099944	0.6400566285209567	1.0147342205904162	
0.0	1.2903211478696879	0.08760582575070495	0.23218075491186152	0.35555137361328154	
0.43500652099048814	0.6648211783356732	0.6048583152295706	0.6527433691467743	0.6836243736225772	
0.277054163466961	0.2761464855372759	0.0016845741948222264	0.08253388050520565	0.24200831950177615	
0.5940737851685086	0.7701969131517657	0.3248313425977301	0.09624979365447806	0.9826792277861095	
0.22189783350528858	0.0967267047044749	0.2281725335036546	0.36663704431237687	1.2115908366513228	
0.631634889878888	0.21874201585097583	0.5849357522816969	0.5065777034991952	0.0	
0.47989594671659147	0.6148388489237409	0.4228207971831857	0.7550930015696827	0.5030196116121589	
0.0	0.6559394735465134	0.35830598393946167	0.6691931287844539	0.9313164129996284	
0.0	0.0	1.7414624882468603	0.44150845453299675	0.5643608669689698	
0.07177952658733386	0.0	0.0	0.02717102262439721	4.3450544283859305	
0.16012273467923396	0.5294899887972828	0.2693193413168232	0.7453920049880584	0.8320577389382442	
1.054488402567853	3.1612777886361694	0.0	0.5198356448616601	0.0	
0.9788792671676313	0.23599670128998673	0.0	0.8828794339264493	1.78890246610849	
0.4336476681504179	0.9015668501373975	0.16497044895106178	0.1663054162228269	0.09629941312839624	
0.0	0.0	0.0	0.0	0.0	
0.9388969046686733	1.2598861879664107	0.5347545907160798	0.43090855009115087	0.7140608047557782	
0.058774573350607213	0.0	0.07530789716120932	0.7989760024905771	0.7499962780792425	
0.49577110610199904	0.4266144730002321	0.2625793208621603	0.35679608375354	0.3744125596853747	
0.0	0.0	0.0	0.0	0.0	
0.2477970352844164	0.09601324237614557	0.6591489849621008	0.0	0.0	
0.0	0.1616969297665491	0.17579748986369034	0.4332934355646314	0.9235045520954454	
0.5587562808365232	0.37651237249016606	0.4833323504078733	1.0960140546069477	0.4203766171158183	
0.0	0.28732306211945025	0.811850337734392	0.025857569088888654	0.5831717476282623	
0.6946639473180236	0.20013166232259666	0.0	0.9476715890311845	0.43461129379593066	
0.2964804963690248	0.2824337162655012	0.3378589052120042	0.0	0.5477878802671823	
0.05427349144159491	0.32891459980513216	0.3663415644476686	0.5337164213339723	0.4378341161957279	
1.8107114255197763	6.205053184949732	3.2789991177042657	9.273985867992169	0.6586713732445556	
0.7062241266657454	1.5172664983615842	1.179793065034162	0.7725227095806856	0.07499358278108323	
1.431106399290177	0.03985442353567762	0.25745538402462	0.46121328662006345	0.04954418849176952	
4.667888338700114	4.435211908399508	4.272641237837124	4.489401790228523	3.897824179355813	
0.12735209828779315	0.9401090549791924	0.0	0.0	0.0	
0.0	0.0	0.19242051808880048	0.4420154086117635	1.0926362967217202	
0.3285551530773648	0.0	0.0	0.7276221728071766	0.46725223672916644	
0.0	0.0	0.0	0.0	0.0	
0.48563980118056155	0.06988019419119137	0.48591457256414106	0.36201841185342604	0.2271411184475015	
0.26493538274974465	0.7166397593089856	0.6571298591419675	0.5105771657707452	0.22978139716378482	
0.2731379904501637	0.20252148552549254	0.38018343867103616	0.13944073456510428	0.6117326553044291	
0.7134931804270951	2.5725754617506102	0.10528739436749408	0.2964347306441392	0.02395905363771156	
0.6755135789837611	0.4283242348701931	0.27938431130050895	0.026108882075777228	1.793421041890164	
0.458919908221892	0.19879638067512462	0.12812256935045374	1.3827900139110108	0.02767663248956877	
0.5966232041074059	0.42075517200582285	0.9164215691264107	0.5559852034176787	0.1673650172090967	
0.10777717520858086	0.055779811244512346	0.1737068031627028	0.029109198493953485	0.49630589680692616	
0.3325950488225095	0.293828058198632	0.22264556686409498	0.5979728648489769	0.5504772448858235	
0.22778307452669425	0.24214367304115425	0.3230842665482798	0.64236066120777	0.7810057653880861	
0.015990913387445398	0.16938926144170754	0.42287200265160835	0.8837345288279835	1.7699116162733537	
0.0	0.31942501336049384	0.06849106101056174	0.29095708113284074	0.08280961996841815	
0.4152204094129969	1.2864074254871292	0.6404570201027153	1.073814727332998	0.056638990300404965	
1.395363369074672	2.167179047373032	1.9894738363747007	0.4266434556636687	1.6715213852638398	
0.11368943317264449	0.6516875789852002	0.6973162560521843	0.31880911416019864	1.2166088855198798	
0.05835139641322542	0.023779376266777997	0.3405109738338799	0.06011375059388311	0.43089038421930786	
0.16358381292794472	0.26084637716917397	0.2640405187892149	0.2549762447406163	0.2602411741576543	
0.5227694520260799	0.0	0.11739065766984434	0.4349788991118512	0.8212204113625299	
0.0	0.47635369714760656	0.8418116472791914	0.4283752359766246	0.5191351446717039	
0.5289987543980841	0.294609833297616	0.1035071117468251	0.5469894678523892	0.02245591269772679	
0.0	0.004511704600831132	0.6182499753982585	0.5854986262940165	0.037731255971055894	
0.0	0.5543978049545506	0.0	0.7822484276558921	0.8115287151227076	
0.0	0.0	0.0	0.0	0.0	
0.9000169952539693	0.30771289021372406	0.5634088253418577	0.5590727843297153	0.13818640429426723	
0.705971563894034	1.2367722567501973	0.527279128339204	0.0	0.3652817362237625	
0.15804581414571237	0.9195304284670891	0.29841136351123204	0.16607023100756244	0.0761296157301984	
0.5353141394288278	0.4803246440807419	0.0	0.5844630403702284	0.570273621143518	
0.33777435246746546	0.21529465547783508	0.5194692444578352	0.36846227072684706	0.0	
0.11644979938096248	0.184965540281648	0.3124390129949019	0.6272321962106537	1.1096682599805512	
0.6600243515180341	0.2819410798357975	0.5792311347645696	0.07483661811367237	0.39566758841884314	
0.36333856232181533	0.8793661569584131	0.6165953751768248	0.8583584958816326	0.780107074180199	
0.453922495739341	0.0	0.7495738863435133	1.0487414083159514	0.05057869882198896	
0.07327428384339264	0.0	0.2743703778594913	1.1151921562192124	0.8523375402794746	
1.3264715681027681	0.0	0.0	3.184270649415646	0.0	
0.4737947189108221	0.8992591120362943	0.9163010474054584	1.2327388884556625	0.6693803644241301	
0.09662830162108378	0.5374697320845967	0.6020404165246275	0.0	1.2633667554621333	
0.0	0.0	0.0	0.7696764345877927	0.17840783153712841	
0.0	0.6708741514805225	0.38055896830394287	0.11136713289825932	1.7908833745994122	
0.1419616888440283	0.4883743303542478	0.9949727518316607	0.6242817610175593	1.0018431261741279	
0.0	0.22402230393548486	0.43251101039605533	0.05334200464051392	0.26243279447201634	
0.09766045849773981	0.0	0.06067410116987186	1.0585822057999708	0.030019591113951534	
0.3864024504138743	0.24807081903976086	0.29486249035012685	0.17067778427624095	0.766738910054684	
0.3005100774426875	1.500266383138553	0.0	0.4188702511436049	0.31205094463293764	
0.49917591978276693	0.2707099143437284	1.677827888627647	0.3257976561028991	0.8284036465023203	
0.0	0.14695881009581557	0.0	0.890403427294437	0.4835952151222369	
0.1248809827556309	0.49862981809479184	0.7097269995334924	0.2878367707307792	0.23618756933957066	
0.22160940525524064	0.275379165540085	0.2144623973997052	0.8524397568842461	1.1704608523975097	
0.0	0.49997531148716823	0.0	0.40124641541726325	0.36999968369514435	
0.0	0.0	0.0	0.0	0.0	
4.444770285422346	3.785242821895213	3.9787360659754416	4.366252805364863	2.524690756876504	
0.36499636308896327	0.40655314123785724	0.048052850655380876	0.5515209022697485	0.5559646902248375	
0.3321213015338327	1.6570661790677699	0.001803499444082638	0.49551823911985204	0.43658793133562257	
0.0	0.0	0.0	0.0	0.0	
0.42720246578532495	0.7474259229187502	0.031068428676129523	0.5405283508693703	0.8336392576303938	
0.2561692814300166	0.43608349005634556	0.3054996388000039	0.017355696091177906	0.4976618841237742	
0.3546884317864008	0.5741461641773968	0.14013428754287724	0.47017177922659315	0.7293700227241346	
0.08118147003909888	0.2675819760158524	0.0	0.6662542613080091	1.0481990647919825	
0.0	0.4031627181234499	0.7529299431512525	0.43687433821294464	1.7620427505109444	
0.23798569079613113	0.3893521311293933	0.9914905992386625	0.2462518256661443	0.562136248903082	
0.09387220160258321	0.07433000259565259	0.05588208808932373	0.5545785570514332	0.4870118489458932	
0.0	0.15928972710174696	0.5326207176569421	0.0	1.3057858916865885	
0.0	0.0	0.0	0.0	0.0	
1.0078092541964665	0.35891808645502615	0.889674477744407	0.4153882942523389	0.5130163584999714	
0.27286781291001205	0.29863626648264446	0.5620847138648557	0.7033244493343395	0.5283882677754242	
1.0183482065394152	0.3818201146465587	0.003944165541664494	0.36753332214475426	0.0	
0.0	0.3922219837338032	0.3816387614576886	0.4927789038955229	0.1635719433551176	
0.021113261202730996	0.01842044186788766	0.6200698609507427	0.2830516596000683	0.9005627853603656	
0.0	0.13218466584358066	0.6952724042026035	0.22631171991948573	0.8886280820798319	
0.6534576372284546	0.2520170766567619	0.16597322643441814	0.06568318804459833	0.30664420704229933	
0.2316451502896227	0.6449692292783092	0.228160072734385	0.28167859777023413	0.4280050286845442	
0.11719184564670729	0.8995023136667925	0.43819726884176424	0.8440668938626311	0.4074823517238261	
3.9841218372249045	4.282864966361105	4.122237531631468	3.9657969526101815	2.592632490507827	
0.030790330544419747	0.1782409595991872	0.02236836727763018	0.9066705594476419	1.279444160734964	
0.28224249052623895	0.2544570019221632	0.0	1.3560699866872854	0.5792538295583148	
0.05306912430107676	0.22658875151002988	0.2998786326912946	0.24557092573791067	1.3241482297540932	
0.03691901909816152	0.5983019041975021	0.05086448664902005	0.6685774937596782	0.0	
0.10044027965579878	0.7172027231297533	0.15836557270424229	1.0647627701908196	0.8917600069259041	
0.7202269923743825	0.6466138066148753	0.771723802313698	1.1765287740503192	0.6109768520544017	
0.23589599349899698	0.7411456358160109	0.7470822668010604	0.40785594037854417	0.7981539993300325	
0.0	0.002142366938899936	0.562502851530645	0.5500934446982811	0.0	
0.46844180152827464	0.42458111350082617	0.34513188279415347	0.26586348099335577	0.07789452018296605	
0.0	0.6020167433338964	0.3518019613511235	0.7928179402297084	1.305911468490611	
0.3479670164812104	0.46755995276942014	0.0	0.4201466322358027	0.3925730067008926	
0.5872368196299762	0.7932999717262397	0.0	0.07683123902561032	0.6530590165242565	
0.004196243577653014	0.0	0.319653958616281	0.3283607966086159	0.22098268324131332	
0.7930420154548198	0.7813221299505135	0.038867172628027705	0.5661314017114016	0.6164766175235616	
0.15832433904992357	0.07918042536412628	0.7245093889529081	0.4912209311021204	0.32127930177247016	
0.672899005467092	0.43585326725044143	0.7231450105421112	0.45071538958744817	0.8022450915957146	
0.0	0.9332822544640494	0.0	0.04267387957578381	0.4588486441841802	
0.0	0.06996700699550651	0.6541999565351218	0.5562781215472098	0.8084949782889237	
0.3943315484183401	0.0	0.0	0.012473819266965076	0.0	
0.394175043066328	0.4509089761566373	0.1466733895989081	0.794612851581918	1.2669060938520713	
0.029770549273484704	0.3069442880016112	0.3876554875924703	0.47905753444996846	0.01683045498137573	
0.14112287701673218	0.9872313232710788	0.20823950611732697	0.9369934282752901	0.6679115815280374	
0.3524327122207647	0.3442399151073619	0.356688435160773	0.15444488343216062	0.49017076974194224	
0.8147659723172195	0.09791192853097827	0.3002148957001813	0.18152286850224245	0.16406081468465514	
0.020295157987831696	0.7293613629012394	0.742442155800895	0.6150012531319571	0.1411050670548896	
0.09285463507017354	0.6219089126049083	0.27872107197583923	0.4510261256130403	0.6195657308294862	
1.2032744446673744	0.6797510330971263	0.2160543591653038	0.46648327871314077	0.5437028362867338	
0.0	0.5782252796750967	0.5007960139220884	0.6692882126519051	0.4560355083845165	
0.6940708094090652	0.5574659026881932	0.6318169198277057	0.6789838685831332	0.15008162455990118	
0.0	0.0	0.0	0.0	0.0	
0.4874119603324898	0.05573048663316404	0.5188006500338994	0.25151873669175767	0.4947849284863698	
0.1053480640011139	0.9079911286832385	1.057961039200994	0.16802013362979282	0.3320912296058468	
0.13924378473685337	3.7041029409887196	0.015043426149642925	0.48645855749204986	0.2944911774316244	
0.0	0.22179751402365674	0.6812953410657487	0.533923399680935	0.029815821021730148	
0.5041640223557637	0.6498656804901607	0.753574348719227	0.321033477859324	1.4801540177735932	
1.1716081697894152	0.7032178058120858	0.043082444338532436	0.9159944790978494	0.05284818897433979	
0.0	1.477864223650376	0.0	0.16663494542234397	0.1936934484973777	
0.09601083802294576	0.035629994646912154	0.3687834302294259	0.334510936186798	0.22373471410479856	
0.038198390645846486	0.6852638815587306	0.404050470346614	0.6171220171407246	0.05132805410947387	
0.8418730738093823	1.1021712886867312	0.18854324064203187	0.3702024422320392	0.5606508547670519	
0.49255572902273953	1.0941096432715425	0.034541296250230884	0.556162691395898	0.6785133074814336	
0.0	0.0	0.22871161390151692	0.2653975032237941	1.0845494278463759	
0.18682795567042942	0.26901071317545505	0.4026727934453875	0.13292206242633126	0.44047590537758974	
0.19789718612740093	0.2995943316988096	0.47485101703060334	0.4866368484728657	0.4917507272736008	
0.28252358015587553	0.5576786599857007	0.13713870407519857	0.5846382119581611	0.5366296785829762	
0.26579030035043416	0.40698050707004324	0.5445085878056095	0.6886106217023182	0.9346273219822696	
0.2344063104676809	0.811312441239714	0.5788932479098404	1.3993518204296624	0.7256589164601496	
0.566710849774381	0.4673670052311796	0.47431111920957697	0.6128904287068087	0.3696564120432657	
0.3741098576722094	0.400333965722283	0.1567356864738857	0.27172880122480775	0.8093425958267785	
0.08385598033526077	0.44907932123809563	0.31921604578408586	0.41782216131521777	1.0678512600121344	
0.3390689645006352	0.9130445804529786	0.4385442222212013	0.38406307073526685	0.35769714314781154	
0.43755791748294715	0.3836010326063468	0.31222087100760476	0.7840464248601768	0.2686084582097537	
0.012476841119743776	0.6172339755505649	0.7131064586670243	0.5776980733045207	0.2872140665021318	
0.0	0.31778563076902944	0.45722244835146136	0.6697990634463743	0.7305931529004813	
0.0	0.7746001908523162	0.9332345790477402	0.5976221138245178	0.5468817409809217	
0.0	1.2267379699791878	0.0	0.0	0.0	
0.19326981097004417	1.0952046491975247	0.5056960544892668	0.0	0.6550402788103344	
0.20822190862718745	0.0	0.044836661112107934	0.4164172779300031	1.0954293738563794	
0.4206640695055882	1.204798616429071	0.0	0.4905884089060175	0.5144850252249408	
0.35106144505022574	0.13847819962060912	0.5225916320494274	0.2239012143979741	0.480330168839114	
0.0	0.20179217197070765	0.2261937442373928	0.5786319750768784	0.9184244731497919	
0.0	1.325221930005537	0.2883082301187742	0.274990158592258	0.9568256540968094	
0.5579543943379408	0.6551169402916843	0.08328560298333249	0.15477021756385997	0.8986782079645842	
0.22249568620720173	0.8982399691307316	0.6246678848630207	0.44136891625995694	0.19382388613126048	
0.08881863964798181	0.13011904492479628	0.41895510649384193	0.4591974315082119	0.0723597243037307	
0.20452557740054544	0.7760614807721014	0.5511775536296009	0.383824836763377	0.1198888289802521	
0.0012680212750139689	0.33545739772115984	0.5775245854976173	0.6333570445155101	0.041026196075722825	
0.0	0.8496680758267144	0.0	0.007029329061649798	1.132597100407217	
0.6496796039471643	1.1193376387429046	0.11598924880829323	0.7152827213974665	1.4209451286839203	
0.0	0.0	0.0	0.0	0.0	
0.0	0.23028856013957918	0.2261379328514067	0.22309880249572156	1.7314363154960126	
0.3244754403777628	0.8497440545901485	0.5936955901107226	0.1056922763624645	0.3939942430656871	
0.0	1.1330590844045132	0.2450744030514257	0.03938050540920198	0.5731972429033252	
0.0	0.5627609973004515	0.40275437114903456	0.7339857608668021	0.11310648753661469	
0.0	0.2733348244600518	0.0	0.6320097380524642	0.8202375831333121	
0.16034736487158868	0.18130845316437968	0.35723778534132355	0.3638132881629297	0.14066519445601855	
2.1740361207137777	0.768167171924919	0.7560522591402349	2.1737797925998517	0.7690385444044635	
0.0	0.007694727182813105	0.07937517012017276	0.24971201220514636	2.43261966381582	
0.5032896785334953	0.0	0.6288186677559654	1.1044211231728667	0.07318018673711428	
0.0	0.5041303448687684	0.21038073308217	0.8864805779461039	0.43970643361750233	
0.30113237784841085	0.5526035912452141	0.47144452571221473	1.1173320076799504	0.9729077290479352	
0.350871082194055	0.3631479950699321	0.5852132190547692	0.339247956569455	0.4941363189269646	
0.0	0.0	0.30801602043742604	0.27050262554971954	0.5148010224195912	
0.0	0.9863914815016649	0.0	0.43210836169133615	0.4032818280475841	
1.7743600854189765	1.579001973512553	0.7914043989945049	1.0986703037095245	0.5313459906664183	
0.0	0.5898393828620009	0.4599848471509716	1.4360503005124625	4.996386227684843E-6	
0.300561793929625	0.07834864874780902	0.14079206602178046	0.33462369803106173	0.4600791958081465	
0.0	0.0	0.0	0.0	0.0	
0.24499608514575963	0.49828853119255034	0.5424916072535928	0.6969550673144912	0.1970652753964855	
0.42951152935136866	1.367338994973759	0.16120184486845354	0.5317671509672635	0.38727841267008206	
0.07295968600986599	0.5658822100268536	0.48516512824420316	3.1790427400509595E-5	0.7770074003541834	
0.05686320660776242	0.013556951252470043	0.48300668540746344	0.8613709624283749	0.4794563349635508	
0.3411447116919902	0.5773225027572916	0.3247695996372016	0.7064487594490194	0.5835830675809341	
0.19262590703246238	0.389011460915646	0.4901651600569866	0.19445723903812182	0.11553662226191543	
0.05554909240775729	0.47058368185022825	0.0	1.0795121459729842	2.349199429627161	
1.0104386604493278	0.49722949090889196	0.5665248477499093	0.40854665128365586	0.3426333179046545	
12.927183555093317	11.962036331523727	12.199672272894393	13.231682352601883	10.829682189566876	
0.5067435013578634	0.4383653302000916	0.23977465425478672	0.7597910818834039	0.20712135000280865	
0.24928721448162375	0.4673166962550957	0.17039548154699166	0.0	0.6201337714380994	
0.0	0.12381842130981155	0.052772422534902115	0.5051190009967615	1.2257191680950332	
0.6654525124602289	0.719423113753004	0.33227249867241754	0.6326833355484617	0.4052460667297206	
0.08381951872678353	7.918563542529465E-4	0.008759578123646906	0.4404155677379518	0.3136060031681213	
0.30722269553669895	0.328634539868526	0.0	1.1066011309691088	4.33045040321389	
0.8728370697947987	0.45925086170026114	0.08639257674725746	0.34155395675809636	0.37937570093704615	
0.010582680037080692	0.3487758368383615	0.0	0.7780479663527679	0.6031629845622801	
0.32956693556609234	1.6430008137513488	1.5238317628635873	0.7856541603536912	1.3048695359202147	
0.746110971655538	0.5874014838086934	0.320444493954926	0.2452702617793448	0.08496757483931013	
0.18750014575149318	0.2936498992193488	0.511368203909091	0.0	0.7105685579427237	
0.0	0.07672375221953555	0.6132131736479626	0.10758236062605545	0.0	
0.6046648542630074	0.8391252015886486	0.30200098274398596	0.5768702375205517	0.3065866515247024	
0.3821089419257945	0.5273210418181461	0.30625412931073964	0.50837598545709	0.23852397925556382	
0.07053538941210157	0.06324760683762	0.0	0.7762767276328901	0.39812929536542047	
1.464332906039988	1.0212867580339076	1.0594211409599064	0.9151835290643392	1.4514671066052334	
0.5588672254357923	0.4487650283248593	0.0	1.2392241394725356	1.2485105979954876	
0.432857966835183	0.4110321681856324	0.07140081504675817	0.00836534170397778	1.1610203963224512	
0.006906201861383236	0.0	0.0	0.722592278832579	0.6777323015886829	
0.8735643619614896	0.3151544462578763	0.30686289065027345	0.8573235092240434	0.030779446484848594	
0.5779919048872134	0.9161910961635247	0.6979354076167297	0.3763581454175705	0.0	
0.37087361041796096	0.11819119899512591	0.21623353742418835	0.5148474263749616	0.46493085427429226	
0.0	0.16709194828762436	0.2991241100573722	0.41098943694885703	0.12066364516104577	
0.4235205669694583	0.04757223102743556	0.5121486894142265	0.05304046641059254	0.021324849125954004	
0.6040624946785207	0.3077362807440943	0.5730887224812987	0.005963832802053736	0.5277189265411592	
0.0	0.06665092881256943	0.0	0.7623570979752899	1.4198233251680563	
0.5115953576839213	0.0	0.7146630887128661	0.44256428131155373	0.2225082793361794	
0.5770851159935454	0.39082506053408744	0.0	0.8039832034023927	1.1910802577698925	
0.0	0.03343213226172293	0.35119191686319534	0.47371397630028717	0.31945164316869995	
0.0	0.0	0.0	0.0	0.0	
0.8308301999829627	2.053450907912698	0.7147396060329518	3.666311348972061	0.0	
0.1301871529867223	1.2321811465080514	2.298333064709218	0.24509584698584197	0.6570862764344058	
0.38657148763971305	0.34050910574696774	0.4526194801189293	0.37371692809386486	0.3934481129196041	
0.018888694379334495	0.21003197434703405	0.6486314091290466	0.13482157973329356	0.5007001813964974	
0.36964258735031735	0.06592004060656506	0.4997202234788503	1.9511567715304479	0.0	
0.0	0.2891018171460408	1.2381614201400102E-4	0.31262749110488963	1.3911488853736995	
0.2122649826716989	0.3614627950116586	0.5610018092286455	0.41058778593881373	0.2667144738533968	
0.0	0.0	0.0	0.0	0.0	
0.6158787659188348	2.1983950367200493	0.2681789132006748	1.1010388909784043	0.02133484076612588	
0.5895835099944998	1.447494255215504	0.0	0.6827531283003261	0.9153571387550555	
0.108219808783642	0.03451341962264355	0.7822162408921751	0.5930560294099833	0.18386259982005496	
0.19607155336958285	0.558590944076098	0.21823555582978005	0.5318161810150188	0.22057318816889845	
0.3541761146297235	0.30769675795913765	0.5978544939845195	0.4898003099701282	1.478198815074228	
0.2289556880844878	1.3584882058623429	0.0	0.19129263316727144	0.04497205724206703	
0.19316598315762576	0.49043858795617223	0.17821593970214433	0.46733418416511785	0.17566320536973898	
0.22769341783024963	0.3222576096903597	0.44743893235111354	0.28121526025079585	1.561287322757971	
0.0	0.6649762922256213	0.0	0.866070371350934	0.9096150614814463	
0.8911241549522798	0.0	0.4761950197650787	1.4152578611219826	0.4198510933600033	
0.0	0.22331482531663732	0.0	0.5974034335836783	0.47139549830507815	
0.7027978234486553	0.0	0.0	0.30568189975476195	0.0	
0.07001096992725649	0.1969438378584789	0.00325367574215021	0.11347739071806093	0.14631819424867437	
0.0	0.4089243280686116	0.0	0.4587964987788834	0.1566392007784833	
0.008576644017021852	0.1267502374799519	0.21264693979821828	0.5557184650063274	0.7073969811486965	
0.17580782575242895	0.4361355401342803	0.5579078894295162	0.0	0.2335907794369769	
0.45513646004581393	0.31969570909067946	0.5964893231453204	0.904179320699699	0.671326794427019	
0.3186954578993856	0.4190052084283908	0.4486738453699488	0.20783835123733466	0.453060560223156	
0.7451337945523336	0.6712001794288551	0.3733246140088891	0.9575381276762324	1.4047535314354573	
0.1700630420732432	0.7118692375714953	0.43501042545888735	0.12047763052754898	0.24188088466676144	
0.0	0.4195136241125796	0.4482301258732088	0.21670344772748468	0.28545866608739345	
0.0	0.0	0.0	0.0	0.0	
0.0	0.9126934021494898	0.3006835063176424	0.24062950092770727	0.16864129147124787	
0.0	0.39207606996829936	0.9690203022911007	0.7463366920511273	0.47410429052522535	
0.0	0.8388024975948386	0.5518998018911561	0.04488946265541165	1.4040126769807604	
0.527083720860485	0.1436844185917811	0.29307876243215053	0.4934187461981769	0.5257085534064496	
0.0	0.942044361790755	0.3298099649905974	0.5205475402825066	0.0	
0.14382114210932548	0.496911726082296	0.14290481374220643	0.5325370515234	0.11765760145263883	
0.24126076765150295	0.7327017130228024	0.5451432935818538	0.4379838822101051	1.046731416657028	
0.0	0.22526072817257195	0.02852399900647563	0.0	1.5126755249375365	
0.9765099646978863	0.4290402861595722	0.08820896426118607	0.8222492955646838	0.42347911654050974	
9.67478238125996	9.352966446732825	8.972875264327088	10.136343489445325	7.829282092683282	
0.18861877399405724	0.38545284111253003	0.24377683341726872	1.174889029412987	0.06178174889563761	
0.17534085968419294	0.5189313996483665	0.0	0.45233607544030857	0.3258977634710426	
0.7432756510700034	0.9454163975159572	0.6721249124978258	0.5049391002605816	0.7283697097887519	
0.29616409617377376	0.5139481061397252	0.3522489760400149	0.10637959990351473	0.6383879373644337	
0.027635921915626502	0.3545488412138055	0.5094485111474635	0.6310805509986638	1.0585172578052318	
0.9563497138371915	0.28157690658270795	0.6751609032330824	1.106533039530284	0.44149415367715106	
0.0	0.48045589348942197	0.7241723455913067	0.35592305180334777	0.9020608281496054	
0.29031791025839593	0.1289364738196136	0.23883032717023114	0.5694295013888423	0.7050429921252649	
0.5556134743421544	0.7615662322527872	0.0	0.0	1.3152713820099273	
0.0	0.425116495526387	0.4143202420054014	0.4120130065094186	1.2926924848351093	
0.0	0.0	0.0	0.0	0.0	
0.1342413424988556	0.9014487787035699	0.13333581068999217	0.6247918829701573	0.881118120565669	
0.5242228419376621	0.005276447620917712	0.06533850179536682	0.5335180478687466	0.25997700993434575	
0.2701554168745814	0.5490891959513023	0.7448842909628702	0.0	0.516654851542927	
0.24267920653464892	0.4504217193884171	0.22276854331904455	0.47629052413226636	0.04056360909992879	
0.0	0.8210839510742222	0.7384727507141957	0.06120634962355511	0.436205312740661	
0.4032415062685106	0.6092662896166021	0.26376069718115647	0.0014250113562874608	0.0	
0.4079381570162468	0.33068598799192844	0.24453818996939322	0.638585385281389	0.6266090515695178	
0.0	0.17958306114944864	0.2804341606621916	0.25560516632858854	0.9223344436726078	
0.0	0.5540330414214266	0.43758563718800153	0.8947107741035208	0.724714914922712	
0.6887415487641395	0.0	0.15611714154160836	0.5576323425191274	0.005346332990747244	
0.7324323686376585	0.0	0.0	0.3071579289988258	0.7660556362424277	
0.007649588351919703	0.3767844561827935	0.40669301769855326	0.01058258662128617	0.3551135985132339	
0.4276748989910846	1.9919055529858756	0.2083530930837567	0.0025294116988689567	1.0636930753730875	
0.8976408422496844	2.3799456506152965	0.28864028836835215	1.308024942560589	0.8057236395427353	
0.0	0.0	0.0	0.0	0.0	
0.24958245548975402	0.6141938550680487	0.44731167477827904	0.42097105113657596	0.41071668653737775	
0.22642968382649714	0.39321679469296233	0.4710203808266278	0.767356546003395	0.5628270702106424	
0.0	0.5923555358069631	0.0	0.8667091421637301	0.4392697704477644	
0.0	0.0	1.080301672919238	0.47528071969712354	0.5839756809072439	
0.22433667744930072	0.09003867036202018	0.24505519981967624	0.32470063264058696	0.4762370148732969	
0.4772219746269608	0.45952754416010405	0.23851590040360635	0.33994195218715906	0.7992430628656115	
0.3117848366785612	0.0	0.0	0.0	3.7998400361021547	
0.10412504449156328	0.005958417741148932	0.48735523983329565	0.46550139033762067	0.22739834234512368	
0.9072178145425883	0.26187411770837127	0.24731983477395478	0.43738795676073616	0.31903131897352116	
0.15816484187567603	0.21412195516313945	0.086712348173095	0.45207545605695226	0.1606829790483651	
0.3007908706493048	1.0603480096055287	0.14721506247140023	0.6939122464168983	0.33463885823478584	
0.0	0.0	0.0	0.0	0.0	
0.0	0.4599309945524393	0.14877458787790013	0.291705759413755	1.7518042174302935	
0.14934124239604898	0.2941318392565915	0.542557043694595	0.24199978515622048	0.34160318914824533	
0.0	0.0	0.0	0.0	0.0	
9.658866305482642E-4	0.5119155069315878	0.36912701434585227	0.3020488311109676	1.4512554412755136	
0.0	0.03592608430918615	0.04049012357599312	0.27887007051119955	1.0720961116762642	
0.0	0.33722888980464516	0.5505496467077367	1.109202803814441	0.5131896629654331	
0.34442166696279114	4.6784470210137785	0.0	0.5114405188390002	0.05829881798961882	
0.16411467174864183	0.07800357149253315	0.5365853830699915	0.4305532990959167	0.038295015597131825	
