0.2766050105499429	0.02918532124448835	0.2999965505563851	0.12957424949653348	0.03699973654286666	
0.025497350380422466	0.2281001380918174	0.24492550477099145	0.10087575648032716	1.3123647217103482	
0.0	0.0	0.0	0.0	0.0	
0.0	0.0	0.0	0.0	0.0	
0.0	0.0	0.0	0.0	0.0	
0.0	0.0	0.0	0.0	0.0	
0.0	0.0	0.18889236159330658	0.05506507692159228	2.574951657041305	
0.0	0.0	0.0	0.0	0.0	
0.0	0.15549671496505693	0.37624590479749626	0.3949942959390247	1.2558124762251175	
0.0	1.3460595494081868	0.2108319285451947	0.9867401160546693	0.38699427104928785	
0.48818941239846947	3.019638068708988	0.408882920751922	0.7852270125676806	0.6109073885514149	
0.0	0.6593731174921734	1.218233098121104	0.2599984949117916	1.3915002174309667	
0.5624260397775284	0.7341218453308008	0.7595531247781625	0.0	0.8534675174244992	
0.0	0.0	0.0	0.0	0.0	
0.0	0.0	0.0	0.0	0.0	
0.0	0.0	1.905903427237024	1.1549942229857864	0.9963348438872476	
0.0	0.6670052119841036	0.03435336016018795	0.3674473075111755	1.5560527424932993	
0.0	0.3757990864793835	0.5347626427963816	0.7768123491121133	0.796811031198119	
0.0	0.09777154681685676	0.8337845999309622	0.44309239732239736	0.5298674493147105	
0.0	0.0	0.0	0.0	0.0	
0.0	0.0	0.0	0.0	0.0	
7.550408719318377E-5	0.04437652555580194	0.3852765798361672	1.3043880411334585	0.2266526419397537	
0.0	0.010126018765115062	0.0	0.2415712051613877	0.4890528620063731	
0.0016307601569617138	0.37658204448809396	1.072873768596375	0.4929784470980628	0.8650348082295571	
0.0	0.1636639334503365	0.0	0.0	1.4591406449707252	
0.0	0.0	0.0	0.0	0.0	
0.0	0.852776423351622	0.0	0.5349193433639826	0.9063577560101164	
2.6130502790072496	4.544100512707011	1.148051611050609	0.0	1.3589789609420315	
0.0	0.0	0.0	0.0	0.0	
0.4244179276903625	1.7867820856017447	0.08694204412370539	0.22506088742230043	0.37642960673411596	
0.0	0.0	0.0	0.0	0.0	
0.11177209255960965	0.7118550020409604	0.32366845970554176	0.45976878965458856	0.762321199998555	
0.3490197913290396	0.8702148146205925	0.16376403646081117	0.24291253520468437	1.308680825269043	
0.7980990843025094	0.6959676123834535	0.6816998135551916	0.7910356423716036	0.0	
0.0	0.0	0.0	0.0	0.0	
0.37053703759401524	0.28378226169023346	0.1530158860987157	0.30900954852693824	1.8402381736522337	
0.0	0.0	0.0	0.0	0.0	
0.0	0.0	0.0	0.5453426392207831	0.7084214342825133	
0.0	0.0	0.0	0.0	0.0	
0.0	0.0	0.0	0.0	0.0	
0.0	0.0	0.0	0.0	0.0	
0.0	1.7619777944831951	0.18228496083476153	1.4009516529718307	0.7960903023515017	
1.2151990035980458	3.3198620152476144	0.16928122666196568	0.26176572152219013	0.5280220271545019	
0.0	0.0	0.0	0.0	0.0	
0.0	0.08742701049527099	0.6057074071330543	0.2533527653684425	0.4212968917277767	
0.0	0.0	0.0	0.0	0.0	
0.6059101042347391	1.2277270226033403	0.4246980912420756	1.1724829617412582	0.0	
0.0	0.808840285546937	0.4480411205026404	0.5486050400122002	1.2821785578486116	
0.3100475053443997	0.20268941902158305	0.04390149888578524	0.2152461810712152	0.4510942354628825	
0.0	0.0	0.0	0.35631319398587663	0.00653845295736318	
0.003700642975499565	0.5181398278519969	0.0	0.01780539214439786	0.6767057209390197	
0.0	0.6755919655331154	0.7259710472047501	0.0	1.4641528119621874	
0.0	0.3146554293795357	0.25814591373132145	0.16500661869202812	0.9726750094035862	
0.0	0.0	0.0	0.43060369719127795	0.5343346089513805	
0.0	0.04475771788307135	0.2781004867880104	0.06484619193863785	0.0	
0.6182184346860806	0.11756559262500443	0.19941049849248418	0.24673611843366544	0.19326452936172137	
0.09981434940113865	0.43954551841745854	0.11758004590309121	0.03903137453050948	0.2633345773737786	
0.12991922991718768	0.3602007273258845	0.0	0.3669621344282107	0.48259031880190206	
0.3288608925859332	0.3295168785798203	0.31908310859218775	0.7466956916957437	0.41128246237632143	
0.05504806661593874	0.0	1.599005429424496	0.5615765700041383	0.3855504631328796	
0.0	0.22670046577997696	0.25779775398791804	0.7113115540540308	0.37358302843769065	
0.5691311492726788	0.6797596178238429	0.18644968664476055	0.06737088303157422	2.496576079666038	
4.159570615619084	5.734599495632593	2.233041280564573	0.0	3.7689087093503426	
0.3092716719000296	0.13468726218052515	0.5178900312152613	0.8493015606654291	0.19970868885166024	
0.6044119755136075	0.4244440940041839	0.5595258738310248	0.6017213855043099	1.1748468322024506	
0.15602065761315176	0.9921545438561449	0.29340237394643254	0.25744435284580214	0.8284061576074235	
0.5665581858772091	0.0	0.0	1.6207575389662017	0.12292260414675654	
0.0	0.0	0.0	0.0	0.0	
0.0	0.0	0.0	0.0	0.0	
1.2533187141164452	1.415285787230133	1.023787394798778	1.057476228663386	0.317543622757524	
0.0	0.10083784720306532	0.0	0.3921114041808211	0.3400921080748242	
0.34540537278222755	0.5796714323516795	0.22879023819302116	0.07888599894031807	1.2545869403555092	
0.09341238638450186	0.9318783400470291	0.7108631575590167	0.20743623215865345	2.2689084974474176	
0.0	0.0	0.0	0.0	0.0	
0.0	0.0	0.0	0.0	0.0	
0.0	0.0	1.7942214216849246	0.11244931883033647	0.5332599315854445	
0.2906876084735057	0.0	0.7963677873118307	0.233737846903133	0.3894842950259404	
0.39787314646890837	0.21200272376554732	0.44426362786936197	0.04240271220650549	0.3945169126888255	
0.0906210896147904	0.26901646136884133	0.0	0.44880474845419427	0.9892683447396883	
0.21025538779889558	0.5892456187435298	0.12463399974212998	0.23267620520440813	0.5059822519443128	
0.0	0.0	0.0	0.0	0.0	
0.99021296959982	0.0	1.7111820907105295E-8	3.296112594581826E-8	0.6861890459492108	
0.07378028323149863	0.8157220628278326	0.14054580077714993	0.40855462227662365	0.11428417767371621	
0.0	0.0	0.8736186774683069	2.4243293609339926	0.0	
0.0	0.0	0.0	0.0	0.0	
0.0	0.6009375143604556	0.0	0.279204478421481	1.2557751768265604	
0.30437724951498496	0.626072162753004	0.33913227232709575	0.1547584562698494	0.8973175061580315	
0.0	0.12918879764178012	0.0	0.7890634114775943	0.0	
1.6238712482752555	1.6032294779056921	2.154443928684438	0.8585468560745392	0.8655573644408857	
0.0	1.2765681584578615E-9	0.0	0.6571639355546807	0.0	
0.10427298816315478	0.1274494683291901	0.07318557741863296	0.2191704396079687	0.46038009800913376	
3.976885141160503	6.745229145979004	0.8488498289814707	0.0	1.6981853570733794	
0.0	0.0	0.0	0.0	0.0	
0.0	0.5545895375965203	0.0	0.10393057868535477	0.79554856554257	
0.0	0.2808748228432995	0.03960499363822634	0.5583756267462887	2.224661449312038	
0.28364109062350595	0.3122489625589698	0.18480206466533364	0.21477176449500465	0.5614661205430622	
0.0	0.6540288541233769	0.0	0.3592494658152756	0.019102519080177432	
0.09783732407261378	0.6274045688627474	0.20738736083695314	0.07201770428766899	0.08458549385966364	
0.5649541357369151	0.20279443540156852	1.135831612665195	0.5848194108293879	0.8622009579978357	
0.0	0.09949446914270912	0.0	1.3876656945708115	0.1831125500664619	
0.0	0.23835824872829553	0.5666439173399482	0.06834260683023267	1.0590149296607934	
1.7236586379515906	2.7262132571995914	2.5162932816592534	1.4514506213931984	1.1691348082819615	
0.02209898613908554	0.0	0.6202479173498151	0.7488360833846133	1.1035519442443784	
0.49095550015822886	0.5443179460540856	0.48989981610298045	0.423482772840793	1.3764637110448812	
0.31886718147997095	0.5745816462566168	0.24821668445106645	0.43766557584008	1.4822404407694658	
0.12808371967006923	0.10288621778563263	0.0	0.8627302387718749	0.0	
0.0	0.0	0.0	0.0	0.0	
1.4762143627228186	1.2283586848119072	0.7062505883044129	1.3036563081330528	0.0	
0.0	1.0875491203930596	0.5691035037529347	0.1719709531164074	0.15024277658228877	
0.0	0.0	0.0	0.0	0.0	
0.0	0.18858409987028635	0.0	0.2756996473368225	1.1529560073021698	
0.28019908105065355	0.32860301788982876	0.28610919273285834	0.34452114503192693	1.3006125008451965	
0.36632439864428196	0.8282331094229987	0.5146016323218834	0.16650489167149146	1.1514566377397948	
0.0	0.0	0.5314378874577218	0.4417695664540833	0.0	
0.0	1.0613329652447792	0.0	0.2304556216516238	1.0298108599112508	
0.7399976634717513	0.3687874236064616	0.18974336898566196	1.3383562830161848	0.8703878249528008	
0.1792876998902839	0.07855650618283375	0.48071822059010016	0.0	0.7336212512480063	
0.4414571834120157	0.38351576644602065	0.26283821011340364	0.06494150180478227	0.12190013998969071	
0.0	0.0	0.0	0.0	0.0	
0.4132904763285238	0.10262720326815346	0.3644876862396383	0.29246472303499516	0.6415809975069013	
1.0241033492633738	0.7744942150682563	1.0804439890637787	0.6230169243243232	0.3121445906836803	
0.0	0.37680295549271003	0.2543126223250785	0.12763051225569474	0.04088849450659648	
0.7600605125204998	0.4456678463829236	0.9624127416967755	0.5478473778664904	0.22112482535211486	
0.0	0.36315399316501723	0.36321990550621097	0.6879613327924808	0.4293626430484776	
0.0	0.23848658050187532	0.0	0.9229081879057222	0.32934957865613385	
0.22258793809862407	0.27142288365965467	0.43381911487049857	0.7340478983235422	0.6025292864613326	
0.18660546179382442	0.26765921777506974	0.531784309956058	0.5043136650525595	1.4468295562477953	
0.1484989742558587	0.8152798057921596	0.24623722726626784	0.37084571189141113	1.4350108700150774	
0.28354167236861577	0.1025986437870762	0.32474678435852367	0.8295137052047186	1.148757766801273	
0.30268636931650267	0.05373660600995758	0.09413388013280974	0.2120374813118424	0.28696695611020917	
0.029308249051946525	0.3760390575369432	0.0	0.33958868947115245	0.13859133267721038	
0.2543932849142905	0.6665923422271628	0.14559049500120863	0.36188729179419304	0.4906262008337721	
1.5167227418164577	1.8354895517840506	0.7354592464130956	1.5647202309018422	0.3141501594311449	
0.26954432554324165	0.24411329379822233	0.6864916294129002	0.0453556178076911	0.3271165235868339	
0.1463782157491922	0.43090872887907755	0.4430229762584154	0.4650452658979632	0.5555959448293258	
0.386584925686413	0.440117371555506	0.2546257702373042	0.4687405450414526	0.49806248539445785	
0.3543386779569209	0.0	1.3889977244707918	1.2535543561960782	0.7653461397721405	
0.0	0.0	0.0	0.0	0.0	
0.0	0.0	0.3246674417082375	0.35194276838132565	0.9418568309243625	
0.42460961419941495	6.562816957062545E-4	0.08558821509648112	0.2309049618316686	0.0025625409079530737	
0.2791103147149685	0.5758584604470898	0.3429410669352894	0.35405821449087055	0.34588641231666994	
0.3743470822602579	0.3675626616166745	0.7227020002177276	0.853166741947748	1.0631683129311542	
0.6019259525417123	1.4077675105453995	0.18873601584883815	0.2837271319207026	0.43019694159077565	
0.05137600227638995	0.14334978531525167	0.4616772383992332	0.3316605065371576	0.46259885778543897	
0.0	0.0	0.0	0.3261242590355412	2.1505516775710865	
0.0	0.0	7.872953936944036E-4	0.3764289092688838	0.2852168140410625	
0.17125045206810074	0.5575938195692951	0.10953757669388293	0.25015552708207606	0.3616424352620568	
0.0	0.5953680614225608	0.0	0.19000222516973392	0.7479432950751835	
0.4762748137296356	0.21028258742390402	0.0	0.2526834662500972	1.0608365041001844	
0.01870013545704881	0.1740596777989724	0.34884010529955545	0.36673176067442387	1.130587880228768	
0.06495027917311005	0.2585023758923867	0.4360259757067382	0.7734537081839666	0.5675657910070605	
0.31095703563133625	0.20484425010148188	0.31731928086593103	0.2773589384945087	0.3455573126539607	
0.048221031255698675	0.18894987890506	0.1649700299617171	0.24557459645707513	0.5858372197627136	
0.18272675618330167	0.43971999115914606	0.0	0.1592795759639728	0.882570277739611	
0.0	0.0	0.0	0.0	0.0	
0.0	0.0	0.0	0.0	0.0	
0.3479198347276362	0.0	0.748154804615397	0.6445764145830585	0.45353678249442303	
0.21341637125547464	0.0	0.0	0.5221778419189366	0.41116109629283126	
0.7772205533850052	0.0	0.6809110896955864	1.8896431495312813	0.0738153488677881	
0.0	0.6999156368533849	0.0	0.8437352708011919	0.9481307666200869	
0.4553829674624582	0.7836661180971175	0.4696177826279081	0.0	0.19515756253442268	
0.3773967905199596	1.3620460973075426	0.3075091768181055	0.4640518037666555	0.13195558959119605	
0.0	0.33214971214730793	0.0	0.5968983424086927	1.1129995423093524	
0.0	0.0	0.48108665963021197	0.07231768361330915	1.5931942329392808	
0.6212254454838575	0.658447001387376	0.7566491346254274	0.23431357093919886	1.0477411011590514	
0.18138966769959394	0.5269459548321963	0.1827589475262036	0.6400659718745036	0.2991968509795631	
0.0	0.0	1.4158402786773967	0.4728047356615732	0.36427143665404743	
0.0	0.0	0.0	0.0	0.0	
0.7920642362709619	1.0699085667805142	0.33211359644514166	0.015765694503209682	1.2406577436728021	
0.1710241591987594	0.49080186278714155	0.2078709198698922	0.10692455756649642	0.5109418006443025	
0.0	0.0	0.0	0.0	0.0	
0.3821869895656628	0.0391921544837236	0.04662805517635001	0.9165533594354278	0.05836535110025942	
0.0	0.4636657190646586	0.4711015722524938	0.36937450729708093	1.2291501579472857	
0.0	0.0	0.0	0.0	0.0	
0.0	2.8948162295886624	1.681222987287864	0.7080463203675385	0.0	
0.0	0.3343888204924273	0.3919703387610628	0.0	0.0	
0.2872474690197853	0.5771666433751583	0.0	0.7179387302568133	0.9053407614329201	
0.0	1.223387271674697	0.048941783822723	0.03340333840733137	2.0882624457633234	
0.4891148274198618	0.42266881102299375	0.5736401834306428	0.7061283506031307	0.8201158379609987	
0.13126478080140158	0.04147312394305622	0.08952105778863242	0.4882616455343068	0.6259758869637794	
0.0	0.0	0.0	0.0	0.0	
0.12134572110983718	0.37997271691050805	0.0	0.4497571199287593	0.0	
0.07071882385691437	0.5869312491812834	0.5984255154675714	0.04117485626424046	0.17281684042689277	
0.24908097240827176	0.27814285947474493	0.2846563034217171	0.18326925969386632	0.4100932787094246	
0.0	0.4433430397062041	0.37776507977252843	0.503107304026471	1.2046733858729428	
0.3404216944150856	1.2771184951053334	0.0	0.5137296640100671	3.6769857412921128	
0.0	0.11451801494841629	0.1468053199600068	0.0992891924534031	0.6194809040531443	
0.0	0.0	0.0	0.0	0.0	
0.23234318513932675	0.8026211895502837	0.01592809129263687	0.04683586684271632	0.8871576051805031	
0.36728085355179657	1.2550229719184773	0.4882686463725477	0.3509740521763706	0.9899788528446998	
0.9462355864399727	0.5593769317930417	0.23454102942931204	0.6667836591834252	0.028016117786094183	
0.0	0.7876912266178043	0.0	0.012182196613342444	0.1567527497022121	
0.0	0.1431819384153987	0.2931804176206009	0.4488855100400953	0.8703003899230459	
0.0	0.625557452763759	0.01925368766881435	0.6814956773057544	0.5765288353808551	
0.0	0.11931729321257963	0.9634817504438162	0.0	1.337123683145703	
0.14521876710720222	0.6568747726138817	0.35814217660338077	0.9057341785255796	1.0728997074175133	
0.12415567407733728	0.13033816756491448	0.2830380279488072	0.3478490719883336	0.5965928045586362	
0.022560757168463137	0.34050944397318306	0.37406826134728477	0.0	3.921483226673944E-10	
0.14090139183420022	0.14374576235521935	0.20783088022835822	0.14193627140649928	0.5149576922557212	
0.0	0.0	0.0	1.0956915688344326	0.0	
0.0	0.0	0.0	0.0	0.0	
0.0	0.0	0.0	0.0	0.0	
0.5703858660603234	0.0	0.22893388506258094	0.506986719267811	0.6857317369557219	
3.2576884489024778	3.960168355682727	3.1240116695533136	0.0	4.197650333753076	
0.0	0.19666147627087427	0.19827642356237657	0.22896408616324787	0.655385847453074	
0.1781764451430837	0.7015393298935646	0.34227855570204263	0.8911489712681329	0.007861383618750249	
0.09189323103665877	0.535608033891946	0.16542318942600379	0.3401460432212834	0.06457971323261393	
0.4271408411042429	1.0843866610686415	0.32201798616391225	0.6053967705408364	0.7943830553177563	
0.0	0.2856540144089602	0.12578690196372302	0.5624945168139783	0.8902114994204233	
0.26039957719423135	0.6037598170285365	0.0	0.09250492176731978	0.20230122311087445	
0.0	0.0	0.0	0.0	0.0	
0.19096826880539894	2.2239164083932663	0.15585866482054084	0.22354883271579826	0.0	
0.5622479697152721	0.10566654258578462	0.12926268360451332	0.3584861100516063	0.4502630682895585	
0.43985572472686146	0.16339135343064515	0.013776646151884522	0.2513820935928819	0.6498651619243865	
0.0	0.006566897351113008	0.18006266828728973	0.26282414027246437	0.9152909199313292	
0.0	0.0	0.0	0.0	0.0	
0.346473885708309	0.13287070693803738	0.723593186839207	0.4388838239770705	0.07560567135701761	
0.14713360062799521	0.3063956673255102	0.0	0.5228758151260946	1.456005708856996	
0.0	0.2724430312487882	0.0	0.30642023489531606	0.9875518012196985	
0.26660917819143143	0.3291177218516755	0.26594328693132857	0.8888504265925022	0.3710724369627657	
0.43092181207482116	0.07273114634110221	0.3256923667174332	0.5111707384438533	0.048115699141178	
0.0	0.2823162993635927	0.22215796282952252	0.0	0.0	
0.41189412308090423	0.51924179281459	0.5981553634869952	0.0	0.24363494448550185	
0.9434187793821627	2.4516946926416052	0.22559829289328165	9.414000891574267E-9	0.5210492759196167	
0.0	0.3698990194957154	0.4528320050118341	0.5680268016325875	1.032301593714464	
0.3101466813678454	0.7446854002973983	0.0	0.0	0.1720831103764615	
0.0	0.26238769405200557	0.0	0.08616671709875774	0.8929600858778978	
0.11096761675402508	0.23942557436905484	0.31951224656065386	0.8444751539187039	0.6964139679928053	
0.0	0.6165995752725311	0.3929849079638011	0.03168559424592013	1.743712537702608	
0.0	0.0	0.0	0.0	0.0	
0.3830780274167188	0.2683557520850555	0.16384786240869492	0.2475064246218886	0.3596451521725014	
0.0	0.0	0.0	0.0	0.0	
0.41310312767332447	0.0	0.2017410872693256	0.28046219512061776	0.06337504747492559	
0.0	2.570044680197772	0.0	0.6723518257178952	0.5299780894047451	
0.021738379005944174	0.0	0.0	0.5078387282851603	0.5114165663745095	
0.0	0.0	0.0	0.0	0.0	
0.6203000824888515	0.41226186312890384	0.5100725305642245	0.5160351212873253	0.40829196028844	
0.016541885977805867	0.262995406966734	0.5490290611361262	0.2567139946407508	8.585341202668606E-5	
0.2451603198122332	0.0	0.318590303407729	0.31211203197104337	1.1730330467441628	
0.17182831776354193	0.5356195210557989	0.3025024142698138	0.11125538187593129	0.3070715283532215	
0.0	0.39374774611142715	0.0	0.751076760270094	0.25450532449634744	
0.0011296077902119806	0.08093283919754309	0.07927703674126295	1.0696245967742786	0.1888380963907715	
0.0	0.0	0.0	0.0	4.7755896829512	
0.5078440052224611	0.2391414316615943	0.1714514611232772	0.440791629208018	0.18950790840530873	
0.0	0.0	0.0	0.5704025018593719	1.554885154016317	
0.28038583521472765	0.6597185647882355	0.9822480095098867	0.11091177716192806	2.2993970200774143	
0.0	0.5311814829331521	0.10642713537707166	1.252465392879451	1.012998309393371	
0.0	0.5887278525006218	0.21938755897116852	0.3862053754259053	1.3792426756313667	
0.1393912590575208	0.0	0.2689247253638388	0.24642973643906402	0.028482839753606347	
0.0	0.7875213895979453	0.3077736786626604	0.8413510906568559	0.028396005511672793	
0.3147454686864539	2.9970762193374E-4	0.024560402725199205	0.3458108944441511	0.5660642165271516	
0.1251194224879165	0.013499459726787275	0.3860938512404451	0.3041776664722058	0.2872585449338751	
0.16186277546740074	0.18336296484075926	0.02460862747004256	0.5660071482149023	1.0185114158060997	
0.398935486116244	0.18085927292806595	0.3612836039237612	0.3875915916144507	0.12284263664340518	
0.07476348433457086	0.21453423344852812	0.5503025795268726	0.21387746717891645	0.4132952450652849	
1.3455732347468312	1.96158533814117	0.9135325980572063	3.602004695621502	0.0	
0.48027830408510863	0.21566499670086356	0.03907254553487357	0.6923051364061564	0.25637423383683344	
0.2355660546036881	0.36839482527089534	0.21332898101991205	0.38552913875885053	0.8845504342555304	
0.0022056309870510625	0.012861996283413127	0.7132437952423565	0.6358593032468348	0.10456413316481916	
0.28690308505543005	0.11815902445775493	0.3421922870938727	0.2685609136323454	0.44457018623999023	
0.1438509777857724	0.638599193301392	0.008654114193466093	0.17019812351136585	0.49353907064667707	
1.3409491855412032	1.7658879427017011	1.3490132673881021	1.5883385739587619	0.5149172226747535	
0.16097427725522653	0.5433055295540538	0.4908039269213419	0.36148396363343566	0.2341567244563496	
0.5546561554679372	0.1113227878896647	0.09898033697559828	0.3720198379809144	0.13549791040968306	
0.0	0.0	0.0	0.0	0.0	
0.13272896494556008	0.11519585626965055	0.4290415573572215	0.2736079850163688	0.4105124542898788	
0.06187414407513823	0.29523140223135347	0.10764275278171372	0.14939316284164034	0.6941415393279329	
1.284677416108798	2.7311622199573877	1.2245733206072296	0.0	1.7097993811448737	
0.1003506569113843	0.9213043028188308	0.6834731217732856	0.2446968487783113	0.46210845836807424	
0.4635336143360931	0.26523798922497965	0.002122991092344456	0.29726412414460546	0.26798930648034475	
0.12332804849641442	0.4425782798612722	0.30765335021465706	0.30218214177445873	0.3803171464133449	
0.023481078103485	0.09438442860521254	0.06641712653386457	0.10975252490726473	1.1341635535710037	
0.21193163060880074	0.6567621241404589	0.06298720254592706	0.1803941542778285	0.2963236443513	
0.9492100089908503	1.0957410208209049	0.9954124100439817	0.0	1.1641063029577363	
0.13071536113800472	0.5966569547370917	0.3360732631849446	0.4835973577796126	0.1809361147473872	
0.0	1.479799682071249	0.0	0.4149497774026881	0.6888544570048512	
0.5858802632026359	0.359059790876263	0.5696504119598457	0.4344654430713154	0.0	
3.745152958756148	4.014564110911664	3.889515397815813	0.1277576060682776	5.306578245609914	
0.0	0.0	0.0	0.0	4.668018298890113	
0.9784576443044936	0.9828723196637597	0.9342187929951661	1.0408271046972246	0.0	
0.0	0.0	0.0	0.4046759419361439	1.0194559627525215	
0.0	3.1743359415365733	1.6497848727507756	0.0	4.103481118811823	
0.7694664733964892	0.0	0.0	0.28104610282601294	0.22776791214247963	
0.002811340283002687	0.07807097340208656	0.40647616877007514	0.41567762739787606	0.4354520769413906	
0.36267646133025655	0.92293498333251	0.0	0.0	0.0	
0.0	0.2084778217078218	0.4151956815693543	0.15619670107359246	0.1641579100913916	
0.0	0.1607810227356806	0.2706102843931636	0.8674493368146107	2.434125979648908	
0.0	0.0	0.0	0.0	0.0	
0.004608028474609678	0.8126819847519493	1.3402570474134377	0.38933982992132987	1.1025809666671025	
0.20766705698857307	0.1334560840797954	0.34523819864957156	0.506842738274931	0.7008666519072034	
0.28840869533711405	0.2623768801759631	0.37360944060699125	0.17890174167559636	0.29903974364868136	
0.3149958009458696	0.2598392905143241	0.2687964678858231	0.5287975308339153	0.5088553842618888	
2.002039516422926	0.811666307955641	0.9179005328836962	0.8904454761979695	1.934118333400056	
0.0	0.5341274489329222	0.2201665906757412	0.2799643335388351	0.7533362271291186	
0.3496258737883462	0.27536502490353004	0.5238460898747345	0.21463626772376923	0.4873951122220895	
0.0	0.239745861230885	0.3400394952840686	0.08774923797226004	0.322878039377761	
0.2857531258555929	0.7626908576478367	0.28702835855765985	0.24527833859783452	0.8845243091294979	
0.6052937735344098	0.0	0.24842883191988513	0.13432057606896686	0.5710931908788269	
0.0	0.0	3.0607673444529806	0.12167202963910063	0.6974796566790964	
0.6367420110002309	0.09095291844673335	0.11535530944063578	0.6032402349414201	1.325674171425089	
0.5038584027243261	0.05186582676761711	0.4676931446768057	0.5554627540000279	0.923218265391262	
0.20261617692415376	0.45994051435847444	0.8178134889573904	0.6196332292214449	0.6344933112748116	
0.9252670097719914	0.07608753114360456	1.056591420362962	1.0337659462296218	0.0	
0.4098177695455348	0.2605438186663793	0.3209152996134163	0.3248062301443729	0.5227171765773451	
0.0	0.7893799250111414	1.3837275262839674	0.09987447958418753	1.497839863639958	
0.0	0.0	8.107234484935579E-4	0.6290058530770039	0.6877259592204419	
0.0	0.0	0.0	0.0	3.4353970327686856	
0.19925354652220081	0.9496051355331828	0.976744798365183	0.21798253736322398	0.721774026361346	
0.051944719785164635	0.0	0.4931682646006406	0.052295125725430304	0.3421180618862974	
0.19801384964588387	0.0	1.0404389077638367	0.43343455749620585	0.5614338510282924	
0.0	0.0	0.0	0.0	0.0	
0.0	0.19391224172424845	0.0	0.07833802091578493	1.0480066279170537	
0.0859881710888684	0.0	1.7955461648784856	0.5616835161757395	0.518904149601468	
0.2693172255888531	0.25686571841313804	0.0	0.7097417384264271	1.3057598934793109	
0.0	0.0	0.0	0.0	0.0	
0.0	0.0	0.0	0.0	0.0	
0.48273248952509035	0.6985382026220298	0.06077420966090526	0.49238032745675553	0.719438501702881	
0.017271808328979083	0.6764702913640434	0.1339970743106874	0.11762196038935849	0.17334730835932258	
0.0	0.0	0.5287120892413171	0.010250973613980915	0.6514057790331623	
0.0	0.2621549287434487	0.2394190945427227	0.24422263627194865	0.11046460289704932	
0.6597910677475938	0.47649292758824	0.2421422302630396	0.23778400216902426	0.5065356972136851	
0.0	0.4241634445740998	0.0	0.15672757135693705	1.347023333639202	
0.3677820460208672	0.3828188959255145	0.6173994690844344	0.0	0.8281913533059243	
0.12220533870130482	0.611374989633771	0.19576538760869408	0.3194227696378652	1.2484975778610692	
0.0	0.29466763666206686	0.36071764564030123	0.316751252916471	1.848245848387069	
0.6435397241236768	0.5182687889452547	0.2088891083732848	0.45422697516920796	0.8139375993050381	
0.05485607188655724	0.13969620383074424	0.11547194145597199	0.5599096603247478	1.1066260423768688	
0.0	0.21965651410760093	0.5850187027194027	0.0	0.5668596793433294	
0.45425517491719725	0.8939746075266776	0.05583117232156123	0.020172511263010034	0.8329872233681838	
0.8794451447114802	2.0899234061183094	0.1466944349864823	0.24268612165230044	0.39680796208662367	
0.0	0.0	0.0	0.0	0.0	
0.2846336531672558	1.57374093736633	0.002864904969474663	0.22811592400973613	0.6270862141073923	
0.09315284324088946	1.2694322079023361	0.42968425799573884	0.4985917373654915	0.8615828850967973	
0.0	0.018396245312399955	0.512987503636668	0.23917050335557682	0.7564721289953018	
0.16000471964430293	0.40112719867833285	0.16363190807757158	0.16617383281543127	0.47175237448903196	
0.28287302226943895	0.09600358728036633	1.0905902823614666	0.42355975191317885	0.29958995794704996	
0.0	0.0	0.0	0.0	0.0	
0.0	0.33776589667392454	0.07805265655210102	0.25099867024743777	1.1035426457002444	
0.5080408510294767	0.20101240174692053	0.0015128654029607671	0.26166330915382285	0.31243904534587985	
0.6444991145681448	0.5862640612006743	0.3714339114737838	0.21738468293976676	0.40267234595012935	
0.17654759405043158	0.4136430731653601	0.0	1.5220108715349057	0.0	
0.0	0.0	0.0	0.0	0.0	
0.12435807458974091	0.11415741106730229	0.28903845577739706	0.5015085112785553	0.15109158388513655	
0.46482480022573397	0.7432823730235347	0.12158124184558108	0.0	0.26107950204076263	
0.3791777777947833	0.7912126365063563	0.5844487948696763	0.4444535956542868	0.13416760051635174	
0.0	0.0	0.0	0.35638203035227417	1.4528167879561136	
0.33500342068856476	0.8187967583364953	0.2981398243362656	0.0908912947332505	0.0	
0.0	0.10706230106540784	0.0	0.12795929262913136	3.3143836955998074	
0.0	0.0	0.0	0.0	0.0	
0.0	5.814213300029742E-4	0.0	0.4377867456974698	0.08676924008722653	
0.21024239014786944	0.21818255805600872	0.0	0.5046242351649272	1.369906928434009	
0.0	0.6957574351738581	0.29410156998481496	0.0	0.33031033171103996	
0.308227474413231	0.23492705952285306	0.24824318711494375	0.3842584862868671	0.15433727967310953	
0.6140647556587204	0.018969037079856595	0.0	0.264340843344689	0.030042569880660494	
0.44032351967647415	1.321744824032979	0.1915512760927795	0.33296091730634836	0.5007802495224447	
0.17184445345192662	0.5672221020982634	0.0	0.06465030677955785	0.0015677936030016604	
0.8122045810007605	0.6089975345847752	0.8285509504045644	0.9440831993201485	0.0	
0.0	0.7640873580428211	0.35143417984361214	0.43137749192720987	0.0	
0.0	0.16622509245998351	0.24507399826300744	0.004133380701883546	1.16783891839431	
0.16319146324917158	0.2640663610844289	0.42349000729489955	0.3654758595202948	0.6911334154440751	
0.3305352654899308	0.2721765169516149	0.6880719186439452	0.1111847416608386	0.16923482609003224	
0.0	0.16992589097457933	0.3968243564534752	0.3912918984641982	0.27398335615556946	
0.5699739119771353	0.0	0.0	0.6287790711801704	0.0	
0.0017212355957239476	0.44678297375826215	0.4360127292457686	0.0	0.7877723974560047	
0.5044797872029184	0.5022770681533046	1.4223264014304156	2.0628671927791213	1.0947310342713679	
0.0702381457215527	1.2750234588747098	0.1940272669236814	0.371224025892824	0.28731956666774056	
0.0	0.0	2.2345624067111056	0.0990605397529068	0.5950576618177567	
0.34025834654711645	0.0	0.2882915522448565	0.4375695280792518	0.2857276285322255	
0.0	0.0	0.0	0.0	0.0	
0.6437386909115422	0.7462721769171649	0.8367234636200475	0.4794509617408392	1.0330657837654034	
0.024603190057542423	0.13029785085751946	0.23177517199404313	0.04800034865745027	0.5291386895191906	
0.0	0.0	0.0	0.0	0.0	
0.1884122036923096	0.1828069986355735	0.5429851285152706	0.16255004785679258	0.20972989283105753	
0.6274418545109273	0.39345263505542766	0.0	0.6083880884009292	0.13234232676260868	
0.0	0.2584785528875679	0.06467826175041176	0.10829480570910686	0.7323690940942886	
0.456676494944914	0.1890838427693732	0.1358635938019026	0.5614396580436533	1.0008635881799592	
0.17222962417194607	0.4318322745484868	0.33668300187711603	0.37493846503242456	0.15625687677850505	
0.11375003413482504	0.2502728331567965	0.20438806545116772	0.5849972403782163	0.3756002621738417	
0.3041010967121992	0.7189636532296376	0.6832246223098194	0.30359609954070993	0.013254372089160143	
0.259038873875744	0.12265443085459031	0.21733753096525807	0.6187963499718886	0.7657854727207403	
0.09900850974465351	0.5981111959529145	0.0	0.25947972282254095	0.4995074650321582	
0.0	1.6256074632789612	0.19796689019483357	0.3875120472686692	0.0	
0.15184590137853893	0.30872915177419064	0.2593595747052684	0.3909438938790711	0.0	
0.0	0.136479681028126	0.5532433820965375	0.45050477068043615	0.12388241926891325	
0.20637421513153315	0.710215854881466	0.6103869740782496	0.33701285512533946	0.1799584929014609	
0.052363080224510784	0.37415234000931985	0.6536542383486792	0.5341195078382035	0.42854479425585684	
0.4139073457705491	0.08114350479399898	0.0	0.3692851843842036	0.5486002184351609	
0.09009056301732381	0.0	0.0	0.6698016813891978	3.6180098518388677	
0.02049586358454421	0.056158183832610294	0.0	0.2013193566284367	0.856154067860042	
0.6214416379653737	0.16458182119358408	0.6099030968897651	0.48813340445815845	0.3544898273671111	
0.3792480664480664	0.042329718807859615	0.2982437398814634	0.7538833524822055	0.0	
0.0	0.0	0.0	0.0	0.0	
0.3414027671859468	0.900948551438757	1.1223675188116147	0.38979425008638113	0.6329585704793645	
0.042270654732242834	0.6026465455402211	0.7151924938922526	0.44987726759920005	0.14002623023995567	
0.0	0.0	0.0	0.0	0.0	
0.8651355999117314	0.6062947487841098	0.21923423688397026	0.3973182958609469	0.7691714986184073	
0.1655551024507698	1.8934238894973783	0.2633199082880497	0.13234259750339478	0.06123532979427996	
0.0	0.0	0.0754483588185224	0.0	3.303790402663218	
0.43515654179186847	0.8480802370969827	0.7835055880653408	0.15439266843452473	1.754265833859832	
0.09954966713180313	0.17257140497962628	0.20902756665626754	0.07821233857586098	0.5129803232203852	
0.3157442267413952	2.1114274565839395	0.33999387387902	0.25495412083313873	2.2380168818094637	
0.2422542439413207	0.3291866481890968	0.0	0.44689445030918046	0.0	
0.9335627231457956	0.10699428146569288	0.13137958889995097	0.05457043930958952	0.1522356915922673	
0.367121770550794	0.40096510413351716	0.5262962781396793	0.7508153971902979	0.2566761672040667	
0.22409139491122979	0.3105423918153213	0.1426075602137862	0.3786969829167605	0.5067007526497483	
1.1527832766277961	1.0572238856604026	0.448578856767014	1.2680933834430106	0.0	
0.0	0.32951508379248795	0.0	0.37415522293859904	0.7821316885308454	
0.5190112658731336	0.15998037366765214	0.4325741988852445	0.39782717752647834	0.15213483140629952	
3.41206675373E-4	0.5773708879090653	0.06384094277873344	0.5630382410493004	0.44929886810965114	
0.4842728043613209	0.18423972240464653	0.457669537381483	0.49702559239620103	0.0	
0.004360503067798207	0.22179026822501313	0.30568607871138326	0.29230828883840143	0.30883854915865333	
1.1068077640051803	0.33108079498565324	0.0	0.25960830688148895	0.6328654532130317	
0.001356672596517249	0.502199085508746	0.06640348212012265	0.7103807257101568	2.2618460057704324	
1.411273449105188	0.1795201819759773	0.36199167315174474	0.6072033085285334	0.11939876265017936	
0.0	0.02017822328815539	0.3146253243110528	0.3055857338282398	0.9460838448368664	
0.0	0.9902830951610962	0.12604325204419323	0.2207277158932774	3.0391336903014685	
0.404156323323932	0.7312066759519904	0.3078156985654829	0.21781774655178154	0.0379113227721173	
0.0	0.62333813861678	0.0	0.526990796488318	0.177903105056796	
0.27732427183398356	0.0	0.5113278334159906	0.5546390248166267	0.21831230022037965	
0.16820943390649734	0.0	0.0	0.49211144170477794	1.2445508480547842	
0.07647304723795334	0.41929335247259303	0.15496460282234295	0.011146732483120068	0.8518918029113972	
0.0	0.0	0.5728996997935552	0.4008232098631323	1.0339018904871418	
0.0	0.0	0.0	0.0	0.0	
0.2137911608091408	0.018301703981110022	0.08039181868797003	0.6962450839926502	0.706771973923667	
2.1252706391205103	1.6797760955737693	1.7815980733096488	2.470281752767692	0.7502943916724627	
0.0	0.25969861341222	0.0	0.4162065530633175	0.9865968081761854	
0.3566024530805015	0.35246822671431244	0.35126229984630114	0.49739429597493967	1.4427145917888413	
0.22345740675066975	0.5074727897737809	0.3583604961563336	0.24553253559081176	0.46903639222619764	
0.35675281453380914	0.4238725497074793	0.22075692082742943	0.0	0.0	
0.09271732191585835	1.4089737080679496	0.3618887879803588	0.36644932174500866	3.3418312156632766	
0.3319232832699424	0.02697782670301766	0.8458511899815999	0.3446897857943384	0.5006356883656046	
0.0	0.0	0.0	0.0	0.0	
0.0	0.9898632255418632	0.0	0.38088966067504276	1.5691515952519675	
0.0	0.0	0.0	0.0	0.0	
0.5559765988385523	0.5878724738267148	0.4175378362807113	0.20153753827655396	0.0	
0.0	0.579178596407301	0.5303589320657296	0.04491325384577156	0.021573143095727783	
0.26175695561835705	0.26113705708682927	0.651071171171609	0.19706272327846516	0.537268540282688	
0.3162172773064171	0.4124724220590548	0.21458352674362385	0.3882526352807734	1.226723961615473	
0.36962480227312156	0.45031445854620333	0.0024194841628147447	0.37549004166262895	0.2768992954543466	
0.42150315422802204	0.19685023775106059	0.15967854556284614	0.0	0.3627635025132066	
0.0	0.0	0.0	0.0	0.0	
0.0	0.37191784819987134	0.0	0.27555911542935957	2.8440876260148884	
0.052360313969613416	0.14161542661031296	0.04771001361513934	0.3152648786614213	0.2554501951993533	
0.0	0.0	0.0	0.0	0.0	
0.42865277875347335	0.0	0.6273942483576013	0.22091940251611236	0.5412905266097812	
0.0	0.0	0.44514623625091565	1.0557946286947109	0.0	
0.6319442883839956	0.4115010261278725	0.5968912518976734	1.4407556764863345	0.0	
0.06050075357033381	0.0	0.5392267164031448	0.0	0.14652893453910024	
0.4814248690726099	0.31763952784737826	0.3125530113051899	0.5083139563911352	0.4784346342130181	
0.0	0.3728600035235351	0.21980440637521437	0.0	0.0	
0.03662234534361385	0.18027598093688646	0.19766208319498943	0.23798330073579685	0.300326150792297	
0.0	0.0	0.0	0.0	0.0	
0.6826488452619881	0.20584897817802394	0.9880126984572976	0.8424459664914669	0.2496068918130048	
0.0	0.0	0.0	0.0	0.0	
1.1131347935557394	1.4837427003698995	0.6933102388360894	0.0	0.9724389956429771	
0.7928363936543653	1.4369502144204909	0.2235501675013672	0.2965939404045252	0.2585075164653939	
0.13604883858220157	0.038755346570087154	0.6149388183186371	0.24387653624054806	0.8486818856105263	
0.0	0.0	0.0	0.0	0.0	
2.649080054515531	2.58057978437559	2.71955787161171	2.173849657784702	2.3941711224239706	
0.0	0.37147917626608085	0.43702621929439817	0.0	0.5829674836016713	
0.6631776560479344	0.1661063587997045	0.6767486006470655	0.38720187328382055	0.0	
0.29376296802770413	0.16194715056393919	0.3582920378163888	0.41675426768388907	0.0771095940224429	
6.277372956274277	3.356562121836795	1.907022413323597	2.68951042207737	3.5158964658628724	
0.0	0.09391625077746468	0.0	0.2910652594776948	0.26492773305253653	
0.6067353433310461	1.507374679888022	0.5964922445935871	0.273563614744313	0.6191235888204042	
0.012360939420265083	0.0	0.0	0.0	0.0	
0.17874367047659337	0.005322084726393487	0.17346914475932665	0.364948487422658	0.007736230123457562	
0.21876183143103914	0.2899267528984691	0.0	0.46670910226657497	0.6270826157943203	
1.6887687698104956	1.5714585873479499	1.351827846477953	1.4587805697055714	0.4155452903385139	
0.14435277749962816	0.25085347237616845	0.11790870844835682	0.19951502889781025	0.6515205364141321	
0.3434696989126661	0.3117333360420501	0.7565747523994673	0.4766592107666926	0.24172477088599592	
0.01671689958580927	0.20940684298957138	0.4623984147857851	0.1337303581221189	0.02612410624005153	
0.76692358413511	0.0	0.4647732139140556	1.018777107278077	0.0	
0.1856188055185019	1.675145945134209	0.039998617848342626	0.29756429777028076	0.23045406438564658	
0.8516440264503315	0.833598073375682	0.5269629387239859	1.1299130405571218	0.0	
0.541329189127124	0.49316851924239036	0.3795991443655714	0.665119604116236	1.237209421150647	
0.21236416090064847	0.2615181879905815	0.0	0.4427995191842258	0.9819157909918848	
0.06201724245165303	0.14408999102419243	1.6071364548551832	0.32509631018424545	0.50817699573508	
0.9500078044119123	1.4599520425118736E-9	0.16601343442182204	0.2898502644963447	0.15507959282790335	
0.5074214990591639	1.5631893455895571	0.8416115883844798	0.4881088473143051	0.05773868401861439	
1.730842229672634	0.0	0.5086607583885866	0.6599535707526467	0.09586982057605399	
0.13903854407990104	0.06753096083088356	0.393553010429249	0.12467082192598168	0.07981945558477328	
0.17442446535745668	0.30065670651338267	0.18447116026536073	0.31023560525531135	0.004684249959859832	
0.3204325236089347	0.4510715181172584	0.007218547939880038	0.299257092890561	0.521337765309894	
0.08377497223743892	1.6030155054557516	0.6486558722456883	0.5781772012119648	0.32932594198831194	
0.6251977238958734	0.32029681071089133	0.631492534784152	0.09318582912322088	0.02627196521000636	
0.5729280654272022	0.8355721917629862	0.530362601410113	1.040388415851498	0.6801388919772163	
1.3076953184897526	1.2568964661243962	1.6192936404907097	0.7254709297043472	0.29603084532774104	
0.0	0.0	0.0	0.0	0.0	
0.7652441086926752	2.88191730902223	0.28050746299172113	0.5197296366602717	2.6600483227510594	
0.8708483736068062	0.6750174596572154	0.0	0.7312668403687572	0.635311991470351	
0.4990552114505675	0.6033723961528442	0.13167944422200992	0.11138126080245547	0.3521969323695613	
0.0	0.0	0.0	0.0	0.0	
0.5551752400445258	0.0	0.5884070518518899	1.1186463804866162	0.23295307481044752	
0.11664612562892779	0.39130606093054204	0.0	0.0	0.48501574800619196	
0.12407650761962297	0.04690004487617251	0.10626215021851391	0.1059559449126866	0.590527409352146	
0.0	0.29224853324975975	0.1661496611075879	0.6179917710347749	0.264383629605604	
0.08868217229269085	0.024744850395811313	0.1411398976704335	0.2721511182826705	0.5923155051721843	
0.049886771010325626	0.35978687612560206	0.17267785625045104	0.2505338005563145	0.46628503332346605	
0.3259106712929317	0.14576239778130232	0.9579264356508318	0.623232112435808	0.32728751502856046	
0.12664705039830168	0.5739187547266155	0.27084387059676035	0.5062533874445324	0.12833060744853653	
0.0	0.23691707901284878	0.0	0.12281842254197332	0.2864182955608503	
0.2074432598533519	0.7542387784122844	0.1025645617498748	0.007557580587591781	0.2760250585226148	
0.05645810707813532	0.502685842664744	0.2730109209644063	0.0	0.09875135199952206	
0.0	0.6530104816879339	0.6696973675845057	0.3744753054757352	0.13057388286180274	
0.2163402163859212	0.43151292703995714	0.12217116738647746	0.15265062452030043	1.3394577021339458	
0.6459259012284435	0.42753326370519384	0.39816022750157326	0.6689454445563576	0.5627447207712581	
0.3666832010989172	0.0	0.029043214147310238	0.28275347804478485	0.14965442628712522	
0.19139943740880982	0.055471767482688644	0.4170704854571748	0.0	0.12560303031028136	
0.2145715692620004	0.1662001270269912	0.23028034270980177	0.3088704903604944	0.5332920976544455	
0.0	0.0	0.001394244390159304	0.3595330344160548	0.0	
0.5059408337340752	0.6219546645547054	0.714882278829514	0.20849221527545383	1.3215772424641	
0.13290575642593191	0.14192147337993521	0.3883253422265445	0.20076546236332005	0.027378920709482744	
0.0	0.0	0.0	0.0	0.0	
0.5436198217342703	1.1631658419338933	0.6685590863271855	1.0620332531416388	0.09388695907463435	
0.06569171542431292	0.283590085728657	0.16592422247224892	0.5044698916609205	0.15172583930970865	
0.0	0.7751972023118546	0.08906479000351479	0.0	0.9166161892552144	
0.4065363907440257	1.0185671937236453	0.6706339970403298	0.41702696045208165	0.9618707457591772	
0.0	0.45657522349057067	0.0	0.15597864571449518	0.7041907652004685	
0.7812492327711918	0.5601818931165056	0.7599583350674625	1.4934774426273592	1.2472419474432335	
3.3284104281360433E-9	0.474836435785722	0.19825261032246785	0.19732530443494906	0.07374495109002624	
0.0	0.0	0.0	0.0	0.0	
0.41046907444127667	0.42418788868290064	0.0	0.0	1.046022384852398	
0.36634005774619555	0.0	0.0481762911606897	0.6165123428014225	0.4913121855464183	
0.3676982884097499	0.0	0.19030867818585412	0.09923369034342847	0.20429257836881487	
0.01341015450493179	0.33420313486368075	0.11143607610267943	0.13992809454857189	1.1547295937292341	
0.0	0.0842582382946476	0.28869652118015277	0.8118881116681991	0.029405187653208386	
0.0	0.0	0.0	0.0	0.0	
0.6188031987593232	0.6683301014038074	0.41702293364378423	0.23305763609360586	0.39498447901765227	
0.0	0.3854055119233895	0.053919192718909846	0.49062785809267734	0.4937813235197494	
1.3465745805284095	0.32101644606174323	0.5569459018964539	0.6085252993485878	0.3232402375556321	
0.34212701814711854	0.47084807464272693	0.771895926894864	0.0	0.12126433109332085	
0.09123662508563325	0.408234212783608	0.04025622503777881	0.48134861151249925	0.12894588734222348	
0.0	0.0	0.0	0.0	0.0	
0.37120840409125994	0.0	0.0	0.11057829117473046	0.2345869261672841	
0.22336069978710588	0.6405410313804121	0.278241876518933	0.36378800231489394	0.45022357922561046	
0.3645439913990453	0.5752636287373588	0.0	0.05595684862741212	0.3738585515667709	
0.0	0.26028177011305675	0.12285653929493967	0.20378619923226746	0.09436130635079251	
0.4629696290792631	0.7126416250820564	0.0	0.6237136719256241	0.173554074299524	
0.7521711881862407	0.0	0.4152400380722518	0.7938860487421276	0.11401512274676417	
0.9956811102817521	0.698689118091924	0.586528662039343	0.2942185586769053	0.8977270518920965	
0.23944863293872823	0.4329041472055785	0.002631747172766899	0.21541693520389932	0.3174453615632132	
1.0334412969139943	0.7441995003581999	0.7837741398048811	0.5453108705361132	0.07593450377502811	
0.2994313961351298	0.0	0.3620229135065951	0.4856195999884865	0.4516724219252053	
0.0	0.0	0.0	0.0	0.0	
0.7581125547227157	1.0761998929762324	0.0	0.5105903184249041	0.5505463790631708	
3.1680803234876103	5.402634840246867	0.39249763451251585	0.0210155841168084	1.5420515040876446	
0.0	0.44224399098505934	0.25251724965943023	8.98359316286739E-5	0.08311639808422835	
0.0	0.350867551383466	0.41880154450991647	0.6149789485781355	0.283773398616951	
0.42672844853347214	0.15915945167573184	0.6066555055865155	0.41438519761866305	0.2484712709795612	
0.6366069177282423	0.26485080739652134	0.0	0.30667368329672423	0.11939618511426965	
0.0	0.0	0.0	0.0	0.0	
0.797742428271382	0.993023474025725	0.07952185454814167	0.19150155006637573	0.4818912730077958	
0.18998078901777743	0.11064881294311434	0.06312316783487082	0.26854017249733186	0.13035889275161053	
0.028743110461195893	0.4659764780765339	0.2434593374655298	0.002463675836912727	0.031067413294317617	
0.006238843326240634	0.0	0.0	0.1312672790126165	0.0	
0.0	0.20685388173209632	0.24551980180667451	0.45796190061304154	0.9462630838412879	
0.0	0.0	0.0	0.0	4.295874214753945	
0.10489817333283881	2.579848840933321	0.8202370360920441	0.04850154642829099	2.532074052214352	
0.23446268900642175	0.7560737185492299	0.39502629555591096	0.3099585192958969	0.4005850099525903	
3.077089065179055	3.4457349480359607	3.4984686181160023	0.0	5.230422513945082	
0.5417007600891265	0.0940484192460634	0.20379497440018585	0.5290162442665463	0.2032539704665288	
0.23796448162756142	0.2099819092136782	0.5563291575569993	0.4903491323575872	0.057072945391757286	
0.2915453974685415	0.1753047138458678	0.0	0.5496530723334212	0.9585616822095311	
0.0	0.0	0.0	0.0	0.0	
0.1758544413214646	0.87830267417678	0.19813547116383579	0.22188170499704707	1.9243475031384132	
0.0	0.0	0.0	0.0	0.0	
0.17601190698888758	0.15999649867477758	0.0	1.1074126207864983	0.07277082482746011	
0.04003624810240554	0.8295689824716139	2.608502233082813E-9	0.10092881242903035	0.14263341014657135	
0.0	0.20205551330304194	0.286625718984059	0.5032171058039876	0.9409572197040329	
0.0	0.0	0.0	0.0	0.0	
0.0	0.6880866724433387	0.5348606540549729	0.0	0.9143965594381294	
0.012707464933514148	1.2925834568115013	0.46056944480399725	0.5920898798862142	0.655468355701366	
0.38230171778666416	0.2700870708770665	0.09427745410313125	0.3346569260639925	0.04417905637184223	
1.4648061284902254	3.4925993018883106	0.7897027253405507	0.0	1.1834947304028716	
0.3146557635222388	0.13806605339274974	0.008543146567634337	0.5168629308476133	0.43172739457671117	
0.40633927185849583	0.0	0.0	0.38576907326107956	0.9150041897200871	
0.36522672228350034	1.6598148450980117	0.12109780733406257	0.23223573786401713	1.0115458963143935	
0.1976754974594419	0.0	0.24808194192133012	0.4968950524097724	0.3865238162615997	
0.44785565488299384	0.11251415202707625	0.2689167397365271	0.6267420188564335	0.06607923128513386	
0.0	0.21056463329064712	0.0	0.7174118817470054	0.0	
0.0	0.0	0.0	0.0	0.0	
0.49997344955820616	0.03242821187714864	0.0	0.46079775801151845	0.35318863296251995	
0.0	0.16691224341616628	0.2818642061128822	0.18623762968445592	0.07899654402845108	
0.44830196574359243	0.6153594313968512	0.5369481876715027	0.15551386696676697	0.25619673741658927	
0.31782095229095964	0.2962843230951726	0.13802589015642425	0.27529606379081634	0.82282362770511	
1.268543903106394	1.1791874277477403	0.20372012508779044	1.0368919501002938	1.0551019335228065	
0.0	0.2596307658656532	0.12675421833898945	0.3642381195995221	0.425058024692481	
0.2741154377654743	0.136151380381711	0.3623579881581739	0.24619971877537697	0.1637152653761042	
0.050498524434943	0.24436144289066716	0.3585607955227778	0.8406627441669561	0.6782141246612633	
1.5470639023512383	1.1848286262156194	1.6527848245246684	0.43098037210138035	0.9911788162786817	
0.0815361711445016	0.11555303432892537	0.1793908643868051	0.7309064327649434	0.6536253817024644	
0.0	0.03699930027734242	0.3841001039058625	0.34921547245114365	0.8523271740212642	
0.30900017562235177	0.4394656146893517	0.0	0.6523671715200795	0.7114661337062735	
0.18710572516688873	0.22314987400750308	0.10295077984076437	0.26142033043587887	0.01591858041463233	
0.0	0.0	0.0	0.0	0.0	
5.090589639932777	6.7314253669590345	5.456223969913531	2.5708979115481725	0.0	
0.3781473221960305	0.29997534219859634	0.20405654525165268	0.1619791573409277	0.41180694789864886	
0.0	0.0	0.765420543392886	0.34993758298493577	0.9561986328575405	
0.48042746234331274	0.8263423618721776	0.7462840073624251	0.14551177814602015	0.4950924557372381	
0.0	0.0	0.0	0.0	0.0	
0.657228202874156	0.005225634609217015	0.0	0.13805999449924714	0.1271712835078275	
0.19700518995333913	0.0	0.2773337325638441	0.2810914774008158	0.5285700744639703	
0.0	0.0	0.2647090021174941	0.013578659204617812	0.9617934968727879	
0.27947141118361263	0.31447968895707945	0.0	0.3910819775956399	0.29935685149271224	
1.0898728755305471	0.024659754713599356	0.6166990610837294	1.1056083172504247	0.0	
0.0	0.0	0.20344663874271288	0.005279880642363606	0.7088801757885373	
0.2208434243654381	0.0	0.3739047024301966	0.38600499831210733	0.010300206853014327	
0.3791040764373361	0.3761495696493451	0.12422829060343063	0.5096887236627363	0.2173017630339308	
0.0	0.3318996277256585	0.4289440582957627	0.39007275391250984	0.6874016984475181	
0.7355709754301124	0.5265770905618187	0.09903350952069681	0.2119368268292319	0.42167145352614793	
0.03739154229743484	0.0	0.0	0.03017232715188948	0.15218898075537327	
0.0	0.439718121527327	0.3412324290104144	1.6492449423151676	0.0	
0.0	0.014227685689451583	0.07911568691617817	0.22353609776912944	0.058367337816844785	
0.09064495247958264	0.24630790322710758	0.17310325904953316	0.3511249433387721	0.6580765000737444	
0.0	0.0	0.0	0.0	0.0	
0.2661253496081796	0.3745812016844139	0.3985378109728666	0.5160465728212358	1.0213934755680798	
0.0	0.23780761847149973	0.19376441984995202	0.3779810922233532	0.0	
0.3060662485895823	0.4590443748372426	0.12430808358583212	0.20600866658542252	0.4198310441607831	
2.6949314836545	4.19387750179978	0.8036446107400953	0.0	1.378853643099581	
0.2468046554398748	0.0	0.0	0.3963467246507901	0.4147390344077967	
0.0	0.15239015951681456	0.854006838282499	0.5057977520114091	1.9946623087100984E-4	
1.7004329869015484	4.506168502694798	0.3908053950474951	0.0	0.9229419570084674	
0.32281418266416434	0.41658688417893525	0.4377142708542651	0.1328329331373295	0.4782891799572413	
0.0	0.2849939363647594	0.0	0.07725515694235056	2.6359570151697177E-10	
0.0	0.0	1.061284508000448	0.0	0.46297505652768794	
2.005115292369741	2.0573011119597213	1.6170649673551476	0.0	2.2456329252730227	
0.13753019006303202	0.47108277099698426	0.8123943544271324	0.5842993630537066	0.7845530360666312	
0.8596554766202004	0.9018822835214488	0.7991910225618177	0.5272059966944288	0.29106736477521344	
0.0	0.01451175783659461	0.0	0.22220736827423457	0.2698303626531289	
0.2943448111360955	1.6726686248921565	0.8438601717744528	0.03653084447223778	0.12217107614289383	
0.40950935314285136	0.39534588190252257	0.2456777415286334	0.2506385409690487	0.07931812214801992	
2.035257717251426	1.94287727838033	1.4774163524032216	2.249414724385194	0.6842262852166088	
0.041573975270243826	0.13688427848293053	0.10707383944945457	0.20055687400200953	0.25946440089797707	
0.2917391622751569	0.3950996202075593	0.18620107725504836	0.7829560540320095	0.9933804528567228	
0.0	0.027452605635397122	0.27709994362008333	0.5055222245096764	0.0625451482743876	
0.01945090905305535	0.2540666606344037	0.5628425278487409	0.2131052670842197	0.6461109730076807	
0.13559152140980618	0.0	0.25156514629822396	0.2929628070603439	0.41108345817323116	
0.0	0.0	0.5000927738137717	1.725483904745391	0.43300607550600734	
0.23989798334578818	0.39760764865144005	0.31701859202675586	0.17023017374769764	0.29021027802301264	
0.028657958287711616	0.4164713552476357	0.1825597094840708	0.20951431197469686	0.0	
0.0	0.0	0.0	0.0	0.0	
1.4985955588994901	0.7853804129813259	0.5614904793095631	0.2829571361006955	1.385772761075905	
0.006983819528683756	0.0	0.4146671595491212	0.5930528243074439	0.0	
0.0	0.0	0.0	0.0	0.0	
0.5406677408301552	0.5041358582507688	0.0	0.07529438054643826	0.0	
3.021276224178958	2.7409008653060702	2.8156633689604975	2.9150277752487197	1.7203109963230905	
0.20366526395638881	0.0547156417437588	0.2176065808182183	1.1983806187104886	0.0	
1.0007733817678859	1.4953670823111218	0.9609104591966716	0.9536467150966383	1.0210425483014793	
0.4555214441541661	0.4178122077261169	0.4301351803044524	0.29503150528858263	0.9347580226070104	
0.0	0.0	0.0	0.0	0.0	
0.0	0.0	0.4387029263975576	0.0	2.2123227443724915	
0.0	1.2313454976633047	0.09249578190004518	0.06815340270722256	3.4577078594193384	
0.05005183785849867	0.0	0.18025408672254722	0.5018864130540168	0.22555005418946653	
0.0	3.144922685604177E-9	0.29190587256421563	0.0	0.15798543063593806	
0.0	0.6579368062217468	0.22651040386888535	0.6906429119267962	0.37303801370388884	
0.0	0.0	0.0	0.0	0.0	
1.052374192822443	0.0	0.8429827967581383	0.689655143507016	0.0	
0.38587521465814084	0.0	0.3310690154446164	0.60547310241107	0.321636728611821	
0.23568914301229518	0.12763852851864696	0.3191731254915858	0.040213690193707075	0.8434142218670637	
0.0	0.29288070196180527	0.11981948342175514	0.19986252896631912	0.03886802195284985	
0.3354993264344831	0.025713530917888163	1.0964663912164484E-4	0.23083211523977712	0.1534737672497407	
0.24846121373178962	0.026726558498803905	0.2980068978766843	0.8191425079911885	0.15963875170212832	
0.27138322387687325	0.038476725397879254	0.0	0.1042271471823788	0.382140681012545	
0.05312653239461241	0.3940768488842945	0.0	0.4723861858724013	0.6654144129650358	
0.08059840270440834	0.5359028837119734	0.5104486634818737	0.0	0.40823051909063396	
0.543658975678378	0.7772454469105162	0.5251706195475145	0.0	0.2081719847623854	
0.3036252671227673	0.6717427826140607	0.2515419582327349	0.30291012518797245	0.25445024551471124	
0.18916983304831891	0.0	0.024204888548655417	0.4173188568106371	0.21974615762106048	
0.11529930008133521	0.3235564427006417	0.2785574267644408	0.3084583383188291	0.11812863138296191	
0.4743661709027374	0.03910284321669092	0.0	0.5597041142199095	0.0	
1.1322335611484315	0.404350377838962	0.2390796189030488	0.21662061741228797	0.6118573657383938	
1.070610609228178	1.9733085646893955	0.21978950816445117	0.4829047506504765	0.40842716804438506	
0.08394584846753585	0.26142173547613307	0.2745099612673474	0.19512412356664435	0.08689364384495131	
0.6504722584844097	0.05653766134636675	0.7943379549039112	0.5773955947458719	0.10558300008079086	
0.6310961924101475	0.9324117727597034	0.6599209010773682	0.30198284150161014	0.0	
0.448143719461249	1.7494363857037245	0.0	0.10657713531664927	0.0	
0.10405460157186833	0.2531566006864744	0.27418773411316777	0.3466455998229037	0.5436494539263194	
0.0	0.01722694040746007	0.42288524745434036	0.0	0.3274018090247489	
0.0	0.0	0.0	0.0	0.0	
0.0	0.0	0.3787697258150655	0.5131970227695825	0.7758268901585548	
0.0	1.0904312098714741	0.0	0.0	0.029457540842790488	
0.2871666232411717	0.362340957935582	0.5732419226988648	0.42593557583071356	0.5466869022404488	
0.2548775182804385	0.30418258454751856	0.050604526076252536	0.08927697515186392	0.22851644032011573	
0.5278694338994566	0.7562225187734138	0.29575708003139406	0.10562929005627826	0.8249377979535152	
0.1989839070785423	0.13917214636131378	0.25678201385964816	0.4370158749836971	1.0356257415996037	
0.5967145842494571	0.3703251372210527	0.5015033490985885	0.502874976572249	0.0	
0.37527897357286505	0.43950563029470696	0.3129397321793165	0.5925220497929001	0.3646462442902353	
0.0	0.5605469154455976	0.2516508714958022	0.49072905924900617	0.6887548512316753	
0.0	0.0	1.5218368434522822	0.4830141013676229	0.43168844535933465	
0.11629441485968538	0.0	0.011401909834973623	0.03272161394435294	3.7774581917263723	
0.1252940212633932	0.3558447126339583	0.15831370196562905	0.46636462793816075	0.5947445922013375	
1.2783555535823312	3.4132783762536505	0.0	0.7672157187297628	0.0	
0.9561642851200679	0.30947043282221276	0.0	1.0149548592245377	1.3694045351192636	
0.4050775886968561	0.8108116499380232	0.23695812427028543	0.10123399997975996	0.121088810391382	
0.0	0.0	0.0	0.0	0.0	
0.8262329236879198	1.0862634343031037	0.5542760160746923	0.3419736272591134	0.6310968291290691	
0.0033655164038620716	0.0	0.003296349751548493	0.3018890435818452	0.4199863543463281	
0.4546320935908132	0.4040482774680317	0.29951257328095926	0.3857062203075342	0.3701698114670169	
0.0	0.0	0.0	0.0	0.0	
0.07151119997134434	0.033107557730977996	0.5136693713027524	0.0	0.0	
0.0	0.2005116742481199	0.19204507273487686	0.467646737744375	0.7291026792386153	
0.3439883149368214	0.3022484716029201	0.44479928177467404	0.6918428972735072	0.3918293491656752	
0.009548729164454699	0.32931971733435095	0.7720408719711377	0.07269060930862477	0.5666163183621352	
0.6328261780397413	0.2586115285348553	0.0	0.7924952455213427	0.36605970807074584	
0.16481807881291374	0.2935509034494827	0.24829615247150888	0.009244963077794424	0.3967932932986479	
0.03129002020536299	0.2581424339386832	0.260239999348468	0.4100747019539536	0.3652876525902567	
1.9060216031312331	6.214069422810557	3.392039932553366	9.32184684710433	1.265047627501879	
0.7696693155152166	1.5951989497504153	1.2440517446883472	0.8752022424563033	0.259264567934195	
1.489715991764861	0.13851839909927657	0.30202462509918493	0.5409150845413082	0.010781155628336463	
4.183952522479858	4.093734304862727	3.8661046941184964	4.177558831449709	3.6340522657423926	
0.09955583203724414	1.0203673329970884	0.0	0.0	0.0	
0.0	0.0	0.27662811018201455	0.3473240318046764	0.889582129666642	
0.20021415898798461	0.0	0.0	0.463974666162355	0.4300285949393549	
0.0	0.0	0.0	0.0	0.0	
0.486172292411556	0.09124260755593613	0.5142607337629271	0.3591278314590398	0.22175950206778286	
0.16651381447099237	0.46111378967003924	0.38225742637364785	0.33260896180303406	0.10532951762297992	
0.275026516316148	0.10986026308249953	0.326426528370366	0.07753604807591107	0.544728276345738	
0.6191592594233601	2.195579390034768	0.1929225529329292	0.2593374999629109	0.06081313004136238	
0.5943007416361834	0.5252370963836702	0.3011645814619345	0.12353273960778836	1.6256259648344848	
0.45329900379605653	0.0764027468284434	0.09239594303618456	1.3423205612060136	0.0	
0.45074636722178135	0.23138061501861648	0.7102323834863937	0.21277362737752664	0.0022198441573930065	
0.13142631662307275	0.0	0.18233924557819495	0.0	0.38259449562616377	
0.3737064906174829	0.21150364132637023	0.10966967095820612	0.4293524526130007	0.2870941637975557	
0.2051201183331125	0.22476916844049416	0.2400189717008755	0.5096533599099378	0.6310304933022004	
0.04595024460077971	0.12036946546250775	0.2848624669235391	0.8922625672445166	1.4015868515781853	
0.0	0.282814772072871	0.09899399770152281	0.48123544834933585	0.12321363884754866	
0.31863110838620046	1.070529094197715	0.5199079975723823	0.6437914038326237	5.954602043125474E-9	
1.4452833902254176	2.0471412633123576	1.9588927529281452	0.8421601366607527	1.774024215605273	
0.08325571474800703	0.49938837141064274	0.5155125181115968	0.19309072069007696	0.9725449378696266	
0.15663518977326046	0.08489289833391384	0.3566126679216361	0.062055987399211913	0.3891886685604361	
0.17696310746560814	0.33320411558732244	0.28161162249777427	0.21987419452626356	0.2129964380145353	
0.4867691787096461	0.0	0.1763431177872366	0.43806747399758156	0.7384490786990987	
0.0	0.27696491707635434	0.5737821453803592	0.21172513654184674	0.32439879697531815	
0.52072504060819	0.24462979734590254	0.019189084192064765	0.4860444375512699	0.0	
0.0	0.0	0.7541100109549369	0.43614902516203763	0.0	
0.0	0.2862999782393539	0.0	0.5305354093089768	0.40584269416200647	
0.0	0.0	0.0	0.0	0.0	
0.5466693417310047	0.29926224665631446	0.5116329570675022	0.40473350372833616	0.0979653720222986	
0.6472894715692277	1.1186048409583618	0.5130468568514882	0.10089573991843434	0.41675100417617256	
0.28344555362668283	0.8102419957249976	0.38498369082643963	0.09721786963322533	0.14649170291156133	
0.2883975963841216	0.49290818473201126	0.0	0.3429493001826531	0.5093961248146772	
0.32023732212297507	0.37727256808094173	0.5103610894954985	0.34882869356539686	0.0	
0.2079084751660644	0.17090889705878387	0.2842926591513446	0.5365554862974302	0.8318047772484941	
0.6660560697911685	0.3565348072198662	0.5890767274155351	0.13359310932685003	0.4683752768692734	
0.3315126191973974	0.6471784123568792	0.44638850897604976	0.554634724856061	0.5681879453908028	
0.5493824411062752	0.0	0.806003842044899	1.0218124646686668	0.0	
0.07276772976507145	0.0	0.08326406917052302	0.3351700119073559	0.22765214261942776	
1.3903576098448387	0.0	0.0	3.582423374025416	0.0	
0.6336971738249573	1.1760635741511676	1.1113080722988735	1.4107635854898692	0.8720186630210207	
0.265678867750926	0.6451300053927287	0.6877037940230772	0.0	1.4024158820410353	
0.0	0.0	0.0	0.7338358950702131	0.18028028890009923	
0.0	0.37728075300489566	0.3664888602588808	0.21268239703176248	1.3628139202085863	
0.14509273318572247	0.505807727716685	0.8341174741227865	0.42628259428218007	0.8855719375232572	
0.03792001663217594	0.2210516190530875	0.43178160169027285	0.16457425561043054	0.24329187968205312	
0.1646912715667414	0.004988981028965292	0.23904564098722705	1.3522285943681596	0.0	
0.5558685189462959	0.2554835609717085	0.14453714815294888	0.0	0.5473504455809551	
0.23442708829202744	1.196333216277279	0.0	0.3558834042918394	0.14166557599572377	
0.5012280743752203	0.2406489375439491	1.4736806468854704	0.25926090140127567	0.6869698086239201	
0.0	0.15928391097704436	0.0	0.8376246518336978	0.3707976251911536	
0.051097172884815314	0.2838676619652454	0.4415138676881479	0.1134867842053661	0.07822885392716822	
0.11823815056619065	0.15084147454358104	0.12069714230830873	0.607166535269042	0.825152922315818	
0.0	0.3895947769181134	0.0	0.2117273838951456	0.3908297095001582	
0.0	0.0	0.0	0.0	0.0	
4.0415716162878335	3.4831036474839516	3.598767327356169	4.15679564301325	2.520815599669007	
0.16018487853550933	0.32497643095172984	0.023781181389080447	0.3432386479113999	0.336149451226525	
0.3022456029251375	1.3758224843215126	0.03995564180003897	0.2934103309959592	0.3366891100063077	
0.0	0.0	0.0	0.0	0.0	
0.33628991729918717	0.7039094612697935	0.02798987387491494	0.16437735586709476	0.5929211741638895	
0.13286067073639207	0.41635057103299195	0.21433998160624043	0.052424223598670994	0.40107982406023934	
0.31566224219815214	0.5066187659495619	0.16870018818760527	0.2886952446763909	0.6163241556275498	
0.04621370121127715	0.3994555611219807	0.0	0.35179151631348576	0.8126936272597519	
0.0	0.3229939603295563	0.598849748606649	0.40460459038815044	1.377226505776516	
0.19663927102548143	0.3118934680252941	0.6443350233402372	0.04367617974556318	0.0804702464001763	
0.023101326540860518	0.027419185725574176	0.04871931472773021	0.4578794342217699	0.2837069353087203	
0.03559035605264931	0.33503661874513757	0.5549761986741731	0.0	1.1409257898159697	
0.0	0.0	0.0	0.0	0.0	
0.9571097101935817	0.4081564183401948	0.752211868860971	0.4461940125019441	0.554015214086658	
0.15029300038250035	0.10906739339259693	0.3532629353510233	0.4521851502112719	0.24223761275091288	
1.029578391453092	0.5150154867457235	0.0	0.5910585649952399	0.0	
0.0	0.3754903954638477	0.2705356176839018	0.432801116518112	0.14256066230632905	
0.03880875237257663	0.042859495901376526	0.5406917128831077	0.3455949783664879	0.7372910634560247	
0.0	0.06536829842015542	0.5391197198619044	0.043489539874505594	0.5455062149130969	
0.5707315394754999	0.29520214888443497	0.20176932473815143	0.14880594929584215	0.2488612945085856	
0.06364154932453903	0.5229351990294013	0.02486827328820722	0.1046540007485258	0.22253535388534088	
0.12757246670786962	0.6334949598607696	0.07464371462974465	0.5663115649867955	0.0	
3.72853435871522	4.046480997435203	3.8642690444537875	3.994346540771853	2.737015421487896	
1.9858979795662685E-4	0.0618342211208389	0.0	0.4762794503623502	0.9158285069175256	
0.4195679527831419	0.3010292017782939	0.0	1.2600188511629247	0.7196544774055899	
0.12878880122350916	0.44367199123643664	0.3020186441733734	0.2641172448420472	1.1931430900603988	
0.49707013431137287	0.832913702248842	0.22836517222812885	1.14539778039408	0.0	
1.9491308143587244E-9	0.23101453089059681	0.025531794622529577	0.3314977598571497	0.08003553868102553	
0.8399229022363639	0.6909857289442247	0.8045452747513937	1.2299245320969265	0.6782118379404141	
0.26068244747855024	0.6602432868998234	0.6533682710018139	0.35169820644520466	0.7348743745940098	
0.0	0.0	0.6668155257058886	0.5952923119104323	0.05214811362065188	
0.34392291947529163	0.291975977774175	0.2838654451586225	0.17386420550086037	0.0	
0.0	0.5134727747825873	0.357633034319681	0.6130833009186455	1.1006153740579414	
0.24802195919548972	0.3937502207309826	0.0	0.31371552485600723	0.18505924949087132	
0.6505224944090341	0.8835767708715677	0.0	0.07925384164854067	0.6752035500407536	
0.0	0.0	0.23253996487610992	0.3471217331272111	0.11483547518381028	
0.5442062693669564	0.7494802777562608	0.0	0.33604683010975256	0.07945385071406837	
0.13492438688381994	2.1522350512115703E-9	0.6034186527268068	0.29108611154413	0.23775859104352975	
0.41439233911719253	0.19933771885888943	0.45169307002926506	0.14120063655968074	0.23508625275903638	
0.004451390485255046	0.8396203117090895	0.0	0.04259655178850163	0.4641827270358663	
0.0	0.034966486824488226	0.5047137521167645	0.3584346052685479	0.5165952988511268	
0.3371343971891082	0.08452079467232906	0.07753460022967557	0.1530753372020984	0.0	
0.2935319493940117	0.34072800753792765	0.03152312896126828	0.2708516627583583	1.0049846416888482	
0.08565880015617618	0.21582452170539637	0.2588745430761497	0.34414037504155154	0.011653928224444294	
0.08374804809830973	0.7384788338352496	1.2191344747880875E-8	0.00812276504924498	0.009247009577662009	
0.3686255337128443	0.2882542454409705	0.21725446588148686	0.06079720401388001	0.4710823647880162	
0.7410231856171745	0.066922503031802	0.30227744573020027	0.17771101315741467	0.09792407157471367	
0.026091348372631162	0.6460527482573515	0.627416674704961	0.4111953096099661	0.18889938899001696	
0.008107278542258404	0.37920522429064984	0.27364430425074376	0.41871340871052726	0.5434310279082447	
1.2770352333912687	0.7492453484086182	0.26305341709081237	0.5537811847412795	0.631211704332888	
1.81233970060288E-5	0.40695521105141047	0.3658974925608239	0.5693221906697965	0.26707511054999733	
0.42193787957707457	0.34766711460889577	0.391057600070256	0.45919803287439703	0.04917194521016677	
0.0	0.0	0.0	0.0	0.0	
0.5899828842137003	0.23040325862769556	0.663374879343166	0.4409855806623204	0.6596579527390153	
0.21124530786569945	0.8837204380142186	0.8680400648333709	0.438941331486764	0.3187307171113597	
0.17234525787391003	3.1188305961996785	0.0	0.03778898496829591	0.09018034635717805	
0.0	0.22525231857475955	0.2964451697174563	0.0	0.0	
0.4277121977410459	0.6277926513906094	0.6714287400079979	0.2554289081973108	1.3194087628954883	
1.109691791086021	0.7398797029957292	0.14596727132307236	0.9195924382778439	0.09699808355515098	
0.0	1.282883715959205	0.0	0.16913323966373528	0.1921123513873816	
0.09583319068315321	0.01216201089798083	0.33138603724133925	0.2731020037026748	0.18106837828315386	
0.018284193956634113	0.5033390537410198	0.37424802538299107	0.4519885059480944	0.02490392237834769	
0.5532847050885205	0.8904275320311065	0.06603275176552903	0.20846570532503708	0.32110991950702883	
0.35558194590534326	0.7005392628664238	0.0796411553546485	0.4881266169318424	0.517369205636873	
0.0	0.026112304356315376	0.19026052680606917	0.3776837635569147	0.978004110943223	
0.165667209383461	0.17644402107875665	0.25115580611803784	0.11915359180530131	0.4346933736906608	
0.14657572855510467	0.25432271905398823	0.3373643525175397	0.3044145490376165	0.49125072894683114	
0.276474250217049	0.3687529346798212	0.18572791043308032	0.41804413743164537	0.4873231364529237	
0.20454377457842954	0.3264882529609585	0.4504763323808356	0.5816894469298121	0.7478384474475361	
0.2129650332789046	0.6108246778667181	0.5765617938987765	1.307200769002986	0.3772330349868914	
0.3266325536514449	0.30718955981035717	0.40222604627874964	0.41615891639141267	0.29699289265655404	
0.3342106661373238	0.3302920286300384	0.06623170979856077	0.23883229012741639	0.6896560769711789	
0.09478415585682821	0.4490371030655273	0.3071615485266544	0.35673386178085265	0.8645849158975936	
0.2533077505083029	0.8248683269217253	0.2647756924699734	0.074908860327626	0.02835659827852667	
0.3853096985725414	0.22053806397253162	0.20543826360558826	0.7131234684561091	0.1527622825458145	
0.0	0.4021519641241324	0.4702724026183404	0.5048423184536956	0.028515554600864187	
0.005260500675343564	0.3814468925469521	0.4877492350509104	0.6679350599224185	0.6858364271779048	
0.0716044201600555	0.7346166349335818	0.7782645789177873	0.5994848978239212	0.4719439518924277	
0.0	1.3100146883182977	0.0	0.0	0.0	
0.34921335178437257	1.0955984883893448	0.728937754798062	0.07821048054674698	0.8029200118433444	
0.0	0.0	0.009849106216291415	0.10162780520984314	0.9186609502646875	
0.3754360800948399	1.1379313114184983	0.0	0.360453698710503	0.40720958410513886	
0.3302560934105827	0.18908248272812234	0.5897846501397576	0.2960007984113725	0.44808189541624	
0.0	0.1846163432456831	0.17564685266690094	0.4235846862745187	0.6336612642623252	
0.06735942333060951	1.2594475721457652	0.2698227383544481	0.2314545725084002	0.8349556321559797	
0.28152777762176373	0.1250292238170417	0.0	0.0025030953499810306	0.4657972930695394	
0.17043204224829517	0.6059295705268253	0.4739096687305466	0.1601489425897158	0.13835097548245093	
0.07400763165945552	0.0	0.13753149857535793	0.4315183151527939	0.0	
0.1684986461553486	0.5555002537946148	0.4599868441253983	0.3736681294442362	0.1245846447743628	
0.0	0.2900673101793603	0.489106378851938	0.5692398572289796	0.05096684890102909	
0.0	0.8098213867653224	0.0	0.0	0.7731237396564897	
0.5331032603436687	0.9626931586235817	0.09143873111669783	0.5345183711441492	1.1566118468806668	
0.0	0.0	0.0	0.0	0.0	
0.0	0.24727186964669176	0.2241235536555785	0.34478134984989534	1.500931445751867	
0.16573595338662503	0.5538841326378154	0.24589068285157792	0.0	1.096449137975978E-8	
0.0	0.814941416994852	0.01657482474622114	0.0	0.01584919682016091	
0.0	0.5010691087791993	0.38191363136690687	0.44486140003396446	0.16536895860109557	
0.0	0.2570829643478981	0.0	0.5810723693448356	0.6790461406265205	
0.16768920758597253	0.10104015174146622	0.3208096575267028	0.2445018096186567	0.04869907864343239	
2.182509945413236	0.8521077955613376	0.8213895367146705	2.213729067650112	0.8355260108355838	
0.0	0.08031860865893392	0.1313119781489783	0.40586307723709003	1.9841542948399329	
0.2988828332778435	0.0	0.5552542522778767	0.5442973277645964	9.879845813470837E-9	
0.0	0.013623124698373679	0.0	0.39374586068429923	0.0	
0.1906784977224134	0.29311261265207844	0.2564975092526566	0.6764122216465959	0.5855871978460577	
0.2493770165572149	0.29364603154535684	0.5427195526090047	0.22437521535185745	0.43916516757430174	
0.0	0.0	0.34518109555139653	0.33885396111734795	0.4889739184144854	
0.0	0.9833209484541939	0.0	0.21579363011380287	0.4103690095562404	
1.7235995720116848	1.7390935232993172	1.1689729499074681	1.2913689876960357	0.9436965319693029	
0.0	0.47905645509154676	0.32507673010315785	1.0582646862647094	0.0	
0.23516800847354308	0.1596026924815165	0.037957556394323834	0.22975556822636736	0.37528107346624584	
0.0	0.0	0.0	0.0	0.0	
0.11382409838941152	0.5129726008636584	0.1543025182143854	0.34821441531506603	0.17478005164011948	
0.3717860946485246	1.1597274833283675	0.16882207196549637	0.42857122308672535	0.3724581090911556	
0.26127350335638866	0.7051877751012444	0.5418719079557396	0.0	1.0747897317025084	
0.09820005112570265	0.06412621656448489	0.4473647295451184	0.6899158668927182	0.28351966867874495	
0.34715656173564596	0.5625567062021388	0.33011322231092444	0.5790898096086488	0.471605186676883	
0.20236945540812348	0.42553707034318794	0.4804555904329795	0.2603226891589902	0.15855734868049537	
0.024289872554588147	0.47415764287372597	0.0	0.6072804850171075	1.6993454960694394	
1.0313428862754328	0.5326363705485287	0.6332223374861368	0.5358460999601308	0.45524018712203607	
11.443381548751368	10.690197481484464	10.807953788960814	11.865992010122042	9.859966589545627	
0.27516944781538943	0.36198034891857095	0.14337321487114993	0.3827978496968208	0.1501818564649927	
0.1915650087394141	0.48445415288840193	0.18946678730540797	0.0	0.48920913205858607	
0.0	0.036985293974463804	0.00880906763009225	0.024974635801910512	0.815825055097306	
0.3853170787589116	0.6495367304659535	0.25635111341449107	0.3357859151661354	0.2153711762199772	
0.14131524373689472	0.03756186304451216	0.03319261466117394	0.5613571874028134	0.2472539769349992	
0.4929646071768242	0.39284209419519867	0.007445609363329284	1.2360962651952698	3.521024224047373	
0.7321156111509293	0.402642631129618	0.09166318195465131	0.29081638651766417	0.07935256796638591	
0.0	0.3461207726475404	0.0	0.8760492123759362	0.4531622254851914	
0.4748182160641832	1.7092504273783196	1.5912432087035864	0.9201476107050085	1.3701323730163975	
0.5865120932430883	0.4711974494361889	0.2586411870204409	0.19622715170919436	0.0	
0.21991658240055303	0.32032237851309037	0.5809849051944621	0.12562167585369896	0.727288295513537	
0.003985460296336934	0.13040179147312964	0.608889520048423	0.2665055141167826	0.0	
0.5510317772343374	0.8312117857853228	0.2632531666237917	0.6025303982142157	0.1918540230599627	
0.4875820397512539	0.5650130164476094	0.34570920795999316	0.5462064397178448	0.32134506952375586	
0.08517357333342615	0.045112420666623965	0.028081457645317772	0.8056018546843932	0.30689613320149667	
1.8171132460216664	1.42369586394467	1.4550823277552942	1.3953781814036412	1.8454930439758948	
0.32256422617832137	0.3579128590050909	0.0	0.8250972476436221	0.8038100600841735	
0.2572900731623243	0.3798305672492741	0.0858481508051652	0.01814945153595181	0.9697988402210737	
0.023286513313925776	0.0	0.0	0.6597977593768973	0.500241187536015	
0.8387768318205111	0.25175765937523303	0.2984753468257449	0.7114266535515981	0.0	
0.636081290594372	0.974278834891572	0.7654622683278787	0.5582016780844176	0.0	
0.2661391221386683	0.00553635459215488	0.08095131356723408	0.3229346000696729	0.33318288475134	
0.0	0.162448219490653	0.23436698450963298	0.33578931684998586	0.06631296910866405	
0.3167660137129789	0.0	0.3763368013536244	0.12825844200421907	0.0	
0.5579943253923169	0.24248686966885485	0.4346232929926173	0.0	0.4928749060801499	
0.0	0.023436142781641495	0.0	0.7489785961163599	0.8342325148847675	
0.4647046865135574	0.0	0.5927220519690426	0.19139862339803332	0.06237027443662717	
0.6273682203569334	0.41837616329907007	0.0	0.8723782600930796	0.8993686326590697	
0.0	0.0	0.13058533628225216	0.2509193872106643	0.16035590691531357	
0.0	0.0	0.0	0.0	0.0	
0.9099546042187245	2.1299292785420034	0.8228173055973108	3.853025321114932	0.296259584972082	
0.12167543432420971	1.0548460686814647	2.017231709567635	0.027811761779025446	0.595122263070734	
0.464586024594677	0.3130718402072719	0.446226194349738	0.38284625539022127	0.3811126577329396	
0.09600992870182702	0.1827959614639022	0.5767659653463999	0.019756559679095644	0.4197383181952419	
0.41804915250364844	0.0806957214969798	0.5321530987117968	2.038034465951343	0.0	
0.0	0.22666848284794222	0.00340069378487016	0.25621650671649465	1.134399140166698	
0.21606160205795863	0.3739428062985188	0.5081219643240632	0.4904918887907358	0.23520554752225684	
0.0	0.0	0.0	0.0	0.0	
0.5030806146943293	1.981047096309359	0.2413372689893157	0.8827600714757093	0.06552927488718807	
0.598388360956038	1.4592996983420028	0.0	0.4219251669449196	0.7935950638713246	
0.032861517756679295	0.0	0.6409198570033117	0.29993976967807895	0.12652919937712256	
0.18704660952038987	0.42345199261160876	0.14180926716739606	0.49779614460588756	0.1974832612282749	
0.3074320319888305	0.2980811242714458	0.6186726558310744	0.561723078855271	1.2933883314871388	
0.17901709788597733	1.1126754760212167	0.0	0.14784801013493282	0.0	
0.14100522681765787	0.29665416096114017	0.15186225839839265	0.3267047522240933	0.14013158945119744	
0.16695729719103508	0.2745452449976801	0.1532220483585059	0.20945730329360138	1.1183636666515653	
0.0	0.6582354982318506	0.0	0.7471919320034608	0.7240960329286609	
0.5804409127857062	0.0	0.4611539228462811	0.9102903298451822	0.3183623538601119	
0.0	0.1273032912238659	0.0	0.6698924825588941	0.3192251933135794	
0.5837456958031408	0.0	0.0	0.27882867654283283	0.0	
0.07688956388839652	0.3169710045340966	0.040973654702455356	0.13954226553277196	0.14583254017699235	
0.0	0.5603657632584685	0.0	0.5759435414853407	0.22068892093559342	
0.12656802518117752	0.35545763781443507	0.2903544139202896	0.482993710607198	0.5861508296156537	
0.19344593043193958	0.4773928601624493	0.47208329776512076	0.0	0.18981253855522465	
0.30339043824177075	0.33163645111850854	0.5926913023161172	0.5568651072785872	0.5437336649856279	
0.20317814579824292	0.44715083703657577	0.3928586722622827	0.04161045729723089	0.3273026932869438	
0.42541699755468526	0.5072448266333199	0.23185041802657277	0.5652280909216971	1.0272895371071877	
0.20566354670748477	0.7630751055449698	0.4419706670461821	0.005438390140606199	0.12299331292891977	
5.033072107262478E-4	0.33760496352321695	0.450361428296391	0.1531666623395114	0.26756460344794336	
0.0	0.0	0.0	0.0	0.0	
0.0	0.879504408085797	2.893394736451952E-8	1.9464366030493324E-8	0.0	
0.0	0.2187855493387241	0.8709624774334103	0.7063210344127036	0.4304356531851156	
0.0	0.7417820267427193	0.5757337238923222	1.90148531995119E-9	1.140665039505201	
0.45195039268474035	0.23832394982880908	0.2781195996233274	0.3920513675816571	0.4995935130005172	
0.0	0.8279365743196534	0.28925550355249263	0.28544516890878424	0.0	
0.13525698749561313	0.5177778383942716	0.172321680972841	0.4386470291520136	4.000644039018283E-9	
0.02754551533113396	0.40120920552098654	0.1919867165768	0.07283841558759607	0.6459189057435463	
0.0	0.4135479423526662	0.025729571113093225	0.0	1.2146974036389722	
0.968263208485349	0.3949178914427413	0.1127416109215824	0.7692526517194663	0.06171519873261798	
8.489097658312476	8.381594378222523	7.864973384728094	9.069747416508553	7.101015040199449	
0.1830358106247361	0.46532244509168724	0.3100198577362789	1.1708333145312722	0.0	
0.18921128107794252	0.41874203117431524	0.01003232433593476	0.440210338351477	0.2903749657997912	
0.5035177905743069	0.5713604364483166	0.40187420624601067	0.2776054120281165	0.4106748653109318	
0.2390502194871912	0.4581297984594641	0.2547473297355901	0.19671467108467763	0.5330029447922721	
0.0	0.3569254162162231	0.3454673051318127	0.1778837984139977	0.22516809231574172	
0.5552276164126329	0.11030542118014557	0.45772743716226055	0.7252448889921155	0.27649589831094157	
0.0	0.4481043052325905	0.4934076393027827	0.09031675211305061	0.7413580846479875	
0.25293421014347195	0.07640096017625002	0.19939753140874844	0.47165886449133343	0.47718357551611185	
0.5590281952968905	0.71299785021895	0.0	0.0	1.1084597130659681	
0.0	0.32513239285916673	0.33184745714152974	0.5118983051663935	0.9651323360621511	
0.0	0.0	0.0	0.0	0.0	
0.12807612666324777	0.8496948373802853	0.014762951262782105	0.2386755086266382	0.49055990725186877	
0.39147104465857124	0.0	1.4002298809652982E-4	0.3929400669610129	0.01834264196643794	
0.24435890572780525	0.5696909237386636	0.6417187411638016	0.0	0.6473460546355113	
0.05473906102553116	0.3860344613190497	0.0603600855405861	0.22911536938369229	0.0	
0.0	0.5954597268998866	0.4960511632594187	0.06608522371244295	0.2627732318240407	
0.27135135258453835	0.4719493889301903	0.13683356315227124	0.0	0.0	
0.40143638094141676	0.3102239166092036	0.2018675162890724	0.49554184871061385	0.5146779537811385	
0.0	0.2612807036632102	0.23402847965999782	0.3471067041168121	0.8691337579462021	
0.0	0.2914108544737972	0.15350758036027426	0.5193781659001846	0.28644890827113173	
0.5967555318752416	0.0	0.22160854453582535	0.6517567750560189	0.0	
0.7429396096987794	0.0	0.0	0.4287894249854858	0.5456572028296401	
2.404316678603458E-4	0.22585225527878933	0.2305791041745696	0.0	0.2760517029629242	
0.4163490667468423	1.754432440598995	0.22015249237609305	0.02118770818516598	0.9657382168010565	
0.822636531886214	2.150737708069106	0.2352249050868962	1.0176007400095688	0.7103588662523516	
0.0	0.0	0.0	0.0	0.0	
0.1787752637747657	0.6232302738656909	0.3159834458803491	0.159839614012072	0.16444973244468855	
0.14289793273376722	0.307759986767998	0.46529475041107476	0.5641979996070874	0.4785866541317756	
0.0	0.3467129535234326	0.0	0.6240065466755732	0.09969122136084856	
0.0	0.0	1.1300285542298267	0.1288759675507337	0.5543485225134893	
0.21967276791080934	0.12769281185416276	0.25331463281039596	0.30061666838396983	0.4561026517575298	
0.5100153186670536	0.5192789796128289	0.1913220587103767	0.23579249951305295	0.7360574407238698	
0.441053758273311	0.0	0.0	0.24457516244593128	3.1129331383237235	
0.15470609347425224	0.040639440828829754	0.4261078722548819	0.435668076275085	0.3741906581029272	
0.7316150129946662	0.1501156508560869	0.13087178231333682	0.3612888662670785	0.2349761320909045	
0.13873268995301413	0.15064517769362004	0.05595153528175921	0.41693183986969395	0.11096353674863497	
0.2404560973920366	1.1204473982076095	0.1353048537392415	0.48950982204712407	0.12124229879630787	
0.0	0.0	0.0	0.0	0.0	
0.0	0.5063368448834737	0.16631099860398213	0.25448453301866997	1.4064276840077155	
0.16021944937691732	0.2658251240831068	0.47102900760045097	0.16532433706951116	0.3315467483544814	
0.0	0.0	0.0	0.0	0.0	
2.08023861231993E-4	0.41020214194894095	0.27853542397146075	0.22631255200216033	1.1324582208352336	
0.0	0.03155959501805512	0.0	0.18143503571060196	0.953189704119598	
0.0	0.23683236301077074	0.37792293049383485	1.0389075301682391	0.29155508777540523	
0.32897179966746076	3.901788315156566	0.0	0.45590275703346794	0.0	
0.30956546227419934	0.19362292161345304	0.5150241645894492	0.5896584558408258	0.0	
