0.27679931126058344	0.02920582242285382	0.3002072826137936	0.12966526870369754	0.03702572694372564	
0.014923082114094384	0.270564866696288	0.28152509464926656	0.14577345467110736	1.595250879167055	
0.0	0.0	0.0	0.0	0.0	
0.0	0.0	0.0	0.0	0.0	
0.0	0.0	0.0	0.0	0.0	
0.0	0.0	0.0	0.0	0.0	
0.0	0.0	0.17317357898843846	0.04144502271769428	3.060656311067185	
0.0	0.0	0.0	0.0	0.0	
0.0	0.31754446844604917	0.5519502931876206	0.5141223700232286	1.6215323838352382	
0.0	1.5718888720384578	0.27001284838222483	1.1169982264248581	0.3797864146987087	
0.5254209802432397	3.4305702827682287	0.423680910527174	1.0902690017957961	0.695069412462903	
0.0	0.7871272553661318	1.4084380187287924	0.19169321192707928	1.5681628376123113	
0.5727926689768282	0.7743266597749735	0.8107810065171491	0.1613166658513089	1.001354728107893	
0.0	0.0	0.0	0.0	0.0	
0.0	0.0	0.0	0.0	0.0	
0.0	0.014125684974391917	2.166479094500301	1.6842988462729196	1.201564242155523	
0.0	0.8113280699722296	1.713038558170985E-4	0.6295776340370569	1.8477882443138294	
0.0	0.4051965338254702	0.6546916253630691	0.9100997441538378	0.9493326956392599	
0.0	0.07509084367207201	0.792042308027737	0.49791399661336566	0.6129202179429679	
0.0	0.0	0.0	0.0	0.0	
0.0	0.0	0.0	0.0	0.0	
0.016781587482536872	0.3415372408938915	0.3471057603100834	1.2568103911011501	0.580214971773063	
0.0	0.018557010030224214	0.0	0.2811182595279633	0.7312062804613633	
7.816988303419805E-8	0.755612078911046	1.2634527524541348	0.6045373493749936	1.0276474488091607	
0.0	0.37861909968347657	0.0	0.022901631366882395	1.8019541700626323	
0.0	0.0	0.0	0.0	0.0	
0.005315724843797254	1.0855270518800795	0.0	0.6950044969529553	1.2373878955289164	
3.0698434548590794	5.270529922933622	1.2119047453206284	0.0	1.4095899678739692	
0.0	0.0	0.0	0.0	0.0	
0.481440570520917	2.1418126127151638	0.0	0.43423964004182475	0.4528706539860686	
0.0	0.0	0.0	0.0	0.0	
0.13322182678286523	0.7610888237028841	0.33332844176209525	0.4539269158769715	0.8661465674140141	
0.44240894013669546	0.9088715083089143	0.20425836554696053	0.2791958410962614	1.5702272436721572	
0.8909066447661096	0.6805182719173822	0.7598476693405256	0.8668392724357836	0.13655486082593582	
0.0	0.0	0.0	0.0	0.0	
0.5512778798973851	0.39647369193477955	0.23065205109339065	0.5785245264485154	2.4669860147548	
0.0	0.0	0.0	0.0	0.0	
0.0	0.0	0.0	0.8157919825294282	0.7840702448192369	
0.0	0.0	0.0	0.0	0.0	
0.0	0.0	0.0	0.0	0.0	
0.0	0.0	0.0	0.0	0.0	
0.0	1.9292092950206914	0.17465909887369024	1.769752019147104	0.9191351457342468	
1.4507404927642333	3.9678585801771336	0.1515860711044489	0.5463908749852563	0.67283630605298	
0.0	0.0	0.0	0.0	0.0	
0.0	0.25082416257121015	0.9803774743038584	0.9208416570432055	1.011918422844038	
0.0	0.0	0.0	0.0	0.0	
0.4979188190397305	0.9669100775689007	0.33379871813298173	0.8442818382661534	0.0	
0.0	0.9748241875049107	0.5593200113181576	0.7466504706112117	1.6527149822850873	
0.4225443741017068	0.12798427597627943	0.06759687794468729	0.37774782791188166	0.567052145127402	
0.0	0.1951910597921741	0.1932540677241708	1.1582088430870372	0.8245980163627136	
0.09149328364891218	0.6361305786675384	0.029513802955342557	0.12826270467306133	1.0885850967776736	
0.028794434422144338	0.7293703752166465	0.744788349500139	0.10151393727932927	1.603499449230427	
0.0	0.3097678681761878	0.24596170584297342	0.16319355568105684	1.1977563978905663	
0.0	0.0	0.0	0.23612049242194777	0.577810303304116	
0.0	0.2603498417239923	0.4105428559660031	0.23504166449191025	0.051166949678674245	
0.5235959847382162	0.36817266520339487	0.5885061406114737	1.0245559886111872	0.9913300441386773	
0.08291896638479272	0.5118305096808277	0.15565195209691582	0.10958064154462487	0.1809372949270732	
0.32010173675394504	0.4671149632606154	0.0	1.085821530042587	0.9289573943640891	
0.5620928355064003	0.30873121181592184	0.22730705619711958	0.9141193614343343	0.5419696533997936	
0.027574647992938607	0.0	1.8141778658051744	0.9956941597415169	0.36229077630414736	
0.0	0.3042843348594206	0.22352863362881065	0.9008109474451298	0.5848791500827849	
0.6453140179243512	0.7616316419354519	0.17376442636522915	0.02897788701205363	2.819136347645832	
4.74798773118575	6.449087498381813	2.55403709925605	0.0	4.052823126507057	
0.5404653951784658	0.13708230118360354	0.4687496220027238	1.1363438955960523	0.15659383528337947	
0.7208076520393611	0.5284036339948042	0.6315480106675196	0.5604048485876401	1.4177832933379493	
0.1949448431430955	1.031113198743514	0.36794965298737453	0.4669040864694415	0.9982846010576594	
0.3456719943911266	2.9452609610437883E-4	0.012393092490097084	0.9720322619865871	0.2021305339768915	
0.0	0.0	0.0	0.0	0.0	
0.0	0.0	0.0	0.0	0.0	
1.2807049052311057	1.420029772639904	1.0358587694388084	1.1251206942948513	0.3740517072768853	
0.0	0.2644681025414121	0.0	0.41612364751394953	0.3894906819209353	
0.4455413370617849	0.6280939621867302	0.24621047658793574	0.0	1.547556449003477	
0.18024679067988617	1.0031881138768712	0.8542414210097892	0.26473312109999436	2.601515071710666	
0.0	0.0	0.0	0.0	0.0	
0.0	0.0	0.0	0.0	0.0	
0.0	0.0	1.9212513560916074	0.17774958917084152	0.5553664133027345	
0.25183077868402	0.0025888198574563976	0.892725574071363	0.2559338299663519	0.36369078397093707	
0.45362723768295277	0.3936958891321281	0.672544591334106	0.19068563489463947	0.5110477284013426	
0.07172178371826454	0.3724109483755831	0.004388263730692146	0.4844903695672424	1.2591100646882623	
0.3207795461764089	0.6950937529137708	0.1584742469313714	0.5208255122974357	0.7450801458817862	
0.0	0.0	0.0	0.0	0.0	
0.6515172315684431	0.008483162624317465	0.16428996443462401	0.5443036523945595	1.103083514984428	
0.15060020786129738	1.1458955639452462	0.3332078673299613	0.6115316324461312	0.3529856632325946	
0.0	0.0	0.5884767787937921	1.9735048237341353	0.0	
0.0	0.0	0.0	0.0	0.0	
0.0	0.6735318338975311	0.0	0.42366652112655734	1.5106698232148281	
0.411214844629447	0.7480762130453315	0.36991015776988656	0.16296277834397807	1.1643284200040878	
0.0	0.45089577825876415	0.16943361287113348	0.8309245639279886	0.24906014787557995	
1.4244641239043982	1.441186851901497	2.132764086069166	0.25120228714618603	0.4624611646447308	
0.0	0.23328908898692302	0.014304219200266137	0.6953891438103196	0.3145228328879396	
0.006702502872661174	0.07162722208867749	0.08469844078014847	0.10588873539542595	0.5988269309417112	
4.5342399282892965	7.877859001226576	0.7888591547521397	0.0	1.6061501812409835	
0.0	0.0	0.0	0.0	0.0	
8.155585830336098E-5	0.5670944933236582	0.00613568848673834	0.23661409001806094	1.11094752720155	
8.190721700041836E-4	0.31482987404906343	0.20052626792412398	0.6591964756696026	2.8721457226128924	
0.33845536260716	0.4253492379256437	0.22835569401085823	0.2930337067360454	0.7111641933150809	
0.0	1.1548016539818404	0.08028393693402056	1.0924922339058272	0.693427050916514	
0.1469967981886556	0.7592948225899319	0.29597465657954813	0.3596427424409213	0.4586055359376889	
0.9006692714866088	0.2206086077871787	1.1752809121692676	0.8323479712011308	0.9170925082452398	
0.0	0.1801703835960763	0.0	1.4286302632102705	0.4469218432857589	
0.017290782530473	0.26951696258284635	0.662320868157677	0.03657958603288645	1.2401523716188796	
1.5882796161702188	2.768306447116765	2.609526616260691	0.8632419799203033	0.6457205863508517	
0.031006228247493706	0.02945370231012226	0.6523127943477733	1.0169011099800545	1.4307979566657782	
0.3973350403591294	0.46320336798978645	0.47329619644530874	0.32479245227891873	1.5527391756533282	
0.47827844422813504	0.9529660304532874	0.7128558181397092	0.6630888453993464	2.0357365055793064	
0.09254987895315143	0.045876569597863764	0.0025483622880593825	0.9981195576344878	0.13276112363573925	
0.0	0.0	0.0	0.0	0.0	
1.4630441312556905	1.1250190213774576	0.5880489959355508	1.1051916520258693	0.0	
0.004374745148699078	1.5332996302961226	0.7881121911918475	0.44106709500690355	0.375627237859491	
0.0	0.0	0.0	0.0	0.0	
0.0	0.36987870224027514	0.0	0.6062479246261	1.6381513282708804	
0.22712634202335055	0.29988523686801266	0.32464186112152704	0.39195561676008894	1.4350736236510664	
0.4548682416431616	0.9430664579464653	0.6330628485399828	0.25861404385747555	1.376469924314571	
0.012125360152069222	0.0871644402630244	0.6509048252044841	0.4845522963762577	0.044826364671330325	
0.0	1.2534897466408486	0.0	0.07486601146866993	1.2709378620612124	
0.8489716655568339	0.3288210434450974	0.22703112964206087	1.601242032475797	1.0323787312160215	
0.22620875759339953	0.037606068769738946	0.45399988166098987	0.0	0.7407271090526414	
0.3684467825006738	0.5501267546738695	0.3692824436113487	0.7046846929505461	1.0807285263591486	
0.0	0.0	0.0	0.0	0.0	
0.42638458070876434	0.14065205511079976	0.49914365965621676	0.5557058055131839	0.8654830782030618	
0.981118284380223	0.7786100330905007	1.0572684350306654	0.2763339978318284	0.0025723098803866837	
0.0	0.34764457420991246	0.785035363931162	0.667611241135972	0.26592685044665	
0.6047021166698305	0.4125683054936494	0.699536730911071	0.33710984890324364	0.49938321789116846	
0.0	0.7656933139517903	0.6430798448025407	1.1358015028387087	1.0405277022025778	
0.0	0.39453453814451567	0.0	1.122152508117713	0.6302074603130714	
0.40766455541605834	0.4588295904477604	0.6202369743551832	1.1497981216088826	0.9420962076926571	
0.2538219871241361	0.36133184653420425	0.708685412072619	0.5465423487647791	1.8523622325938738	
0.2524948536396406	1.001480775072991	0.32567527303674293	0.8521965551234514	1.8355260161324967	
0.18442202049561224	0.09530014761193639	0.13693777461184864	0.7812948140039874	1.197499158341215	
0.41445893646241505	0.0	0.004502239052510141	0.28067999398100163	0.2982500183858691	
0.07511320033643805	0.6304997515690048	0.0	0.7975152323347202	0.6554683637956206	
0.14626662049622272	0.5928697499073287	0.04303535512179897	0.4634718990581904	0.5588506003429954	
1.4034623083048732	1.5813494799020023	0.460354089253845	1.094858614684237	0.04735533049883955	
0.26567775676157396	0.22989181708246514	0.6640277222136616	2.827012938782454E-7	0.2966053541607288	
0.10479866469897264	0.3740524356334908	0.5001951938721025	0.3654022912591198	0.468954745094162	
0.6283748985170117	0.5757321154757749	0.323279735111619	0.7221987552047584	0.597152797481652	
0.2428925367422694	0.028694429693834678	1.271931269495473	1.1727767397018367	0.6449364223209332	
0.0	0.0	0.0	0.0	0.0	
0.0	0.012987032850865938	0.37283224148342226	0.49206692522989176	1.5515750777553943	
0.605341602981763	0.02745300414235642	0.24888173396515714	0.5553442560612428	0.1693974542755748	
0.43680340270490203	0.5677467806157642	0.4949715941715558	0.4910423962970558	0.5312872153705561	
0.392011436898255	0.3173337885981371	0.826385338686505	0.7103387269636429	1.1912329882920176	
0.6781321840570914	1.5814120474287316	0.10581263431696884	0.3372689318982091	0.5407095699447904	
0.0910748155212185	0.24115104309869065	0.609511592912577	0.6096415652304993	0.6389460240172056	
0.08919926500358845	0.0	0.0	0.06762072155942929	2.576170480853667	
0.0	0.10728250113802588	0.18809760232164108	0.7140446573133624	0.4394650070260199	
0.41734219187864513	0.8916569605484568	0.46844595179229537	0.7742357551656232	0.6894188637425078	
0.0	0.6998279257636717	0.018453775179800517	0.45472971254168465	1.1576645595606723	
0.7043694658240945	0.2552363193891832	0.0	0.39917434859620005	1.343916276639193	
0.038065054057247624	0.1353437441668357	0.534846473070564	0.5077439414221303	1.4460494079641506	
0.0296769782387752	0.33927066808117445	0.4757981025528821	0.7613984633757231	0.7009247542222564	
0.31654829318673405	0.22882143078256498	0.44267237101919743	0.37463499473011314	0.46681543130182085	
0.00937308624668929	0.20511000718218086	0.175162339747708	0.3916736219179052	0.7787387261379548	
0.1361040006732	0.5261459730228795	0.0	0.22343638031811056	1.1256600558304106	
0.0	0.0	0.0	0.0	0.0	
0.0	0.0	0.0	0.0	0.0	
0.44921192404494625	0.0	0.7743352405401883	0.9717849147495934	0.34955207284194284	
0.39268972700126015	0.0	0.0	1.1036111902821777	0.8280117328927242	
0.5608253647898471	0.0	0.5308928524065321	1.5675296826132301	2.5624085946260573E-5	
0.0	0.767273174009498	1.8591183223112904E-4	1.0226625287787006	1.3344782105450477	
0.48671034038311134	0.7011408172995977	0.5177515424647045	0.0	0.1835354187376997	
0.36711798747199703	1.3331984612926089	0.300698893468397	0.6362141321472176	0.0	
0.0	0.3173690851388109	0.025890962470669854	0.7814072592429858	1.5471213405385442	
0.0	0.04289864945729823	0.5754169304714456	0.12308661671804991	2.002013258110814	
0.6428114501475292	0.6679661554899644	0.8455345003497449	0.4197008136915031	1.1548018061948002	
0.32250564595544634	0.9454332283129641	0.2861642370403161	1.027080230287094	0.3628736274043104	
0.0	1.969240167926781E-7	1.5844521979577706	0.6183176778124403	0.32534205667105226	
0.0	0.0	0.0	0.0	0.0	
0.987603778499015	1.1898811281331354	0.40214528244611125	0.09966400372282765	1.5339392821462126	
0.1800629595870659	0.39502410231567997	0.19690672343134666	0.13925734391129918	0.4399744491611482	
0.0	0.0	0.0	0.0	0.0	
0.6586650490755452	0.09098398650011576	0.13935754410589343	1.5663288273037825	0.3941351187180619	
0.0	0.4569932102395932	0.5080137645926366	0.6172792009320243	1.4964384679145903	
0.0	0.0	0.0	0.0	0.0	
0.0	2.6899991550583966	1.474735353820527	0.3690832370762564	8.806867295732182E-5	
0.0	0.2767624557622906	0.5289247831017153	0.0	0.0	
0.5353753861482049	0.7576005459807631	0.0	1.3367887714228268	1.4430068818442097	
0.17147301339629162	1.377326469336468	0.0	0.28640927020223195	2.3539533480513053	
0.5021597189158723	0.15622210553985222	0.5526975590331276	0.774229533983912	0.8295023010765337	
4.8145447712022964E-4	0.0	0.0	0.6167878900871047	0.8562914487365871	
0.0	0.0	0.0	0.0	0.0	
0.1759816734942589	0.21487167316695252	1.6257356592956163E-4	0.33371639335591924	7.373830347412519E-5	
0.15321311250058472	0.9104182264050528	1.0326606208266698	0.2808704862161545	0.4363720627851702	
0.28981073029038384	0.2257293671265391	0.31384875758580344	0.2273427555841704	0.44075453091430467	
0.0	0.5703783453522729	0.4988417123916499	0.7819358563243903	1.6892088336492947	
0.3382586494446394	1.3363235927771164	0.0	0.4021469782566717	4.236194717227425	
3.022957161720313E-7	0.12446531138085278	0.06507874994331479	0.17315061520506572	0.7735593022116056	
0.0	0.0	0.0	0.0	0.0	
0.18759762592679952	0.9616693052230105	5.258512219183727E-7	0.07215831616089662	1.144918108885864	
0.5606261481348868	1.7070489518065874	0.7813568309920931	0.459892981060559	1.2668903790780779	
1.0773006499796993	0.8031213403219155	0.45646310814248464	0.7599093500934637	0.35479616517932944	
0.06557575365638435	0.9754405369502087	0.0032492532950191607	0.1832574698143779	0.49858418004035476	
0.0	0.02284421499634982	0.29215866393981826	0.49931026805993844	1.1047546474847798	
0.0	0.6800171309242438	0.0	1.0526208829117605	0.607735388353469	
0.0	0.15910288900233108	1.1183572491686447	0.11449863677799677	1.5326129597874258	
0.20747729226009343	0.8540560941936162	0.4528363830541837	1.3850665199041103	1.5151268111950265	
0.1840264271013368	0.2381008729982827	0.32624811493262895	0.47870606220727974	0.8942511626223066	
0.12548167666906296	0.5006531150236465	0.5743812772717632	2.931864671884821E-8	0.1521030031902586	
0.03437353408667168	0.20664710336022682	0.10647295730062496	0.11446789543796458	0.6085337544080136	
0.0	0.005781331652350325	0.019335378305890848	0.6054138706093568	0.04302845414755584	
0.0	0.0	0.0	0.0	0.0	
0.0	0.0	0.0	0.0	0.0	
0.6325518035832424	0.011817356304999235	0.22233102981790606	0.7008308077356775	0.7849648154818062	
3.8021409959894075	4.415908914798451	3.555157632892224	0.0	4.6062533942078465	
0.0	0.28998038863582165	0.3118720687198516	0.4499910645339839	0.9212339115204227	
0.13140450824280678	0.7736866540012711	0.4984223310658067	1.0486573578050147	0.07584046454322634	
0.2166196773355081	1.0243830897313573	0.2938847484005693	0.4867580105215038	0.3570260805778559	
0.46536331732479647	1.074405631544953	0.37510949051407755	0.9610326306488778	0.9954843698687549	
0.0	0.2988161828865225	0.1730555808610566	0.6729538544227158	1.1417338551065352	
0.2299457487538305	0.6963949023252041	0.0	0.255689121635664	0.1434624309622345	
0.0	0.0	0.0	0.0	0.0	
0.3211396848224976	2.5741688287094746	0.45842973417392224	0.4989302430026649	0.0	
0.9843748615570703	0.1416438216149029	0.14829338680330775	0.6982791812809621	0.6914421352356371	
0.47015885137731744	0.15360316127503257	0.0	0.06418851075174524	0.7087982115501823	
0.0	0.021172783789049326	0.2170901589428167	0.3182158529632978	1.0761710113283849	
0.0	0.0	0.0	0.0	0.0	
0.41830934842675443	0.017698443683188552	0.8035616471981681	0.7064277940390636	0.18449994747297502	
0.3504674412336546	0.602453786278654	0.06148849357085371	1.140801943286514	2.0237171958495352	
0.0	0.18490277145329773	0.0	0.5686360526026493	1.1614497137404323	
0.46920182163069896	0.5204625861792215	0.38543235376065654	1.4479366876203303	0.5505744646284935	
0.5267168640773916	0.11043857245711913	0.45706904888439953	0.5263381815023179	0.03746584060884847	
0.0	0.5500326540465743	0.26211223686943425	0.26325438079918917	0.2800178574008296	
0.451149493818594	0.4808611735700837	0.6671266690631362	0.0	0.18177749204782379	
0.8651781460408909	2.7814935105150296	0.20193967184267145	0.28270808721715857	0.5944461569674341	
8.074342460192954E-4	0.648887035770812	0.47883671599179733	0.885103105889463	1.4271156886479586	
0.27080884062870414	0.9017908336601593	0.09746123066778725	0.01035225376358242	0.4532388980057223	
0.0	0.6820902007161501	0.0	0.6920661879526188	1.4055424649434352	
0.23040842642428588	0.2896607754981212	0.3098535225779045	1.2593530036486977	0.8305999875023602	
0.0	0.7077247877834656	0.4210000018785832	0.0	1.9130399241730944	
0.0	0.0	0.0	0.0	0.0	
0.46815889171053965	0.2928668291006062	0.3638047606551344	0.36378131715069023	0.5204249321165121	
0.0	0.0	0.0	0.0	0.0	
0.5034540803198816	0.0	0.19475515021238454	0.18619376924501835	0.28588538597157287	
0.0	2.8765836422069384	0.0	0.7908886873963021	0.4901133976813622	
0.0	0.0	0.0	0.6526086718324766	0.47727535271134586	
0.0	0.0	0.0	0.0	0.0	
0.6227920302260042	0.48056236986516787	0.6062706943044691	0.670782383340971	0.4890629555575183	
0.23420060042343008	0.6381348567791938	0.5969194877797215	0.5676277251766069	0.3542327875164739	
0.419758073002624	0.0	0.35790777300170795	0.43631293382427655	1.663161664454602	
0.17826919453083037	0.5104941289933612	0.31450559019083385	0.0899667441103607	0.3301169586811016	
0.0	0.8639642964828318	0.05307090142503793	1.372345149172325	0.7899284903179474	
0.0	0.10718178765689772	0.0	0.6905132440402824	0.3612907150748961	
0.0	0.0	0.0	0.0	5.769982463560875	
0.6006274664519154	0.27921299678016803	0.20159024735602704	0.5427469414093984	0.22575069327992875	
0.0	0.0	0.0	0.36914959985491264	1.596836030806538	
0.3347713600840825	0.6173024093972437	1.223289882110272	0.41821682235153346	2.8570633466596287	
0.0	0.4375530720293592	0.06885752249569606	1.6868943698018748	1.0867353402349034	
0.0012318669264384371	0.7000391274065002	0.17951729512997203	0.44211045111801933	1.779828189399065	
0.20627002344638123	0.04484599161488837	0.3634170256158561	0.3262501631752856	0.0801832940898571	
0.0	0.7407288627140272	0.3316848542406552	0.9088943196449623	0.0	
0.3806676536962362	0.133964261364882	0.2165676321344032	0.49580251159453115	0.7112283805085043	
0.16365803292573536	0.012133037202390007	0.46571014739993905	0.29108407847354006	0.3287219198612965	
0.08749590889528197	0.15925542862043893	0.043147387645553766	0.6928784227505247	1.3965663491756446	
0.6901354859177151	0.29487119664733774	0.2733110185326472	0.7433216771452613	0.2629741454587349	
0.0799191868463953	0.07935965201558201	0.5747724661306398	0.20120842610892517	0.574615277914441	
1.2231850199546415	1.8286424761713522	0.5915438908167715	3.1967583217579247	0.0	
0.5173823800723484	0.19529222182901876	0.2724272752472092	0.8686181603106976	0.25994765639553974	
0.06334871795673924	0.29654464800954927	0.1402981891351535	0.47207498388374036	0.9577530647632604	
0.11689066727597507	0.11374371359166778	0.8620075086750513	1.5004768557907269	0.280563270733618	
0.2210805408108306	0.0800577537640881	0.401781136752777	0.3639755821437551	0.5336947243991007	
0.2599910272760959	0.7206153452214897	0.16074702892924608	0.20097806570952018	0.7414379918568637	
1.4092749319503324	1.6364733692553786	1.274750696826031	1.5436780090903583	0.13482071729490472	
0.1959396847600051	0.48710077348169006	0.5065803642170055	0.24183360548546357	0.19933965183513713	
0.6886459364431724	0.3400593983237809	0.0613413299146852	0.4654452211572199	0.3895281375943796	
0.0	0.0	0.0	0.0	0.0	
0.22748954586441775	0.2745588653735383	0.6988593479229633	0.2985412841462383	0.5122110090095554	
0.12704971366609674	0.3739757385793727	0.09290688584750566	0.23886068644261504	0.895048616015938	
1.2946440288651653	2.8819206594954587	1.2806529525840171	0.0	1.646142808181812	
0.044643306614835614	1.0667908419328271	0.7694502158861857	0.4703593811940191	0.5821293512587357	
0.4661391498282956	0.20105059249086948	0.0	0.1891859126031485	0.29908351014420703	
0.02426340328450152	0.501641394711653	0.3041988081330005	0.3814410450960755	0.3465580037012641	
0.0	0.010357300582646676	0.016067014397817346	0.01968992158911785	1.1228940391017217	
0.21901290820573877	0.7253855801239143	0.0479831449526742	0.14874801925546016	0.2661276066308596	
0.7445835156922105	0.828866735328174	0.8873037784941418	0.0	0.9532838871827588	
0.2888238313831435	0.8369466449128986	0.59770542387934	0.7383004432861899	0.30025597179198027	
0.0	1.4285185647461665	0.0	0.3264953189845468	1.0666441069035903	
0.6470085530043156	0.35086224882729	0.6192807740253121	0.4598505585483069	0.09524834859939503	
4.273058239802597	4.71401952493928	4.599332993064045	0.0	6.013296739563704	
0.0	0.0	0.0	0.008500711422266875	5.382720746251905	
1.0038129945876877	0.9110626515932275	0.9354832379431668	0.49698040105067115	0.02582063294365096	
0.0	0.0	0.0	0.5144310218462947	1.3081961114821072	
0.0	3.662261903132308	1.8071743238855178	0.0	4.468269749347654	
0.8312929432539157	0.007451798351127827	0.0	0.6125193251323546	0.24989114560350942	
0.0	0.20401852442241386	0.43752479404849987	0.6443528276259518	0.5037251361160274	
0.44421079866644814	0.9439304071532749	0.0	0.001680288983412207	0.009735370203931793	
0.0	0.29228048994606903	0.621125995234657	0.13582591677525327	0.23970512534076222	
0.0	0.0	0.025603477163061696	0.7519887013113297	3.0311890701659356	
0.0	0.0	0.0	0.0	0.0	
0.0	0.9500952975226111	1.4984574686588774	0.5338939727748447	1.3559750971102627	
0.18785583093539662	0.0446644451509025	0.2764915360130797	0.5319980946106265	0.8649429607223583	
0.34781752718316267	0.4114669998372057	0.6091161204191258	0.22142964919273014	0.3381398602042108	
0.4341555864289366	0.22571510197014402	0.41963341272104954	0.6618207850805913	0.6771126987236978	
1.798547366013792	0.524175124302745	0.5194071676709295	0.8138370728364563	1.8402534278834455	
0.0	0.91899221860113	0.3793181163790534	0.5323993947849064	1.3358436131174796	
0.4207109621310454	0.2956526188470588	0.48874792212922424	0.2522921207679962	0.5295372684100493	
0.052827123470967664	0.3060830744120243	0.42468543091731203	0.008696415491093781	0.2972292276574357	
0.3962034755685218	0.9507371713500353	0.748463194377914	0.6585469500715813	1.436873165005899	
0.6529632259902254	0.0	0.29575412357680747	0.2442041569394542	0.7964469390823599	
0.0	0.0	3.5633560770928434	0.21946191919734562	0.7621499866950008	
0.5283411582172847	0.0	0.010192379306143522	0.32935856236256617	1.5484011716513093	
0.6442429282587327	0.0	0.4625506939573714	0.6908237130130902	1.323644534478801	
0.34792536794226386	0.8451220446545076	0.8901021625537172	0.9201484705597315	0.7964384192387294	
0.7529434045673429	0.3190679710619009	1.1027046041957587	1.0175164967597778	0.08330125065676594	
0.45619200958678685	0.2607087121902596	0.27029561849843564	0.20094507637272144	0.6381290546082098	
0.2862058017837766	0.8787256165821856	1.5145894151211634	0.25830194175764937	1.62175636019469	
0.02026469683281786	0.08743643432888597	0.08024429923515627	0.4452147757673047	1.0345242113774689	
0.0	0.06582628112979076	0.023302365867331986	0.40933918516094175	4.288970236018256	
0.16048630992213234	1.0714309855671325	1.0421313177798028	0.23052841710796765	0.8577676472871266	
0.01855228351208273	0.09972762596637369	0.7366955820319494	0.4692831251617345	0.6944903798241004	
0.3727927668899243	0.0	1.1300900775516	0.7300875309751605	0.5966616672045907	
0.0	0.0	0.0	0.0	0.0	
0.0	0.0	0.019033975044940924	0.23708492218552188	1.2345066105660902	
0.10794125964973848	0.0	2.0441152095051027	0.9920800197815657	0.5863426617434492	
0.5139381200643465	0.4569041916783961	0.0	1.2452837742311844	1.779972675024631	
0.0	0.0	0.0	0.0	0.0	
0.0	0.0	0.0	0.0	0.0	
0.3513695529454197	0.3266671594143566	0.0	0.734024118636755	0.7995393026869454	
0.20755917283992714	0.9140472335905704	0.4304961356457665	0.3224137357780554	0.5348419414692046	
0.0	0.006607736205195392	0.6736785915830106	0.0896045087698631	0.9768859402848541	
0.0	0.28850458949654717	0.16519785663116876	0.3354964449265489	0.041454914322490634	
0.501415219771587	0.35578413251855007	0.22283141936171533	0.39875551875140924	0.3402188098108528	
0.019426009298477213	0.8756103059142144	0.0	0.1744059981508711	1.8245920150764459	
0.4253888604374133	0.3973709454441055	0.7986558564873565	6.184228929367085E-4	1.078420609554783	
0.09686833948619576	0.612219103005066	0.20723677826888623	0.46574268980949907	1.4867492661170454	
0.0	0.40664698953063605	0.553627398687319	0.39135108574500554	2.2541286795142947	
0.7563109699506035	0.49484083227642534	0.20424840306525258	0.5208187716207215	0.9192452736121625	
0.008281659877777662	0.057187401038521234	0.18259244199366095	0.5936096708183811	1.3478582358454663	
0.0	0.23807658438021462	0.42729243576324305	0.0	0.572643851705997	
0.7705608371474214	1.0323768296422375	0.1728968484161233	0.08772815530005885	1.0727635228196928	
0.987189042470016	2.34894741611833	0.22077254486205067	0.25314178590561587	0.4723167951223411	
0.0	0.0	0.0	0.0	0.0	
0.2915559718993339	1.861639920288914	2.3943371157945158E-4	0.17819131677268285	0.7401336042765831	
0.09774574482485227	1.4158574872158496	0.5060448663983073	0.684434073645761	1.0536290359664209	
0.0	0.05534320858284964	0.6820570309480551	0.5707614191184631	1.1765423985399879	
0.0900088716665609	0.4891295910435779	0.1683697242169889	0.23733490838586718	0.6076730324675048	
0.24158536177908682	0.03938417598525706	0.8861165726842827	0.274417174543004	0.2048954546631232	
0.0	0.0	0.0	0.0	0.0	
0.0	0.6077397347311544	0.04344062470513478	0.3168977882970374	1.3887059247387894	
0.607068294380994	0.2264600002010599	0.07367099218867099	0.20138354894509256	0.36532045676586183	
0.6310764284929625	0.6304771838327723	0.30584794391057224	0.18944487335218835	0.47169216407292713	
0.11896490442638795	0.2880143199534832	0.0025399415942220756	1.3472333061830803	0.006440421189167063	
0.0	0.0	0.0	0.0	0.0	
0.2114834424951692	0.2353587795626394	0.5037568262527911	0.4057075577926308	0.18201545193566465	
0.4718596246862401	0.941541578427975	0.20265161255478983	0.05664651494091041	0.32937781447574765	
0.3082825631260302	0.9543044141146739	0.822876804049857	0.5915652682494836	0.2951066425410016	
0.0	0.0	0.0	0.258216705529307	1.791120762463178	
0.3348004673438956	0.8184482782557855	0.35340552402221737	0.05881838211857447	0.0	
0.0	0.2755986779248106	0.023789828884871682	0.1475393610263334	4.092936979290421	
0.0	0.0	0.0	0.0	0.0	
0.0	0.1278049123793415	0.028926708279634842	0.6453535206368595	0.46174379807180244	
0.3595262260910763	0.1949709169846476	0.0	0.8724836691130538	1.9037343122814603	
0.002547565191729049	0.7426277272365264	0.28532855639058413	0.04839644173020864	0.7400550190467337	
0.258165508519568	0.25508668654915945	0.23125926035088692	0.31058591426282167	0.3196590182589755	
0.7974021017170912	0.026247788485240633	0.0	0.26968332560511615	0.21149250510367332	
0.45128361385996596	1.3545684595492606	0.16401389066380043	0.4655533149165023	0.5503687882630477	
0.2822347037871268	0.5253496433062882	0.0	0.5094598657158849	0.22495746314620707	
0.7319758788174981	0.5439706202878187	0.7661144573350016	1.001307603915125	0.06614527049069051	
0.0	0.7846620282067986	0.2999691212800667	0.5190147603057655	0.0	
0.0	0.0	0.38854305846459986	0.2513639890818548	1.0537048336142876	
0.07827266068110557	0.13871710057861847	0.3598573825993408	0.33763019672313804	0.7382415377351409	
0.23627651335476121	0.22451023940947623	0.6764609294681372	0.1533618452641701	0.20069534881301168	
0.0	0.27281891933340535	0.42014487241083287	0.4004375699792043	0.3835556254894753	
0.43925260030604135	0.0016399117261025795	0.11553344279745308	0.6669527539554989	0.12323988563134819	
0.03780016845270618	0.6500604435506585	0.6834384965110577	0.033807085443133114	1.1372770957258425	
0.3858780073431071	0.37033581958342204	1.407330900786108	2.0185387581629533	1.1033192182868103	
0.08831096543407442	1.599596992571746	0.33666581521165845	0.6716954910203591	0.4785381107007162	
0.0	0.0	2.431927358016212	0.1134372582902231	0.5905692848397256	
0.32847237296420234	0.0	0.3239204833804602	0.4522548634529584	0.323975362753006	
0.0	0.0	0.0	0.0	0.0	
0.7374693634842414	0.8576171257913318	0.987568421155179	0.4344543659111527	1.1767986807746473	
0.015040902643274371	0.18375222846244998	0.29488000173575457	0.13903982412785135	0.6660002076906395	
0.0	0.0	0.0	0.0	0.0	
0.12665142198457102	0.501294083876524	0.7166906866565947	0.3842582385950435	0.3097988418583857	
0.8400386738305263	0.34340146348345957	0.0	0.8814509721633695	0.1866339481125291	
0.0	0.33158794919079554	0.1514789445153336	0.30188018199541344	0.8673225604767517	
0.28306131532793366	0.003914427719947442	5.266582526998088E-7	0.4506361218107951	1.2513128262919666	
0.25351979498537597	0.5245715802733402	0.4291285427396247	0.5549648758190484	0.16940248124840127	
0.1906512071995471	0.48475588546108367	0.15893423101540452	0.4822781366729382	0.6521343170804328	
0.19048379910409585	0.6935718060209011	0.8047891280491678	0.46473980953742045	0.22451683571878736	
0.4162581506437821	0.24910124982787174	0.4115960008466522	1.0629897976659834	1.288304700774633	
0.09265729117174196	0.680160884721088	0.0	0.3349011593436799	0.5928077106355344	
0.0	1.8544910095759415	0.14757252821966102	0.5254565845265554	1.1492612734514972E-7	
0.1372610036007087	0.20526689196973003	0.1382875404270705	0.17867503885070465	0.0	
0.0	0.16270400235592075	0.7486965647233536	0.5841525838506056	0.15872622324510088	
0.131424692814023	0.6513130105002548	0.6096483013166293	0.6324740253789121	0.2230489158283654	
0.09263427200915228	0.521625771379719	0.9813116747159164	0.7095030798389523	0.693419372693637	
0.460036705750052	3.9009317885180315E-4	0.0	0.2949701241852161	0.5402981113887879	
0.0	0.0	0.0	0.33687939263716354	4.456134651387862	
0.03988073475925608	0.08331265392668744	6.333387578328658E-8	0.28633724621151885	1.1193325155892098	
0.7323207874674282	0.24077443941301543	0.6668213914500261	0.2619397863407252	0.44797426213948316	
0.16822558313926866	0.5523375765915741	0.41192755312279117	0.8179239252677216	0.4156990122693575	
0.0	0.0	0.0	0.0	0.0	
0.1472406797593661	0.9129347234158508	1.0524761499121917	0.26636332259845685	0.617419094548207	
0.0	0.5793397977395278	0.5987013585361669	0.4357646765192959	0.0	
0.0	0.0	0.0	0.0	0.0	
0.8065754102565567	0.5699956870768857	0.1565172661789265	0.32051723835836393	0.6613686584857337	
0.11883302783488407	2.3239671151068557	0.3328369321366588	0.3261586499543008	0.10090013728779035	
0.0	0.0	0.0	0.0	3.993144743500467	
0.38784996470109473	0.9817784937576555	0.9314970743280699	0.2491978240687075	2.040315883670011	
0.03332938353892636	0.35848959154295107	0.3575743626136284	0.3312822695309704	0.6164453474398882	
0.3667290091179826	2.549267626911208	0.3334074224771423	0.2641561670113763	2.6374117463705202	
0.34803669235276924	0.4766994260113132	0.11149439252326535	0.6358500629738904	0.0709235205784654	
0.9342866821740342	0.09953058573013984	0.1028167952874572	0.26936589396837923	0.4490620104781616	
0.5339019080563282	0.4256710082112847	0.6147329417299331	1.1657955538807019	0.40898462141991154	
0.29165453242214073	0.43835667265924533	0.24426371951121906	0.5604513250822818	0.7810032356500277	
1.0814277352726591	0.892006362527129	0.2771441916113526	1.1180072085745818	0.0	
0.0	0.4447269504056431	0.0	0.5496355502749563	0.9827490933581096	
0.8905438840320229	0.350623635459438	0.7519523530648934	0.7074629127060335	0.37731748419462674	
0.02959420270738103	0.8248594148148374	0.23522223364817554	1.0319511060001276	0.895841912862058	
0.4062530067349067	0.117161857603982	0.3589204737620794	0.34261250234971924	0.0	
0.0	0.25366446723564057	0.34746599659929206	0.37622571223171203	0.3095346719784866	
1.063977039556699	0.13907661256339543	0.0	0.2782572416162506	0.9863096644307208	
0.04030342966181362	0.3811191046032818	0.023499920506171754	0.8464894984800985	2.300409439290557	
1.4363350072098309	0.11036033774181622	0.30409300443052784	0.553602679662603	0.22613209237973167	
0.0	0.03027870464347996	0.369235490012419	0.5455134609081435	1.1854189451697172	
0.08069889838339381	1.146004039032355	0.0	0.15418280867636472	3.542221767814059	
0.6923005128482518	0.8902810940072652	0.5875748711791094	0.31811287259409327	0.08263478489858621	
0.1124182969157086	0.9690568676236275	0.25381825688182136	0.5441722746653836	0.23665178946683546	
0.3468847554211648	0.0	0.5226898225991768	0.6589553121070605	0.22284124614358378	
0.0932339931898653	0.0	0.0036554604616045885	0.48636994911037273	1.7408174867829904	
0.14304374828218291	0.4241011169108911	0.40921303506870976	0.04266587790987763	1.1761235651186448	
0.00515592293347532	2.18095043408269E-6	0.7036991597111368	0.28525086474117445	1.3489764885758326	
0.0	0.0	0.0	0.0	0.0	
0.1851410879872381	0.055064259510372755	0.021252730258418288	0.7265322737292739	1.013433522528333	
2.2029262152768627	1.6574739946896886	1.775672016385332	2.279072542289649	0.38680244462190255	
1.3488197623709147E-5	0.2103871614990859	0.0	0.2879041368886785	1.0823557966243271	
0.6371224436658756	0.6582692495347754	0.27561464596496005	0.8199399113061947	1.755014250976819	
0.21235580962982947	0.4714602314657944	0.4176563851689605	0.18614282221598066	0.6300352721663415	
0.571167832126344	0.5059765945885691	0.5497452930006436	0.0	0.06483096943126761	
0.08781332065062689	1.6478512256528866	0.3580488572554896	0.1425463613202599	3.9854395235067215	
0.3714568591210607	0.0	0.9684784718264944	0.3867634931283463	0.5932690309733687	
0.0	0.0	0.0	0.0	0.0	
0.0	0.9871553367360983	0.0	0.36720948084250354	1.7411565861145932	
0.0	0.0	0.0	0.0	0.0	
0.512213113875838	0.30491158134200347	0.4028390020169085	0.13157636773489426	0.0	
0.0	0.744211978201169	0.5879434471810603	0.29787357374932844	0.19670397546010648	
0.4252243890040723	0.1384440581174448	0.7896788330761851	0.222584377842423	0.6326896323361314	
0.3433402031969263	0.48440528415599926	0.3259672048668366	0.4440082258159885	1.537921185035945	
0.5294338254413091	0.5661868623525947	0.0	0.49511742193807723	0.4281575090485364	
0.26409288746793946	0.11596633963084309	0.05719154021432704	0.0	0.32394954963289496	
0.0	0.0	0.0	0.0	0.0	
0.007599393865335031	0.2716886633698669	0.0	0.16712695677334405	3.4742271659604413	
0.0	0.17646655841086567	0.008481240493686034	0.3453168661359495	0.2885046623086756	
0.0	0.0	0.0	0.0	0.0	
0.47002469771059263	0.09648547794358567	0.8258452153140348	0.37576644039618584	0.7477323706074858	
0.0	0.0	0.2777733479754893	0.7405951835332453	0.05097900537675824	
0.6025354371969747	0.4550956118043964	0.5183355111856758	1.4886205205955922	0.0061526829103476606	
0.16310498267629542	0.0	0.8475011398280858	0.0	0.21996413525903047	
0.5360531213649287	0.31389758592353917	0.2591380856364879	0.27030187865225824	0.45969089767474297	
0.0	0.7911433657185519	0.6221881182894713	4.5735859307951955E-8	0.0	
0.03547946590689873	0.34825972576377967	0.2574594471070551	0.37802445445939875	0.4513772620452699	
0.0	0.0	0.0	0.0	0.0	
0.7911822177651198	0.2638516119663801	1.1233948520159398	0.6720917124023206	0.27541900314648415	
0.0	0.0	0.0	0.0	0.0	
1.3128873547789088	1.4867842307264558	0.7390804760608256	0.0	0.9347487080373886	
0.871568867974803	1.724981343191584	0.16803422138854657	0.4128971091426634	0.12589919518406523	
0.11253663091645404	0.07879107648302015	0.6998406531295585	0.35049841859002917	0.9007785829573859	
0.0	0.0	0.0	0.0	0.0	
3.0120161061571697	2.917623957400679	3.055638500872096	2.0806136994987012	2.529229765533236	
0.0	0.34818390472238664	0.5419486326641789	0.0	0.7438898144900106	
0.7439734858589123	0.2782026281832106	0.783239823180997	0.6591995516899246	0.0069034661558621535	
0.4102946589147816	0.2273247263151832	0.4134590957427044	0.5451145056207396	0.3872554843667518	
6.230503765253025	3.32764689866766	1.3660172814546638	2.3000425522855643	3.3795839474272262	
5.516849344929612E-4	0.2618822582693175	0.018799859158479072	0.8412381918564451	1.2572376854296459	
0.7317129395738599	1.7912686972548872	0.7256373192449165	0.1746251219821087	0.6851544687231224	
0.0	0.0	0.0	0.0	0.0	
0.14968272680258987	0.05304865812912837	0.24125606223822668	0.4721898950220008	0.045895368804235157	
0.2755573317359974	0.36340686085573226	0.0	0.552317496274844	0.7785152608458156	
1.7707581170664395	1.617555065344169	1.4566858899189914	1.3539323634055214	0.10141394372233381	
0.2620178570771313	0.35232237209305173	0.12309304115333504	0.2217238281880105	0.7998718140773584	
0.43282075120808927	0.5265180008626157	0.7177442112256798	0.31864593890763027	0.4591533337246455	
0.0	0.3730463070165397	0.7259105844898056	0.24564616955457064	0.14023469699956803	
0.7281976382602516	0.3145355796265996	0.4760109322772427	0.8899273092988973	0.033796435159377636	
0.10912935579786305	1.9340114673538278	0.003325016024428145	0.4230160290084395	0.2652792867904084	
0.9146936845749433	0.7989085702880967	0.3040366286170488	1.0026317986245004	0.0	
0.8992007393914042	0.9643243150386475	0.44405895845529497	1.0076299419557428	1.523520662960088	
0.41114920439492975	0.4038970538028549	0.0	0.8010508942467878	1.1756941842154451	
0.0	0.08633162989785477	1.741008697134478	0.47262602029299033	0.5899711018299966	
0.688111821868628	0.07305051488444272	0.614081539507188	1.0572666748298798	0.8986113821846644	
0.31431540935863567	1.2835296145884503	0.6537806872225828	0.08888377324989087	0.05886160549826598	
1.6714689198419161	0.0	0.3956066141163238	0.5186527313426141	0.05322631991375006	
0.26492981738582577	0.18991738103746353	0.43280052982948714	0.1823876230177289	0.12107434876717602	
0.07164451518969764	0.5044023187254385	0.07351785358730072	0.05391565041645015	0.05374860373252517	
0.37635525436268563	0.4073656320204743	0.0	0.3252581003385271	0.6358690741141284	
0.0492125183241998	1.7245668739282118	0.8816637459614419	0.9813401817891938	0.46502265199114184	
0.6448042959670278	0.29276428953090666	0.7570501081765476	0.13274282731882336	0.26455650258428803	
0.40443128139352186	0.701886071600059	0.3696459587428266	0.8594657170019369	0.4879271973808259	
1.2797738423903056	1.2517595188659	1.6781759520823156	0.20979022856456678	1.3304020793613718E-6	
0.0	0.0	0.0	0.0	0.0	
0.5651048343461327	2.6275248604126475	0.0	0.22189475212677773	2.4471049955697226	
1.4241728974165901	0.5158650450826906	0.0	1.0151144498347175	0.5266176571800489	
0.5699976936971058	0.6244672167145858	0.32189733314429103	0.22540632612540867	0.41439175403108125	
0.0	0.0	0.0	0.0	0.0	
0.8903210816140252	0.0	0.606104349080103	1.7668234629351913	0.34170616389394576	
0.1992412392506753	0.32327776004171693	0.0	0.0	0.6759137380874418	
0.14241870722533298	0.11386722975190493	0.1932855066007587	0.33650694211279913	0.8117962074342628	
0.0	0.4655933606734507	0.28640886429022516	0.776451880533154	0.41825775217989386	
0.0735362036766419	0.028770869267888226	0.21439332150944032	0.35229640118792455	0.8318722321345323	
0.09133824138765866	0.4130180831442608	0.15941960188244367	0.3862266524416076	0.613990497931153	
0.27598158052400007	0.07550080474218028	0.870768306979614	0.6381913731141685	0.30191096594375316	
0.14635088269503124	0.39486501750272796	0.26859479572529094	0.5395290530064154	0.08439357021136056	
0.0	0.2632251370989505	0.0	0.16922086844325088	0.3922143931544479	
0.2606177404161423	0.9163786688518096	0.1774266215873723	0.038452194457892365	0.3022240110575685	
0.042330136474384134	0.601672989085647	0.4568818318182231	0.0	0.3273540995955688	
0.0	0.7079041633533075	0.8149497264621186	0.4969564024624066	0.0735035961520487	
0.2877733375418983	0.47191201593821064	0.13930099508867616	0.13563032516496407	1.5865253056132538	
0.6416100024861991	0.3864233991595305	0.4436501440212987	0.660517762840238	0.5803726239889239	
0.656595134323293	0.03926974540217238	0.28450373806377716	0.9750496265443347	0.7739810033691812	
0.23466804093435872	0.0	0.4942176322679849	0.10458944287152039	0.21705464638789446	
0.25253228733589983	0.09572879199258204	0.19654937111464618	0.18875602205402225	0.5491177801920608	
0.0	0.0	0.0	0.2564573797161367	0.007408614967807593	
0.5423671857446607	0.5068763035018015	0.7666782239288418	0.27753421506298154	1.5735456418773237	
0.2660319686778064	0.17434213097130447	0.44787399712516085	0.4225272222144425	0.10179802630059331	
0.0	0.0	0.0	0.0	0.0	
0.4700547205117862	1.1491921575177788	0.5873068842606811	1.1645676541319412	0.2194420637330752	
0.0	0.2362467150771398	0.1340967503968882	0.6983082521772463	0.22358874731771386	
0.008132581282298724	0.7595709026096313	0.0	3.905432291596281E-4	1.1838617755728265	
0.47368624313123603	1.1879144245890174	0.6211644209892759	0.5462192814394036	1.1241298161669895	
0.0	0.46752833674228716	0.07467384789389261	0.09282656445812822	1.045823746806414	
0.6855446202211617	0.26809573487516675	0.6184492126274029	1.1262387050308502	1.1686078840404237	
0.13493799828925299	1.2855493728742038	0.24253811243304282	0.8011038759879996	0.17680839191963515	
0.0	0.0	0.0	0.0	0.0	
0.49239510253873126	0.5100280036050088	0.0	0.0	1.210148194141101	
0.6429455735200394	0.0	0.0	0.7903099925420825	0.515427382515863	
0.36140568441458476	0.0	0.15001722435667383	0.006022578272165723	0.15236577785571295	
0.05777354043111875	0.4103373377150074	0.11195870960606215	0.19685447556871485	1.3177207811709726	
0.0	0.3163786211011405	0.4558348675050022	0.9048482176555047	0.19235106179979627	
0.0	0.0	0.0	0.0	0.0	
0.7000425506948756	0.7023032576378104	0.4824467758126185	0.35972852330987337	0.3853045053662073	
0.0	0.4520533592888391	0.0	0.44219323895695367	0.5851597446907024	
1.206573562247751	0.1505483112996088	0.4540403187607676	0.5180694129706892	0.207408265846203	
0.20443178111482072	0.48378955716931726	0.8261782980403316	0.23740024905312704	0.30168237165243916	
0.31114177908072155	0.7887166364659852	0.15749790024025553	0.9616557916686572	0.5736538087068616	
0.0	0.0	0.0	0.0	0.0	
0.2965070727649285	0.0	0.135955312713403	0.8749075826482378	1.2358206095797177	
0.2648225534373524	0.6245926524419044	0.3455704475904816	0.5883312289434555	0.4507275398172162	
0.5292477676243179	0.6993340656483059	0.0	0.15040686767395342	0.5982347962367007	
0.0	0.5980794388592945	0.4487995787971244	0.9190179027496791	0.6273505531083687	
0.5285817487999342	0.7096858893082106	0.0	0.7042666750541833	0.0	
0.8858821031186906	0.007194088513411872	0.45246157179948665	0.8320053022800759	0.37826096484525346	
1.1821544225846055	0.5994814800163915	0.6051815667726606	1.8256918679346127E-6	0.9605254997057667	
0.31727817920620643	0.45739699355581426	0.0	0.09513133276759167	0.31190980349221953	
1.0412567825199635	0.5860883477419166	0.7699620313109985	0.46444774110539283	0.20596141415990066	
0.35598124868088615	0.0	0.4673508363398944	0.5706932311965668	0.568625148864414	
0.0	0.0	0.0	0.0	0.0	
1.208746678390585	1.076259536826736	0.0	0.6984056933742505	0.6153766184185744	
3.624260015902026	6.250111547753303	0.30151986652936436	0.0	1.5694292583419562	
0.028241794061815127	0.529381945633549	0.5271658524396068	0.07294768498943138	0.3383737297601406	
0.0	0.4509807782736732	0.4317676006794795	0.8583013740522871	0.6658165501569078	
0.5251766496017903	0.13794352143503424	0.6708847691088539	0.7449326333202074	0.3524384418527598	
0.6379351971080162	0.17352899033294958	0.006879672971760169	0.4393185496652923	0.1864394093177824	
0.0	0.0	0.0	0.0	0.0	
0.894451744221369	1.1845771250835158	0.0918997418603431	0.3488046921462551	0.6813486103544775	
0.2537974745833935	0.13988757805572033	0.1274776559676799	0.2867337781132833	0.27096989160807783	
0.06538532946979837	0.40119714054618594	0.3247092163335513	0.05618030212118319	0.1914484144994478	
0.0	0.0	0.0	0.20616867594261554	0.0	
0.011127483129926098	0.2089744277673748	0.30216664894197287	0.5241964864954315	1.172489126487208	
0.0	0.2553759329023768	0.1423595551900367	0.18912524650551252	5.284451682656174	
0.11667008766336899	2.937040544511156	0.9585130084062407	0.0	2.9395876215443697	
0.265307302517541	0.9989494554912056	0.4888895537708873	0.277281108776241	0.42533570309411456	
3.4047250489128587	3.8697386289276046	3.927643083929563	0.0	5.816248602709851	
0.5416747086269007	0.16107650532661213	0.1829310147168433	0.640985737777183	0.26409413187695335	
0.28748485580230554	0.1773964524440646	0.7609178239933464	0.2819790147016316	0.0	
0.34375196946270103	0.027814517030663934	0.0	0.4858566347868824	1.0769597201417134	
0.0	0.0	0.0	0.0	0.0	
0.18992921519621958	0.9091489803517454	0.2319192891084575	0.3503753083356391	2.364981649491838	
0.0	0.0	0.0	0.0	0.0	
0.16446542603215877	0.1858657052066386	0.012967849534421547	1.216243500507734	0.0451917629511567	
0.07863087021727837	1.0631460284310785	0.08861417639133236	0.5210627823967705	0.17321138436413294	
0.0	0.26450874851943595	0.33278058339100064	0.7757308291815279	1.1782868419308965	
0.0	0.0	0.0	0.0	0.0	
0.0	0.6164828085033148	0.635634972366007	0.18732456707712244	0.8474080936187881	
0.0	1.3851118131292977	0.46386365335924196	0.8924560839040914	0.8655870272888477	
0.5055440247570364	0.23062270017336162	0.142851941492034	0.4543971471235393	0.028361559634794784	
1.5559846061410754	3.958768213273364	0.7033330261638073	0.0	1.050763905693128	
0.21225548202952993	0.03380828419363498	5.860863213085191E-7	0.2975643424546926	0.4305081459373489	
0.716060321303169	0.008600488685543327	0.012166478572681565	0.8039541772607641	1.187383025859659	
0.4001516016687986	1.9517716415335478	0.0	0.26641202642873146	1.2797987290844188	
0.3684540505252757	0.0	0.39732011265302847	1.0429430178167332	0.644593182141202	
0.7218270152541881	0.0	0.2744801189802015	0.9444762359978484	0.0	
0.0	0.10023027164515232	0.03090223182890534	0.8497118255552571	0.15449032387318656	
0.0	0.0	0.0	0.0	0.0	
0.6449021529388134	0.0	0.0	0.47459409812504794	0.4698781527321772	
0.0	0.14847980529284172	0.4383670577014799	0.3063274738788156	0.11769113731985706	
0.36807240315067463	0.5822893586526042	0.46019576801675494	0.15177673349883045	0.22190135945194128	
0.43760050099189374	0.3637426252909319	0.3302568326699214	0.38439354452725066	1.2091571199817441	
1.07425171283596	1.051019214671124	0.0690180013126981	0.9377459826334437	0.8834786069169008	
0.0	0.3371526823019805	0.09781973246601566	0.3409763669095099	0.5012373454722446	
0.31889553614888266	0.17274221764585046	0.3538382593470396	0.413716898799334	0.218737707354352	
0.08209647216311185	0.40488409521487984	0.4504304283382528	1.0337434510717487	0.9877021834635484	
1.5685044037285336	1.1708083211946023	1.4115965322590982	0.42387555366707225	0.9982764387789382	
0.03798340644807172	0.2145450220473369	0.17572519512047494	0.8799450279022635	1.0001068256492789	
0.0	0.06448810896618672	0.41595803920144603	0.48196539164300917	1.0355921283594594	
0.28858554155099353	0.29347166119009616	0.0	0.4662425788650811	0.7532280149196224	
0.1847705449948252	0.13096538477927896	0.09684997116267144	0.28545637852030925	0.09346295937911488	
0.0	0.0	0.0	0.0	0.0	
5.012330506199523	6.806483777476521	5.3567085626284845	1.9271333348120026	0.0	
0.3649282142330005	0.21650879773813358	0.06343144041239987	0.19916713731745017	0.39964116861206783	
0.006867167082205389	0.0	0.6714978184186462	0.07366007804422445	0.9352017991643956	
0.6266555466221614	0.8934991579381534	0.9485998915710195	0.19395260901721148	0.617157702587779	
0.0	0.0	0.0	0.0	0.0	
0.8077316320738926	0.2446213342862413	0.09202887193705174	0.6026990823050974	1.1617497281306488	
0.22680777721245546	7.359500358269578E-4	0.3689314364101457	0.3664427079517646	0.7030094409957763	
0.0	0.0	0.37802802804308994	0.03458304813093375	1.0768970919326954	
0.4646317860361116	0.30958570691542575	0.0	0.425898882720057	0.45304998300636173	
0.9260215642874355	0.0	0.38696766637773367	0.8388253440005534	0.0	
0.0	0.0	0.18210562753695636	0.014730688956993605	0.7461659995554693	
0.13876707203190672	0.010790721488654158	0.5384194558896575	0.6797758034948075	0.17256715199140624	
0.4237417715977388	0.30683951751915195	0.1033944195500928	0.7122370391736945	0.3783775409760878	
0.0	0.31048424238868755	0.45944551008622314	0.5009844283955004	0.8889462007465156	
0.8377663697440135	0.5721840720256495	0.03358890653548282	0.28745041134658156	0.48008288873375665	
0.07865044245377262	0.04858397961620748	0.0	0.045009548029127586	0.15963942942703266	
0.0	0.3343829091890884	0.4992320482891134	1.468623070166316	0.07203182429702003	
0.0	0.058252141237320344	0.17912567267625942	0.2596745739169315	0.26533061350568216	
0.19586499539673022	0.270182969083891	0.14003403689824578	0.6141539575875762	0.6947900467004657	
0.0	0.0	0.0	0.0	0.0	
0.3341572871336629	0.4866560263516356	0.3663739614301453	0.6870730472124965	1.270172432208928	
0.0	0.15607247605540217	0.19180269238249334	0.16705584672062834	0.001142573643358298	
0.21238004758182172	0.8795841385820725	0.30140932174830704	0.6655389107307307	1.1474386137428039	
3.109595258228196	4.849902395300718	0.7672053251866414	0.0	1.4376007899057957	
0.4813220660436777	0.0	0.0	0.39488371705613584	0.3073687934674807	
0.032024594196354374	0.3036114380473499	1.2349196838459682	0.8128508347279483	0.13156591382629745	
1.8254826428395603	5.190466734825608	0.29275127422515196	0.0	0.7760565160675098	
0.26819045345867987	0.4442806326332875	0.4635208477257697	0.21432647729358975	0.6289209764426986	
0.0	0.528879394995947	0.0	0.3045331937157567	0.10667008688260958	
0.022090658386978945	0.0027295406735281225	1.0726822082283045	0.027295705005300097	0.5259338815014417	
2.3580042472240335	2.2293841661085807	1.7412945146469798	0.0	2.2971125409351765	
0.14839130623462976	0.43095126189740457	0.9372594732829832	0.6525547205408919	1.0043955555156736	
0.834161271643928	0.7135627780681854	0.7389527549088043	0.3984207530077616	0.08504106193505392	
0.0	0.0	0.0	0.27974006680587177	0.3343808635315592	
0.36144515268182154	1.817778317017761	1.0045344489559491	0.3593111334128216	0.32576067239067535	
0.5817065150502366	0.3728882570898801	0.33367305128474606	0.2979959561553845	0.12836966630343707	
2.2633948393769336	1.834983727678877	1.5418748263984423	2.286580923555054	0.39831986631694793	
0.1494595552632474	0.3542137153186538	0.25622800138487767	0.629207562404619	0.4584552488181854	
0.35476113091374517	0.37491379554837406	0.16560872555778164	0.8631887647048021	1.1859974514668856	
0.0	0.1631430037726859	0.27152576198142137	1.1273717893343969	0.2262074190256597	
0.010654225568686218	0.2691019685288181	0.5896868427195432	0.2707456766816869	0.8225968040155969	
0.17351370899758292	6.452180397657063E-7	0.10524650176105121	0.14170101491613876	0.4471199144251727	
5.869203180976253E-7	0.005960126600830316	0.5223361680558741	1.6438514801497408	0.6328057116778062	
0.35030841683246744	0.512510397315087	0.3136965704031245	0.29685371750449335	0.3932605594183055	
0.0	0.5484468901171055	0.13068631703582007	0.1483095198522313	0.0	
0.0	0.0	0.0	0.0	0.0	
1.4332852495221875	0.567074015448509	0.4053457406468457	0.05271998448073652	1.3800980531286282	
0.17969726259812557	0.17683888164825998	0.6985039713170799	0.7704777244277469	0.31818364894695184	
0.0	0.0	0.0	0.0	0.0	
0.630747138366856	0.4436558561750718	0.0	0.17724427190916087	0.0	
3.42758674897105	2.7851465246617555	2.9958340497644507	2.615897058934903	1.5108440831239844	
0.16398174079673938	0.04439959364462198	0.18856171733648086	1.7420146153372704	0.0	
0.8147245951673225	1.2063600265552286	0.7211185732312221	0.7012414075449948	0.8095332788459717	
0.5376143174291061	0.5208388159036013	0.6165729290710109	0.44755377380043937	1.2574933575264657	
0.0	0.0	0.0	0.0	0.0	
0.0	0.0	0.6838639569987659	0.0	2.703747735372406	
0.0	1.3277052712133992	0.0	0.0	4.059536524068188	
0.0	0.0	0.09451571097682292	0.5630771496570282	0.15938896430554086	
0.0013523998823283788	0.26897212542679577	0.7530906236558733	0.15702154115079464	0.42241845876836376	
0.0	0.8445840467929915	0.33037194360216704	0.9092423480733767	0.6040163442041534	
0.0	0.0	0.0	0.0	0.0	
0.9388638708605632	0.0	0.6697298651040987	0.4542349330734899	0.0	
0.5490413994104517	0.0	0.36796212779550114	1.0147712248032084	0.4423501220149217	
0.2777041759887443	0.19193815722336247	0.45395884746586534	0.16880749312294915	1.1748440702870022	
0.0	0.2774297799516448	0.015502905954943995	0.8902343050996192	0.3812768585313727	
0.39847605045801104	0.15300668745916804	0.057200650759133304	0.38629649514310566	0.22215295640494515	
0.33170423802317367	0.15435591709723548	0.48267574889872866	1.0047767989818286	0.466063596983849	
0.2980057916386462	0.004496251260327206	0.0	0.17860565825632763	0.47887832015600984	
0.040530557367993346	0.41952613844771963	0.0016410120750878358	0.679585732988385	0.8054491025652984	
0.08258713301293157	0.4587671117730802	0.4994415658224907	0.0	0.4812552709628154	
0.4826742854089777	0.887137768638159	0.5598162738718861	0.10697173113436956	0.3534392182764314	
0.20709912831938496	0.6974617793773374	0.09349587142805224	0.45898714162197846	0.2328064901670192	
0.22069049299049048	0.012229786746077826	0.11444615833963796	0.5350646907160505	0.3746963704942525	
0.15250848186682447	0.6501938749112652	0.4435606629410586	0.448599365795059	0.28821074118241663	
0.6053478597784306	0.0	0.0	0.3605636318698377	0.0	
1.2267890772954386	0.30390883508829314	0.1403552699271247	0.11500369696923646	0.5317570282415947	
1.2443294135945457	2.1633345780386963	0.17141144957175636	0.5943392277928892	0.4364486878866968	
0.20276080788856024	0.2065338783299826	0.3898909407858051	0.24539631676259638	0.06635078030564719	
0.7085326701397446	0.0	0.7548762544388137	0.6215630542763587	0.002933118845986874	
0.6155458897250331	0.8937703356220018	0.9047435373116087	0.6938020134534579	0.12051743951241407	
0.46778330970194365	2.087635715804359	0.0	0.23398738878392453	0.058116435054983574	
0.10473957457837016	0.2669583429942535	0.3104756842474918	0.37413542956661555	0.7329427099794009	
0.0	0.0	0.42590393895656575	0.0	0.28538633429900745	
0.0	0.0	0.0	0.0	0.0	
0.0	0.0	0.4808569537139929	0.6524281583810818	1.0277660134542965	
0.0	1.3160960484848134	0.10064733264506934	0.27897816276070264	0.40847945209129083	
0.4332551584651414	0.6886058376295323	0.6003137639127589	0.6500183398804484	0.6877627691534585	
0.2834976884069438	0.2898226639320187	0.006168841772002103	0.10648450350012133	0.253279271730648	
0.594292051209993	0.7634722047344135	0.32634569865083135	0.11090522417902934	0.9970712358877336	
0.22076886146075878	0.08679225593925623	0.21652966474798982	0.34532668307705044	1.1962299551385562	
0.6320076435398152	0.2024320831993605	0.5927202722149764	0.5070859380427566	0.0	
0.47803864939693413	0.6093837467118522	0.4149797360108769	0.7257407408395228	0.4988145751078327	
0.0	0.669495498004399	0.3626354514079878	0.6767013112200139	0.9513874492139393	
0.0	0.0	1.7546237626359364	0.4674254715348924	0.5905770786842983	
0.06471362289097822	0.0	0.0	0.002626398560890714	4.374023547887644	
0.1640706831510704	0.543660712758688	0.28142194512605584	0.7772116996329866	0.8579806351502017	
1.0358040468504877	3.1384564645683968	0.0	0.5416571611306059	0.018156307248712665	
0.9917894913995805	0.22975427005510013	0.0	0.8750834290321509	1.8144199020777725	
0.4546882497599387	0.9050746525708339	0.15755419028107273	0.19593642623950028	0.10438567572210274	
0.0	0.0	0.0	0.0	0.0	
0.9453983572410577	1.2658547839187035	0.5269794528982098	0.4340610865367703	0.7182467865659314	
0.06006817704878919	0.0	0.08121351833528628	0.8239261178794444	0.768870957892353	
0.49373225563594425	0.4174964699950956	0.25328762910172686	0.35081625640181496	0.37345350080174466	
0.0	0.0	0.0	0.0	0.0	
0.2599022651938137	0.08806465991873574	0.6714778406471982	0.0	0.0	
0.0	0.1424300177005463	0.16156172840986574	0.41768294976959724	0.9285133323138379	
0.5668895530260161	0.3719975367416684	0.4813782513177227	1.1098668457250838	0.4013722322482564	
0.0	0.27889310270537054	0.7969695014536335	0.010634797164596107	0.5647993578861843	
0.6816967306177103	0.1861080903046225	2.390950155661404E-4	0.9422602828996628	0.42807045385103587	
0.31153329181003486	0.28773697025473854	0.34524149803724846	0.0	0.5510938250328318	
0.055446911548473754	0.3250563778478055	0.37444004822525867	0.5326024434737427	0.4390343781031223	
1.8038087587842377	6.201558620676417	3.2535879728665704	9.23554404475983	0.5787534463963109	
0.7023175277190343	1.5136281186614722	1.185120774480895	0.7775863058379707	0.08672515531699461	
1.4372022293147229	0.04425895632803868	0.25929460676254745	0.48943768399890347	0.09656218329723947	
4.676890726311391	4.448298947492946	4.284352272743521	4.477063647372831	3.890745176836456	
0.14120825446223342	0.9352722576234829	0.0	0.0	0.0	
0.0	0.0	0.183130432797507	0.45960882956738197	1.1118360270087022	
0.3293357282934892	0.0	0.0	0.7188662515081596	0.4438362207660257	
0.0	0.0	0.0	0.0	0.0	
0.488188136865783	0.08067201696679133	0.4987842528206904	0.3787326365691281	0.24074506995203449	
0.27009112556908116	0.750483139344256	0.6877431094370313	0.5273516363235174	0.24088023361417574	
0.27440846736829044	0.22643857972129555	0.3994957296734193	0.16618631660979372	0.6223892273357033	
0.7195420932325733	2.5985674983816787	0.10833181125536645	0.3227921598413521	0.035650034115285154	
0.6836943282052931	0.41345483682587625	0.2764972585736736	0.02590111466473093	1.796441264092758	
0.4630042854129591	0.21258947202246545	0.13665742433669678	1.399274689832892	0.044182283161667696	
0.6165218766454535	0.45249681660745017	0.9382909211959155	0.5932789632431237	0.18381303524733303	
0.10599185735728534	0.07910064881992802	0.17241055655726187	0.039740246481150134	0.5081620026520312	
0.3300935990404279	0.29142853237959093	0.22659376712186372	0.6191901977966356	0.5756168586857074	
0.22047864839182807	0.23821927116771136	0.322565421335176	0.641237816170174	0.7790017972364836	
0.02269877075890135	0.17316156145414935	0.44153830777626213	0.8944412010676218	1.8031031610440549	
1.4897484728013562E-6	0.32406267936062433	0.06664162484369111	0.2686763937602057	0.08173547974746853	
0.40602063511386155	1.2956614427096436	0.626402199981811	1.0818007340295026	0.05369504677774	
1.3860546584549858	2.1627706404109257	1.9745845794029317	0.3546776202727391	1.6461115522034722	
0.10541964757325915	0.6713351067483628	0.7159951690391742	0.3211047169694864	1.2335076025603398	
0.044274729939370906	0.032101597147340656	0.341896195511562	0.11621962611496103	0.4495217518661991	
0.16625872922800533	0.26045325797623137	0.26045733331061627	0.2615544812176995	0.2782818673651947	
0.5220525025605185	0.0	0.10906360436943949	0.4202636992276176	0.8204113582548692	
0.0	0.49852040888546	0.87431545832786	0.4616759438771935	0.5433024525123045	
0.5369123291147705	0.30238685292952	0.12365624731471415	0.5590269672545866	0.023833787485024956	
0.0	0.006788152168172354	0.6125920102042011	0.6672889962083067	0.053663543585830094	
0.0	0.567712606575007	0.0	0.7685735240843261	0.8340693986128553	
0.0	0.0	0.0	0.0	0.0	
0.9214277195425356	0.3016538352373209	0.5670440349740403	0.5408408945092845	0.13819647275323402	
0.7104742448521767	1.2468118984535277	0.5237113554321645	0.0013507482147476293	0.36021910419846837	
0.13288415357088917	0.9351118329152485	0.29058167229926957	0.20235604559620618	0.07263659016895702	
0.5442594168651613	0.46224048619362657	0.0	0.5513690990179393	0.5617052662951033	
0.33894049250044905	0.20227430931586318	0.5241603651218498	0.40610671357772604	0.0023361745254190493	
0.10671525012286856	0.17944528342962793	0.31427280416667736	0.6290884908030933	1.1329806830708398	
0.6793700346819663	0.29221598728770415	0.6069254574675002	0.08399174434966895	0.39946546618997053	
0.36539442634954394	0.8986752591112858	0.6340678274761958	0.901474400508628	0.805045599080405	
0.44654048319416945	0.0	0.7445520112077278	1.0721783755548677	0.07126025181743896	
0.08164903220150946	0.0	0.2741515831795273	1.1625296800133256	0.8919163238743982	
1.3184000318001192	0.0	0.0	3.1160180581335992	0.0	
0.45822376974736123	0.8722670744424472	0.898045746378202	1.221807259327391	0.6504044742424872	
0.08028812287547821	0.5266838284898003	0.5950733630899925	0.0	1.2448231397606961	
0.0	0.0	0.0	0.7660165434645912	0.16574228961165433	
1.9214590383398318E-7	0.6983961894904395	0.3841085274931775	0.11100256625971916	1.8222389944356727	
0.13467428684733987	0.4731794515679831	0.9981563877220672	0.6389546871348586	0.993864450600006	
0.0	0.23323671913885163	0.42639908378336283	0.0344564617468855	0.26983260853980584	
0.0977986696469576	2.2855421599001343E-4	0.050584398724603526	1.0497192418135362	0.045431237227859356	
0.39958285866427	0.26184520811120043	0.3351016386068495	0.271360410664382	0.8434152896880821	
0.3100097131357579	1.5265669809892464	5.9989225823246375E-6	0.46145177986172464	0.3367315039526328	
0.4966979843683805	0.27943620974297984	1.6883741370077083	0.33238177093262095	0.8410501393342253	
0.0	0.1323475426223041	0.0	0.8785782045864433	0.47834196574758525	
0.11698314219017475	0.4899039251710133	0.7072047770322177	0.2956423895950013	0.2343521139792835	
0.23220132297447776	0.2847037020517098	0.22264010480899968	0.8675659510854061	1.1890614409640188	
0.0	0.5063120959469264	0.0	0.3961157874035982	0.3624946023759097	
0.0	0.0	0.0	0.0	0.0	
4.464109345415942	3.7839915114869296	3.9882532309280916	4.3383384343522815	2.49501112676721	
0.38927169936331796	0.41506188248109244	0.048666943565049164	0.5593377387811344	0.5644304768262561	
0.3291050887971305	1.6744982155552628	0.0	0.5251248474134178	0.44928615590134025	
0.0	0.0	0.0	0.0	0.0	
0.4266619575504722	0.7506830159877315	0.03487609755784002	0.5794835480577162	0.840833457506766	
0.26881404886546556	0.4450234663895403	0.3156068058582698	0.010097993919117731	0.5067489957195745	
0.35450520859857954	0.5863640629539946	0.1305314592319973	0.4834346934094705	0.7449293079384454	
0.08087813192320766	0.2745723450588768	0.0030886889772810413	0.6841996452366979	1.0623117979224195	
0.0	0.4124172746304904	0.761468344343518	0.43786254854597695	1.7804148601623808	
0.2635900830295447	0.40444326748265635	1.0483108719494478	0.275132441092472	0.618106261301897	
0.09914815260751572	0.06988197233730938	0.05604880109353107	0.5512074614877865	0.4927855526021919	
0.0	0.1469623984417872	0.5170596197803067	0.0	1.3140060688560933	
0.0	0.0	0.0	0.0	0.0	
1.0242807945325931	0.35413650337183755	0.9275600615229711	0.426016396657078	0.5274408034002912	
0.27624612984932867	0.3054260789836036	0.5651089150575795	0.7104056654162832	0.542476508041608	
1.0347135413643385	0.37491442721469653	0.00973346215146397	0.35750578094168833	0.0	
0.0	0.37211585992016166	0.3848349779907678	0.5014156727948975	0.1613439232288839	
0.018573404579965792	0.015414278174844982	0.6316444821979328	0.27880824715897445	0.9079278365307889	
0.0	0.12639756058807458	0.6894796735645166	0.23163347458273117	0.9036928871232311	
0.6542068645795351	0.2481441272922591	0.1630568176992176	0.06493990813952812	0.31830072015425426	
0.23278143151708866	0.6400280015400623	0.2567890726335239	0.2926398659236427	0.4477804485148556	
0.11468689270779783	0.9385582560250885	0.47295557320857945	0.9062943720913913	0.4892680224300627	
3.9953554827338116	4.277176056447006	4.1262321157233774	3.9150217468404707	2.5531518259532437	
0.0324572684146977	0.18159817545405355	0.013741730293956513	0.929702496638716	1.3006532542303586	
0.2596693244255028	0.25801539894808456	0.0	1.3500584038158956	0.5484260875106262	
0.04071585565664589	0.20444478639985417	0.2970015738891467	0.25446253818277437	1.3378808953465704	
0.008174683527396516	0.6148066933587278	0.0620832941027074	0.6825974430314431	0.007697191921258665	
0.11082850063092524	0.7434738171775486	0.16806908345395846	1.0820298976634386	0.9484409033568874	
0.707597240184506	0.6426909765917986	0.766608152949067	1.1702003613546197	0.6031997766811362	
0.23338188727376188	0.7428220155534064	0.7529388830367194	0.42816158910644203	0.8001660297162531	
0.0	0.011089635919746571	0.5629699788002079	0.5852971390265761	8.831703295724801E-4	
0.49332159080295435	0.45412188960294053	0.35290158139743616	0.28692676744556483	0.10989561765360864	
0.0	0.6036035480329238	0.33613024076115383	0.7991107612483822	1.308852182163071	
0.36570116281894277	0.46921009405998426	0.0	0.45698883429234705	0.42574616844909435	
0.5834191793469847	0.7931142902158306	0.008145733054045957	0.11426116446160013	0.6773167514614847	
0.009459598512613894	0.0	0.3338823184072516	0.322904468381352	0.2313319698490503	
0.8202772122068936	0.7875116998932588	0.045510847874106336	0.6041125246621833	0.6715206357745299	
0.16157015757792534	0.09321495295366006	0.7414447157018922	0.5284031170124751	0.3334842064179482	
0.691068437640631	0.4430202626760431	0.7320882483837746	0.4800304519168983	0.8450896811600259	
0.0	0.9436021018993491	0.0	0.061639588841038345	0.46192152550028076	
0.0	0.06969338719971756	0.6535163500119386	0.5628660644306663	0.8256799697350935	
0.4293355945669781	0.0	0.0	0.0011504626765477843	0.0	
0.3912549099496421	0.46166382333823647	0.1559348635735403	0.8319943887993854	1.2875861091284992	
0.011951810139336138	0.3049678010699649	0.39492705040098375	0.4956111774159634	0.019072587213537464	
0.1446652166264848	1.012868669595221	0.24255394550349563	1.0151266005959858	0.7336674717941472	
0.3554827689070015	0.36401086068046973	0.38998674242238945	0.1786724364029307	0.500413885107189	
0.817354658715674	0.09337064102129236	0.29590367430999065	0.17944441056128657	0.17102691871330727	
0.018837294769580775	0.7297851112502738	0.7451391719162487	0.6124402875375675	0.13264452126447904	
0.10260929416305707	0.6834833328070625	0.282043325941913	0.47407060947228874	0.6322992369189707	
1.1938119318361793	0.6759378949604865	0.21462405952040006	0.49223083976469284	0.5431216777472121	
0.0	0.5729327359264409	0.49316242218399475	0.6639357803780543	0.45839730037319965	
0.7130244067551857	0.5702839675522768	0.6508941041856307	0.6845801081093955	0.15150218207159383	
0.0	0.0	0.0	0.0	0.0	
0.4857712208476966	0.049429176503055554	0.5279006024896843	0.23819141499215354	0.4965564407735033	
0.09720791399182323	0.9123619036862783	1.102989056000431	0.13968206214141607	0.3436638506792036	
0.13756253532453463	3.7399295242626547	0.02348246587144693	0.5289826828134016	0.32454924976343474	
0.0	0.2393014506414607	0.7285828974114942	0.6022486050193239	0.026370633227659004	
0.5123837520380048	0.6581305010356735	0.7549993765106588	0.3229526784545414	1.487585065748401	
1.1858817066639773	0.6986988520003772	0.03238034176696071	0.9211272345354201	0.048445513465471594	
0.0	1.4958913745136735	0.0	0.20733470995485656	0.21211154006206384	
0.09044583768855917	0.04439375908450461	0.3672161782245883	0.3438165119717911	0.22856779527868556	
0.03742693472006668	0.686556831728621	0.3872963979100182	0.6221669221297037	0.04587518663372318	
0.8569233612916454	1.1113127077612133	0.19145347185022688	0.38404776823139647	0.5752084089422214	
0.49240276992326465	1.1047350520903398	0.013069145564728097	0.5262083849387255	0.6670011764658198	
0.0	0.0	0.23302552032200868	0.25958397920906734	1.086133570610933	
0.1813018805670514	0.28078861636018015	0.41226871410559235	0.1486948554222612	0.42204617719053056	
0.18034932454825736	0.2980865914876451	0.4768779284753131	0.48502843436180987	0.47659086942856865	
0.2568470595554215	0.5581182322482202	0.11907749838866326	0.5662324428601602	0.5278365928061215	
0.2698534114057032	0.41664449323078745	0.5487964582045008	0.692606541447112	0.9503361145782389	
0.22398882321805616	0.8303342953079814	0.5779099797824052	1.432831250793786	0.7996321233799849	
0.5848778014582241	0.48899650029214026	0.47237518482989577	0.6081371428824334	0.36894841974952436	
0.39041128371679257	0.4070359170363113	0.19787864894045643	0.276136634451124	0.83388530067062	
0.07891644038473394	0.4436178868191457	0.30910860042464094	0.42314012119467503	1.0761879151905644	
0.3545185683367199	0.933543349267556	0.45290425503359066	0.41577410712957463	0.4023693632470581	
0.4298599490107073	0.3924266551129905	0.314101477348713	0.7802980670224179	0.2737464826357254	
0.022332837842277024	0.6495432339347554	0.7537367280851995	0.5997653937727682	0.33012876304007155	
0.0	0.3077821709559017	0.455835622868614	0.6693551859323793	0.750273873203993	
0.0	0.7752901638268233	0.94315090077912	0.5888361604868021	0.5447255495337453	
0.0	1.2429021969862937	0.0	0.0	0.001657457601489308	
0.15427721404017322	1.0964714177512964	0.47076337035727034	0.0	0.6340960592175917	
0.23933675697963286	0.0	0.043275213094964786	0.44714175105524123	1.1071847834896034	
0.42315469652210846	1.2101210324441967	0.0	0.5112773961010266	0.5256378858716256	
0.3424251663480136	0.12963439715917557	0.49679717925694117	0.1954720128504779	0.46584140247993544	
0.0	0.1925632706510139	0.22622032017672775	0.5577128166296889	0.9430701906933174	
0.0	1.3192515551914599	0.2820505502853676	0.27566214881778417	0.9556956024555908	
0.5908448022031545	0.7073595028912125	0.09730904845387797	0.18383014726701705	0.9469113219910938	
0.22580533945498227	0.926423182436133	0.6421518722902093	0.4808348047682072	0.20228129160804234	
0.09136772861182836	0.14811256944349172	0.44343602888137984	0.4575994849860026	0.07794360631309619	
0.20666644261702746	0.8001030169295299	0.5436977941893854	0.3842733887306495	0.11337120198873446	
8.242639478083263E-5	0.33378290846039976	0.5828006252436025	0.6339046478990017	0.03904395522910532	
0.0	0.8654745240756265	0.0	0.013702751845075587	1.1691617932405831	
0.6704678784783112	1.1312225216433913	0.11692184547224109	0.719488383356049	1.4406559395568694	
0.0	0.0	0.0	0.0	0.0	
1.511224181525663E-5	0.2321082308946	0.22792422910915797	0.22024025157805732	1.7453583384833304	
0.35516801432122685	0.904442221215323	0.6235749839435749	0.14941228311685736	0.44311565165706135	
0.0	1.1796855889588123	0.2714164607579981	0.058747370949253475	0.6247407037776265	
0.0	0.5651519582214173	0.4018206233290643	0.7391261028160107	0.10574874612580921	
0.0	0.2582809521477193	0.0	0.6243834137330083	0.822071557626837	
0.15987729441229862	0.19149916452069515	0.3647537986481163	0.3750472281430475	0.15598832032284823	
2.158247073167523	0.7580226059990572	0.7470415247678663	2.1639355069703208	0.7599075539059692	
0.0	6.934675910328206E-4	0.0751994230751516	0.23303658509700267	2.4584993187795927	
0.5076656073320602	0.0	0.621711957833932	1.1130353398810058	0.07167061043506484	
0.0	0.5425914394744208	0.22994612941393106	0.93593871145175	0.47963427071258485	
0.2986643232599899	0.5633480062157672	0.4796206390503009	1.1258678178664867	0.9963486170279646	
0.3570932091048082	0.3638856332895884	0.5834620197033745	0.34763527214108136	0.49459557776022417	
0.0	0.0	0.3081929666664768	0.2771089540279038	0.5229699542392954	
0.0	0.9737389528915896	0.0	0.43903979121080094	0.38970695041113435	
1.7741694846957072	1.5500581904523616	0.7018235292177981	1.053605096569283	0.4559003787102207	
0.0	0.5940284521324685	0.4623135976658713	1.4452812493366671	0.0	
0.31123840342476566	0.07109871521590072	0.15696049704014112	0.349793479690932	0.4751160863362027	
0.0	0.0	0.0	0.0	0.0	
0.24799502847546728	0.49926185974689746	0.5665690938106447	0.7147607528009478	0.19428591469066853	
0.4304690012373553	1.380810613254291	0.15354073589559966	0.5462547676681283	0.38902946212812833	
0.05618437469352869	0.5670910662283665	0.5156114824481828	0.006694198127515306	0.7647700044438358	
0.057363497176894734	0.014253226514111157	0.5066181161622065	0.9177762798056935	0.5230652988950573	
0.34231440483459596	0.5839180257963195	0.3323859721695249	0.7368410179203323	0.6077104791960475	
0.19582281297242712	0.39740987700226754	0.5181144612639319	0.19970219581725035	0.11893940723450712	
0.058845352976625666	0.4757003650052175	7.010735797363843E-5	1.113131960369578	2.3932221793328847	
1.0185810846085879	0.49978384388118624	0.5733800695785523	0.40842140384931874	0.3393881448154545	
13.017843648378378	12.02470158499579	12.281017239605928	13.273027016431781	10.858827017165266	
0.5151070875685471	0.4310976521983076	0.23932165276550219	0.7766004549939747	0.2011970467957649	
0.25427787361024373	0.4560879978199896	0.15769086772321883	0.0	0.632154195618116	
0.0	0.13189321108399946	0.06530876625336447	0.5435645681970946	1.2594891666772	
0.7094525028530466	0.7189541086855631	0.34184226913716914	0.6709038357635695	0.42448392648451466	
0.08138214494066427	0.00868555082355132	0.009195245103334757	0.411530745741896	0.32482535109749383	
0.29013358874339185	0.3235665891674305	0.0	1.0846687630712912	4.36912131845486	
0.8915109820976537	0.46346119746298564	0.08317206836046248	0.3653620284758524	0.4151513605956954	
0.021617213384036774	0.3517448488949879	1.1313852428748558E-8	0.7712272086743134	0.6198078713960958	
0.3075218950928177	1.634037055453628	1.5192712697176074	0.7669712138668925	1.300676699276752	
0.7650027508077235	0.6060150983694534	0.3300812240790605	0.2525488615761234	0.10652137531532867	
0.182400291912105	0.30083069999952	0.49141386805896653	0.0	0.700499579916913	
0.0	0.07780434366938326	0.6094826696215978	0.0842813525925454	0.0	
0.6079374061486614	0.8423414793104268	0.30720038439949543	0.570703756686478	0.31934712608550625	
0.3746988778534562	0.5433866628993419	0.3145239639645954	0.5127425571277926	0.23059469891626377	
0.07234788877979144	0.058103730363524356	0.0	0.7789128203284932	0.40990766269505513	
1.4236758090366273	0.9724179832729622	1.0141863749318007	0.8672801988305675	1.4102297558159764	
0.576283106340718	0.4570713251930364	0.0	1.2476883541742676	1.2668955081497724	
0.4527498746952513	0.4084939670498903	0.06619866686367558	0.02211541771690453	1.1827246764099046	
0.005167260806288677	0.0	0.0	0.7200995121107732	0.692803818371091	
0.8865988043991514	0.33784330268647317	0.3144408440579063	0.8958175659262578	0.055615801066234864	
0.5761841587755565	0.9184316890696625	0.700463490872546	0.3739600757584494	0.0	
0.38291902641015046	0.12566771284100509	0.2268948181550097	0.5073372901981921	0.476356755250043	
0.0	0.1626879422953372	0.3074392625675521	0.4150290038626328	0.12125115307956023	
0.4306885284074934	0.07156767737490392	0.5213761545775024	0.009298784667475255	0.030929980099758957	
0.6116701622309081	0.32013947620362004	0.5980450900387099	0.01866767081969032	0.5310515316269353	
0.0	0.07039952712679182	0.0	0.7556795793419636	1.4574984514743932	
0.49857916277571246	0.0	0.7154772596123664	0.4625839909301416	0.21910478860008745	
0.5815176994915875	0.3950353712120105	0.0	0.8207639726892921	1.217199441396179	
0.0	0.03630531966312149	0.3887622455466832	0.506050280028848	0.350833947334202	
0.0	0.0	0.0	0.0	0.0	
0.8250590035592833	2.0443235169015535	0.7010360391982307	3.6328427150749936	0.0	
0.13432303037876084	1.2483886810825389	2.3168900978121116	0.31196566300731504	0.6796476127140755	
0.3710464719838099	0.36639702640095784	0.4586135218085785	0.39134976031710955	0.41594034318416107	
0.011534282071753759	0.21312436590271963	0.650366999079374	0.1468368812298165	0.5028551105724883	
0.36349809940806205	0.0636829037917983	0.4947371412424405	1.940620571310296	0.0	
0.0	0.2967776236350496	1.7919259386360696E-7	0.3034855920296579	1.4008767724252134	
0.2125385748580492	0.3503363378008991	0.559445882063925	0.40717673248601505	0.27715474791343675	
0.0	0.0	0.0	0.0	0.0	
0.6273853766746352	2.2006297092274028	0.2653001853461071	1.0981170102262305	0.014679755609293951	
0.582524983184106	1.4368619299184175	0.0	0.7076887059719023	0.9237718962686579	
0.1112171881120399	0.04001502320731181	0.8002181809906417	0.6228663687507162	0.1861683017170633	
0.18248132876520462	0.5614192903757118	0.2192633781857146	0.5281581292873914	0.2074549812850105	
0.3572327277724313	0.30992857025524984	0.5823393443399558	0.4692296534127834	1.4898648477532626	
0.2263471406118495	1.3765267335651912	0.0	0.21913932173224088	0.048188822046805274	
0.19687930882877727	0.5088856762283931	0.157182031079566	0.48761575339678137	0.18220996909884918	
0.2264622934305028	0.32744646940506966	0.47477306039338557	0.2904144114608974	1.5889219419808236	
0.0	0.6583873916899844	0.0	0.8729633315683509	0.9198143168412731	
0.9065681536532691	0.0	0.4664156461893341	1.4341434885691429	0.4060794902624655	
0.0	0.22961258882379657	0.0	0.5683312052082172	0.47318917796050036	
0.699132136475952	0.0	0.0	0.3038946039234837	0.0	
0.07531573943411408	0.20511440021983174	0.009730459501329237	0.13739839556804434	0.15507842657329396	
0.0	0.383789584318319	0.0	0.44928520865642557	0.14765030251428612	
0.0	0.10147235898861595	0.21587427669332954	0.573234304976422	0.7226997351191331	
0.16971038119266896	0.4293936705282646	0.5641985735658787	0.0	0.2381123498973565	
0.458503442313405	0.31531660349416935	0.5841981793657351	0.9256222735184907	0.6782141714109704	
0.32428651779905104	0.40388737105643296	0.444727763603177	0.2326167505619078	0.4668202743514313	
0.7651540840855798	0.6806702829924267	0.3777742902397818	0.9834702608855199	1.430434048851657	
0.16456360726054067	0.7062075373651662	0.4452533149922487	0.13184558885657616	0.2546217740096593	
0.0	0.41905846678984626	0.43816297467382775	0.22125890229890374	0.28390557421468254	
0.0	0.0	0.0	0.0	0.0	
0.0	0.9265950619195732	0.3312777848435794	0.26377405069630633	0.1950116102505818	
0.0	0.3962618069924404	0.9676868760651792	0.7303730822863476	0.46226914728788876	
0.0	0.8404541677013405	0.5557739938244654	0.04651883216680015	1.4207211003930538	
0.5405846440987206	0.12935038535694957	0.2888309580582379	0.5043645704349468	0.5231486763103897	
0.0	0.9423612684776644	0.31950655661065164	0.5200042410980019	0.0	
0.14126708844675062	0.5026289572098736	0.1366932808862121	0.5618721820745488	0.12236355872110435	
0.28271508438984166	0.7791380649726782	0.5939691140951239	0.501444479437596	1.1094443497527045	
0.0	0.21082126969814355	0.02591660114851249	0.0	1.5261425013909362	
0.9839933437793559	0.4372348977170675	0.09184822741596294	0.8453711559218605	0.46972450131280163	
9.750976072361784	9.40077794512486	9.04545055042394	10.182901532681125	7.8531845538415395	
0.1911946709984618	0.38492768953621936	0.2507857092068479	1.2089904624976315	0.08653985994855933	
0.1589563684992089	0.5141841645981768	0.0	0.4296184720630137	0.3189945703438712	
0.7506385135378325	0.9693462868554941	0.6854394288393085	0.5116213120012592	0.7440327051186966	
0.2960237501375859	0.5047206628671437	0.34969837154876793	0.0670151933693243	0.6267052809990808	
0.050684500485390485	0.3776281077840339	0.5437054170143398	0.6897753022219365	1.139187972872611	
0.9768990488872316	0.30805225602188824	0.679397730145721	1.1132118540158	0.4326964690921452	
0.0	0.48099496344756565	0.7382516173480946	0.37630260634438145	0.9035320275880337	
0.30523086023567436	0.12840025255012327	0.24204607215173993	0.5838932408387507	0.7322244779656999	
0.5495369980467961	0.7534115735419201	0.0	0.0	1.3214178119584723	
2.308256708652573E-6	0.44168136981079636	0.4192304797343584	0.39709143168985916	1.3102869067424308	
0.0	0.0	0.0	0.0	0.0	
0.1339416347764873	0.9076601333700184	0.15304975966699166	0.6760078857462348	0.9338724136359663	
0.5343061558928548	0.005992707327488911	0.06818953358037065	0.542634527002929	0.2821341665876682	
0.27435315630243284	0.5413907316172152	0.7545418122157402	0.0	0.4899037114944273	
0.269348859721947	0.4432051388715531	0.23502601215457156	0.48225191442883714	0.048014652332455623	
0.0	0.8567204805921482	0.7730893937948697	0.06913364099125462	0.457391757116066	
0.4175332182188021	0.6193278569487245	0.27709991598398126	0.0	0.0	
0.41689743529239387	0.3362427807023163	0.2652258627866666	0.6729231434138155	0.653751737134356	
0.0	0.15540377124145985	0.28696594622532867	0.23880100569797164	0.9024413238629173	
0.0	0.5772222198244831	0.4508123322343159	0.9490566234635252	0.7489823225068367	
0.713160483788085	0.0	0.15885334587364486	0.5707595038940956	0.010691709325397269	
0.7439116328974492	0.002544339426470753	0.0018762108072631239	0.37207924387295727	0.8056731259750664	
0.003905569185474985	0.39503666461387155	0.41967845304735446	0.01805778597605644	0.35370438813438165	
0.4290867206806888	2.0078337926059358	0.20626444521937842	0.01581484641447489	1.072509511812567	
0.8962167367523437	2.3876486704188857	0.2915887811679816	1.3089691522700306	0.7992982949584592	
0.0	0.0	0.0	0.0	0.0	
0.2546287313911898	0.6194454515492936	0.4647680896912008	0.43259089189120603	0.43928829950663345	
0.22778597210381732	0.39768210705621077	0.4592322845947268	0.7519132483909696	0.5656138495206683	
0.0	0.6163760157348329	0.0	0.8835560951239323	0.46339037906506525	
0.0	0.0	1.0780126811552255	0.5320711941899869	0.6092360401927401	
0.22690884690474858	0.0823265365314467	0.24640414847895145	0.3283213158181386	0.47134365343041806	
0.4793256109680722	0.45048305357227264	0.27637469320805447	0.37871273687204304	0.8360882869166743	
0.30508116968036886	0.0	0.0	0.0	3.828702157443199	
0.10375229053199045	0.004330381158528098	0.50063528429912	0.4798150833854264	0.22522361285240874	
0.9196803169027145	0.26907649323205873	0.2542515521870904	0.4311300250907397	0.31738616096843103	
0.16069312225023952	0.22680692086027218	0.09575601412597501	0.46094658966312907	0.17399250595548246	
0.3057281763908846	1.0593027184772934	0.16439223499044653	0.739487965956486	0.3740834248335588	
0.0	0.0	0.0	0.0	0.0	
0.0	0.46295678605478935	0.14838761367625816	0.2823218379855477	1.7714277882449276	
0.14950273667049824	0.29585412108749487	0.5529501795505891	0.25151187284555143	0.3439517045241065	
0.0	0.0	0.0	0.0	0.0	
0.004578222826997247	0.531574239907135	0.3755804134176676	0.3175619518254609	1.4767635976336742	
0.0	0.035458343507654304	0.053201865343309555	0.2864611674416804	1.072708133991767	
0.0	0.34339215570197346	0.5523344074998019	1.128132764721375	0.5436116148766963	
0.34643085579256866	4.727553003546605	0.0	0.5320419333464309	0.07980398063392584	
0.13063418011082026	0.06615496534056758	0.5499919032232764	0.4315295263121542	0.06973290414800347	
