0.0	0.02571175277758272	0.0	0.2935307553954813	0.2447942657672669	
0.0	0.0	0.0890208417655471	0.37220673127390846	0.2194346424701199	
0.060795794421024216	0.015567514608633126	0.016882590615415916	0.3525607408345853	0.13059379882175776	
0.0	0.11940637461099163	0.0	0.0	0.14212961107268635	
0.0	0.0	0.0	0.0	0.0	
0.0	0.0905703880694107	0.030959506651575736	0.4399699154341005	0.06847443083380546	
0.0	0.0	0.0	0.0	0.0	
0.0	0.0	0.6349614237965054	0.0	0.0	
0.11148558487464934	0.0	0.0	0.10238634363065911	0.1623927419089829	
0.0	0.0	0.09187636629833316	0.5001350036214037	0.1502113704023757	
0.0	0.5250432826638441	0.0	0.3057737611890333	0.05831934393276873	
0.08673690615711559	0.09641547681463439	0.295881934765966	0.05509529035851625	0.0	
0.0	0.20413752030818458	0.2715720881063666	0.49011899435798095	0.06252547186308373	
0.0	0.0	0.0	0.8061447382851312	0.12638766561071962	
0.09718647095176629	0.2688846039674698	0.0	0.04167992549337201	0.06210346431435739	
0.0	0.09092126141363395	0.024540381310929317	0.06303266812559712	0.5253887563018643	
0.42737052981599966	0.0	0.10371524237107867	0.445174204852595	0.05152735850267405	
0.2581707305589016	0.4696576768342161	0.39249622172020215	0.4202460706574741	0.22360940702763948	
0.01563268952140344	0.09413146436933686	0.005821611498012167	0.03852173602923985	0.3224303777767979	
0.0	0.29605806802564644	0.0	0.38431579859724646	0.09181850505324007	
0.0	0.04690025406266858	0.0366121106893908	0.7523790637928456	0.04028036910391743	
0.03434790212599005	0.05390927640783347	1.351398268945564E-4	0.3089100704448883	0.21236306675735683	
0.10710545228306187	0.0	0.12343245403668422	0.0	0.03584653491990574	
0.0	0.11679823848766943	0.0	0.14995066041213329	0.07801180717546399	
0.38188550404436417	0.13187650514323424	0.03406891564200383	0.0	0.34925903605915437	
0.0	0.0	0.0	0.6041120338030628	0.04506933766309725	
0.00548846710596575	0.29347091854278334	0.0	0.0	0.0	
0.0	0.41538300585665033	0.37167507213669687	0.32421684036902254	0.0	
0.0	0.19337889163310626	0.20462608069767027	0.05399083141256617	0.04156117914336405	
0.35498346811382275	0.06956758117506505	0.13695815530040523	1.2430225550571124E-6	0.09764471391892823	
0.07766376247931964	0.0	0.0	0.10371542378103263	0.0	
0.0	0.25173874924636813	0.0	0.33902352509657635	0.0	
0.0	0.0155063892501134	0.1033015329325984	0.8669468041689691	0.1952027979003449	
0.0	0.09104645617535805	0.12324033777809523	0.22843407392371504	0.10156946454534543	
0.538828034873607	0.009128684647802759	0.0	0.28362677857783747	0.0	
0.18981589686634687	0.23605987805718198	0.22669287540749525	0.42400794785864143	0.2362587051362934	
0.0	0.25262264498207465	0.3401162401092882	0.05676160916792428	0.03574458242010627	
0.0	0.019134105841195806	9.249012917334872E-5	0.1418525958069939	0.18644342882535456	
0.2543318183466782	0.03657743596487652	0.28213745059694323	0.19469813467328617	0.2655931972695426	
0.08298723363508718	0.02296190785733161	0.2888662824477205	0.006312998601914499	0.11237273225197107	
0.2517917207596933	0.12324873559386096	0.09791604825361742	0.14314778121679791	0.12726427688584577	
0.0	0.32736474897895995	0.2769843346280131	0.15671807087001333	0.1527290516283795	
0.0	0.0	0.6633476670180064	0.12954866625691927	0.18191266589567145	
0.06123333064099081	0.05453146536540342	0.2177109928958479	0.34412962837812855	0.412676060453888	
0.2319917755748763	0.0842864374937089	0.038527154395338076	0.2219607333445836	0.11278322566796446	
0.23040438804737978	0.23773583342614735	0.0934818970268656	0.06549062830465212	0.016581411852885163	
0.03402121794265863	0.09191429054898997	0.09151894395320512	0.21174839953660113	0.22148697351531066	
0.17825145417810406	0.28635788626955655	0.003292385192182514	0.016858378907523532	0.3475758024148677	
0.0	0.10532490942325817	0.2852538859432053	0.08561847047924781	0.09482889475290907	
0.0	0.03123708985115108	0.03337183198793235	0.43074374641992874	0.19585634826709983	
0.0	0.39470299432681827	0.12523128352304455	0.011270307099584312	0.0	
0.0	0.06705031912504687	0.26885753552298064	0.1424878561021919	0.08366909205260137	
0.10045789664131936	0.5728914504624864	0.4584522206017056	0.0	1.7530543311066198E-4	
0.0	0.0	0.3382651557508077	0.14446690026804454	1.2074662133533083E-5	
0.13947471034366107	0.05964364129096539	0.0	0.0	0.10766049122182836	
0.0	0.1791533785406487	0.3068112595872427	0.006175286488889559	0.0	
0.0	0.0	0.0	0.0	0.0	
0.11257165978122856	0.0	0.0	0.21593196285273208	0.056957723562048944	
0.22844707499422423	0.03252952746731655	0.0325765635527459	0.25469070229394625	0.23732042391284514	
0.0	0.17847213446238663	0.24152525232772054	0.09005346424099396	0.0	
0.13631258386867565	0.2114687963549638	0.07097704214513438	0.14854422051573243	0.0	
0.05611210114101766	0.0	0.2560548303550726	0.1452588639389905	0.19301865580966862	
0.16828137903807316	0.07619604830781565	0.49416188955766116	0.4508387531684241	0.0	
0.17246196195990507	0.005281098192860361	0.12291252829384854	0.11165750001594311	0.0367334408686746	
0.35944810876381467	0.0	0.0	0.2754037984071594	0.0019701578484463108	
0.0	0.0	0.1508273743701799	0.21926051541310765	0.08104900220627018	
0.39081310380181933	0.38284682030359835	0.022082698588291535	0.15380702829677356	0.052008392188784607	
0.0	0.3451360924320277	0.24084367348799107	0.1537353238988007	0.0	
0.23850585249334938	0.0077479352916805	0.35076889550968177	0.12565495645822716	0.0731085830923856	
0.29001006064818174	0.38293347910234954	0.21187565525929378	0.2153002050573369	0.04672701595542544	
0.4645541885488763	0.0050852799589664885	0.2273722125945555	0.7866653284926973	0.10806087122201469	
0.12937262238354946	0.16570839414352373	0.04069056280609685	0.3631918114829618	0.015891771274513376	
0.08832468733901169	0.0019485373075256648	0.0	0.0	0.0	
0.2745730077026422	0.0	0.0	0.0	0.0	
0.0	0.15348152650636745	0.01571737103993939	0.1823768913078692	0.01497625791350135	
0.13079233309228935	0.06583363987976786	0.048712781375457974	0.2037316599332858	0.22077729871481647	
0.0	0.19243789459185962	0.20862137034621342	0.12173473244796004	0.3140413983853913	
0.0	0.10522136939332305	0.5785714453077256	0.2936760151055767	0.17714765136923905	
0.0	0.09767937381918239	0.0	0.0	0.035603441354822706	
0.18736333485436182	0.03976362055681137	0.0	0.02998497499924953	0.11859500524075418	
0.35832419975645585	0.4952524236670562	0.13811352624985632	0.061490204830320506	0.18251923818408053	
0.06681217805957405	0.04800036826550616	4.843608332747369E-4	0.19895788947064144	0.0020864356726985936	
0.20872079924768572	0.3202699094236604	0.3445954784633007	0.034497884980705926	0.32504843632318875	
0.050831213681748894	0.11903026306301505	0.09764196517685116	0.1988800016700376	0.15803109121393036	
0.0	0.1953163434535731	0.0038734852914669416	0.33651960854200597	0.016411008655874186	
0.14422512369782958	1.125404285649207	0.19137633113999158	0.0	0.21428157110936907	
0.0	0.5194160092743785	0.14028644296178316	0.6520287212496979	0.1516632391018145	
0.1746106962990725	0.2472533395808583	0.08819571027533181	0.08161357314035858	0.19325423472003975	
0.10064724579394176	0.015591086088985379	0.10924576400023549	0.13898583809753415	0.07802597832112863	
0.11359812697308012	0.4491455163510495	0.2936433331372166	0.12197890080259305	0.34034586848769227	
0.30836265435737753	0.0	0.021041176924108597	0.1681172922213742	0.13824741381442437	
0.09502203164027977	0.4111118783447312	0.038051206773997516	0.2855437263548366	0.0	
0.007794577808284333	0.14610927560611048	0.19225352718308952	0.3429827056610957	0.030331822486902346	
0.0	0.17494132896814238	0.10933958641194	0.13604319701512074	0.07630365712698335	
0.0	0.271302142593259	0.15379879854643988	0.1439542966526419	0.14343127195974226	
0.2853108821532109	0.04284132667325998	0.24736550645563693	0.23045606739565952	0.2443343633530782	
0.26936044981431273	0.35377365571828184	0.12590096169350895	0.0	0.0	
0.10653844641551224	0.22936529315067222	0.15455982053099243	0.0	0.0	
0.07067000340095095	0.042096016489739214	0.32179382088294195	0.3014900854302202	0.09407279202149396	
0.31779382280207724	0.02984342817933718	0.5733307168701169	0.1330914866778431	0.008560124212202577	
0.3746356334968018	0.22944589904153417	0.11612317805479032	0.37370386479261913	0.002857350041120987	
0.09417346110884364	0.00680926169855156	0.0	0.2412444720399307	0.2932955553149704	
0.2993179628879616	0.11944546704492888	0.426518365977756	0.18961325893301229	0.37344791669411687	
0.06252284906937615	0.3459627164743018	0.0	0.2250468223831368	0.0	
0.0	0.0	0.0	0.0	0.0	
0.2995168182036373	0.1890415526610164	0.21296985502505886	0.03829951120774537	0.0	
3.098066312464342E-4	0.0	0.24245182123160183	0.15960808983418823	0.022556809227070977	
0.0	0.06151164767962034	0.0	0.8622904203169579	0.0	
0.29601945807094204	0.035047208531680106	0.2800472865133195	0.03326475004256352	0.27742998733375884	
0.5262217445001925	0.0	0.47876680156983953	0.36679080458182545	0.0995741139052308	
0.11186525898782046	0.18256494772992396	0.14562623798866337	0.06268928820256733	0.12103466956149142	
0.1367555838248861	0.2232654071257933	0.05993714956156205	0.15226167043966343	0.2717942109453935	
0.40370124768417803	0.12822609692043058	0.41270886220175745	0.2988845580576534	0.11382270288568576	
0.20452642666708634	0.0	0.3821506490972288	0.1819779928572188	0.2712111562822364	
0.0	0.0	0.1601259456634475	0.38309303862180194	0.3529116767073861	
0.20555449911583604	0.19803495568615484	0.4705286665146778	0.18849170120587186	0.5492383891588121	
0.46973759827664024	0.10217190245667562	0.32284897491505204	0.4105981083476453	0.36839271691229103	
0.4788155575892119	0.0	0.0	0.010234946897832855	0.07009150684811792	
0.2389446001324909	0.06837790811242467	0.1612379757136998	0.0	0.0	
0.0	0.08382029743504388	0.0	0.052770816683107735	0.015976401114560307	
0.011529125775174448	0.0	0.0	0.6136004276175603	0.004791257959028196	
0.0	0.0	0.0	0.28794460680837475	0.0	
0.23698901039428236	0.007672644670935419	0.3166441546795636	0.2582120680893477	0.3446324866158562	
0.11330200656082316	0.10057843026151474	0.04302249660567834	0.34369653894341207	0.04324543714840492	
0.28551583415958315	0.5089172203901253	0.48285737994151545	0.0	0.020329630475066376	
0.620751323396767	0.5083924050708014	0.0	0.28175497340248795	0.0	
0.03780788307532425	0.6132825569096999	0.27338621653646794	0.10778593815257216	0.11261730198046534	
0.0	0.0	0.5212008631894339	0.18504897346024263	0.2565535716568734	
0.2945168626028013	0.4140508043077863	0.06730037687949955	0.6816530271976836	0.05865294708049692	
0.23208811051869574	0.00983120745034557	0.015279260075040182	0.045593598665291585	0.10493031786148528	
0.02679542589437071	0.0589225168807441	0.2618513823994299	0.0	0.1818790880354651	
0.43026190343403714	0.4289605268964924	0.10913737914638424	0.1967426107482439	0.1623580724832317	
0.3180482199730331	0.37678179574452747	0.19202238472799843	0.12319339016052139	0.18566840629892012	
0.0981560446104579	0.0	0.1301960179480141	0.0	0.08040370191834231	
0.15777012003139126	0.1351955092865328	0.25112261743849174	0.29647897062690415	0.23937177821242178	
1.6981685382169622E-4	0.027714550003655837	4.7252384125299953E-4	5.650436703188275E-4	0.0514171380280022	
0.16823231626984939	0.0	0.2834585911774138	0.0027937317428145185	0.12234368482260707	
0.3057011588394947	0.12589334708741032	0.4680992952608368	0.14871600678555869	0.8071341878922229	
0.21356569599476383	0.1946048897416142	0.06774232705214327	0.14261341710096373	0.2652735338240435	
0.18760879143120324	0.29108271067756053	0.13346652965686184	0.008145415236804936	0.14881945931494603	
0.35019131685341787	0.0948015866872435	0.4802135074235915	0.3006242517543245	0.3189054519709956	
0.2714391076931613	0.15188289835816163	0.08679763966817204	0.3501622720015946	0.0	
0.039954067920861515	0.0	0.0	0.3466628699144823	0.34189762157685316	
0.11664394289100055	0.3813126840149305	0.45724003127705026	0.4916225241574374	0.23321714654750744	
0.23204392472492202	0.1625544475901069	0.40737434794623656	0.4268937332872029	0.5377141974802211	
0.039318160715961774	0.15686199081072388	0.05115157618759169	0.21543168574870877	0.19322381057585827	
0.27936971699532887	0.0	0.1254992415874033	0.010102038960607913	0.0465858816463913	
0.23432444814301512	0.27064199528152943	0.06593345617280706	0.12177690591592866	0.0	
0.39843458409399074	0.0	0.2611040597687269	0.1860199394545215	0.10076984588829475	
0.1531534069603159	0.029848578885001396	0.0	0.15465481282178034	0.22375224109836592	
0.3636665963672006	0.5182274341446929	0.32489411171524657	0.2894281187230376	0.0696589341051532	
0.19034865354196973	0.0968533655717874	0.015017581098709298	0.3038132779844719	0.0	
0.05998091078315607	0.37011772483106414	0.0	0.0	0.36937999664977633	
0.0	0.3886087030330333	0.02222094867325284	0.15085096232994583	0.1745452619695621	
0.18790545053091232	0.01954332998416014	0.08803710972829987	0.008374277120067879	0.08286672403662151	
0.1907237702914928	0.225690456782598	0.35041101182416207	0.269086318522271	0.410990700335326	
0.2929238063816902	0.0353492906839198	0.013338101404049035	0.07306152950730868	0.13474887222687432	
0.11726288275638598	0.31128927212499946	0.24824285590223705	0.04159488079249887	0.4375250596374666	
0.05488313836064924	0.04391106456759539	0.03158303055648025	0.24512877957436174	0.1465502341834242	
0.40640576925513383	0.1518296240132	0.03915949046694567	0.2687373369286633	0.02168905543522712	
0.3351628109432673	0.12990631983011613	0.15421084110368025	0.0	0.32134033106248167	
0.0	0.17055087449741307	0.0	0.0	0.0	
0.0863511950348825	0.2849448382778774	0.02931233531007019	0.5372373474406728	0.5330735342889068	
0.0	0.17785037985141508	0.19493652911624285	0.1630215337373992	0.07794241659553686	
0.0	0.006646495153949385	0.0	0.0	0.0	
0.0765390246256129	0.18427486459536868	0.3647085353510395	0.09138828703835025	0.265481442691686	
0.04843477458874464	0.001122149423027818	0.27869520148525506	0.0511833497097778	0.0	
0.033234953744005265	0.17949915142250022	0.1585727727291994	0.04867894145416827	0.06600753779937822	
0.15713441122700889	0.10966349682339618	0.04660925663688649	0.2513971237411545	0.007734338696523247	
0.10927451036559714	0.03354156355197581	0.26390798256751186	0.034616618101590474	0.26445690469561184	
0.1226984399225066	0.2164968339854151	0.19334836130098879	0.27069395973120247	0.2486804615983858	
0.014383311576311914	0.1329968976092243	0.5137814604606374	0.22652217155359522	0.13775475871458506	
0.18042206803491304	0.1224714172420732	0.0	0.5436657159912677	0.0	
0.16400291666850417	0.17836748787261408	0.23498190107598863	0.003010459509043913	0.1239555753391835	
0.31967516913784344	0.0	0.0010581097138913974	0.0	0.009869968522934074	
0.0	0.1747011631837022	0.23691807718199187	0.05229248405657048	0.1710407315001208	
0.17402486418016644	0.12633076534344573	0.12482007266798932	0.23428910333852254	0.05320872598463054	
0.34552089587782575	0.42600189010777895	0.23666526963354062	0.23254684135551684	0.14687579901182432	
0.15750316390503444	0.028001974418147543	0.13055494419898309	0.073448245357988	0.2799274130060453	
0.21871788716059726	0.018812834707465417	0.09161470926681452	0.0	0.0	
0.01935766275188544	0.22236048980021053	0.22136358159997646	0.005658424333546941	0.20354737875308093	
0.1898308093021266	0.03113093398125806	0.03178771744522334	0.017992151971083493	0.031281831136178516	
0.0	0.09422440771555932	0.14301567460058615	0.10172009770036453	0.0	
0.0	0.0	0.5159768374350973	0.0	0.16245384417697695	
0.2154072786041416	0.35657559829680857	0.1685776839392562	0.13708123053498336	0.46865944528832915	
0.0	0.0	0.19060666695508083	0.0	0.0	
0.43219059533976995	0.22764887382735888	0.17303243510939845	0.38762090255632514	0.0	
0.1120937440339895	0.018837819335444574	0.13951832044099877	0.02600803259128717	0.09856663786123064	
0.0	0.012242849052207048	0.2246991206064647	0.07506673254411816	0.059078832728046315	
0.0	0.0	0.0	0.41013531585961216	0.0	
0.007851987459823663	0.16439753747043243	0.08867604950291148	0.03679070425750982	0.03646417509137112	
0.0	0.0	0.2776346725452366	0.06260185220702709	0.0	
0.2641941594517313	0.1552248633168401	0.24293256551237508	0.2278413486246441	0.227206010693518	
0.0	0.3341299742271549	0.0	0.004746192717275889	0.21495295300345182	
0.01743205555953588	0.13936853877004177	0.1857824773937224	0.23541258077575472	0.11490145826281543	
0.0	0.0	0.0	0.0	0.0	
0.0	0.0	0.0	0.0	0.17519208298682326	
0.0	0.2139996527567454	0.25624707404194397	0.21066831961426546	0.05466242386995608	
0.5965982653889522	0.0	0.007817018498425247	0.39361194060039434	0.0	
0.20815756907486474	0.1649754510206481	0.2316433162303793	0.0	0.0	
0.0062935257552574385	0.11426339686327731	0.0	0.2093676137965624	0.0	
0.004046702146288524	0.13447785284689157	6.353276733917565E-4	0.27197541876494064	0.2554998093546239	
0.024961075334271644	0.020945861733437755	0.018831354088673518	0.30531542327668576	0.030899268542542317	
0.2773595893178148	0.8343093760106384	0.43254620011977674	0.42333833493556416	0.39265832289612695	
0.05593124454019943	0.09301931983818512	0.029916086140156305	0.09208321893264777	0.24657817971426765	
0.0	0.13809699825987884	0.17584736823133315	0.18768366843793424	6.928525467272423E-4	
0.024579040622476456	0.14903560577652775	0.18253806713900148	0.0	0.0	
0.35922776224277414	0.0535890246190812	0.045395882479450395	0.19699022674200858	0.022331792954915188	
0.2862445149483171	0.2569500603247127	0.1693594528046256	0.17158998939577683	0.13428401472228846	
0.0	0.15101098509386668	0.12071517114289802	0.006206548197166557	0.09098150287996543	
0.08614296622541	0.1335445429574719	0.27542695286024016	0.12053594214742552	0.24995011536493386	
0.165052281261315	0.10612254054306958	0.09465753618979572	0.17117294916304748	0.12213856021501365	
0.23977779482360095	0.29302828670983866	0.3528593746636269	0.09872777609756701	0.0	
0.16678258292566184	0.060651091195494444	0.24565297609171433	0.21699764111471592	0.004005943668960646	
0.31754588615421286	0.1651761168422024	0.0	0.2470911723310645	0.15885380558598391	
0.4243970707561681	0.002260302206980952	1.9236749109175595E-4	0.0	0.19577704472404645	
0.2997620960525572	0.16477891536081438	0.24497611420863027	0.0879906622549655	0.19451679332072505	
0.25025570518362655	0.06431454395685751	0.10343830203567689	0.08955788168884375	0.07289910100436787	
0.46897330461122494	0.547194334920361	0.1791966669483408	0.5698918790415697	0.16531076091429125	
0.26856107653369005	0.19787702708757282	0.36376924353828854	0.0	0.04514516839546246	
0.1791573851999913	0.11829242167308611	0.24831313627586787	0.3200023473835712	0.09261339353659774	
0.022880945625712114	0.0	0.3175764866650325	0.367582228392924	0.16302414773405632	
0.16450671958905513	0.0	0.0	0.40238886571553856	0.09988084458755085	
0.20074459620199542	0.0	0.0	0.19245661444501982	0.0	
0.14999006650213514	0.29180693014549863	0.2348999131921996	0.1264648232283069	0.4042270999559677	
0.10653178740808678	0.21680924008640973	0.2669303823226209	0.18320902496453131	0.25914762429139643	
0.14442801326222332	0.16665619453696756	0.35806244580550245	0.08594060093374586	0.1593152544722031	
0.33386726254783633	0.0	0.0	0.08932874366879585	0.20837011258414048	
0.05955161599486049	0.23359667751513358	0.1356257951600407	0.5889871855993122	0.11359664454698952	
0.26847966397526535	0.40764845067596933	0.28083237203041894	0.06734676915126854	0.21233364020421971	
0.0	0.0	0.0278619417247377	0.07857264452702832	0.41284202643888185	
0.1888612499940608	0.0	0.0	0.02824957557936416	0.0	
0.033346068571892824	0.1878318640643714	0.1775034179700364	0.0	0.08560947683632683	
0.03568229194372578	0.0	0.0	0.016075681402277248	0.15070930695348939	
0.1899712616614571	0.25061222694556484	0.27372449391108267	0.2804306270030787	0.2770510092238143	
0.1670602295149398	0.1084099873173741	0.2662961086063271	0.2871057852145656	0.23748923124475918	
0.18872322274674366	0.0071100700144582875	0.0	0.19665459304544905	0.09812185925666937	
0.22520410089470833	0.07492009835165993	0.16826291844838567	0.07978390509160857	0.09029744963077593	
0.36717393214923766	0.06862220558403886	0.34664185912740875	0.11356990216208616	0.154784206274115	
0.0	0.0471237797089273	0.35749550797200763	0.1967836543882261	0.09891500679839363	
0.18919641211497737	0.007983655272951551	0.1578389253590216	0.1591548259226352	0.2089018326304451	
0.1408426705524855	0.3402590556366197	0.41885071200476726	0.008404972731564484	0.21997369048729584	
0.1438550858429293	0.16832046607235984	0.14348981875776518	0.20976967396402854	0.22954072942194675	
0.061736135508559775	0.19234290338602306	0.12937023726509686	0.15093170711282022	0.24306169064843303	
0.23222195211918137	0.2727115085255756	0.12243494004195142	0.693103419741309	0.41153406642030443	
0.2852388026980466	0.0	0.31862871375508195	0.3746499805677421	8.14230812467547E-5	
0.17406652086870075	0.21980729814591612	0.17710670772082812	0.09604035288158373	0.22189564769288722	
0.09057351723703402	0.04490882655114281	0.1477348323449045	0.20225429715013446	0.04709252268198939	
0.03717766619832721	0.27868275056543257	0.19099579627308094	0.2774045608717929	0.18690879994940734	
0.03631931732656244	0.02588182020384181	0.0	0.03157051058561827	0.19707838776550407	
0.02660740731163722	0.03630379005590367	0.04507535898989738	0.20117727086398907	0.21857881315658143	
0.07142028185935502	0.0870579435506021	0.06693964696791956	0.10386594304961183	0.0	
0.025424410046184454	0.10829398593905692	0.2746578013479547	0.22565718200039064	0.09345498374642332	
0.11540330718678347	0.20376420459438513	0.23540099876723666	0.15692980715441215	0.537759951102053	
0.22449078296450473	0.2319119351917565	0.16406449260301495	0.07513788626009843	0.15609168536218382	
0.33048318499661655	0.6013431615345645	0.007262555480275368	0.02850834040153146	0.18924238599181728	
0.0	0.1898569273771792	0.09379410929882995	0.0	0.22329686444338132	
0.0014683481520794026	0.14659138079943493	0.0	0.0	0.0081404542082706	
0.10454795451924395	0.29536744883396043	0.27494802043803146	0.14817303075665153	0.13263301486232032	
0.019393432486462893	0.28072408525835824	0.02668206403248768	0.1617827209191831	0.08463603363061968	
0.08994378163075956	0.0	0.246234864260089	0.22904774276348783	0.0	
0.09711486103437039	0.0	0.1985774431025522	0.18671307335842335	0.04291653688451963	
0.0	0.0	0.025450654089003655	0.15417244167768934	0.0	
0.06418397397192702	0.03747724633124117	0.08278231311277111	0.03257417951608177	0.05626595416864348	
0.09638257142168678	0.30273434466308946	0.31268666855718547	0.0	0.14514380804205312	
0.11318362854960322	0.2654946596813653	0.11280731970516207	0.19032504938168815	0.029648724069043213	
0.11568298871116629	0.20201657446417998	0.312378276030622	0.18370197992589646	0.1604465359693821	
0.08795167548460196	0.07703049446649887	0.2828400965162982	0.24159775198045486	0.13150291282784796	
0.05288908618005892	0.20252005434857298	0.041525521491275565	0.1861188964462296	0.14157746157399675	
0.09870593352763633	0.21866392247177027	0.17190555745302477	0.18597438324003165	0.09794560919817359	
0.19521047784858842	0.08017075660471416	0.25953429749761037	0.6735268851107908	0.3653348712396457	
0.06692030214254927	0.13300117845393383	0.0	0.09382860613981965	0.01871229314100907	
0.14418685737371428	0.2574057726177988	0.19376095898628082	0.0923804694992958	0.32758551450059015	
0.17742255356851985	0.1049448331683929	0.14112857157506523	0.03351856635779816	0.020229091724401797	
0.0	0.21131951162985127	0.3174950106873117	0.30025018972969697	0.14122304193014054	
0.06623914650107739	0.20155675580873092	0.18835651752912666	0.11337028376904455	0.03334048759544044	
0.30218295124034833	0.0043859232060151415	0.31680437340182166	0.16768173891462654	0.0	
0.029393832638828478	0.06085360950600542	0.22112827810744254	0.1454125350653175	0.08737279438387657	
0.21042870500917385	0.030543413757509026	0.0772654960512401	0.04256345283189182	0.06565966024503085	
0.07034349235210813	0.3857771807759707	0.34804210599873664	0.5744856310199308	0.4861216665662858	
0.3011263858210956	0.1214234780580168	0.5434245778846977	0.00555004011604657	0.0	
0.1886804623818664	0.0922723794368258	0.3166318486982214	0.18498099355396042	0.3108854197757288	
0.2630831379856744	0.1837344128201749	0.064084581980217	0.2406392552676126	0.18607876925443959	
0.12925521692549036	0.22833869027040796	0.18789104892376804	0.22335246398074443	0.2122308476590282	
0.10767466149617122	0.17793255743792605	0.1659110024471062	0.2804472250818252	0.2715582779190681	
0.1974191777127093	0.06666625428654689	0.0	0.0	0.015425811439490941	
0.15127134788407023	0.35782555982891	0.18436544296706028	0.29452166045702644	0.37978285750100693	
0.2887091768778193	0.053966090984328856	0.19056741003771419	0.29001488223792105	0.13108871797640415	
0.23260866049237675	0.17649434020120994	0.24986395726576197	0.18861917128745032	0.22246573437610667	
0.06306552632811947	0.11936152928490242	0.2919601380259205	0.0665629211714702	0.2934343343319911	
0.02878505765644641	0.24522894305576087	0.22975661534462122	0.1840564803418425	0.2678578465814447	
0.0	0.0	0.38247385156766583	0.33462607249542553	0.0	
0.2730367701083795	0.22763378898513162	0.17731412939090332	0.1769807238030961	0.08743142520078348	
0.1556025993759657	0.1428250618568961	0.1974601173488723	0.20611634762499273	0.032281196593272256	
0.31657027739516086	0.4658735511069685	0.12708257798242237	0.32387785598796853	0.4776526793416703	
0.11969142787316477	0.09421138780292375	0.006825659127036213	0.18478451786253922	0.1463261931694959	
0.2721450745440129	0.29487255127877704	0.10703598254594908	0.23301830893336953	0.24372718250662906	
0.05099090526250633	0.0	0.17762170245473058	0.2156421274421514	0.4548902888706279	
0.3113618289490466	0.10360568162620998	0.14645888524842127	0.0736585949079599	0.11963311126712621	
0.10721535894453849	0.2087219906104334	0.23851203980894858	0.27406115293692307	0.21556406359374006	
0.4489853495899269	0.43941926685571975	0.24645885204462525	0.62362113925509	0.2921158595954779	
0.22093543704740692	0.34468218902774755	0.14048945815372388	0.2295251616357923	0.31282516148525924	
0.12010672927357355	0.17472080681155147	0.28459827972835977	0.25583076250206177	0.2654207730900465	
0.2630953068727884	0.13065280662547052	0.0025429259150032742	0.04966836476514065	0.24319026348205808	
0.03007977804956148	0.003332493546253707	0.048669751830228834	0.026809794482183864	0.1485746906596289	
0.01394847203631567	0.0	0.0	0.0	0.0	
0.05432307379618884	0.28309201717215227	0.20618914430758506	0.13060959483285803	0.15889929491352614	
0.15613214837763004	0.08589589557706381	0.17775366244725	0.05913409991964951	0.2758622432014412	
0.0	0.0	0.0	0.3348003429495999	0.17008656402865766	
0.2467179179452254	0.19608338964494973	0.28282847281656615	0.04694334291337805	0.12910525191890426	
0.057612463169347664	0.04952220776986214	0.1685880833189399	0.24653697068498628	0.15613977092689346	
0.2096281065176639	0.03030881674822282	0.005830718551337002	0.13826497347562636	0.14736151879329193	
0.26843575469144215	0.1388113563375771	0.2676995178414336	0.2588811421841915	0.22926972146644747	
0.12569307412135444	0.0	0.1962526532499251	0.18777430678108087	0.0	
0.07438080710777752	0.37564000967211847	0.10841827057000276	0.3924994326634594	0.3693287121138393	
0.0	0.0	0.0	0.20358583385653295	0.0	
0.25786626680837665	0.0819974485918091	0.4166032520656554	0.15974743440915035	0.13642323316288288	
0.5983291778742675	0.258958068850795	0.3285962585246661	0.06853389402885747	0.27819608248525596	
0.19019750300592111	0.1607315496482754	0.05124282081441714	0.04072616854589444	0.2607412353515876	
0.08052949480568153	0.23761117103688323	0.21792611394519104	0.08731735718508471	0.07884254276671446	
0.09882602631291681	0.10058532768763613	0.32502528123329927	0.0	0.19787054511117758	
0.2661667193713216	0.09147552747667008	0.24303348066746863	0.17560270112193263	0.08815569062597833	
0.05107858247658028	0.0	4.4112506381706725E-4	0.08802034406089054	0.13409352158615323	
0.06472248890477315	0.050997717676955164	0.10676109971722086	0.25510735271694307	0.2711235589022239	
0.08318274032315293	0.11174611488787674	0.20585358182951238	0.2556056296972609	0.25344166764036147	
0.52558308325458	0.36104859610174045	0.506531678456757	0.20344056537426883	0.23442313864626918	
0.19107060491205644	0.0018728372616766693	0.22663460300420527	0.1321695920178453	0.05685765996176269	
0.39370664808490513	0.12676892336778067	0.28880714945747826	0.03267486283125216	0.12516352378692266	
0.19670055179092702	0.28474445601633147	0.13731022259231934	0.13913805848262056	0.20613882733714212	
0.09727471212777263	0.09415163234869602	0.10405205816409091	0.089256532151806	0.29541820496773485	
0.3480037146683333	0.4819482534396194	0.22247808195627233	0.14376599128212836	0.18977146090134275	
0.6761916096514967	0.5520842875074008	0.4857648117002397	0.605045463498053	0.5258109372683255	
0.27937536930723716	0.12248450007245253	0.10597807524200986	0.09471757806848775	0.19317609842406913	
0.3592958669440512	0.24407382986969317	0.19204105423586965	0.4401665663080571	0.21929332291840398	
8.39803941764994E-4	0.2495530799787021	0.028760553054171707	0.2271886135453654	0.2587944258713403	
0.15847818495380614	0.28184809770292935	0.4069186692259949	0.2860927991631769	0.5707800588409931	
0.0	0.0	0.20928214489939204	0.0667291391635611	0.0	
0.2033543066900471	0.0	0.22942136841319088	0.36709428706852243	0.3037148515489615	
0.2491855347981485	0.17456158068775984	0.2581916000514159	0.05691752249081589	0.1573711192824468	
0.18548816507685092	0.25576614977364476	9.157145778566775E-5	0.05049982429843599	0.13467013440477077	
0.15423787611796172	0.1448852873939925	0.14876790631993642	0.1372999685436417	0.19708735974517713	
0.07466624550260013	0.29033749638754935	0.21443002487107982	0.19864224766484967	0.22009890225488687	
0.02421740748582487	0.15476642860483836	0.24631026455230767	0.04229314884755021	0.25547487339880187	
0.2161324283049134	0.12820549105616735	0.25378990767753457	0.1534205866381563	0.15357799351498333	
0.2879473116221012	0.03993295727253188	0.2157489587873752	0.14448503489013387	0.23797801355441986	
0.0	0.15381252217755373	0.0	0.0	0.0691668773015951	
0.08924407446128073	0.10756836937235709	0.12081668777090396	0.06271267264829608	0.20101608874069457	
0.0	0.13274732674969397	0.19122339804949862	0.027381465449288114	0.0	
0.11152061186639825	0.05543058083203193	0.2140753623387074	0.015317098922854714	0.00345238494962045	
0.07863936207560077	0.0	0.13402583638841362	0.29522890722562545	0.26244642471820917	
0.01470755695597436	0.010127721943754775	0.038197677992340966	0.0022499924839484383	0.0	
0.422114886931269	0.23397633173571333	0.21731963330658793	0.054573264754175795	0.0759639297674833	
0.2671053171245419	0.06922464216106118	0.32912070179041203	0.14297351645024753	0.208291188708304	
0.2030686087215222	0.037128634021576845	0.11764032101845621	0.0	0.404508738380032	
0.2032357838170846	0.2740463015621192	0.27305902535835036	0.21038097510043693	0.38987703791669887	
0.2866150517666795	0.07047865737222203	0.18117275713642209	0.19011947776325466	0.21214685144478576	
0.33408229296997477	0.19237513686840882	0.2816916323663721	0.5198367729859444	0.2085705318634444	
0.36271213867381624	0.13976273838833664	0.20230452069179594	0.001973326146137573	0.4206594555801172	
0.3612325080889147	0.006404082340517661	0.47216772635555565	0.007292549467893362	0.07600876430522284	
0.0	0.007118541146259723	0.2279454530092493	0.0	0.0	
0.08579520801247663	0.19100793547116995	0.17422113125745056	0.17101891433293473	0.16005649265165722	
0.0	0.0	0.20599382386688747	0.0	0.0	
0.14044594375449795	0.1349999378596002	0.08937289215756718	0.008073211005312308	0.17632546490082004	
0.251333449464381	0.23246296309271802	0.19216555997633714	0.4442699970740135	0.3271568782269375	
0.28416658408408557	0.18818579414788625	0.22871294754448893	0.25046912063631044	0.03252993875309214	
0.12085349449811918	0.16854589426559796	0.20256148183731815	0.20568425223486664	0.19699863742490334	
0.202706167842671	0.27932105311315963	0.07849310033072203	0.2290948020363733	0.02612484960296157	
0.17309584730572516	0.07491627615436308	0.24127601856533926	0.05893509381179961	0.2900181870494606	
0.1469966286635721	0.0	0.15993401345744096	0.1349378261379916	0.1890809115027871	
0.15662750226776095	0.12486861667529044	0.07429949841806101	0.248142773561434	0.1814762566781054	
0.0	0.1815686816364327	0.0	0.12853054745830902	0.0	
0.16363048065474184	0.5245657030206062	0.0	0.06373899707609121	0.0	
0.0	0.0	0.005709468650092106	0.0	0.1500701948238185	
0.17993907487811642	0.1770968361786338	0.0	0.11561855451692578	0.08829953905894575	
0.42055886099123924	0.2222490668075618	0.0	0.0	0.13227387182903141	
0.02505564536608935	0.04420150851025011	0.22316952619462666	7.922204893579186E-4	6.468828023992515E-4	
0.13674630604326235	0.19079847690604987	0.2673477446040568	0.3378819430623636	0.2564934371442037	
0.1473706339998371	0.2607619118884467	0.05174534080333304	0.1465203250782011	0.05698877938594474	
0.1624683441632583	0.2551927908951487	0.24694105063260463	0.2759494198957592	0.20656693657400918	
0.2865279540969556	0.2543587246551012	0.06947071639426682	0.16620987274734514	0.2788270382739707	
0.23339759299405363	0.23391955779485887	0.019351386519197315	0.2934461890959122	0.2481479260309847	
0.06803479652464069	0.17498178338856635	0.002083712368289582	0.14525154693503353	0.008630203443900702	
0.07808168183408731	0.11056100721737197	0.021423507194329207	0.27082017919516466	0.04400387130866885	
0.21495835125593438	0.2645300957136815	0.24371004333363214	0.11067151165499908	0.24763961245166735	
0.10110213154566894	0.0847448281782474	0.10689301340932215	0.16982237991206572	0.13715796128144417	
0.15930071344991278	0.2849102580209673	0.28704894528407043	0.345079090592549	0.09432876556828575	
0.08152439520668552	0.25445046097980806	0.269325591283283	0.15525554868711453	0.20925690770879374	
0.045268014645825284	0.020057472901838815	0.07223495937638565	0.2577708164433658	0.128113112557018	
0.2508834344462795	0.12243786762605162	0.1198601596552341	0.08696040435753548	0.193292324321691	
0.29227993444807954	0.11241371860770429	0.12007407049401232	0.15415890602332963	0.19302576532533808	
0.06745985966500855	0.1488304834997511	0.3293501225916938	0.01989958024659428	0.2167039703726718	
0.1141102573425389	0.041078678128218374	0.11503676427281133	0.16810887726694196	0.0	
0.08545164402541068	0.0860449849594769	2.0197514118758651E-4	0.06122231886752192	0.20301759992588983	
0.15097851157166042	0.09609234710624485	0.2870747543029731	0.17030963249829167	0.2695512180404718	
0.10485830461704734	0.23923648890307278	0.14757360807391096	0.11297590795119529	0.13339558572583235	
0.2466467849771302	0.014956424176337697	0.09036366877568067	0.009601053425370943	0.019454838360348718	
0.041023039967059	0.08063005481186142	0.15662355941968775	0.13632662128359074	0.13354406132103858	
0.11397253479997319	0.002795406402505406	0.17970711247974933	0.0912302211260873	0.26259934652659456	
0.1853370696667304	0.161588355597811	0.2768849898021205	0.07498355589347361	0.29719541267359795	
0.0948763314762796	0.28722673153813977	0.18465800892206433	0.192169712776137	0.03915502937483395	
0.18101533220964547	0.0	0.0	0.10158870153046255	0.09505548487772846	
0.03929170893417377	0.19747128238037387	0.03954261329309339	0.026579147721090077	0.08563090742785184	
0.237260648611377	0.06122857090563832	0.04370225532645162	0.068649403512046	0.028166333555590083	
0.1574902306535039	0.5080219818574755	0.13815011909352445	0.39338557323578044	0.29199560845029204	
0.11881698128165889	0.24585404444857348	0.506978603532374	0.0	0.12441390042713946	
0.09894324370238998	0.2400421827449116	0.18181693724855796	0.24082677485160714	0.10100657898143271	
0.09764808272610176	0.16305738002817835	0.0859668211418512	0.0402382031354337	0.009912249099085802	
0.43600092949196767	0.24434839664760905	0.1622870696067408	0.2422783118296073	0.10257069526500279	
0.14661760656003178	0.0999640198345328	0.032656207808488956	0.18562249847922518	0.07369550775768231	
0.029018518119571263	0.05932104760958847	0.14312562508559248	0.25677267006127114	0.049185477548551675	
0.03247639635447378	0.03564494654831661	0.22107606221894407	0.11187267284190072	0.2925956383126417	
0.1698732443268489	6.560233718838542E-5	0.27126477808161864	0.0296702081366905	0.07089100560853934	
0.2869410592900351	0.1044990531162278	0.13201339817446578	0.24955646695101	0.1681959759576746	
0.22704118875873774	0.07243397399973285	0.0	0.08528544811345566	0.03863897984999125	
0.028493243029853694	0.09577429018610166	0.2523270982629354	0.2017986485098858	0.14491413576968462	
0.2911714759552996	0.25922134928860974	0.3973144875224768	0.28953111178442154	0.1959378046877406	
0.05318619177292812	0.2293837200359953	0.4888495339898274	0.12387877279053396	0.16594690474513404	
0.23367969409006709	0.291065791205007	0.2117753484641354	0.1343437899966632	0.2107776130203784	
0.21819351189491332	0.0	0.14034441298493264	0.15699864754502466	0.06821207243537046	
0.2282546160688117	0.0791734998505496	0.18273579632676926	0.2490624822757627	0.07215443387272369	
0.28008632957788865	0.12059462380290505	0.15256637297604478	0.0	0.0	
0.0	0.26136571629518335	0.0	0.30778180881605893	0.17168673338593285	
0.0400124607394609	0.1263728157204794	0.03537046738846693	0.04036831488291467	0.0961851226199007	
0.23414377174362147	0.26894567000732095	0.23632237248032462	0.342484314799977	0.05783003649341301	
0.17434981024346144	0.07774231093000647	0.049783855168881265	0.13803340586525936	0.016049023637310547	
0.0905688572426953	0.31942431471568	0.03952711161238352	0.4875966489466606	0.418253827280034	
0.24787649040842036	0.19396367901579872	0.1207914164686182	0.09505581312628755	0.013504076549631766	
0.20147947176430542	0.2519899949999508	0.09224033319708536	0.27098227798511265	0.2902355588263555	
0.2790223615930243	0.0	0.005553501896249738	0.0	0.15497585298071065	
0.1909719321688274	0.287223165860919	0.409194011592261	0.0	0.0	
0.005193798814049516	0.26452345791686116	0.04363825442092393	0.17792961577079255	0.11512379685894587	
0.09841832602697825	0.15078884739474807	0.09366951925679397	0.10875525877356035	0.25115535247537935	
0.14565624677584468	0.0792889421646546	0.2676483647057361	0.057742710064820214	0.06497015554641584	
0.09261889062553927	0.13817722147049613	0.16104623019735864	0.08740936084781499	0.12745064918957624	
0.2859420426371404	0.1958187940441085	0.015627607801323905	0.19367941208831513	0.2577766133427225	
0.16742531816235873	0.21372106038526342	0.1381912410217616	0.24493763041791305	0.17668570157056582	
0.12311055235649147	0.268464693731474	0.2612151963990303	0.16907874992845182	0.15223528340129433	
0.0	0.24439088112805185	0.03447524672986549	0.19293435577703677	0.1865911723861635	
0.11125494913673695	0.0942786700005398	0.2607890720778949	0.2190783227017168	0.007380984857244392	
0.37882656349032756	0.2767325200260776	0.28930586697944966	0.1650601350851537	0.3688020596175627	
0.06119613586109751	0.042200139816763155	0.0997316000915859	0.09459566821944691	0.03424466304499644	
0.22892737327814786	0.032852786792373606	0.21427088544267947	0.046981963291440054	0.010541168985596412	
0.20362681979061384	0.13323180753060915	0.17275478949747275	0.28331856702720665	0.1766773723242119	
0.09774970061779492	0.2861200968168338	0.2832470570505087	0.24849133442417545	4.0085167711991377E-4	
0.032344266377092035	0.1204151157350482	0.03559914339491231	0.05658492043579321	0.22060460226167902	
0.2862946970475719	0.19660528795480367	0.044086263480180236	0.1647360853162668	0.15374316798089757	
0.23194599843950495	0.16183563192059858	0.061331209572105125	0.22770896131935192	0.09811660182820298	
0.17570690628636998	0.006859660713233803	0.11294734775941283	0.04123033520562116	0.07452373985371463	
0.2820264087908424	0.009479751889001508	0.07825879981399886	0.03229903384017708	0.21821262043832076	
0.07911445060177485	0.2863520788278822	0.06563971330379907	0.07319109859250332	0.024299648121991792	
0.23637371340207147	0.2737727563194269	0.13902834041604067	0.29193704037213225	0.017321576964187634	
0.23015572293257622	0.007098218407095967	0.1843633147648244	0.2711082279718031	0.27949708550932484	
0.11492820335491012	0.2597329598141258	0.17114558656242315	0.10049841145940376	0.2665260577739692	
0.2417092561809633	0.012703151731548283	0.1301088653617308	0.24008868934069422	0.29769668209055133	
0.2180258437471408	0.12307424618877995	0.36200085341262683	0.05890344329356802	0.00780300710077654	
0.0436641044053565	0.2961766323821427	0.29070734940100007	0.15059136794332495	0.10512269478702041	
0.17597993888625324	0.12436774107666741	0.07564057905692377	0.1310679628275738	0.14525354838398974	
0.09297153087187889	0.08503815795286856	0.16226599302302283	0.1603619559321095	0.14381154244049293	
0.36225440889950905	0.13770804644593604	0.11149785641249009	0.08699763963519501	0.13269169374128603	
0.35909112220779943	0.2590382264874086	0.3270357267375615	0.368173583946531	0.2577467797300882	
0.19156826950391706	0.4212001530870919	0.2281898675760496	0.23943013906563856	0.22419412851674078	
0.23883244028184322	0.26102908499325334	0.11002567638994003	0.1578070471134572	0.02443711244779804	
0.07403616002143461	0.11013001524598488	0.24993909665527878	0.06811127798402797	0.15454265771183162	
0.0	0.3705411064183426	0.5595000112719564	0.17808423595359998	0.2412181558998817	
0.23640940674223168	0.19589423391985022	0.08469105871876814	0.04808720476998019	0.29194267531501966	
0.002203628861991839	0.24908742116454735	0.20760465259404917	0.1005934639390128	0.15686879314488816	
0.020786729794501503	0.26009277169261735	0.007901993908669533	0.05073331377808652	0.007797194664782136	
0.1996418027758503	0.06788993563532277	0.14462371691987191	8.204103179745168E-4	0.33696296481634913	
0.1327342817331025	0.026889532453361394	0.18882801557001494	0.04511399599628327	0.1324529947955538	
0.1859349608664073	0.1407486105806243	0.09753484900110121	0.06552282887789498	0.02844909652543388	
0.12445727117152823	0.16699415724779446	0.407253975791569	0.0252877439217122	0.26689434419847136	
0.2894472586971217	0.07382603441131898	0.2748617442187475	0.2345211815764212	0.17477238387288482	
0.06639962936992476	0.12171012223136674	0.22578596440104243	0.20018678297137993	0.14379345741966057	
0.3666618928250389	0.08729449138689399	0.29173848789241685	0.5833055711027341	0.27463744532083595	
0.19962773201119002	0.15136318865584855	0.29924731200045934	0.1796298462264467	0.26159022100638263	
0.2672651886323665	0.04143529222653581	0.017980731487569162	0.03805524543226045	0.06640970872099702	
0.22534688104584355	0.27949460444933155	0.2896985520985185	0.05074938113227699	0.04738526359091393	
0.13835308251495887	0.18921395278976796	0.3256774094657511	0.43717677033761954	2.3295042991937167E-4	
0.23530652442382102	0.11511099297072334	0.26935517071029746	0.14500426782324985	0.11096512848045717	
0.14444606185091732	0.26967737364243616	0.2671413010415532	0.2626540804626025	0.13540878096266215	
0.12483920712891183	0.14963570563818945	0.0920782211515742	0.20244761515279194	0.24808849618355075	
0.18114729445867145	0.05571283095980175	0.11722135624963484	0.05214360071810625	0.15173580237431888	
0.23783028313685947	0.2807258742597153	0.24469884469418263	0.26672574690152473	0.24129565794649419	
0.12062377703311163	0.06317964071348861	0.08970262693307207	0.25765693193623335	0.17893005321508895	
0.15107088890501658	0.12123261845432892	0.02297953321712705	0.011268097526995412	0.2769735045906214	
0.1891407717763819	0.08189804278329615	0.09489072913304251	0.25376865035960183	0.19616826431168882	
0.3637135830232436	0.3919561175994322	0.27699237817681926	0.22916762463162843	0.08104932887111801	
0.280693135747606	0.23182345680486413	0.15812070125427688	0.2294343066112473	0.013599150417248589	
0.1660842796782475	0.065761307398222	0.28929231506821734	0.25809486539854887	0.015077020553519832	
0.0	0.0	0.0	0.0	0.0	
0.24870095310836993	0.42187624482362973	0.3046026455361939	0.18199787791882063	0.31313409419497945	
0.08088033202006124	0.20754048253988802	0.11648858454204596	0.1995307974858936	0.09093501040314186	
0.2981939821409344	0.2714698215814236	0.13670942523414753	0.2554932636300412	0.1710579772618001	
0.034778013025368995	0.23921252802612822	0.2796352173696079	0.20527216019911665	0.25993579015304247	
0.1858334985814162	0.07634035699881898	0.06327932882598056	0.27005501982879	0.0092629805050635	
0.2573044515104626	0.1319643440991016	0.0790191065776033	0.10062439160725069	0.21790033942743028	
0.43013487852641724	0.36455472237598235	0.2664961462332258	0.2473143574760996	0.19553562393601615	
0.22260775345154726	0.09927874687781481	0.07867687076916685	0.22994921982674765	0.014990368716741384	
0.23983633625233441	0.18953913132330535	0.4062768016431329	0.4987094543800844	0.3207021628291375	
0.13934000201154553	0.05370071982730391	0.11666216396071381	0.07192251296112528	0.2858435321896398	
0.17495388325569297	0.284548306393905	0.24998453336081647	0.0024234228253665223	0.16790625876508664	
0.40556772410091335	0.3244263577258434	0.4247688799017082	0.37425142606452866	4.169632176425934E-4	
0.23713468274858857	0.06419967622621639	0.17488817147582905	0.12435983654834692	0.24934616299949705	
0.0	0.0	0.0	0.09029423764030091	0.0	
0.22236371934381938	0.0	0.07194917353271908	0.028308699837948918	0.14752822554523365	
0.0031154226458052613	0.09052513200673308	0.03944552271582224	0.19869276381259915	0.023739690156851127	
0.2285485852029844	9.361989659829244E-4	0.017568617820126628	0.28755369915945045	0.0094837631914017	
0.06208972073706277	0.2103033374166057	0.14426859749466128	0.2450979773741902	0.19750550734064226	
0.11633528830775469	0.05876089137901286	0.0	0.05988017684295544	0.12470313237815252	
0.0	0.02043885241679776	0.021701637354483973	0.1407679550682437	0.1658584484678467	
0.04444774992884229	0.17373261991551903	0.0	0.2570763156334598	0.0	
0.3158427316976183	0.28851931736817893	0.2073153826655207	0.24726105780628868	0.09309466919211035	
0.08894223043465117	0.13184028862526653	0.025604340950256085	0.04036156942063448	0.2743975455325566	
0.03257393314907749	0.005217653411249454	0.003927644108370839	0.10269859827719813	0.22364325183780187	
0.021197016593415274	0.24866234940817245	0.09058471151680865	0.0445239149888631	0.14339892993410958	
0.08393962579937675	0.04629763765625357	0.09672267038429576	0.001961905717099881	0.13790703177938524	
0.11351161593048603	0.08808139237522361	0.02848074209945561	0.06555019513302926	0.017996333030447013	
0.6316891060638455	0.6887119782358626	0.5176070726575083	0.37269778273212134	0.32005318283382167	
0.21503412870980682	0.023910138155903312	0.06389953291738196	0.29143955911691893	0.11342450573455944	
0.004139847186375849	0.017946216338581168	0.21386346645250826	0.06145147670968901	0.06685071188346049	
0.23312931498097658	0.2225778112835073	0.20111360403930473	0.004732065337270816	0.2778062594608994	
0.09612483649983458	0.0534976144179256	0.10905640681391598	0.1147411647007208	0.1528177801234246	
0.28762997903200543	0.09977238105808674	0.11554147036093199	0.06826177082506532	0.010199249666698069	
0.12017637649000827	0.19436005736473183	0.24836817873693917	0.0371212274574932	0.12749457972388478	
0.33125635592714536	0.19792404158684668	0.0	0.1790123070933246	0.0	
0.1920045099138938	0.1692070828999593	0.22606908015780905	0.19874889745574817	0.2618216855057376	
0.2747073739958753	0.2906990218223273	0.023380617340461176	0.06479154474055517	0.13419914740489847	
0.0646677925308151	0.0	0.0	0.0	0.0	
0.0629214799272085	0.1956753457502977	0.255265723865958	0.25690496726573425	0.2629635576558466	
0.13842137210989366	0.16961475334074683	0.29733126001020355	0.1927155546482332	0.03172877509838276	
0.17406486852243075	0.27601326864291076	0.472429914367902	0.17516181178231308	0.42774442755389036	
0.25387694427011326	0.11674847088009692	0.06058194569501463	0.2685198665371835	0.2948910122605618	
0.27339865581294476	0.43233597817151403	0.37169897231639	0.1922636885585625	0.24825981615085121	
0.056346416277045105	0.2143773351329794	0.008584694335973673	0.25621516866460414	0.21270655025494575	
0.1322817214978436	0.22068146451043275	0.19519376285639525	0.1084695378178063	0.02299239237070035	
0.06739201810119853	0.0602230046135115	0.0	0.2193775804975916	0.06493683471116142	
0.17599222974811662	0.0552744350986225	0.19618957804683587	5.806434231010284E-4	0.2596348630373625	
0.0	0.0	0.46697383270376386	0.42854931566464943	0.0	
0.22989802081957636	0.05279001662420354	0.23734693565976217	0.16095758840146576	5.920491297635199E-4	
0.200915602910817	0.193671442902008	0.04596874482335078	0.03823160492841862	0.2853887941844221	
0.2780411104406788	0.11452487331897668	0.021144423437650314	0.09808289604635463	0.09340923589838997	
0.014969376531225721	0.09073469889644516	0.16904454549759007	0.025212216731625967	0.11645478906581958	
0.4805196715044692	0.3773430029018713	0.2206394017057518	0.4238545099988686	0.13577771103512282	
0.1384605535911939	0.0	0.23190935758085493	0.44760301519204987	0.6079545057538334	
0.04192681455923585	0.07330414986924504	0.23406057100359923	0.07395401277041636	0.2995720818985402	
0.18561209781527252	0.12538584931034205	0.1520694146578635	0.09338353715368966	0.19920596412058442	
0.04419541773751887	0.23154635217524103	0.13008669609668802	0.04135872822985831	0.20799931965823673	
0.03410966643706933	0.1526388722108972	0.12851763604568187	0.046715424083974215	0.29748403112101435	
0.132081484715303	0.2646160165753949	0.12223199253778573	0.050021019249296465	0.23454153763954802	
0.16474954314774531	0.040601089939721356	0.13080208769462975	0.2911839750191518	0.2907016126889287	
0.16291213840152913	0.15198445773745353	0.20593303265422802	0.18460521429426416	0.026281864380247596	
0.08288556516797718	0.29620455224072706	0.2483074617634659	0.21729380462474915	0.14529433074490858	
0.1796045778643323	0.08161040980372357	0.18566393493603267	0.0	0.07533613176097767	
0.17988896281270228	0.05921953880739665	0.1942462825764336	0.1891396729929125	0.07551474558996749	
0.0515680162076875	0.06194284841942691	0.026591176160194557	0.10493172189854884	0.09687808644408602	
0.018778103860669408	0.1459060436717667	0.02797303727479207	0.03481766378115119	0.1358468435485505	
0.266587408518208	0.265708251616055	0.1965270707290199	0.26913241184732256	0.2724763679892929	
0.06435424293721868	0.23902355881193776	0.2413966329830945	0.19643499088491134	0.06095265890006602	
0.2852777404803613	0.03183054011825798	0.02823131287977261	0.12608742247262017	0.228991473620228	
0.0033603937536218448	0.0787222978638878	0.020579091974509627	0.20517037406107366	0.11002406947181514	
0.26644721138877453	0.08388274308914435	0.29380540914394293	0.2363280766216256	0.27312729941566644	
0.1304482161000193	0.2570555532989992	0.19792259689286626	0.15129795078931932	0.12708760419062082	
0.014183873055938165	0.13070665686284846	0.20195217017246173	0.061480495512061396	0.14387675799787528	
0.18960310771888542	0.04801253465131212	0.06495729831418341	0.11588555679173516	0.2512644016254972	
0.3585335355180121	0.5041206760803134	0.6017990341641172	0.3907047202595442	0.3343239038602761	
0.0	0.06256616458941991	0.00792813986950245	0.03752544662009936	0.01916471822320061	
0.2989382863045931	0.1185605548263623	0.1489526637372471	0.2153456441398702	0.2304856637400307	
0.1268275374280046	0.2338196124707719	0.2190818532852887	0.19781770990814887	0.015373973783766877	
0.15870259861145652	0.29750882095911046	0.27254111528313774	0.05574769845812076	0.23854788346579264	
0.04795949352611308	0.13532042244115186	0.18437189157956274	0.017782435360736926	0.07912906708626467	
0.1471827014062641	0.011691358134713432	0.0	0.013056746464607439	0.0800003308980639	
0.0734727090236101	0.127558502212348	0.25788655833373253	0.22270066695449794	0.10496221611139975	
0.12460415307221649	0.2925048932210627	0.15324153490399758	0.17462427626015994	0.04725344831580382	
0.10342840601738088	0.269542884398835	0.28643858391359484	0.06199151770679371	0.1584238724405076	
0.21615576994905258	0.0	0.007231004497105298	0.21854240955807064	0.012252585846847058	
0.25572661815030845	0.20300725412931545	0.17701647899659811	0.19414276236850062	0.1392792691957304	
0.0	0.0	0.0	0.25722387932433344	0.21364311199459313	
0.04920307550744492	0.11792439902686012	0.0470293834651782	0.1468674796936517	0.13628534215237276	
0.14625752342137896	0.16393623454334758	0.07506039010939508	0.15572524897804443	0.05156300579512382	
0.2391842937820787	0.01649262544295619	0.1620345564902391	0.0163648080040932	0.07996113312588518	
0.18912091758034935	0.11603738769433666	0.07617108255277659	0.013698219637591777	0.18916770352627135	
0.2953442492684026	0.12197821168976197	0.2074008002075607	0.08267609315440493	0.19740130558624502	
0.15252437531966245	0.35781427948637357	0.537466098458684	0.10469798512679042	0.0955289630612573	
0.2631108063387	0.22707453242898676	0.21538755591792827	0.25175334453683046	0.21529179808917365	
0.33513051812589	0.32304407757767495	0.24040356821432532	0.4006390329811199	0.2369012404139849	
0.21610316828507897	0.23350537112730116	0.1424648064774767	0.045906203143619914	0.09317225081709044	
0.028129522028511603	0.18503276051213144	0.044192524921043426	0.09280342678378478	0.21349155133386935	
0.2231722973107722	0.1820438150227519	0.17447285958111683	0.17792735928609102	0.024754593685230492	
0.275751256953874	0.24504452195542623	0.13679027465973584	0.17877767530245534	0.029900359969029455	
0.004241998957245967	0.032145668056190756	0.002166319076253445	0.0035999957327826214	0.05336080994469378	
0.1283829688978971	0.1366870579533821	0.007670072837650373	0.12785969523633373	0.1039584495460601	
0.09397132034627247	0.14923294444255517	0.0	0.1342766995108112	0.0	
0.2772691066850713	0.10510637611377222	0.24313865566995593	0.18547931051625408	0.27879068461571144	
0.2550227500687942	0.13078258224916095	0.2612548794109235	0.1459019087756594	0.008713328870437393	
0.0	0.07779434145919126	0.0717890664472828	0.02504779246309398	0.020298518062442067	
0.06737196180192809	0.27216719317058596	0.29916176537613365	0.07295779100581963	0.20153928344805536	
0.0	0.0	0.0320790696505562	0.0	0.008750498347322956	
0.1718258518642229	0.20004297244070188	0.16955294476809354	0.2824003783498465	0.1723911984902361	
0.22545390218874695	0.23844493980326134	0.13835640534953794	0.1952506209348591	0.14050037938019205	
0.1026389005337388	0.054429052243673476	0.023061810007109943	0.2231439472295083	0.0020368032375064826	
0.30025841568001194	0.13678579197163618	0.050819172958765396	0.1438303481879727	0.06869823801045213	
0.06253422526420321	0.2306064069327411	0.1510690033996455	0.027395901313566357	0.21106603916229938	
0.2700392194550404	0.09084370704885306	0.07686167288170082	0.03889439486113287	0.17542522514961448	
0.14346904498749546	0.34498764913388397	0.19954710340049747	0.0	0.30483991462769866	
0.18195960182042	0.22948532879769562	0.017561424409713377	0.15719849718517917	0.25402051855948926	
0.06732127445936673	0.23388754900203018	0.17624957079008965	0.08752533548419192	0.19336902627155328	
0.09184626491885277	0.12373359995657403	0.002216661674663237	0.19295016980991295	0.05886637287664934	
0.14043036202290773	0.1160767532854199	0.2962175573423534	0.014399008164275287	0.12692486937982903	
0.22686898306081857	0.06333771437477341	0.2931885302950292	0.023441454337247463	0.0991810647100716	
0.017225960034966566	0.15634913482386123	0.04813475727285251	0.1436734888256724	0.21551164516296603	
0.09622873294105179	0.2549759921709844	0.12370502627474134	0.034870913336860404	0.1542634084149494	
0.21895019616603667	0.22837981130225848	0.03130592683107446	0.027327295428929827	0.17385742385422162	
0.24354150184493767	0.0	0.008054334166679543	0.0	0.0	
0.1101836218585417	0.17635015358852957	0.14548365773009397	0.2761953259153823	0.09989633359013984	
0.015873206344788962	0.2868853528619663	0.1883402365544198	0.023037830111101835	0.10634913859170123	
0.35621852320875474	0.12180611566005745	0.019532030672834114	0.29880151060371996	0.09813558872151949	
0.14266314840776334	0.2545935106330262	0.1293582186472192	0.28510454867433144	0.19986277062853944	
0.18087584453795277	0.06780539969413193	0.17349379468676254	0.10547158533145015	0.17680598618900548	
0.2500206224822946	0.2767095767920469	0.13793188464930858	0.23419652989336195	0.03689662572007278	
0.19588643353556348	0.24056686664903462	0.24135782098170933	0.041192912427237216	0.0789813126076952	
0.13069472065880366	0.07958880768957509	0.26301823325613494	0.1421739953291892	0.16521296763219354	
0.2146943039227852	0.1298967779870401	0.22658215176411764	0.22892298666113042	0.1519210892327395	
0.01215336248534627	0.07777611643812558	0.07147452085699083	0.030054910940048394	0.020554140817609996	
0.3312050930124676	0.2747358571504659	0.13361907575890153	0.13014456268999344	0.08809440760333921	
0.0	0.13189376195736804	0.0	2.0476354846864605E-5	0.012012121859510297	
0.29631640915377655	0.07648271898772904	0.04915037449430351	0.1345826596520625	0.19462913753647185	
0.1844161868076022	0.1137780356445939	0.23029191725935483	0.11217220044074606	0.16298370828071798	
0.12557892581445845	0.06711235105567252	0.15639194819530275	0.1348128248401055	0.2645635180995671	
0.17453106709607574	0.2601072590359484	0.14670226398943062	0.07391386846064811	0.24065731247606015	
0.018457711203223363	0.2771808663720448	0.1173913281046049	0.2761832490997594	0.2055785655779285	
0.29938267574113847	0.16703959296730142	0.12254551448983234	0.03833668246512539	0.03678094500840893	
0.12372576216375283	0.1152326874685962	0.10992201685635461	0.2534748237780071	0.07780165320054731	
0.12422866097620071	0.25903642401244265	0.11938808153234955	0.20704764959436736	0.06229262511736568	
0.1421240204545252	0.20202051433623233	0.06569946553910429	0.057225345717551133	0.07263000471112523	
0.013625265838778891	0.15108685778942627	0.24286114821305452	0.1197055822549473	0.2554405024875995	
0.24530097257921005	0.21767071798401116	0.6906588982479769	0.27981016210120707	0.4954716823912528	
0.2493268031024283	0.14118534243098288	0.2051092255133262	0.22194019795655104	0.2214656918149486	
0.0	0.07844739905227929	0.10145730847044389	0.09937144605611797	0.18067225657746272	
0.10148490149794362	0.13134582901058148	0.0	0.0	0.0418861708271574	
0.0024554428488488284	0.005072172410144665	0.03050350477581766	0.11709863527958501	0.13852594819195416	
0.0	0.0360268793289542	0.00839304825301002	0.10646690442915639	0.03531179309495538	
0.17961827488341184	0.10143601293462239	7.391040869968727E-4	0.19245547900014515	0.10465294497425576	
0.13323412127393253	4.3013936373945626E-4	0.20712515177377275	0.02381080718165587	0.01800226690094895	
0.20243146024526312	0.08994867405498849	0.3534074499135671	0.2593454319078122	0.22767913635668255	
0.2995890866189523	0.17268041243203072	0.12176721136826259	0.04705495021730357	0.021076839937213723	
0.13388325571727985	0.24603056065741347	0.19055684584737215	0.17134087413131874	0.008249117654165654	
0.35930092472352787	0.26646227913542575	0.22205070648940636	0.13694091668920103	0.46251188626735246	
0.20341127754824195	0.15025813457324996	0.20741699129334248	0.11257619413781488	0.12953556111090397	
0.169683293695237	0.23742955638117025	0.00920140086561232	0.09259064737279549	0.0274612127626954	
0.03494099040863564	0.26801622414473397	0.05043728209098819	0.017815006102225975	0.07840211264292436	
0.11890298824540116	0.0	0.0	0.0	0.0	
0.07156229998626527	0.3593135018613093	0.36336215659032317	0.19988596145864151	0.27441608484413016	
0.2078577394298772	0.2154907486320711	0.24704525414929135	0.04941971566165255	0.21902948413982512	
0.1421906504240984	0.21697275658554824	0.09974773029805512	0.2739485063915499	0.12362468329722018	
0.19561677057846397	0.27787344210210135	0.07642289200845707	0.059750837814651826	0.12191733755672025	
0.338580890242742	0.3934066840785467	0.11812635026902756	0.37223871248808027	0.17688549354578542	
0.21821391794981723	0.31610883759821234	0.24885295582060132	0.24775521346254362	0.6418805919081605	
0.16504209446052773	0.26350419103149636	0.279850905360514	0.09923142337926046	0.10900684864194317	
0.21998371876245604	0.23040677549445276	0.07106332545374539	0.01564984567971851	0.0030995982544497697	
0.09322222048152334	0.28374120264382824	0.1687633384375204	0.04959723524903184	0.27665173409100424	
0.05093425147628415	0.010219687849840271	0.13827062860028894	0.01811015784577512	0.13165610115183016	
0.22394124472867658	0.2014643022743148	0.21586077001303383	0.24851759669181606	0.09928284937136565	
0.06144898049355634	1.2512974173018213E-5	0.19148317219701239	0.2636335895637626	0.06751228375710316	
0.042721706217786086	0.1074346685467046	0.19161130312573924	0.2585078893817928	0.2908691252157881	
0.0	0.04771291380362402	0.0	0.0	0.14522060848233717	
0.08715548741133022	0.09053972313064576	0.15739171069936178	0.21265974630540244	0.2396079332974606	
0.15796136115289963	0.027405122798430784	0.25334448062035486	0.19421054483059705	0.2076206387264563	
0.15263839583066582	0.21616483771899767	0.17900487407193966	0.1349188429289698	0.017394519935327157	
0.03643394975303635	0.11830255735895479	0.08831748613235932	0.19704806029019387	0.2886534812130599	
0.1551010334599246	0.12681494036736288	0.2723079623773935	0.261233567220689	0.09270975523191591	
0.186616941347439	0.07216446915866899	0.22383542926173838	0.1540098554009478	0.03359759729750269	
0.28360716732418195	0.12562912980272734	0.08598904061768795	0.2285404485226205	0.17552571631329295	
0.23531757725175642	0.09943222019912308	0.0733809109171915	0.2732965579016499	0.032045276357154116	
0.13078587058966873	0.08916319549521556	0.1981273222958847	0.07304867781910532	0.0	
0.1710217329137857	0.18420226691871935	0.013688411416656934	0.08253514547108831	0.02061880208302923	
0.06362804805771545	0.15651384446343752	0.24638832930101556	0.07418192208678598	0.29521285393480257	
0.10729453536681327	0.11433649973158905	0.18361301166868962	0.23225980668078758	0.2188524095966003	
0.09624823513672591	0.09959430136551255	0.21957898256241576	0.234582726393132	0.394283946521038	
0.24312981974530132	0.3338915078680624	0.11424299246205205	0.2496280924385465	0.19750049505226838	
0.10869437765761296	0.2634440911472425	0.20998371865972912	0.2520019602393725	0.15588389287006627	
0.22169994511223332	0.2915968517381587	0.23824436195687979	0.16215619386221128	0.1360038795041908	
0.14541477844340672	0.2376252071630124	0.11525359799550891	0.2060976836437152	0.13581769155919024	
0.24456714189219528	0.06394109752388528	0.4482804246041316	0.5203173621476048	0.3540809830744523	
0.0637104819707083	0.15411547355832014	0.2371203339144916	0.21991089419797874	0.18526949250582236	
0.14579926610191868	0.2973207129953573	0.06408240218862542	0.22867184230192386	0.25932610093535524	
0.20483282189123378	0.3379920498689468	0.012780613181974976	0.1147603885392082	0.08138022904134957	
0.22836452197439272	0.25049051086175844	0.20218491986442003	0.03793263880586421	0.14299147060312012	
0.19666648670892267	0.020860115781852432	0.1911275218803124	0.2510504690356541	0.18517299782835622	
0.07791780650451724	0.1332254983394998	0.1430665994794112	0.2901221960827765	0.0792446951549006	
0.16873365955565975	1.7184927487484678E-4	0.20254253094920574	0.1584123008033875	0.005948038183555368	
0.2720682611752188	0.09246843664625379	0.11239532117760381	0.24747356018728725	0.1015009851064719	
0.06485327569117245	0.20714847326241953	0.10956987096322872	0.23907557105887423	0.11287745672812012	
0.2914707406808195	0.27848996075295174	0.145011394504673	0.14649832408869587	0.042125245382646365	
0.01823900021507042	0.05902695721038731	0.022756267371073644	0.28615686734035023	0.012024524536269572	
0.07426531779598515	0.007022994128979411	0.04259521751656436	0.0	0.12051815382452345	
0.028658990827597985	0.03087599439315271	0.0226780492396462	0.22884928373136282	0.25795395172191987	
0.07124966588821226	0.45089019525035284	0.25604847200947806	0.15379817711715565	0.29580129189323634	
0.25537294344097045	0.29036940756444457	0.021815854882221798	0.02208859962110228	0.1312711619305707	
0.22142092227921806	0.2223882642955636	0.20182209331647422	0.11094322905534677	0.05826117291199448	
0.08243015162577237	0.22220651784198997	0.09363802707091216	0.1911219314837703	0.03246965727886529	
0.09356880036590573	0.13848687220229622	0.024311639374620265	0.11366626411342173	0.16734695412388845	
0.23544449334992856	0.1973851493988716	0.039587228801895954	0.16434759408265862	0.25707250367738593	
0.12767660748117338	0.12048031711403835	0.16908613590406446	0.13165930318606495	0.28412032153614397	
0.04486118673977697	0.1875776959794971	0.2660400793685327	0.11535934346879284	0.23374647387972236	
0.30590225098443036	0.2829370451179565	0.40512716050073755	0.49123152203137244	0.4206056542338499	
0.18222727224261304	0.05419844189234422	0.004131016264145139	0.11222156671416884	0.0622249088914836	
0.43986448361868546	0.1403884522636899	0.4392341931801497	0.33862385019762403	0.05672271870592293	
0.170024704375067	0.12988052628753244	0.026906702887961185	0.03012731246327689	0.22139947761756823	
0.1324228686111274	0.19783375104589412	0.2227639605882529	0.14409989687817792	0.022240142721751937	
0.2147939727498703	0.2215272678767697	0.19800518019759475	0.14358161807660083	0.26652757987013914	
0.27044445356447966	0.08871267931604263	0.06630195249082589	0.2338691711648248	0.0042159514662258755	
0.03791126100552918	0.38098115045280617	0.057625852577803664	0.6870797455710623	0.20857389155768297	
0.07862454677686895	0.2114479022753459	0.2847113500317732	0.07383124811317845	0.11242085321366349	
0.2518223680522209	0.3121751649148163	0.2857940462996202	0.26210696910189857	0.14885614950880302	
0.24828964703524697	0.0613913222762621	0.0804582566781495	0.29608338805633055	0.18617882872652186	
0.2022782000842021	0.11949006268492036	0.02529008486961955	0.20818188133894303	0.07610187876595931	
0.24133635782559365	0.27565586514620166	0.22995266409294632	0.08109090267991553	0.03484182215448757	
0.3464566028564768	0.240934919528758	0.4282506980641857	0.47679908105246604	0.28105614719494193	
0.18823818174543971	0.08177388580371683	0.16873538247306055	0.00426476108544571	0.035737743218388594	
0.11762904004333405	0.16966582357795335	0.21595971207250012	0.23105502038054815	0.010850256798079326	
0.08130253546500467	0.2726170208402954	0.21332382266601516	0.12211994318755617	0.12706648101231435	
0.0	0.02808443253070729	0.10141209402637824	0.0	0.07667375748848496	
0.02466446784066345	0.16743644061461785	0.2506343427125643	0.10853750728142397	0.09864839549824536	
0.13567167638708033	0.16835906877735451	0.2841598803800591	0.17189702106630392	0.082282672910367	
0.3130373686711821	0.1356719452455695	0.18924896059438087	0.4352656139388425	0.10560098326226088	
0.059342878731440174	0.14324897376204648	0.293828688876474	0.3167059556357749	0.06239775919012789	
0.25314158455959257	0.1508240205390095	0.2917907099855403	0.13544434222852036	0.14266002144171264	
0.2998224238429972	0.22013331110107479	0.18880580268414998	0.24433981540026173	0.18272466160925255	
0.010951220630388656	0.10150098114776929	0.28604156032559075	0.2528176868532709	0.22144956547939693	
0.11702065321494214	0.13462307144999813	0.10881524361008638	0.1427076603376315	0.10326447575372269	
0.10775275571008303	0.09569135311424679	0.029313604786562617	0.213660680169758	0.16056732895414716	
0.25107187593886726	0.2180815506409552	0.2832486053579207	0.026930220350367486	0.19456187506282188	
0.23750463880129322	0.2602977482397161	0.14624099548947977	0.24913627104460595	0.003020222535234541	
0.12951260133312503	0.29195583517886947	0.2144647540379291	0.11823714485143474	0.0	
0.033668090349374735	0.21436656668264611	0.1445647487480152	0.19201710753481258	0.2700077283620974	
0.24630803199304813	0.07544516927778754	0.20350635836643405	0.046973527116244244	0.06439499129043687	
0.11521307960845505	0.0	0.0	0.15679552123905388	0.08417916877219908	
0.2452428484906893	0.2896309536419638	0.30024897573761533	0.09566968550155311	0.2653560157249061	
0.24472425479694943	0.043406768066138336	0.2086227273558019	0.1651654047922876	0.24986996955125568	
0.2910306171693239	0.133404092559131	0.35152139385388587	0.5601577713011928	0.4873615599306122	
0.04599472934930034	0.09671965682147896	0.2657842063625825	0.03774717071121971	0.17787063498818648	
0.05712886527243728	0.01287964372704384	0.1767556314427768	0.1223821272939503	0.1109677812586887	
0.17024792667015956	0.024246058959583892	0.29976163675471534	0.10045262827191616	0.0528661594771459	
0.08991698390422985	0.24533555722418646	0.05607266450272257	0.019869372711286002	0.20014386512272397	
0.2630445602708628	0.15918005565566143	0.10051234577565087	0.2169159652739306	0.21788218962486408	
0.10242107828593901	0.07992676007691538	0.04665002534681143	0.03385430748833324	0.08397374413064122	
0.17876717963049576	0.17268117678853706	0.0774805202299903	0.056796206679414596	0.014848720083062166	
0.0054861773090245465	0.17370113077045918	0.07234916513197771	0.09330199154386208	0.2889573043892995	
0.4203811624187609	0.3311857299385916	0.14672320444022482	0.20987551038297503	0.13330321611143134	
0.16846206458116675	0.22226637723662196	0.13002208253385697	0.20092026798925686	0.17888944978873308	
0.01924961427550772	0.21281064203516992	0.23187629299749743	0.28504336732221297	0.23321052681380322	
0.0	0.14133667920275939	0.018339429872203716	0.0067388489823651905	0.09468638917074863	
0.1272356462384182	0.14049225773415686	0.11116941087866855	0.26931074780585307	0.08948726895820695	
0.11131096074303586	0.1560191524821856	0.10640204903165858	0.27704799451428164	0.017170881550503343	
0.2787151746573684	0.2856236647634573	0.14833387842494167	0.1294642135092296	0.17502779162231963	
0.06322891781414085	0.16716057356482142	0.14580825738041234	0.10821324271528819	0.2986588168126446	
0.14567123171010626	0.23431823887141934	0.10549359232247645	0.0682226635638709	0.1344532001459162	
0.0	0.23928761031852533	0.1389671225110231	0.45752694527452853	0.0	
0.06164144485468525	0.25023579943059493	0.013167471202042466	0.21365250777852704	0.04163726440879577	
0.030825511703174064	0.244557180007706	0.26787432552505813	0.01688610481057219	0.1476170535165819	
0.1682346031171655	0.2967856997838417	0.05306161560685082	0.15919707306787242	0.10637826632144144	
0.18820666788565715	0.15946642404007091	0.2822806033782017	0.23771889623002002	0.01217217257563521	
0.277629327226496	0.11175711971625148	0.26361828355614725	0.14050507837327003	0.17445488658168337	
0.015227904034740839	0.28216057070821116	0.1864921879188888	0.07190728748932114	0.04016351270084426	
0.0362362074260822	0.11818470218421365	0.029178946801633864	0.12545733873476708	0.10518830361344174	
0.18617504659871031	0.08054588879686153	0.221355300883868	0.045959418173166774	0.22592031594046225	
0.10963632300449477	0.01173313814425663	0.09191245214201806	0.23334584645698092	0.11966602818418338	
0.1511528448143099	0.02408422672431116	0.10345199463608605	0.17427715160670842	0.11288847058179774	
0.0801763833730007	0.022285908404702168	0.11726956302270923	0.0014231204354986963	0.14828417174126451	
0.18818740190121777	0.22479295882620998	0.2744554997719211	0.05714691043670517	0.13595469249786857	
0.19409382017295088	0.049309639334152326	0.1772971564001045	0.007031159861920619	0.20238130912339866	
0.2724446328905318	0.29840683977694343	0.3447765882751727	0.2821647165206635	0.1832757069435389	
0.18633851751050018	0.2166308941351422	0.0011987391572697388	0.19406002957339472	0.0019046649692533804	
0.14302438090002925	0.11839942118761143	0.18472397549294534	0.41794158705021256	0.23204455965817086	
0.07616905077093454	0.04745753191180174	0.11573658590659183	0.06695202200800035	0.2562175791199546	
0.2875291663238319	0.27272138383275196	0.04073068385432832	0.02758954995888365	0.2997188502593682	
0.20635334741765887	0.23481224214174617	0.26039418936778086	0.1805868143996328	0.31091907762557647	
0.2558934624804209	0.10758186051671545	0.2898223321954162	0.17438083277282151	0.07250716826309016	
0.07798435564098864	0.17513287795912205	0.17285519388604895	0.0073085834437375255	0.056665486546663285	
0.28417574298706466	0.026563716806023974	0.1415964604924559	0.06425311320213861	0.013632990143603061	
0.1727937054959778	0.0172773855653995	0.21581410077917412	0.025242422613063798	0.04412545319963773	
0.00998191748691818	0.2589278676754468	0.22437458834892257	0.2315087966819164	0.08393103449431548	
0.03549066015011571	0.19092840926604587	0.26874185068119905	0.17019614147046266	0.22721051150660115	
0.13439901167104873	0.0235316325324417	0.03297319678623113	0.14096327254726246	0.006750138679707956	
0.060886181324728623	0.17950783389609784	0.10886540854361502	0.254321120727976	0.01748035463910912	
0.20497182957710877	0.06821210986938053	0.29699987350293416	0.1477122223689844	0.03453674454573709	
0.10206391003885529	0.21758175489282666	0.25504005530194396	0.10029184859195202	0.012183771941978382	
0.25639170748678763	0.09229847785151232	0.1492205663617665	0.44249886601689614	0.24204611668475504	
0.06064713206336563	0.018150153113183833	0.09384537607532026	0.26792221960613627	0.06080017756445786	
0.12737499364570498	0.24591437932461813	0.037873540222716606	0.26422772991566346	0.0747390892062567	
0.017004676344971815	0.0	0.1185381763609511	0.11498873569025678	0.1964748882223835	
0.23843379464429876	0.28564353007915144	0.06891942078726039	0.009776486143846368	0.08128402507309593	
0.10236188371542378	0.13833420093361617	0.07908505673680809	0.1607386579488944	0.2212545778095676	
0.1356608037899757	0.23937288547471167	0.25679172918814364	0.23171204836569065	0.2574172982968891	
0.19356890196114582	0.258932561132699	0.13111099271656682	0.1004988832608677	0.22340144605608248	
0.26173868152060564	0.27130090880149904	0.1658615736131987	0.16250710084722672	0.05814055729252605	
0.2111029594645187	0.02759086934381688	0.2920753692683122	0.26676304029108383	0.0842721140634044	
0.0014011008121976377	0.23399156913363858	0.1150434846796166	0.20437830609427216	0.024780113974669754	
0.0794995158714562	0.07620097925934458	0.2997124017145298	0.1834949353614715	0.13625364176712243	
0.07750747869684824	0.08480169514982223	0.1466961402382014	0.029851070606202557	0.1202113136698524	
0.21809645598668656	0.01981429886342965	0.0758937553418036	0.1215465500774715	0.17691645504181416	
0.1108560188948398	0.018854951220161276	0.1453123355166775	0.15364461658844758	0.11255996833108371	
0.2767161717421704	0.2072903896412181	0.1704442302072492	0.11821780369925004	0.06985264042673249	
0.141589313428333	0.0681134692362333	0.13749611263363246	0.09236684501273631	0.07692664415968489	
0.25516167723587585	0.2410309169917107	0.11119845505792893	0.0122662155500043	0.15498802083221244	
0.05087378317110102	0.2163430277197635	0.2934968960237629	0.291597012578179	0.11985825102400863	
7.469348234624552E-4	0.27177892424024297	0.2792404691232946	0.15282057504844535	0.010829001140805265	
0.18602337727745422	0.13791429834556848	0.1861500963238277	0.21741743623602106	0.12790219740837122	
0.24283223424638806	0.15871768753308596	0.02162097633883071	1.5342601288938088E-4	0.19151278352233253	
0.2372047053410277	0.061060180084741504	0.11939157011064812	0.0	0.07788257368876157	
0.1701522824511446	0.05668389767185594	0.003021781884460964	0.14954161651590855	0.12947963955529976	
0.3708786445474426	0.32359856552671235	0.1435297820482589	0.39045796849624237	0.39944675096057325	
0.09347765096154691	0.2197045559548531	0.05011242090673416	0.16592710999432858	0.01871081540936754	
0.21703389856948294	0.19424485649157366	0.12240430507902784	0.18176871336046604	0.22829790973980252	
0.1384944293466981	0.12402521547113808	0.049851045634823586	0.10592357868379002	0.1757621986347622	
0.04931046511305402	0.10149720855434813	0.038717778500392014	0.08727382271501885	0.11619755035513822	
0.12667480990154736	0.19840891037130068	0.2676513286253419	0.2412744511186811	0.21545055806718036	
0.5304521821719007	0.7802448511722663	0.6742529098954316	0.19914316670848045	0.2350540994857122	
0.060134295610765914	0.026288234160739606	0.2006026724995853	0.17806034240062943	0.23108596072409873	
0.27425083109086423	0.08424125852417172	0.09767316819429757	0.2765192838846905	0.0972218131584982	
0.0937292883544908	0.28806210613606037	0.0029596009605139355	0.1983088114571571	0.1671247421924246	
0.06446280136630729	0.05734181431387614	0.20024587023474685	0.2986272621053013	0.024079477234786532	
0.14500813025732037	0.06455942839908328	0.08472870728034324	0.25595275278564333	0.25294764775461304	
0.290110777270478	0.5411014844411282	0.17663617570324877	0.752626448471959	0.4605612371702332	
0.17145715023214017	0.2509574155150228	0.23317449985003827	0.0840760499600049	0.10383361269422552	
0.2596742890139073	0.19971224075028945	0.10932989321262589	0.1397028253918229	0.19568630944979107	
0.14303929862785852	0.045070244206633504	0.24785085716001437	0.12313107598342181	0.024388714541519665	
0.18456570394505925	0.26921804193994775	0.09102052486932748	0.1828141552755385	0.05254614595340174	
0.4524350667618648	0.819298280071949	0.3151967835303247	0.38398040040810016	0.525965961670497	
0.013572778575467043	0.27776984647816283	0.167169837310377	0.10637583266477688	0.056807832766868405	
0.15522363876874698	0.19299642338336256	0.08769972232302842	0.12218371319968606	0.2748254750714841	
0.2544786823961308	0.27671064640147397	0.2009650826992826	0.23924677575113534	0.22729856388839453	
0.0025318112708202643	0.27742661052687084	0.27784798601271027	0.21674101102675267	0.18897979063165582	
0.0	0.11843907426910529	0.1761174380352771	0.0	0.0	
0.207850332311119	0.22520063987807148	0.19905712379435397	0.24584837968430107	0.1733081199847596	
0.20088996895554287	0.23755652841356523	0.18985055292495895	0.15167031462486705	0.27355106901029974	
0.09690239167728502	0.2455300772512066	0.0	0.12829981465429252	0.0544636132918429	
0.12680387863082662	0.0	0.09048009859539215	0.20855855049209432	0.0	
0.2575514728021781	0.1015266049616501	0.24106970838518554	0.1869446846736161	0.13232297889185973	
6.71216490602809E-4	0.252932242845056	0.2639132650608734	0.03224464305435263	0.21779732880730052	
0.26143845945627725	0.005457682174413758	0.0015270329362206405	0.12624948497640834	0.299706145735319	
0.001400454842168576	0.10306769818063626	0.023917293826746712	0.01382349623662301	0.11370900159991677	
0.004337141677074953	0.1389718498356043	0.27871916490053344	0.2966457076209026	0.2512229440783041	
0.10800743181948169	0.18401483677516836	0.13984689771121173	0.24969925173952157	0.2735815520507749	
0.05566398000745562	0.03390914263348807	0.06069215026955687	0.27533026405676675	0.14442853482168105	
0.03278544283848443	0.172319313134476	0.12257391003346839	0.25891501147680446	0.19758297978422965	
0.1879335464382776	0.004381122831624829	0.294683745590094	0.22562354917801816	0.13575229259044408	
0.2462521981959769	0.2353331553359958	0.21922021996412175	0.2600868599015318	0.1402713838975269	
0.175878906808353	0.21328707188239637	0.11735586548630149	0.07303353044345218	0.2375399534717062	
0.07518812665576287	0.25775287707803346	0.2291174478848306	0.20932025876902885	0.1014201855779772	
0.12220890339606512	0.1988165113635034	0.3628323500628808	0.3638016063980006	0.05047011801951938	
0.08551192742893234	0.27166903379720125	0.14957305952923178	0.09670646741524554	0.11561401361820639	
0.09178252576908284	0.04450173871199065	0.1738878519788383	0.16900394026216042	0.11589747131410674	
0.013025413091243061	0.04749951930658938	0.022584868876289046	0.1410891497718103	0.27753856356381	
0.05533371158626026	0.0485370462493567	0.02570492560398262	0.06322173690157297	0.23127167538254978	
0.1706145611225809	0.08207689962744184	0.28161208107039093	0.2955981607376336	0.03168091022871571	
0.18288978259815253	0.035077399747014175	0.24785319459741872	0.0032270026540541655	0.279267140009231	
0.0141116050331083	0.10345312717552926	0.12861495678851706	0.16135523402429744	0.05285204687350884	
0.15618124162542807	0.059391090741435705	0.11644347753170246	0.3696224575053616	0.07941740037322832	
0.11482784033429896	0.21523852664638113	0.057752375067428856	0.17884337271190665	0.22931848778772124	
0.14906094157928787	0.09674698343507843	0.29836797111001584	0.2845487769273765	0.2336160947479523	
0.11039441811419681	0.12885361499152886	0.14677365685315816	0.07481372320512968	0.0160265489433507	
0.27937077778898706	0.16217873637422298	0.16943591072891118	0.17807250392637633	0.29511357688605494	
0.042979659828054864	0.2998991122910966	0.2980033688673046	0.15811220968622103	0.2184409795302272	
0.0803068816530674	0.05620964469411638	0.010626655476366504	0.05307006246868339	0.14787886807885037	
0.10779108432801138	0.0	0.0	0.0	0.0	
0.20669983546991363	0.0705084775733612	0.06196473370136332	0.15743590042855443	0.21954651333502306	
0.18246575422044328	0.019882324946757016	0.17163719561021432	0.2934294122173799	0.1475719701597272	
0.21777423961922496	0.008126625781295563	0.2807485847317318	0.052293784641935064	0.14582254086248447	
0.2711098853457002	0.25198775584868555	0.10915194756201282	0.08961852939129358	0.2175258746252613	
0.1970044794853416	0.16995715769481304	0.2940334550905788	0.24897754127981467	0.09917671666512562	
0.21079875690649919	0.27145832940381104	0.2868755416791685	0.20312936982002713	0.03218773679560029	
0.06795684499876821	0.07351529657692574	0.25989192943377704	0.08085844309314419	0.23338478376109467	
0.2976319147851037	0.03743008465302492	0.21515957702360738	0.11679595135184156	0.10848941665211713	
0.24002861191502942	0.13455202782349043	0.033468392510662616	0.18589984887441496	0.032598146166579654	
0.05285422909581238	0.2042836634399371	0.02665650143858107	0.23034031578463954	0.1306551465174596	
0.19156885940755303	0.06282029498286297	0.04338780636247746	0.09277078820529354	0.21336402361646678	
0.16549806672621364	0.23554876634302893	0.03581376952824922	0.11973849637922318	0.17905015344905809	
0.27534597681201556	0.27944225159878056	0.07636925809995643	0.1230255006339116	0.018912787723587135	
0.040007361430219206	0.2949623787499781	0.02308824505345164	0.2856915130369849	0.2057134864657347	
0.10043606484015212	0.27674214529487834	0.22470723771227674	0.24513570670962126	0.2226058090538261	
0.021948411513321046	0.009582301226710417	0.039453895958253965	0.2301472215324593	0.27289036457174953	
0.011325437506341062	0.023210255625689253	0.22899912269016454	0.07898446491091021	0.1338573108037722	
0.20788300222433112	0.16756641475932335	0.018928972736639807	0.11551601458697959	0.11852995846310577	
0.1825200416334905	0.06892341490306578	0.11626018685474204	0.09873736668995757	0.24292512340202288	
0.07905566595906179	0.224387434463118	0.1333937891012427	0.028634270543155878	0.27844680572306496	
0.19355346944144433	0.024445383440942294	0.21550049895431778	0.415719771256536	0.25106707250320665	
0.02696177743708259	0.19292082957953516	0.15601339481207963	0.18157594320753506	0.1951230072080106	
0.2551952282362817	0.2690431976839384	0.17291364925749067	0.2186550714436601	0.2814623357536471	
0.1156261707799358	0.015849381332537955	0.059381401019577416	0.009876868162042666	0.09308746869006658	
0.06547148404691708	0.06736396086393942	0.2884245264655944	0.10385353448817142	0.03156563182464301	
0.08747956650920556	0.1717345038720605	0.22946111572400715	0.2533000591955103	0.27817687636835964	
0.18780113025356585	0.12523167242187938	0.25577223969912505	0.011574494185831147	0.18928642006572588	
0.01671518625162387	0.2043965393008782	0.14955650260478298	0.1673102509585244	0.18889313464444019	
0.04328379890435446	0.06637272297000489	0.28552901065625386	0.20062153246477357	0.2896612052360824	
0.16734233838619614	0.23410502606472197	0.21716521160981891	0.12265326262619529	0.06658545736177447	
0.0925681332589111	0.10089981464443097	0.25733248510243023	0.2837793998377146	0.21060886433396878	
0.23166960335699494	0.08242286752828402	0.1756189492641291	0.17155325642551295	0.1739120400947895	
0.19719602906881972	0.003118592708114958	0.020798906779141233	0.0063945185211601455	0.18063005279217142	
0.09640545009912271	0.13017329532013888	0.06081339579867782	0.13205012174646807	0.2873985222660535	
0.06393098757240055	0.15482606042440294	0.22034286398052078	0.09657289059661622	0.2045051168514336	
0.14630485849409866	0.21037824745329453	0.21871947285354532	0.10287583516549792	0.08707488945047073	
0.020099591678705998	0.14843455795138025	0.20086054603759804	0.28489504264833543	0.17610863685420716	
0.05397379669084799	0.2785355187257203	0.059034294501731636	0.0775417902370732	0.14557249802560868	
0.14526450115729228	0.08044800672598917	0.2255470757431569	0.21655741622493405	0.18604667580610554	
0.19710166780171107	0.19875225193111717	0.028899907233802893	0.22325417398801337	0.0031064889610014756	
0.003536782840189011	0.08088249141705614	0.2530652146710889	0.2672472655602644	0.24681911663479564	
0.2315724213538033	0.05102477474255286	0.02076281597089177	0.2097364280453879	0.2738681423025423	
0.13452208369044288	0.1286082766062088	0.03143057945136383	0.22464358192643644	0.09893806066586183	
0.07689145080943675	0.12082105765825889	0.1570424154805628	0.13537121193222204	0.28629130293527927	
0.24090033757402265	0.22721801478555403	0.05584479134902084	0.2154063371652009	0.024187319767787208	
0.2449277596519602	0.036891849246610695	0.23144025782811495	0.0871556701166736	0.10946252474389678	
0.10820680734246552	0.02997359378313831	0.21741239705813975	0.17235338492176921	0.2870765647083299	
0.13905032083594718	0.021168582299863327	0.10180436788335813	0.07261120999831887	0.1931087936074164	
0.013816005462293892	0.014528518246523877	0.08080850237915126	0.1583327139567589	0.23469556594228544	
0.19136357463716197	0.10354137189405004	0.1872576377962827	0.26954588724309314	0.22690344517691385	
0.036208016644779115	0.0	0.0678851896810531	0.10708355294914161	0.07725240261577039	
0.24813840935478698	0.11051675944646029	0.051157906010354706	0.0863338137927089	0.2058919215059642	
0.29332155981831853	0.14295639695323653	0.05083841447341621	0.2912722285785255	0.23296591750462564	
0.014100688702514005	0.10769953036863546	0.17989930704355855	0.13613785879384896	0.18031015711881523	
0.25299207708669463	0.07844449448473402	0.002703312042555936	0.10804271603084294	0.049220851796870455	
0.296714649342668	0.1357829669974495	0.272195928636797	0.2668378808975801	0.15138674038393052	
0.2763949539792346	0.03013447036796427	0.03209183756540659	0.1267419887216559	0.16847675899251527	
0.17050603937344852	0.15845000479462212	0.1322106295878219	0.22094737835846254	0.12587609929766036	
0.042576132413674236	0.05589760215926324	0.294490244392936	0.2776768120731338	0.0014762192507928493	
0.06970564705731845	0.04607261911631912	0.22395838236830007	0.0700920881389906	0.06385854434520287	
0.18175574367007416	0.013006437382515596	0.21503536622049094	0.10758615634569908	0.08589644373577084	
0.18425801348442022	0.22760887274571787	0.13207835081019154	0.21821967666084868	0.24314603407457497	
0.2206799386967561	0.020477123783842626	0.022008364136596955	0.0632787631792166	0.26008370271929604	
0.1544140158691857	0.2086818329795572	0.12665959285703243	0.11620749259942868	0.16082775839146243	
0.17568246404568924	0.252556167222169	0.22276035107061748	0.10862418933322808	0.03485449467001048	
0.11769885445758387	0.22984271491123862	0.05194025325609023	0.28825994133971666	0.10140968817905927	
0.18388505174975475	0.28647109293481415	0.12622358225880742	0.12741635258138861	0.09960448365486212	
0.16846774230625816	0.15419569087222074	0.19061166583946873	0.0833344080101898	0.06161496886971528	
0.264930373688436	0.2340616790850162	0.29943967504661945	0.0979051751597066	0.00914189516154767	
0.2992231820981681	0.2536351736465448	0.0015999051921161023	0.1274879752166151	0.2973131769729091	
0.0988780504081666	0.1964784471517536	0.21800100854276003	0.14943068001853077	0.038942437510506495	
0.20938790950728955	0.23669242863370965	0.012275373770260618	0.23330481692798083	0.11092332521208657	
0.024833195879391468	0.14824866789817506	0.07307304681702369	0.1646392542079173	0.27046231244991004	
0.11279494256680288	0.018069957132701066	0.22459448952941485	0.006099073148358461	0.020589617883500395	
0.03975266815025857	0.004917034816758256	0.15732994526228136	0.10372808427423379	0.03536924101656269	
0.15010323715561155	0.03162827723712557	0.209778030235691	0.028577213707648694	0.25923664931463924	
0.1546108689620613	0.2884580030472286	0.0775402708839379	0.17678277444632223	0.22748152013995107	
0.18647477669993534	0.1625335979387123	0.12427959122824168	0.0840257666254114	0.018043140502510324	
0.12245611070809771	0.2456038817863693	0.19834890069880856	0.19364394147994068	0.1545003559699758	
0.15403506687695911	0.07659897440305187	0.07843622030471223	0.18045746147857833	0.10771875365731065	
0.25011696294751223	0.11810423732811681	0.22493610700105582	0.29456330359194766	0.14892097912408173	
0.09116491454132855	0.03214271495655059	0.19392221087841294	0.02038880595855002	0.06445887302425159	
0.08351011491722868	0.18563371663806902	0.21189224337767584	0.19518688639645615	0.251688788117721	
0.094844814999927	0.20942785722683402	0.07548108008484512	0.25956969690597176	0.017860669272963463	
0.08615662752663245	0.13743101014836331	0.28007303231857034	0.03468193385974591	0.2669058432767751	
0.0	0.0	0.0	0.0	0.0	
0.19781814442536136	0.28643495947677483	0.2793294033838687	0.054963221969034075	0.19631743920253134	
0.23951184563587222	0.012830805652926842	0.04057991604767292	0.009792098830910988	0.15793366855329302	
0.06366724629228374	0.20235935967398042	0.1672951152517824	0.26738100422158717	0.20566506719915867	
0.22076909204991288	0.23899853741897284	0.054675947669580255	0.25880005896226677	0.03746776929499935	
0.10416222871789238	0.10508146667100929	0.21174998546175489	0.031573111053273796	0.19429329575026338	
0.2912594470758094	0.07187048913631479	0.262546436433101	0.010539800238972856	0.03037678795949906	
0.2390934495323592	0.25190241453078743	0.26136647062382345	0.007300018969390366	0.22469052766603706	
0.18623720069072994	0.2418173808780464	0.06667472158841276	0.06611599100761739	0.20280731660620258	
0.22782500926067076	0.21936829975155422	0.2020516268358721	0.07881195282777571	0.2235962799542869	
0.050802603317912684	0.09390662823285675	0.0705130707730884	0.14185654223834326	0.10140601793394864	
0.2989331378381599	0.24346047789270447	0.16645444228049502	0.07798731333322385	0.19996657395466932	
0.009424018547066213	0.06941026373810369	0.28434459270972834	0.12085835830589646	0.028141278744897517	
0.22766601819584548	0.28829883563063236	0.2466789945628241	0.03786039299127949	0.29470916337592473	
0.015266489969419738	0.28085850848899585	0.07758718046556991	0.05349785769748989	0.2350181154234675	
0.16715793694178252	0.009837252201378873	0.2808677285609063	0.014993764376667867	0.29856673283629304	
0.08966465099279022	0.20936189251199427	0.25244055075385274	0.02846234740750213	0.2223967311721931	
0.18755042467866165	0.1265652483614513	0.19560937051037017	0.030062140488212808	0.17366843390712172	
0.10890950416792484	0.24694926150516067	0.29024773234335144	0.10947560784719558	0.1402344947718109	
0.14408921399626182	0.22247580317068266	0.2581740859261283	0.2152777995313252	0.10363111743899882	
1.9371191672316708E-4	0.0819931989068167	0.24437881508648654	0.1070961480152455	0.010490758790555154	
0.1788311341237711	0.22416750468108798	0.2895432216661877	0.2275268166246984	0.07135863163900548	
0.029042993104238884	0.28412011089912176	0.16751749432252105	0.2886593662741625	0.14008437506752355	
0.27205742943197775	0.26994034835267816	0.1432447257645734	0.14871962049810705	0.24648404215108582	
0.19292154661540897	0.14848545129136442	0.1270300112433686	0.2659660791605698	0.04089458003622079	
0.17725544892781098	0.015857778359922706	0.12807546691783975	0.024806688536263905	0.2969295785018264	
0.07985020236078225	0.25182764301359917	0.024735703649899732	0.07169018342926374	0.28608544601513913	
0.10493903525913865	0.16027659854263165	0.24392880655204802	0.1006288279505658	0.270166187248972	
0.07857403476526367	0.25674671263422216	0.0533850125118703	0.17773598189671347	0.25472665570032926	
0.20073240260771888	0.09367904043997187	0.28953086290594965	0.04269543850676538	0.007159238843759686	
0.06861136992035989	0.24416792781317445	0.2504649301266243	0.021082885271766747	0.07086540062406226	
0.12347240801567158	0.09154253427197029	0.1288228221934868	0.24803622871993858	0.22324999530553888	
0.052396183950637054	0.013831230580382678	0.1315157119285936	0.24684680968581035	0.033504540560502775	
0.15347174738961564	0.23290448400978767	0.06838914848290606	0.1495124189993739	0.2546695395137628	
0.05710072322981518	0.23296786953724602	0.14593592667778932	0.06921553867068177	0.12502904401892953	
0.18185982578753337	0.25091357339493564	0.20454293484573252	0.037344329146319064	0.016119706800159644	
0.20123871534401463	0.1742523845601308	0.09993577458907325	0.11579448351978228	0.28694033946637587	
0.2170902962369922	0.2158213987453987	0.2505266605051138	0.021135809813040723	0.22322083658307165	
0.07640312467427597	0.12609909600677385	0.09343552069587818	0.28659520389384746	0.1212816556042999	
0.2139283475234872	0.16680833040564114	0.011569685235533837	0.09574605737160212	0.011158793182538644	
0.17787765183929674	0.17120068121470827	0.026857424772207032	0.18689720146399086	0.24650950872935573	
0.01500281979442071	0.03728512505927047	0.2521680796004567	0.03554483616918081	0.2966868844514944	
0.04844455959675281	0.29996571296590363	0.20469148705903475	0.17556124229685524	0.07405745287672241	
0.0370921281461003	0.1679874619059322	0.21863659194941817	0.07540415552918858	0.22729696097915572	
0.12241917522637218	0.1057825308636708	0.044785981250895876	0.03778014082017449	0.21814996960538915	
0.20408519424034263	0.098409516576606	0.27702561831253	0.13957244927914556	0.15377240638313783	
0.19715372015218646	0.16813681345897205	0.12512727093340256	0.15807619027252054	0.27405081091249706	
0.299508527554383	0.08242880542080216	0.14454856422659104	0.1271268418259133	0.04273134710988272	
0.16614834379170149	0.10494625522938274	0.14088056433913884	0.11658173199510773	0.25698626648283196	
