0.0	0.0021841802089001446	0.0	0.29017145171264985	0.24589368031873182	
0.0	0.0	0.07798559488927644	0.40666353550710227	0.2115503714209989	
0.06644725782216214	0.0	0.0017568182579483288	0.36982556487899276	0.1458636048140708	
0.0	0.1640718359623541	0.0	0.026818518569453723	0.10324271486635946	
0.0	0.0	0.0	0.0	0.0	
0.0	0.11753922310754224	0.010888820078552255	0.42496192515138037	0.026362217622632522	
0.0	0.0	0.0	0.0	0.0	
0.0	0.0	0.6504536911160912	0.0	0.0	
0.16489004713119826	0.0	0.0	0.07388055199541617	0.1858136146269997	
0.0	0.0	0.08510673487773093	0.47602643188196414	0.15013376686538055	
0.0	0.5202599527065449	0.0	0.30511265741724136	0.059398281195681774	
0.09066960285882651	0.09013008635359297	0.294100926757388	0.04568233952907562	0.0	
0.0	0.24520281817710837	0.2934102886205634	0.5163444597322792	0.08004131087888754	
0.0	0.0	0.0	0.8064092186574388	0.12368971744262902	
0.11029943298320238	0.2666287059562171	0.0	0.05064422675220932	0.06679081350587386	
0.0	0.08168543245280988	0.020048795738279276	0.06272269815610083	0.5349570459687483	
0.42231043039934957	0.0	0.10936167894539646	0.4427636009701271	0.05053396188951093	
0.25783631469286467	0.46765670406819565	0.3919957224145834	0.41892892505421364	0.22335889873415657	
0.005201223612081702	0.07528992171348846	0.0016395865018611004	0.011208879167246352	0.3348879878867475	
0.0	0.29918568575913984	0.0	0.3750711464719445	0.09322944806142089	
0.0	0.044375791281071233	0.041795063183481466	0.7975344509047373	0.03973750322437934	
0.024299697692095983	0.03864029791850295	0.0	0.2955521197239155	0.20545827230032165	
0.1064332992478609	0.0	0.11331241109061665	0.0	0.02317243248925965	
0.0	0.11553131415412393	0.0	0.13107397507689744	0.07994941138242473	
0.3774017026636652	0.13132523597174334	0.027511486361966205	0.0	0.34424784210108406	
0.0	0.0	0.0	0.592583697718974	0.07693506195003104	
0.0019705997730260585	0.29440573008235826	0.0	0.0	0.0	
0.0	0.42043359043291567	0.3622212537931351	0.32171664068303313	0.0	
0.0	0.21185002876726333	0.20484154259040066	0.025767160378888834	0.050541841259010116	
0.35401644923677156	0.07020960936552612	0.1372612553697034	0.0	0.08847009716194199	
0.07890584938543484	0.0	0.0	0.10418507198953973	0.0	
0.0	0.2531921322286211	0.0	0.34337865908362547	0.0	
0.0	0.02013938305325519	0.11706529167918527	0.8683369685731804	0.20125479047555336	
0.0	0.09987300552043825	0.11608039243061033	0.2226975393173732	0.10017684385873409	
0.5375056234428133	0.014082344697119352	0.0	0.28641849857011303	0.0	
0.19047563947018664	0.237538481289155	0.22867589290163767	0.4251408575832655	0.23688206835764014	
0.0	0.25527102732516027	0.34092828496306	0.054809714277507644	0.03757078819581645	
0.0	0.020609698127978672	0.0	0.14874834037375506	0.19942436532203947	
0.2543310195886206	0.03657834438503095	0.2821329688516703	0.194695217097593	0.2655916815081631	
0.08369711222424618	0.012040197124368393	0.28529328308509855	0.0010242552940027596	0.10136032652123542	
0.25178741951609784	0.12324663019169366	0.09791437559824114	0.14314533588827294	0.1272621028880105	
0.0	0.33520763810012	0.2798214991199485	0.16677461356872245	0.1623908240495129	
0.0	0.0	0.6527707322622633	0.1311446406341148	0.209766206951945	
0.07646999452959355	0.07577079573265272	0.23107255958156844	0.3411060150187144	0.4016229893662969	
0.23248292506771345	0.08597883256579349	0.038441613266476056	0.22346309692517946	0.11392383158177545	
0.22953555476939666	0.23489399472871703	0.09252385325970551	0.0652254204725668	0.011215721873688309	
0.03402063677364585	0.09191272041891438	0.09151738057665589	0.21174478233487354	0.2214831899539473	
0.17905860678053515	0.28692546641651245	2.2557832943359354E-4	0.0175173503344721	0.34661589650973923	
0.0	0.11113703750062648	0.28440930996110125	0.0881250631173395	0.08827001455868648	
0.0	0.03494810200502827	0.025405903906644666	0.43283287994826125	0.19302790072969112	
0.0	0.3871291675095151	0.11627132706074265	0.005741432968164519	0.0	
0.0	0.05949599447401059	0.26106271949679943	0.13341601529132113	0.08120564569864751	
0.10172234496988172	0.573667774863185	0.4618940985727484	0.0	0.0	
0.0	0.0	0.3376261805628862	0.1362019373048292	0.0	
0.13922985643728406	0.059711761441620825	0.0	0.0	0.10756872010038486	
0.0	0.1799410157294513	0.29845636530839326	0.003343482554017964	0.0	
0.0	0.0	0.0	0.0	0.0	
0.10855518568524929	0.0	0.0	0.217359273133427	0.05866095761273757	
0.22835040919521107	0.03222049936616544	0.032397606404098764	0.253717598759282	0.2374032576083289	
0.0	0.18553619193189405	0.2387657864955823	0.10609313115238739	0.0	
0.13590066862453307	0.2114256142150538	0.0717686656161663	0.1483610916566966	0.0	
0.05903541546149794	0.0	0.2524553511742624	0.14514105666016566	0.19323579178422567	
0.17023373938788242	0.07780517279785014	0.4899123126151677	0.44918147139600434	0.0	
0.17259300785455065	0.005411985136182037	0.12313437969285289	0.11400213242602225	0.03622484830674362	
0.3625505281231628	0.0	0.0	0.27492053218413437	1.0972027328283382E-4	
0.0	0.0	0.15217364155569063	0.21816002264226347	0.08998546505149232	
0.3911087325468171	0.38020381068168885	0.029097922896106344	0.1517853397869253	0.0399164050478736	
0.003988085339489341	0.34546974589884843	0.24231037643288758	0.1515171855227741	0.0	
0.23353559596690646	3.5128404089722717E-4	0.33478950148571945	0.13762748885543932	0.07459371401996127	
0.2913266877840283	0.3857950021423387	0.2143923913158265	0.21914547148279012	0.04910937823990216	
0.4592253546324976	0.005446640329578047	0.22590015132047186	0.7870258797999524	0.10837293382124367	
0.13132694932931033	0.17001303101682327	0.04034790663919291	0.3595732296970861	0.011374180336171692	
0.08572361083225624	0.0010116065430937542	0.0	0.0	0.0	
0.27449878709902686	0.0	0.0	0.0	0.0	
0.0	0.1562507226593074	0.020415526621912112	0.18433760134817492	0.01783329254911606	
0.13079009882627246	0.06583251527360114	0.04871194923714036	0.20372817967787937	0.22077352727650557	
0.0	0.19360856908459895	0.21174732600660345	0.11913908194048153	0.31571111944048963	
0.0	0.0955745311345636	0.5776307758974816	0.2959150413104439	0.17961580799113627	
0.0	0.09517497563185368	0.0	0.0	0.037489934651824854	
0.1875801667933661	0.043719662968942315	0.0	0.031158337223973116	0.12143911261090894	
0.36064214790851024	0.4985858149522072	0.14379317146556556	0.06928878462354356	0.19063951906571996	
0.06660204571712396	0.04764103280772646	2.7100465528557914E-5	0.19823563881054287	1.0719308289063735E-4	
0.20968339453505047	0.32097571909087236	0.33623698171533223	0.03449617813438622	0.32158400253769975	
0.05598453801676347	0.12049610655728493	0.09901933522825156	0.2013772815870357	0.1598413015393171	
0.0	0.19128561929313143	0.0016036757771266447	0.3301360951326664	0.024132435872434913	
0.15114396594990617	1.12964075429711	0.20264636507442815	0.0	0.2163633439770001	
0.0	0.5171101612152887	0.1431047591488325	0.6503172261474697	0.156364102370282	
0.17457198703324753	0.2483693072440698	0.08878128886595832	0.08295209135579644	0.19699670400819536	
0.10191128076885149	0.019113519639955244	0.11006904934207251	0.14025534387774438	0.08070612457676518	
0.1261032720703938	0.4493010941971578	0.29387115374976813	0.12593887321116878	0.3367331192926788	
0.30854016575412957	0.0	0.020106847982611243	0.1721368696781275	0.14195601425366622	
0.09576318722197322	0.4133757825789753	0.038824620254589395	0.2878342533298821	0.0	
0.0054764617559644145	0.14893049344007767	0.1885297706827858	0.3457261710935391	0.027967869757863997	
0.0	0.175643149909595	0.12391073290099297	0.14136114676724473	0.07787775179147494	
0.0	0.2723495838998468	0.15281164275705555	0.14407611903543713	0.14034748415651171	
0.28530600831700675	0.042840594834336054	0.24736128082305003	0.23045213061933942	0.2443301895001322	
0.26955716687889725	0.3518424543178848	0.12333931463498675	0.0	0.0	
0.1099747634620285	0.2311188492950626	0.14926662695121642	0.0	0.0	
0.07413915842542172	0.04314485509579473	0.32206872607326376	0.30432640407553047	0.08955705146396689	
0.31811841538594104	0.0312889721860633	0.5746775443143987	0.13682674301789677	0.007494196353350863	
0.3687325761097944	0.2255676026401162	0.11545355193223465	0.3730613909260079	0.0011016404110375105	
0.0934096506226326	0.007293703141129567	0.0	0.2400754300416067	0.2908294445076218	
0.29995522890299914	0.11946328236597163	0.4276977362343071	0.19001349986396568	0.3745674119779436	
0.07069826632130063	0.3525324337932548	0.0	0.22614781496063138	0.0	
0.0	0.0	0.0	0.0	0.0	
0.2982951351364408	0.19050747893580036	0.21279519055536242	0.03779837932137441	0.0	
0.0	0.0	0.23792172110167922	0.14607748625489017	0.025832783254379606	
0.0	0.06609328732162988	0.0	0.8728029782377427	0.0	
0.29601440130499973	0.03504660983613611	0.2800425025927289	0.03326418179594826	0.2774252481233013	
0.5241438494440018	0.0	0.4779710510939762	0.3683060570862447	0.10401033293081793	
0.11219542656062115	0.18488049780332763	0.14596932648053415	0.06452377152950821	0.12368660197321145	
0.13675324769136551	0.22326159318425648	0.059936125682461094	0.15225906942270856	0.27178956800834403	
0.40298886733084066	0.13098138805594786	0.4135428017104415	0.3000421645985346	0.10938604848301506	
0.20487163114680013	0.0	0.38408383930839185	0.18670787322816212	0.27217618139589517	
0.0	0.0	0.16240537039060293	0.3840073015949411	0.3529294229911908	
0.20990633077655474	0.19999598251226233	0.4718562629761199	0.19208695785512425	0.5507380233906938	
0.4680814270136698	0.10345247706803434	0.3224285820868329	0.41422430698909507	0.3732046959036362	
0.4834713320437552	0.0	0.002353327426269391	0.018024657190385464	0.07096875949462404	
0.2378435227526035	0.06791306750350978	0.15434399813026667	0.0	0.0	
0.0	0.08192729036310215	0.0	0.05691609807958482	0.01947150378175824	
0.007623850438705806	0.0	0.0	0.6141611635595358	0.0010703041257802944	
0.0	0.0	0.0	0.28465773712279485	0.0	
0.23619658657104767	0.007725109796763134	0.31632020255429116	0.2572237879738813	0.34393266942193146	
0.11396378523995845	0.10044275080211869	0.04300889905144225	0.34397023412637795	0.044039171564503266	
0.29119500197197185	0.5083166865872124	0.4822569956963516	0.0	0.02241591725079772	
0.6230579360312003	0.5145295761381858	0.0	0.2875586244280381	0.0	
0.042348758833421984	0.6123325912334757	0.2740091381551634	0.11325711436338273	0.1095255626000883	
0.0	0.0	0.5206302584488234	0.18630662415923424	0.269488737802231	
0.3014018173023806	0.4168442569035466	0.07843395277783446	0.6808105895267376	0.07540336478654484	
0.2315086374271114	0.0129218559085204	0.01840077646441503	0.04399458185775226	0.11175939855275538	
0.018385925937128667	0.058886235382542174	0.25664207795887367	0.0	0.17776322246475404	
0.4306874356243085	0.43706019829016535	0.11061227043792767	0.2045270708566035	0.17216981363932526	
0.3193923900937141	0.3781509540550083	0.19646283630861905	0.12869730628831036	0.18797301510738526	
0.09763801190368547	0.0	0.12789110049956184	0.0	0.08218389002706884	
0.1592025522102429	0.13746434552965425	0.25282907176953096	0.29465702372452307	0.24188355594840313	
0.0	0.024347833132257333	0.0	4.576544978700212E-5	0.04737289463242704	
0.16199678937286235	9.164800004391237E-4	0.280029886951094	0.003113023524279209	0.12003305965659981	
0.30616145039739945	0.13355471747744888	0.4716958336340805	0.15745656895398022	0.8113923235729709	
0.21356204774898638	0.19460156539467738	0.06774116984074059	0.14261098090073818	0.2652690022767594	
0.18760558659543608	0.29107773824383143	0.13346424970875975	0.008145276092376304	0.14881691709972028	
0.35017809529485366	0.09599379738972078	0.48069173256895253	0.300718303195518	0.3215461880007775	
0.2723378866444317	0.15139349168684854	0.08713722383452338	0.354345968600985	0.001059318627375884	
0.04469423823059266	0.0	0.0	0.3508106254580476	0.342367136608557	
0.11653339173674293	0.38138843221955704	0.4574823000863169	0.49176153044733895	0.2330189054942718	
0.23115917103681138	0.16236549593731867	0.4043898906159986	0.4238565945519714	0.5357042250596614	
0.036885016186490406	0.15551914311377832	0.05077670996961462	0.21456047269450532	0.19220774524690468	
0.277031143272472	0.0	0.12623771019832317	0.008827006000208758	0.04684079186544765	
0.2353851321615511	0.27165836647815755	0.06595622115534512	0.12286649480735827	0.0	
0.3995508142691429	0.005664534495975461	0.26390189634232053	0.1925935330252844	0.09858325256634395	
0.15321277495189872	0.030828648963611496	0.0	0.15699674495669347	0.2244091210900981	
0.3652905584638382	0.5155082272776315	0.3292160593513796	0.29597958183390116	0.07213021559168785	
0.19095364480104718	0.10046047264644689	0.01823327654897755	0.3061044657135393	0.0	
0.06477523106604322	0.3732010415255396	0.0	0.0	0.3744415173407887	
0.0	0.3826186460631105	0.020893244946745534	0.15706405946394278	0.17568168143574986	
0.18802150915728683	0.024366177410144456	0.08811386631151505	0.009630256581882487	0.08379900017948579	
0.19076087343056675	0.22705256262229837	0.3504758950291047	0.27004910354921013	0.41057294284544665	
0.28441056224478645	0.0251997566257966	0.008996238085619158	0.06939757855325086	0.13120135991751225	
0.11711498352568375	0.3114686402862932	0.24825948996184508	0.04161200213013683	0.43734797726861246	
0.05835110149558602	0.047604602026725285	0.0329485968138402	0.2523477948455133	0.15017858888441363	
0.4061242369583966	0.1515226225803694	0.03917928298159612	0.2685666495609266	0.021666257451561144	
0.33387607715348583	0.12175902738084386	0.15496871604301798	0.0	0.32005673186697925	
0.0	0.17083422506999296	0.0	0.0	0.0	
0.09012687780201656	0.28734459460556766	0.03221058247086257	0.5416347682117284	0.539545555695067	
0.0	0.17766473300324423	0.19686162169480803	0.16585853141980783	0.08329166090106303	
0.0	0.007864364315622251	0.0	0.0	0.0	
0.076593754296805	0.18290506623118774	0.36306998184799627	0.09095394901568969	0.2657872403662569	
0.044888519820438955	0.0010849982262315012	0.27464140897010036	0.05497135108610176	0.0	
0.033474081388266554	0.17980551864674374	0.1587475047668052	0.049685328591822696	0.06704779555295824	
0.15694601340890083	0.11166567541655768	0.047230467434232405	0.2535753339447055	0.010583087114671848	
0.10927264367877189	0.0335409905766811	0.2639034743473197	0.03461602676162722	0.2644523870984323	
0.12230637053469359	0.21626005102998666	0.19188149045341502	0.2704120897975879	0.24685729644066534	
0.014198105006838485	0.13843551488877656	0.5033048327345994	0.22636099038466984	0.14025282187444238	
0.1799192539742819	0.12597749383971232	0.0	0.5516959534955953	0.0	
0.16399853759032404	0.17836290205291844	0.23497748628517673	0.003006561063944511	0.12394972247721614	
0.31794284928904143	0.0	3.282539514646991E-4	0.0	0.008844481475873136	
0.0	0.17259824247009797	0.23447155213831528	0.05276376349371496	0.170432224696405	
0.17402189139245838	0.12632860729236414	0.12481794042338454	0.2342851010841906	0.05320781704413335	
0.3465901096529896	0.42720456357574105	0.24175656837344778	0.23579088981874327	0.1513652115625187	
0.15750047335002754	0.02800149607313779	0.1305527139881729	0.07344699067497468	0.27992263113319954	
0.21889637950386848	0.020767605400905977	0.09188859421601586	0.0	0.0033002120084547285	
0.01935733207372542	0.2223566913169653	0.22135980014646112	0.0056583276732542565	0.2035439016456664	
0.18982756650863739	0.031130402185653352	0.03178717443008506	0.017991844619323866	0.031281296762866256	
0.0	0.09505968941043585	0.1434633628960463	0.10284652393426479	0.0	
0.0	0.0	0.5206252274775944	0.0	0.1629269787143404	
0.21678421361819017	0.35711218653845217	0.16904652620108276	0.13772074064884274	0.46958496026371604	
0.0	0.0	0.19001223956903185	0.0	0.0	
0.4310197942588491	0.22712286573932167	0.1728432059793829	0.3856690263560336	0.0	
0.11209182918747611	0.018837497537533495	0.13951593711290353	0.026007588307879945	0.09856495409212762	
0.0	0.012417093837868674	0.22497080058534086	0.07574300869616586	0.05940706778856338	
0.0	0.0	0.0	0.40683482376981106	0.0	
0.007705623847080879	0.16131053545459603	0.08933965681752634	0.03596508509426417	0.03219743174580471	
0.0	0.0	0.2786012445729732	0.06146862044153311	0.0	
0.26418964634290937	0.15522221168100725	0.24292841560570477	0.22783745651437706	0.22720212943644028	
0.0	0.33373753895515035	0.0	0.004379009973482489	0.21349226882016759	
0.01743175777564885	0.13936615800059882	0.18577930375604834	0.23540855932956795	0.11489949545339521	
0.0	0.0	0.0	0.0	0.0	
0.0	0.0	0.0	0.0	0.17556514628349137	
0.0	0.2151868805151116	0.258798415402089	0.21140938438220827	0.056537989742060965	
0.5898864924514817	0.0	0.01403338751852175	0.3941803659970261	0.0	
0.20914267333513742	0.1649862377345744	0.2330299775459383	0.0	0.0	
0.0013932134299073867	0.11832812834745432	0.0	0.21588990643257422	0.0	
0.00491282108786737	0.13532808077144717	0.002760043713867762	0.27365435003758626	0.25712707859337147	
0.02049544052976099	0.01603707318802893	0.014085197230424786	0.3052041160545802	0.024639583581190953	
0.2816505627403133	0.8403033246355512	0.4395132813710031	0.4272976712047095	0.39663065218103116	
0.05593028909215439	0.09301773083139617	0.02991557509724547	0.09208164591684541	0.2465739675312259	
0.0	0.1388830642950115	0.17334344394299703	0.18594182345994428	0.0	
0.0246560334403505	0.14731476741412466	0.18218820551462306	0.0	0.0	
0.3588054014472516	0.05023167547187452	0.043791524964547	0.19675954056902586	0.01847458001971662	
0.2862396251632882	0.2569456709635456	0.1693565597140209	0.17158705820192868	0.13428172080946027	
0.0	0.1512626470281527	0.12092830906038565	0.006219683934960042	0.09123339480282909	
0.08614149468424638	0.13354226167670402	0.2754222478667106	0.12053388308667644	0.24994584558064697	
0.1651766986764276	0.10883875859087688	0.09553144509067148	0.1719182366508881	0.12224226040760364	
0.23875203792850955	0.29375526120781154	0.3516461802421778	0.09432304151639302	0.0	
0.1667797338545547	0.060650055120452864	0.24564877971350577	0.21699393424257882	0.004005875237244554	
0.3192308943490519	0.1649664359203552	0.0	0.24480376091013276	0.1609115001761171	
0.42024338882231216	4.689024594661951E-4	0.0	0.0	0.1983198551903754	
0.29975697535282997	0.16477610051745017	0.2449719293929459	0.08798915915044994	0.19451347047869946	
0.2502514301790875	0.06431344530071649	0.10343653504614761	0.0895563518122304	0.0728978557021381	
0.4717654099557288	0.5495932519659755	0.18555273980873294	0.5730078038791564	0.17862836298513038	
0.26675864457989545	0.20300767902488806	0.3679538861969455	0.0	0.049847020942897814	
0.17899023721386145	0.11822973891921552	0.24794399470856854	0.31964610696031176	0.09281791096222547	
0.026174674689745946	0.0	0.31882423855920783	0.3713247956889928	0.16329974652507334	
0.16733733793482825	0.0	0.0	0.3993331067595275	0.08868305703540409	
0.19902758853983601	0.0	0.0	0.1959794742307414	0.0	
0.15078660389197746	0.29475715007420095	0.23547205701221874	0.1264444207123227	0.40755305038542233	
0.10652996757395204	0.21680553643264178	0.2669258224721467	0.18320589528797618	0.25914319739024233	
0.14633425251750265	0.16930496068392184	0.358874996375262	0.08747727103115777	0.16201142324853496	
0.33832630788751406	0.0	0.0	0.09342161795449026	0.2035348312252487	
0.05952594584424996	0.23209086350610283	0.1352038043365716	0.5868463284916927	0.11314755756111447	
0.2697501556463543	0.4106397673180226	0.2816611858510444	0.07706506049642271	0.2177737516313231	
0.0	0.0	0.03171948517162137	0.08166271342350379	0.4064363200146824	
0.18335126671129917	0.0	0.0	0.026048690575320776	0.0	
0.034098066246277134	0.1878722248701122	0.17803647930605238	0.0	0.08597985401843906	
0.03652719483529653	0.0	0.0	0.021835340026893947	0.15181054728725127	
0.18996801646868416	0.2506079458507267	0.273719817999886	0.28042583653405656	0.27704627648726765	
0.16708020023356132	0.10845906126151901	0.2665140305017083	0.2873951878089705	0.23762001480337813	
0.19301856345014357	0.005610816795596536	0.0	0.19341212397688035	0.09508753109560333	
0.22520025383534625	0.07491881852565045	0.1682600440893793	0.07978254217939783	0.09029590712045937	
0.36705077412992	0.07215300956122139	0.3471321728040752	0.11428019646787012	0.15721726985762025	
0.0	0.05263067199982736	0.35763323219807003	0.19206842974603733	0.10064010147833694	
0.1891931801586072	0.007983518891794912	0.1578362290683542	0.15915210715303635	0.2088982640553269	
0.1412835474054348	0.34035753122382134	0.418677907300042	0.009741223221198959	0.22021834651325967	
0.14385262843184057	0.16831759073029348	0.14348736758636815	0.20976609056397108	0.22953680828192946	
0.061735080898199034	0.19233961767957167	0.129368027292097	0.15092912881502477	0.24305753853597675	
0.23464269017465872	0.2784616890720317	0.12487403366157158	0.6907757328254146	0.4116750601632507	
0.2841685908441055	0.0	0.31824144523333037	0.3763170001411654	0.0	
0.1738948610157446	0.21969356284368594	0.17697910667801767	0.09601716704607267	0.2216335300234102	
0.09164723153669778	0.04597214865905419	0.14883969996763569	0.20313572930482815	0.05107653241173034	
0.037177031109142625	0.2786779899545897	0.19099253357864857	0.2773998220956839	0.18690560707127674	
0.03570217854975542	0.02708170713208636	0.0	0.03304018917580137	0.1980763997250318	
0.025300529126911393	0.03444462803309788	0.04393567225634095	0.19995841156515343	0.21702773611704113	
0.07341289235351797	0.08778198212236159	0.06760672466501924	0.1060542669555119	0.0	
0.02542397573253607	0.10829213600208515	0.27465310949349103	0.22565332720125	0.09345338729738573	
0.11533110094743375	0.20361297398477615	0.23521742066042045	0.15860105045949036	0.5384296574399495	
0.22362913678454552	0.23175462507948635	0.16378461681582848	0.07476383383345328	0.15589431115898789	
0.3278829180839194	0.5969385987294422	0.004624686857003527	0.027540111506845058	0.18836784019242364	
0.0	0.19496614325250877	0.0960617384812005	0.0	0.22271317737481852	
0.0	0.14536828098280444	0.0	0.0	0.0013109949971474041	
0.10454616857402532	0.29536240320599577	0.27494332362588675	0.14817049958407114	0.13263074915277284	
0.020419916124736624	0.28208449011401426	0.027102242186999956	0.1663798597344983	0.08783163491529962	
0.09218791774964047	0.0	0.2470885124155723	0.23171986807658276	0.0	
0.09929948446497994	0.0	0.1994267991195409	0.18683672679371563	0.04427439919613454	
0.009155278594770723	0.0	0.032529670218319	0.15174996927426093	0.0	
0.06407232944330296	0.03758091510243099	0.0831021867634033	0.03274868200961603	0.05637369966162419	
0.09691992842570644	0.2995205862270153	0.30872789162447445	0.0	0.14679821009142066	
0.11358914202693914	0.2641665212176047	0.1132045806399471	0.18914001238444655	0.029618271147601107	
0.1137502866165511	0.199559152528646	0.3103983839098805	0.1829095367797506	0.15713819935685408	
0.08795017304607962	0.07702917858955119	0.28283526488740296	0.24159362487579783	0.13150066642332026	
0.05550738515890025	0.2066211689758895	0.03913235263966899	0.18597926765435474	0.14251247528646607	
0.0987042473790087	0.2186601871353056	0.17190262086847088	0.18597120632411732	0.09794393603782113	
0.19512735985316051	0.08093247358926722	0.2600997666760226	0.6728554234389775	0.3656490494451933	
0.06509412968785841	0.13098882315650615	0.0	0.09266187016980545	0.015112473356220006	
0.14406650593816084	0.2588997426893597	0.19441032938240924	0.09401565247705997	0.33252048464711353	
0.17741952273962722	0.10494304044347659	0.14112616073978135	0.0335179937753541	0.020228746160016464	
0.0	0.21503258598299738	0.31809201364527556	0.3012599791948097	0.14248040361327105	
0.06623801496782523	0.20155331270622376	0.18835329992029426	0.11336834711598263	0.03333991805503497	
0.296653239563588	0.005004206690174973	0.3086982796379755	0.16617277887680731	0.0	
0.029393330517336964	0.06085256997143555	0.22112450067350986	0.14541005104903115	0.08737130183411716	
0.2101057017646007	0.030350796708895532	0.07703694885384241	0.042463070110316324	0.06542995494007713	
0.07709552820236319	0.3908366399795901	0.35438745274699784	0.568322589695673	0.49530677976644805	
0.30335624081955076	0.12305032115133827	0.5425593476275256	0.005771905639187699	0.0	
0.1884144249101882	0.09227344691289889	0.31506108486735723	0.1847210039156639	0.3088685933548467	
0.26306341005882433	0.18369788945691864	0.06404965272162436	0.24059832930299013	0.1860699995622032	
0.12925300891733071	0.22833478966427953	0.18788783926632438	0.22334864855205475	0.21222722221585832	
0.10767282213883755	0.17792951789686895	0.16590816826481258	0.28044243432926563	0.27155363901235524	
0.19755841210195035	0.06723799837406118	0.0	0.0	0.015471805126671956	
0.1520278369481504	0.35896861580752704	0.18519114284125257	0.2955058364154662	0.38074101381226855	
0.2887042449900899	0.053965169106109385	0.19056415466120913	0.29000992804542	0.1310864786473789	
0.23260468694428654	0.1764913252285646	0.24985968895327476	0.18861594919182312	0.22246193409501613	
0.06306444900837929	0.11935949028611476	0.29195515060349864	0.0665617841073225	0.29342932172654335	
0.028784565934381393	0.2452247539211162	0.22975269051672284	0.18405333618859218	0.2678532708875199	
0.0	0.0	0.38226299767563215	0.3335766354925285	0.0	
0.2730321059452562	0.22762990042051162	0.17731110041417172	0.1769777005217807	0.08742993164946042	
0.15560839638939514	0.14283694204110028	0.197463376118154	0.2061162246153798	0.03229168336771176	
0.3168824214023648	0.46591241069805345	0.1269537915510898	0.3239273952773247	0.47829767316989963	
0.11968938323886938	0.09420977843257924	0.006825542527401738	0.18478136127255457	0.14632369354560323	
0.27498834035911285	0.29758124190597834	0.10942101849685018	0.23399923844827142	0.24368952330275787	
0.05560455842810542	0.0	0.17863575281998137	0.2174863779293625	0.45496295113063273	
0.31140813467819506	0.10365451457312647	0.14658171778175513	0.07371203332274168	0.11968271487585103	
0.10687631453974457	0.20859480344168588	0.2383179490866101	0.2738219698839059	0.21451754174804458	
0.4494374249870068	0.4408412927134724	0.24678641781962668	0.6246700093601993	0.29384247752823056	
0.2217911635448449	0.34639049191959753	0.1417821221230191	0.231192415379518	0.31333414748967253	
0.120104677544873	0.17471782213537143	0.2845934180652192	0.2558263922613508	0.265416239027541	
0.2630908125351658	0.13065057474292086	0.002542882475354931	0.04966751630302603	0.2431861091732504	
0.02821045377028063	0.008754464435321376	0.04817332313214959	0.021800154906046858	0.14936949709191827	
0.014413386140179752	0.0	0.0	0.0	0.0	
0.05432214581979416	0.28308718123981086	0.20618562207208946	0.13060736368847584	0.15889658050904734	
0.15612948124305864	0.08589442825649583	0.17775062596217486	0.05913308975868084	0.2758575307720444	
0.0	0.0	0.0	0.3334680656962889	0.1751231639532952	
0.24981264262507505	0.19783220300133245	0.2885572136958551	0.050694336949709165	0.13108719453365222	
0.059080525418637155	0.049502884883632435	0.17107286204771066	0.2487869307455834	0.16128780395301867	
0.20962452553593894	0.030308298996473367	0.005830618947820455	0.13826261155788805	0.14735900148340184	
0.26843116912537535	0.13880898508622852	0.2676949448521666	0.2588767198352303	0.229265804955936	
0.12573516653619932	0.0	0.1994370575849379	0.1905157494996043	0.0	
0.07538587164191343	0.3760385988591505	0.11135749874814825	0.3937419805563262	0.3700365443154181	
0.0	0.0	0.0	0.20634831147554633	0.0	
0.2614746949069817	0.08208216391635287	0.4200713453156835	0.16322849997247862	0.13657271133104543	
0.6000079324746326	0.2627178881184876	0.32846672189288506	0.07370619134562492	0.2805972394206387	
0.19019425394836992	0.16072880394422126	0.051241945456584975	0.04072547283925606	0.2607367812274999	
0.08052811915690035	0.23760711203317758	0.21792239121237428	0.08731586558233373	0.07884119593536874	
0.09945935471357936	0.09641249137028755	0.319413354262033	5.066169414519689E-5	0.19498822392892107	
0.2661621725661544	0.0914739648417848	0.2430293290369106	0.1755997013807528	0.08815418470235803	
0.05418458869158075	0.0	7.619051555291283E-5	0.08704469850532767	0.12830828809546657	
0.06472138327989384	0.050996846506108584	0.1067592759658481	0.25510299483391297	0.2711189274216184	
0.082693045600599	0.11066004580948398	0.2057512473846079	0.2575835090934903	0.2545385286262009	
0.5236211869623113	0.3594221737757911	0.5054749249801559	0.20260809576164945	0.23429824773419616	
0.1911597163160998	0.0017632025631209	0.2263263711985653	0.131120877095652	0.055377398342777634	
0.39456521542878237	0.1304437550365331	0.2902843500712643	0.03300868645929755	0.12450261537149573	
0.19669719164474725	0.28473959185612796	0.13730787698415675	0.13913568165036774	0.20613530596118843	
0.0972730504280501	0.09415002399912677	0.10405028069004449	0.08925500742300992	0.2954131584727259	
0.34776494322971985	0.48171617863309196	0.22231059950741272	0.14366767273134648	0.18991783289255645	
0.6767277937277394	0.5558048476147323	0.4890221049009768	0.6081505048164582	0.5321679067767506	
0.27937059686470295	0.12248240772537347	0.10597626486668851	0.09471596005112477	0.19317279848452545	
0.3577961569786418	0.24433419837221848	0.1913022295779953	0.4383396319948887	0.21943378594181692	
8.397895957757181E-4	0.2495488169767904	0.028760061750707687	0.22718473258547522	0.2587900050037144	
0.15801086854192997	0.28103525711628313	0.4053535534659861	0.2846532742112513	0.5680087432804724	
0.0	0.0	0.2093784218121988	0.06691802203541158	0.0	
0.20390609343121371	0.0	0.23036076022123747	0.36812252018013164	0.3037720692337253	
0.24918127807484428	0.17455859873156745	0.2581871894815899	0.056916550194632626	0.15736843098309816	
0.1855456792630312	0.25582222576892555	0.0	0.050652870760157356	0.13484354979092525	
0.1542352413423829	0.14488281238443868	0.14876536498536705	0.1372976231106444	0.19708399299133292	
0.07466497001304356	0.29033253668397735	0.21442636186036468	0.19863885434956138	0.22009514240531433	
0.024216993790852966	0.1547637848002374	0.2463060569459389	0.042292426372899095	0.255470509237583	
0.21612873621281367	0.128203300979998	0.2537855722998199	0.1534179658239624	0.15357537001187938	
0.2879423927489702	0.03993227511596139	0.21574527324591114	0.1444825667179117	0.2379739482841102	
0.0	0.15938734654741799	0.0	0.0	0.06840743376453996	
0.08924254994529372	0.1075665318307635	0.12081462391430489	0.06271160135619495	0.20101265487415737	
0.0	0.13317509267150296	0.19154921004927072	0.028071385576694786	0.0	
0.10942583440338667	0.055196250435326125	0.21424710417326742	0.014299306052296087	0.0031188326999009655	
0.07948160757030796	0.0	0.1355017693141101	0.2961121080936251	0.2638701091176438	
0.01776935286777912	0.012982256689673163	0.0407182243899854	0.004762526795312949	0.0	
0.4234504587152721	0.2363995492094724	0.22091216240835845	0.05891207925157922	0.0791289269507586	
0.26712799126198045	0.06470380018235562	0.3284686607521838	0.14130263744514773	0.2080520026169478	
0.20125501880539853	0.04247021440725928	0.11837552371650181	0.0	0.4050823932264572	
0.20304486534363816	0.27376038345107007	0.2732890406872923	0.21035435836178124	0.3901591147611029	
0.28661015565193815	0.07047745341733139	0.18116966224450542	0.19011623003857334	0.21214322743648528	
0.33434131262124694	0.1936435807536381	0.2834692444835191	0.5203080589246247	0.20950898843946458	
0.359322248335592	0.13804484155028585	0.20089486500357406	0.001966541136219404	0.41598045233207087	
0.3611048818853952	0.004756060721249759	0.47265315473568387	0.008183439751762682	0.0769345879601887	
0.0	0.007520023275462872	0.2290194712815166	0.0	0.0	
0.08534926404254564	0.19142994532021543	0.17367384608646996	0.17251715884059393	0.16132375468168125	
0.0	0.0	0.20601202239336136	0.0	0.0	
0.1398555547207487	0.13525204751058403	0.08903025099826416	0.011531200787349082	0.1799545355965909	
0.2530293696287065	0.2335545512242039	0.19207769957303159	0.44787021240755354	0.3326906442905945	
0.28416172979540555	0.18818257945544364	0.2287090405450934	0.25046484198609237	0.03252938305892438	
0.12085143001276744	0.16854301507264416	0.20255802157153263	0.20568073862421304	0.19699527218666216	
0.20270270510528018	0.2793162815984843	0.07849175946874272	0.22909088851393092	0.026124403324022397	
0.17309289038799028	0.07491499639364652	0.241271896956708	0.058934087050361926	0.290013232800505	
0.14674780731226714	0.0	0.1592867775108663	0.13656076872651612	0.18678122406001257	
0.15662482667128416	0.1248664836014304	0.07429822919347832	0.24813853465114621	0.1814731566016438	
0.0	0.18128098545907317	0.0	0.1279869922890773	0.0	
0.16480886861306834	0.5243671323694029	0.0	0.0653913287037316	0.0	
0.0	0.0	0.007002205548243364	0.0	0.15236550357279302	
0.1805719240397163	0.17733226831014445	0.0	0.1159099052774317	0.08916446927933191	
0.4207606378873951	0.22494036307873408	0.0	0.0	0.1368589408106328	
0.02503254513858783	0.04357553453580545	0.2228577130149695	8.927655250772154E-6	0.0	
0.13696646686191138	0.1931945264858569	0.26712866843347044	0.3393314893822262	0.2572619070159898	
0.14736811653423612	0.2607574574111508	0.05174445686118018	0.1465178221380412	0.056987805872512315	
0.1624681477275507	0.25577101335282704	0.24803074222457233	0.27594019066843845	0.2082470454141108	
0.2865230594700644	0.2543543795605444	0.06946952965757405	0.1662070334595859	0.2788222751983266	
0.23339377977721226	0.2339174750133375	0.01935154216008745	0.2934424404007914	0.24814525402379353	
0.06803363431711486	0.1749787942542421	0.0020836767731776703	0.1452490656688343	0.008630056018055329	
0.07808034800018325	0.11055911855390539	0.021423141226286923	0.27081555289705717	0.044003119610523014	
0.21495467922005956	0.26452557686621314	0.2437058801456614	0.1106696211038354	0.2476353821366522	
0.10226125114736016	0.08710582791435231	0.10880406255714568	0.17151447684319157	0.14042636015630833	
0.1582930051547593	0.2845410112100618	0.28688309632717823	0.3442846814093939	0.09429125524244576	
0.08152300256247269	0.25444611431816133	0.26932099051654196	0.15525289652709745	0.20925333306808946	
0.0442168325617104	0.018337913119001292	0.07049973761555468	0.2544951043539138	0.12651007026985792	
0.2508791487185266	0.12243577607557349	0.11985811213857031	0.08695891885244751	0.19328902239671314	
0.29227494156272055	0.11241179829521057	0.12007201932320685	0.15415627259676107	0.19302246795386643	
0.0671532609854474	0.15044140886982388	0.32993241519017563	0.021348706592064743	0.21673030801862775	
0.11416506992739651	0.04110151545885242	0.1150843382974143	0.16813706024216737	0.0	
0.08545018429379019	0.08604351509208279	2.0197169093799202E-4	0.061221273034457464	0.20301413186844625	
0.15097593247432567	0.09609070560432686	0.2870698503353422	0.17030672317619888	0.26954661341945124	
0.10485651337025899	0.23923240213480035	0.1475710871409961	0.11297397803507643	0.13339330698963314	
0.24664257162213588	0.014956168682537093	0.09036212513417252	0.009600889414936326	0.019454506022181916	
0.04366876525848771	0.07767112957448062	0.157130341038182	0.13438540498586884	0.13083531213021662	
0.11397058785893058	0.0027953586498475807	0.17970404262477463	0.09122866268165895	0.26259486066123733	
0.18253629334521557	0.16271737719843243	0.2765084237482286	0.07653437896823147	0.29600644813008975	
0.0948747107470043	0.2872218249743509	0.18465485449317443	0.19216643002822223	0.03915436050725237	
0.18101230420071365	0.0	0.0	0.10337567642437724	0.09615581658168602	
0.03929103773175737	0.19746790906815365	0.039541937804591795	0.026578693681582506	0.08562944463395608	
0.23725659559548684	0.06122752496577319	0.043701508780674574	0.06864823080546818	0.028165852402907837	
0.15737641592489093	0.5078861176724734	0.13796363624431907	0.3963965756503055	0.29664562779452164	
0.12167056571031987	0.24564073008490311	0.509551742965579	0.0	0.12438852734304455	
0.09894155349990044	0.24003808221333717	0.18181383135240506	0.24082266091720225	0.10100485353192384	
0.09851661206796858	0.16402451310749175	0.08755374257316817	0.043326207690635304	0.015100655731610253	
0.43640483061213126	0.24524949390279702	0.16438814648812136	0.24470498844592006	0.10920507577155947	
0.14731681232498883	0.10113574156892467	0.032655346588962936	0.18557240684121407	0.07605744965088228	
0.0290180224094072	0.05932003425507734	0.14312318013555062	0.2567682837303814	0.049184637335380046	
0.03247584157494652	0.035644337641885585	0.22107228567699172	0.11187076177184611	0.2925906400342571	
0.16987034245937704	6.560121653345757E-5	0.2712601441886299	0.02966970129400189	0.07088979460969108	
0.28693615760625535	0.10449726800636967	0.13201114304954867	0.24955220389124017	0.1681931027422163	
0.22850348101210005	0.07488228388203011	0.0	0.08642637683202933	0.04158527371392028	
0.0284927562927254	0.09577265411740565	0.25232278787372964	0.20179520127523565	0.14491166026732707	
0.2907331701039189	0.2583214755244748	0.39725134683441815	0.2898957458522325	0.1958053626155594	
0.053348877546724884	0.22925273056405637	0.48639106410261373	0.12406969669004	0.16468797866486085	
0.2336757022459963	0.2910608190603054	0.21177173080205158	0.13434149506272117	0.21077401240215593	
0.21657810462685714	0.0	0.14005556583061154	0.1565213507450493	0.06837233537766	
0.22825071689888454	0.07917214736561436	0.1827326747341641	0.24905822765450875	0.07215320129130426	
0.27892384324402786	0.12634012403688594	0.15618747559889137	0.0	0.0	
0.0	0.2635854736746538	0.0	0.3107096654659013	0.17385182846139194	
0.04001177722476881	0.12637065695107025	0.03536986317083875	0.04036762528932789	0.09618347953314084	
0.23396374927094166	0.2681306157290102	0.23537005766652105	0.34117362989104366	0.05756093622239611	
0.17434683190484732	0.07774098289342145	0.04978300473389655	0.1380310479032855	0.016048749479129636	
0.09280230244962424	0.32045662837057726	0.04010678203170431	0.4897144788144065	0.4224189833847542	
0.24933577317045655	0.19445973460815236	0.12195663476540004	0.09533647139082356	0.014593742244907046	
0.20147602998200662	0.25198569036932655	0.09223875749737132	0.2709776489179451	0.2902306008641366	
0.2778298249339228	0.0	0.00654494109941647	0.0	0.15522528172707042	
0.19262073960273035	0.2896985119274059	0.412081785899452	0.0	0.0	
0.005193710090743537	0.26451893918278296	0.0436375089684453	0.1779265762799867	0.1151218302514164	
0.09841664479141891	0.15078627153736032	0.09366791914294369	0.10875340095687419	0.2511510621025743	
0.1456537585963419	0.07928758770767076	0.2676437925902947	0.057741723672332414	0.06496904569075979	
0.09261730845910064	0.13817486105178545	0.1610434791177595	0.08740786767340725	0.12744847200802756	
0.2859371580191084	0.1958154489605959	0.015627340841998315	0.19367610355089268	0.2577722098619256	
0.1679177430863272	0.21495077926309275	0.1385184007333144	0.24594707600691265	0.1774439269975649	
0.12310844931484562	0.2684601076710548	0.2612107341784811	0.16907586163296676	0.15223268283509728	
0.0	0.2477594025405882	0.03447305868916577	0.19884734617505784	0.1900756328699006	
0.11125304861897575	0.09427705948084401	0.2607846171366339	0.21907458028624122	0.007380858771232713	
0.3784645542470944	0.2771816070522165	0.2893714910513583	0.16540065273043622	0.36920046460232026	
0.061195090475305504	0.04219941893094309	0.09972989642196226	0.09459405228461455	0.034244078058972456	
0.22961202697976388	0.033382823445008404	0.2146585826330419	0.04787141430733914	0.010994502238195905	
0.20362334132614404	0.13322953159215853	0.17275183840587344	0.2833137272248169	0.176674354224912	
0.09774803080405974	0.28611520915718314	0.2832422184696913	0.24848708955958076	4.008448295527912E-4	
0.032343713854681135	0.12041305873832182	0.03559853527091577	0.056583953821299764	0.220600833773463	
0.28628980640530477	0.1966019294359729	0.04408551037456634	0.1647332712045488	0.15374054165619322	
0.23194203621136963	0.1618328673560085	0.061330161878910265	0.22770507147059713	0.09811492574686116	
0.17570165356806866	0.00685871239053213	0.11294555723793853	0.041228703023810674	0.07452070869510564	
0.28202159106180485	0.009479589950705945	0.07825746295446886	0.032298482090453065	0.21820889281124375	
0.07911309912555105	0.28634718720538815	0.06563859201039203	0.07318984830221141	0.024299233022140456	
0.23804007171352487	0.27533852135077524	0.14025349050635272	0.29490528090856905	0.018385118894031795	
0.2301517912869042	0.007098097151455118	0.1843601653700609	0.2711035967530892	0.2794923109875678	
0.11492624008861561	0.25972852291395065	0.17114266296010675	0.10049669469068977	0.26652150483038745	
0.24170512717153061	0.012702934729377361	0.13010664277108275	0.2400845880146688	0.2976915966733529	
0.217858273820596	0.12452397225711315	0.3619268640670691	0.059716620858657546	0.011864663132361139	
0.043663358511294326	0.2961715729312629	0.29070238337939724	0.15058879545938894	0.10512089902377486	
0.1757725368177717	0.12426806404127526	0.07556395671205669	0.13088285149597237	0.14506655876120586	
0.09296994268144712	0.08503670528464281	0.16226322110676958	0.16035921654165702	0.1438090857732364	
0.3640325897654877	0.13864542341530303	0.11329871006560617	0.08695118000041246	0.13426280407047095	
0.3590654243919284	0.25875787509844883	0.32678366735595543	0.3679496678760719	0.25884213556159774	
0.1918719828559074	0.42331622515524214	0.22799871564275181	0.24131178730821673	0.22430032372680456	
0.23882836041574992	0.26102462595196074	0.11002379687128679	0.15780435136735146	0.024436694999706077	
0.07403489529534213	0.11012813394495835	0.2499348270592195	0.06811011447000412	0.15454001772980724	
0.0	0.3735613546266805	0.5568156704491787	0.18562370487556928	0.24453459014919685	
0.23640536826771966	0.19589088754763245	0.08468961197988098	0.048086383318103575	0.29193768819090526	
0.0022035912184009375	0.24908316611727369	0.20760110617806848	0.10059174554656053	0.15686611342654877	
0.019140779090794265	0.26011464033564025	0.007278832578980408	0.04805878666290234	0.007174150704842299	
0.1961651967891607	0.06123527027241127	0.13999450458378085	1.3722467927654328E-5	0.33140356717635666	
0.13277321919175872	0.026878521003411447	0.18888681964155338	0.04497582810586333	0.13249403641130192	
0.18309066734928653	0.13870013729647923	0.09513862088892536	0.0647355209234678	0.026603725605087693	
0.12451474768386636	0.16589546494526558	0.4053931616004966	0.024704941893728464	0.2658576904294184	
0.2894423142010759	0.07382477327470689	0.2748570488804205	0.23451717535760205	0.17476939831563731	
0.06639849509521667	0.1217080431126326	0.22578210740197044	0.20018336327149652	0.14379100106134218	
0.36638198576182246	0.087256851378817	0.2914967564027794	0.5818115317900634	0.27378484410655746	
0.19962432186132015	0.15136060298725	0.2992422000945545	0.17962677769137622	0.2615857523794583	
0.267302943296383	0.04290384678508753	0.018527578539700613	0.03968877038936698	0.06736719806047446	
0.22534303154743315	0.27948982996995725	0.28969360330974164	0.050748514203650806	0.047384454129979645	
0.13824985946066518	0.18760362749261614	0.3250651828295251	0.4392744922515836	0.0	
0.23789321565962612	0.11498947695619878	0.2722950370928578	0.15099784710267897	0.11131156861676726	
0.14444359434445392	0.2696727668663567	0.26713673758805023	0.2626495936622504	0.13540646783596308	
0.12483707455744168	0.14963314947939854	0.09207664822114663	0.2024441568321393	0.2480842582004587	
0.18114420000172204	0.05571187924281668	0.11721935381045105	0.052142709972660184	0.15173321034052933	
0.23782622039016132	0.2807210787471183	0.24469466461496736	0.2667211905467443	0.2412915360023723	
0.12062171647191909	0.06317856144438418	0.0897010945838415	0.2576525304998998	0.17892699663426473	
0.15106830822964187	0.1212305474925749	0.022979140668199012	0.011267905039203626	0.2769687731780511	
0.1891375407704903	0.08189664375623149	0.09488910815781863	0.2537643153450161	0.19616491325833435	
0.3656584235993193	0.394832567180724	0.2774678300789787	0.23162271415341348	0.08155428443475274	
0.2806883407942664	0.23181949667005186	0.15811800015015987	0.2294303872892026	0.013598918109139102	
0.16608144253593765	0.06576018402767828	0.2892873732190034	0.2580904564811967	0.015076762999626101	
0.0	0.0	0.0	0.0	0.0	
0.24752147176849632	0.4214845114533573	0.3041071460777937	0.18272634933463971	0.31507786515575475	
0.08087895037808733	0.2075369372200951	0.11648659462046838	0.1995273889919123	0.09093345700166422	
0.2969979442008127	0.2730749029832915	0.13844513466912106	0.2594253755453131	0.17633211333640433	
0.03477741892836956	0.23920844166716856	0.27963044048820734	0.20526865362804403	0.2599313497880088	
0.18583032407217043	0.07633905291117614	0.06327824785394937	0.27005040660155244	0.009262822269775026	
0.2555544377358742	0.12918104863311855	0.07677291961293942	0.10011833781189283	0.21698089984093372	
0.4304616975535752	0.364421947705199	0.26638093823140135	0.24802252628571256	0.1969898994014166	
0.22260395074440933	0.09927705094407689	0.0786755267679206	0.22994529170867425	0.014990112643081617	
0.23961266663772676	0.18957049430924908	0.4078621444919316	0.49992338207438375	0.3232022023264492	
0.13933762172958303	0.053699802482299386	0.11666017107395793	0.07192128434150548	0.2858386492544172	
0.1749508945979739	0.28454344558443606	0.24998026298858256	0.0024233814271351793	0.16790339049873562	
0.4045007031982891	0.32209228937997925	0.4249095342114258	0.37451066567398344	0.0	
0.2358977944988379	0.06414809394283918	0.1739505862134675	0.12355379522768205	0.24915117198853187	
0.0	0.0	0.0	0.09675884350695844	0.0	
0.22376087792782257	0.0	0.07238299622712524	0.030230672252856937	0.1514968970214381	
0.0025018631962963754	0.08422355507422033	0.037185408254566225	0.1989659396885901	0.020418180273882897	
0.2285446810113162	9.361829733212346E-4	0.017568317703408533	0.2875487870102222	0.009483601184582875	
0.0620886600865662	0.21029974490021788	0.14426613301974084	0.24509379047677274	0.19750213344377257	
0.11589389402416136	0.05728478016340107	0.0	0.06510869640574876	0.1204241150672854	
0.0	0.025852638013978683	0.02239386916075965	0.141811943314578	0.16747908624527005	
0.04674164629291828	0.17525298022741828	0.0030552987661235107	0.2582106928660812	0.0	
0.31495510360589357	0.28831669857413045	0.20702512253081562	0.2463148964269909	0.09274095972119253	
0.08894071107492856	0.13183803645750133	0.0256039035629298	0.04036087994227736	0.2743928581239249	
0.031034340159668248	0.004897973461380987	0.0038239585093480886	0.10261683871729782	0.22306386682210386	
0.021274710883402208	0.24873869888757508	0.09063144473389287	0.04467195453649087	0.14321574198488654	
0.08393819189687686	0.04629684677473909	0.09672101811485154	0.0019618722027556646	0.1379046759762023	
0.11368760684758669	0.08941571373612021	0.028781085724249356	0.06610449522346952	0.021621358795762362	
0.6334438184506032	0.6895938278153393	0.5211910561788443	0.3946966898797395	0.32256830264920855	
0.21503045537946022	0.023909729709873803	0.06389844135068605	0.29143458058731003	0.11342256815524834	
0.004139776467246792	0.01794590977151909	0.21385981312005317	0.06145042696202526	0.06684956990311475	
0.23312533253878231	0.22257400908785788	0.201110168506958	0.00473198450154809	0.27780151382275603	
0.09612319444291512	0.05349670054247853	0.10905454385285471	0.11473920462952261	0.15281516960670066	
0.28762506557972295	0.09977067669182035	0.11553949661847582	0.0682606047402406	0.010199075437548782	
0.12017432357155601	0.1943567372001554	0.2483639359761572	0.03712059333242598	0.12749240179189064	
0.33283498658611854	0.19949599661703202	0.0	0.18216206701968132	0.0	
0.1920012299880644	0.16920419241222037	0.2260652183223993	0.19874550231860996	0.26181721292481036	
0.27470268129458486	0.29069405594298087	0.023380217939995243	0.06479043793602643	0.1341968549418201	
0.0647975165905737	0.0	0.0	0.0	0.0	
0.06292040506814753	0.19567200311724714	0.25526136327754556	0.2569005786748714	0.26295906556883625	
0.1384190075204685	0.16961185588895905	0.29732618083534434	0.19271226257594953	0.0317282330901298	
0.17480064165822398	0.2766276113095712	0.4733766850341641	0.17596671306514397	0.42866265857513675	
0.25387260740559175	0.11674647651899911	0.060580910801154235	0.26851527953427234	0.29488597477134687	
0.27585172858125256	0.43195096646035064	0.3720229154216736	0.19325970783346627	0.24990251205815472	
0.05640906120530876	0.21418889702066604	0.008640426661675967	0.2563434219954311	0.21285716522132014	
0.13227946178928113	0.22067769470921383	0.19519042845000653	0.10846768488196147	0.022991999602105236	
0.06745101783088926	0.060362262717096285	0.0	0.21931754043459228	0.0622568921553635	
0.17598922335279613	0.055273490870554845	0.19618622662938864	5.806335042331752E-4	0.25963042781293033	
0.0	0.0	0.4655121857245803	0.4249002889029874	0.0	
0.2298940935761125	0.05278911483632816	0.23734288116986949	0.16095483883609432	5.920390160571605E-4	
0.20091217076083365	0.1936681345007196	0.04596795956016318	0.03823095183527744	0.2853839190172819	
0.27803636079068256	0.11452291694258598	0.02114406223706908	0.09808122054079332	0.09340764023084205	
0.014969120816165915	0.09073314891679796	0.1690416577864039	0.025211786042779596	0.11645279972155473	
0.4795709505388228	0.37655139835765084	0.2200983549229367	0.4234282989207686	0.13573579730414534	
0.14215880662160502	0.0	0.23207491895107105	0.4516741652681247	0.6120400929675919	
0.041899322387035094	0.07318379184887676	0.23555848106187663	0.07394455514347342	0.3004430483141043	
0.18560892708811547	0.1253837074008318	0.15206681692512689	0.09338194192514175	0.19920256117558394	
0.044194662767272394	0.2315423967740813	0.13008447388474734	0.04135802171749017	0.20799576650033783	
0.0341090837571311	0.15263626475037592	0.12851544063728143	0.04671462606560396	0.2974789493364358	
0.13207922842729458	0.2646114962601792	0.12222990450417827	0.05002016476294551	0.2345375310729955	
0.16474672880613328	0.040600396369744024	0.1307998532619794	0.29117900085556986	0.29069664676532353	
0.16290935544746776	0.15198186145599735	0.20592951479377142	0.18460206076724095	0.02628141541909629	
0.08288414927151624	0.296199492312905	0.24830322003988445	0.21729009269338537	0.14529184874785295	
0.17961935915900287	0.08182002843741082	0.1907488009291948	0.0	0.07862260774481425	
0.17988588985126092	0.059218527186914276	0.19424296435542018	0.18913644200579108	0.07551345560586935	
0.051567135294690175	0.06194179027788345	0.026590721915210606	0.10492992939760638	0.09687643151973988	
0.018777783082850667	0.14590355122509713	0.027972559424102393	0.034817069006815915	0.13584452293862742	
0.2665828545265992	0.2657037126426843	0.1965237135463385	0.269127814380578	0.27247171339926457	
0.0682062279014407	0.24310422694709427	0.2441966933200009	0.2025068312158672	0.06244841707990103	
0.2852728672103014	0.0318299963715994	0.0282308306170781	0.1260852685784543	0.22898756186289804	
0.003360336349541731	0.0787209530866311	0.020578740431228978	0.2051668692287674	0.11002218998061221	
0.26664958134916733	0.08407479350152086	0.2940435881603271	0.23663283650173128	0.27340556760656903	
0.13306007596544328	0.2562353685226082	0.19722935394557178	0.1524611935241157	0.1280028565572153	
0.01418363075927744	0.13070442406039967	0.20194872031527067	0.06147944526868264	0.14387430021657105	
0.1895998688151189	0.048011714474991224	0.06495618867816168	0.11588357717140679	0.2512601093898549	
0.3580772487045593	0.505803868033149	0.6029358673097828	0.39268247123861316	0.33597539111283636	
0.0	0.061866859478161874	0.009453430836580337	0.03281448952690353	0.010865251696152827	
0.29893317967763394	0.11855852951025755	0.14895011924655063	0.21534196548804704	0.23048172645812967	
0.12682537089079113	0.23381561823653912	0.21907811080950182	0.19781433067806445	0.01537371115715599	
0.1586998875670513	0.29750373875105834	0.2725364595870606	0.05574674614551007	0.23854380846065412	
0.04795867425586965	0.13531811082384143	0.1843687420382854	0.017782131591470914	0.07912771536035412	
0.14719628374893923	0.008445574403482096	0.0	0.012568080744260841	0.07987232858794467	
0.07347145392269508	0.1275563231883951	0.2578821529747952	0.2226968626601609	0.1049604230895385	
0.12460202451606806	0.29249989649283514	0.15323891714846308	0.1746212932329676	0.04725264110661002	
0.10344666252050792	0.2696593921933286	0.2864986547493804	0.062211278830016176	0.15850065234918648	
0.21718229436864653	0.0	0.007556671261380386	0.2213882374897635	0.011553409162506518	
0.2557222496886484	0.2030037862486044	0.17701345510449296	0.19413944591587587	0.13927688995123916	
0.0	0.0	0.0	0.25764901586441574	0.2144947365472625	
0.04920223499365538	0.11792238457791591	0.04702858008358247	0.14686497082320718	0.13628301405177715	
0.14625502497054038	0.16393343409511704	0.07505910788684526	0.15572258879435066	0.05156212496771711	
0.2391802079054318	0.01649234370692713	0.16203178852751082	0.016364528451511384	0.07995976718616847	
0.18975595216017196	0.11778652201592088	0.0765181331293306	0.015141265003124408	0.19000383848928043	
0.2953392040367455	0.12197612799137739	0.20739725727389755	0.08267468083625922	0.19739793346940654	
0.15249622658773784	0.3579374322410144	0.5386302003831573	0.10462812975311367	0.09673501007520548	
0.2631063117363071	0.2270706534178927	0.2153838765501452	0.2517490439487987	0.21528812035717804	
0.33477518001317186	0.32281319553652854	0.24024856441448456	0.4021566874913213	0.23787290251475515	
0.216099476692815	0.2335013822611106	0.14246237281589896	0.04590541894880342	0.09317065919785104	
0.02812904150466396	0.1850295996815303	0.04419177000021359	0.09280184146499879	0.2134879043546715	
0.22316848495978792	0.18204070525094895	0.17446987914050682	0.17792431983383172	0.02475417081375076	
0.27574654642040486	0.2450403359711634	0.13678793793360755	0.17877462132463373	0.029899849194761647	
0.0021656088617649357	0.027387671984765008	9.849549367701286E-4	0.0017095099203948976	0.05071497782350819	
0.1283807757899543	0.13668472299045786	0.0076699418132800375	0.12785751106723714	0.1039566736710872	
0.09641169742893259	0.15021550202282113	0.0	0.13734382745693313	0.0	
0.27726437022286454	0.10510458062929107	0.24313450224274108	0.1854761420574422	0.2787859221610802	
0.25501839363099277	0.1307803481497133	0.2612504165124875	0.14589941639962434	0.008713180024598128	
0.0	0.07994921215167507	0.07128438218968518	0.025269459585696204	0.017404598224534894	
0.06737081091730672	0.27216254386205047	0.29915665493158305	0.07295654470101519	0.20153584064402072	
0.0	0.0	0.03209171094521599	0.0	0.00884970587426209	
0.1718229166412433	0.2000395551974684	0.16955004837215346	0.2823955542324569	0.172388253609697	
0.22545005086214304	0.23844086655666263	0.13835404186991054	0.19524728555718962	0.14049797927603008	
0.10263714720002227	0.054428122456897085	0.023061416052684885	0.2231401353628157	0.0020367684437219455	
0.30025328650188193	0.13678345532208355	0.05081830483791715	0.14382789119946607	0.06869706446965676	
0.06253315702043777	0.23060246758823888	0.15106642275647994	0.02739543332182816	0.2110624336170241	
0.2700346064977135	0.09084215520706912	0.07686035988865554	0.03889373044585232	0.17542222844017605	
0.14221146655912173	0.3444430667849226	0.19954621608754247	0.0	0.3091615091478385	
0.18195649348719295	0.22948140860406196	0.017561124415877045	0.15719581183465545	0.25401617924235337	
0.06732012444061422	0.2338835536072683	0.17624655999872904	0.08752384032864213	0.1933657230363108	
0.09184469595082817	0.12373148627168903	0.002216623808438715	0.1929468737298051	0.05886536728914014	
0.1404279631148204	0.1160747703989686	0.296212497192371	0.01439876219255923	0.12692270117993806	
0.22686510756103082	0.06333663240536846	0.2931835218885403	0.023441053897530758	0.09917937044499381	
0.017225665771715765	0.15634646398260893	0.04813393500865808	0.1436710345167232	0.21550796367542285	
0.09622708910931659	0.2549716365319268	0.12370291307796757	0.03487031765288714	0.1542607732032139	
0.2189464559392885	0.2283759099936781	0.03130539204614639	0.0273268286091548	0.1738544539268206	
0.24364125851348242	0.0	0.008302373138092534	0.0	0.0	
0.11188903109105955	0.17749004117064293	0.1457841617302975	0.27758803182367325	0.10208185305565416	
0.015872935190014998	0.2868804521297943	0.18833701922370782	0.02303743656631443	0.10634732187767323	
0.3558697120434256	0.12177942572123636	0.019475290879082736	0.29807680627716376	0.09777372361138913	
0.14266071135800043	0.25458916152772704	0.1293560088795279	0.28509967836282846	0.19985935646361172	
0.1808727547180591	0.06780424140528797	0.1734908309710734	0.10546978360826588	0.17680296589265335	
0.2500163514935669	0.2767048498880353	0.1379295284215754	0.23419252922042005	0.03689599543177502	
0.19588308729659615	0.24056275715452333	0.24135369797568462	0.04119220874742513	0.0789799634058073	
0.13069248806025574	0.07958744811012469	0.26301374023512625	0.1421715666354062	0.16521014537411155	
0.21469063639751118	0.12989455901938424	0.22657828116413856	0.22891907607373213	0.15191849403377872	
0.012153154874975309	0.07777478782405643	0.07147329989021661	0.030054397525656543	0.020553789700558652	
0.3316430937446682	0.2766631574445276	0.13485946897800064	0.13340388006805984	0.09001785209939164	
0.0	0.13279542081193063	0.0	0.0038562288947569996	0.012460685104038704	
0.29631134731515374	0.07648141246818099	0.049149534880781415	0.13458036063761866	0.194625812775321	
0.18441303650964966	0.11377609202609197	0.23028798328713695	0.1121702842539975	0.16298092410406093	
0.12557678060671001	0.06711120460586363	0.156389276622689	0.1348105218938542	0.264558998681159	
0.17452808566113312	0.26010281574178995	0.14669975794129092	0.0739126058236068	0.24065320143650396	
0.018457395898526865	0.2771761314172076	0.1173893227618691	0.2761785311867648	0.205575053772672	
0.29937756152287637	0.1670367395058085	0.12254342110047171	0.03833602757699237	0.03678031669623221	
0.12372364861275727	0.11523071900093786	0.1099201391084701	0.25347049378272735	0.0778003241502452	
0.12422653883441319	0.25903199901087226	0.11938604207998198	0.20704411269341585	0.062291561000745746	
0.14212159261444035	0.20201706331154898	0.06569834322497697	0.05722436816296351	0.07262876400574515	
0.013625033084551527	0.15108427684126224	0.24285699952637346	0.11970353737885908	0.25543613891352324	
0.24595872276493655	0.21838791518931164	0.6896433948192969	0.28125474498138997	0.4957217866410616	
0.24932391285957825	0.14253278144858855	0.20642202886125854	0.2236501715774383	0.22202500004675718	
0.0	0.07927597455956162	0.10191431662810765	0.0993179347931386	0.17955591179485264	
0.09874475095006154	0.1297150114186154	0.0	0.0	0.0441100219301353	
0.002455400903633968	0.005072085764527298	0.03050298369830106	0.11709663493678776	0.13852358181610336	
0.0	0.036483125244893694	0.008548210551429647	0.10678399154065642	0.03540280019956195	
0.1796152065460093	0.10143428014928833	7.390914612174749E-4	0.19245219137061578	0.10465115723553291	
0.13323184529595716	4.301320158640861E-4	0.20712161354888664	0.023810400432452285	0.018001959376400586	
0.20230662319233567	0.08987629277406338	0.3532797530374441	0.2591580043187971	0.22752715969218482	
0.2995839688746667	0.1726774626109811	0.12176513127430062	0.04705414639896259	0.02107647989113073	
0.13388096865043567	0.2460263578290994	0.19055359065133043	0.1713379471929935	0.008248976738235735	
0.359442810207457	0.26858377106983233	0.22603040178956782	0.1397237849693941	0.46642244562455115	
0.20340780276578235	0.15025556778178814	0.20741344808309448	0.11257427104982548	0.129533348313752	
0.16968039507260546	0.2374255004799053	0.009201243682260853	0.09258906568882352	0.02746074365527138	
0.035349141172417185	0.2680309083575305	0.05047700913951421	0.0187539134116164	0.07922255964142429	
0.11916499734894986	0.0	0.0	0.0	0.0	
0.07147939294007695	0.36108342426876044	0.36478645526513703	0.20171304359174147	0.2760852005283787	
0.207854188690529	0.21548706750149388	0.2470410339874292	0.04941887144709764	0.21902574255863652	
0.142188221445804	0.21696905013850207	0.09974602635288649	0.27394382665364986	0.12362257147290902	
0.19575419833360086	0.2772919061855779	0.07650270641624482	0.06186981712724138	0.12159240988136477	
0.338071777880996	0.3930376431073747	0.11810022037473525	0.37166881621687653	0.17627031116063344	
0.21841014307113768	0.31617622509978077	0.24916201777790814	0.24778624646201847	0.6418484007073404	
0.16503927512139455	0.2634996897090913	0.27984612479461324	0.09922972825392838	0.10900498652746164	
0.21997996088051083	0.2304028395601638	0.0710621115112355	0.01564957834051333	0.003099545305420708	
0.0926314408724519	0.28390049599309897	0.16926090173691605	0.049983748528881884	0.2785642527058546	
0.050933381389601864	0.010219513271554789	0.13826826658594674	0.018109848478174748	0.13165385213045583	
0.22393741924211288	0.20146086075114938	0.21585708256154926	0.24851335137859507	0.09928115336754666	
0.06163476230173276	0.0	0.19159357407649624	0.2636676411506371	0.0675425406044659	
0.04272097642228412	0.1074328332890615	0.1916080299168828	0.25850347340893964	0.29086415643064245	
0.0	0.05054869153375556	0.0	0.0	0.14800924723935496	
0.0871539985737271	0.09053817648168103	0.15738902204825944	0.21265611353555205	0.23960384018397235	
0.15795866277071727	0.02740465464916615	0.2533401528516681	0.19420722722007522	0.2076170920373918	
0.15263578837828226	0.21616114507326267	0.17900181621298464	0.13491653817165972	0.017394222792644156	
0.036433327368421996	0.11830053645010355	0.08831597744485986	0.1970446942076843	0.2886485502767543	
0.15509838393942105	0.12681277404533936	0.27230331066416175	0.26122910468631944	0.09270817151327844	
0.18661375345499634	0.07216323640582137	0.2238316055827723	0.15400722452054338	0.03359702336500895	
0.28360232259176427	0.12562698373736694	0.08598757170596552	0.22853654446994753	0.17552271788720947	
0.23531355742847174	0.09943052164367011	0.07337965738442188	0.2732918893006896	0.03204472894225393	
0.13092567593416826	0.08955546182276232	0.19865744454273748	0.07407184851574969	0.0	
0.17101881142720482	0.18419912027506308	0.013688177583742347	0.08253373556068788	0.02061844986139884	
0.06362696112867205	0.1565111708085253	0.24638412036110216	0.0741806548707064	0.29520781094771226	
0.10729270250300162	0.11433454657309877	0.18360987509101315	0.23225583909200856	0.21884867104029568	
0.09695245088676621	0.10266498724778077	0.227072497387808	0.23704530276505162	0.4012889663769339	
0.24368939002009288	0.3354893460300484	0.11577115941630177	0.25073589854142503	0.19802842592200182	
0.1086925208809313	0.26343959085149654	0.2099801316032434	0.2519976554043517	0.15588122997633075	
0.221696157912773	0.2915918705215915	0.23824029213666129	0.1621534238216071	0.13600155621169355	
0.14541229438879777	0.23762114791953404	0.1152516291706456	0.20609416297060046	0.13581537144725725	
0.2442019592870358	0.0638490388734622	0.4463050686649825	0.5178602683493697	0.35262286626037376	
0.06370939363348381	0.15411284087368862	0.23711628329553364	0.21990713756006242	0.18526632763123618	
0.1457967754792817	0.297315634000668	0.06408130749805668	0.22866793600471066	0.25932167098536557	
0.20484387694195597	0.3375385338187478	0.01189776547089952	0.11468389877154742	0.07904874809459418	
0.22836062092699302	0.25048623184614077	0.2021814660312717	0.03793199081982551	0.1429890279447782	
0.19666312714466133	0.020859759437969753	0.19112425693567128	0.2510461804545253	0.18516983460214478	
0.07791647547002105	0.13322322250882632	0.14306415553767704	0.2901172400570819	0.07924334145376825	
0.1687307771551968	1.7184633925174242E-4	0.20253907100714968	0.15840959471800795	0.005947936575920834	
0.2720636135566936	0.09246685704995214	0.11239340117938508	0.2474693327088676	0.10149925121124771	
0.06485216783212189	0.20714493463914307	0.10956799923089262	0.23907148703948836	0.11287552849379875	
0.2914657616185502	0.27848520343544975	0.1450089173408886	0.14649582152436882	0.042124525776213874	
0.01823868864651439	0.05902594887968886	0.02275587863609463	0.2861519790525654	0.012024319126778772	
0.07647036174317096	0.009979267128017232	0.04384678708836115	0.0	0.1228295539425761	
0.028658501259075347	0.030875466952565173	0.022677661840832006	0.22884537440299824	0.25794954521173197	
0.071624397165385	0.45162128472665813	0.25717450371813344	0.1536731980744727	0.2962126886940794	
0.2553685810209749	0.29036444731574873	0.021815482211882186	0.022088222291588185	0.13126891948493824	
0.221417139846178	0.22238446533785913	0.2018186456813271	0.11094133386255814	0.05826017766284135	
0.0824287435089341	0.22220272198897775	0.0936364274950286	0.19111866663462737	0.032469102614458574	
0.09333826368861405	0.1371960286526125	0.02283706963039969	0.11371287852677184	0.1642172827973975	
0.23544047135859378	0.1973817775580218	0.039586552551247885	0.16434478660736	0.25706811222457465	
0.12767442643968183	0.12047825900350644	0.1690832474824082	0.13165705410999176	0.28411546803774607	
0.044860420396501025	0.18757449167491944	0.26603553472669916	0.11535737283752762	0.23374248089488298	
0.3059330771133492	0.2832980440805502	0.40517341602639867	0.4913266332916991	0.42089013501050054	
0.18220894868096663	0.05337597327578648	0.0032964501897454514	0.11165780360733003	0.055428622676324646	
0.4392868419743409	0.14038599356921502	0.4387923898142942	0.3381426617247041	0.056711905362164854	
0.17002179992027186	0.12987830759749702	0.026906243252977476	0.030126797812082693	0.2213956955508576	
0.13242060649141282	0.19783037154178634	0.22276015521269957	0.14409743528509342	0.02223976280349588	
0.21479030352199893	0.22152348362707613	0.1980017977650406	0.1435791653370378	0.26652302690055596	
0.2704398336847224	0.0887111638776375	0.06630081988468754	0.2338651760840033	0.004215879447041974	
0.039902749547072736	0.3851426960740189	0.05942097213238467	0.6909255092267308	0.2087679135131567	
0.07862320366944969	0.21144429020687655	0.28470648643710394	0.07382998688750307	0.11241893277929255	
0.25253909313782885	0.31283681170192784	0.28587785486699996	0.26192840724615096	0.15101456093671026	
0.24828540561598628	0.061390273556189236	0.08045688224629692	0.2960783301983015	0.18617564831815805	
0.20227474465759013	0.1194880214904551	0.02528965285058714	0.20817832506242576	0.07610057875213182	
0.24133223518621422	0.27565115624226744	0.2299487359160362	0.08108951744085864	0.034841226967465784	
0.3463586110088664	0.24074535424366664	0.4280230487015241	0.47642031220344616	0.2808442976891718	
0.1882349661580837	0.08177248889756952	0.1687325000431659	0.004264688232469256	0.035737132726754224	
0.11762703063987313	0.1696629252537559	0.21595602293083332	0.2310510733725863	0.010850071448070913	
0.08130114661072109	0.2726123638475583	0.21332017855204982	0.12211785706803682	0.1270643103933362	
0.0	0.02900608985058062	0.1001344234165596	0.0	0.07560578904728162	
0.024664046508762583	0.16743358037395686	0.25063006123993237	0.1085356531844877	0.09864671033251378	
0.13566935876945824	0.16835619277585576	0.28415502620589544	0.1718940846275733	0.08228126731284066	
0.31237374923267597	0.13549928517909374	0.18854811339941893	0.43118888574934927	0.10546842709550469	
0.059265088543975435	0.14297059590361777	0.2935971918390037	0.3163944465239721	0.062370657008462005	
0.2531372602568872	0.15082144408077477	0.29178572545738063	0.13544202849434447	0.14265758444536628	
0.29981730211271784	0.2201295506637117	0.18880257740038328	0.2443356414541808	0.18272154020685663	
0.010952068231061858	0.10150343397141767	0.28603781189989275	0.2528167700036394	0.22145098870007834	
0.11701865420427714	0.13462077174521792	0.10881338476870654	0.1427052225274915	0.10326271173358882	
0.10775091501870138	0.09568971846232704	0.02931310403556707	0.21365703030140898	0.1605645860554006	
0.25106758699205417	0.218077825252884	0.28324376675065427	0.026929760313645645	0.19455855145068526	
0.2375005816174295	0.26029330169151704	0.1462384973209803	0.24913201516285188	0.003020170942144838	
0.1300984947820935	0.29349853424663286	0.215226371921842	0.1196051028465941	0.0	
0.03366751521268023	0.21436290475595837	0.14456227921407752	0.19201382739378375	0.2700031159427186	
0.2463038244248172	0.07544388048222993	0.20350288195975205	0.04697272468881712	0.06439389126005057	
0.1153370827262827	0.0	0.0	0.1580102822636267	0.08860347951808505	
0.24523865911850426	0.28962600600794086	0.30024384672074367	0.09566805121977137	0.26535148276862136	
0.24472007428366502	0.04340602656803597	0.20861916354851237	0.16516258334669995	0.24986570113606346	
0.29121873292411266	0.13322726200592375	0.35032489501413605	0.5589711563615369	0.48691492120839397	
0.04599394364223088	0.09671800460351408	0.2657796660917115	0.03774652589344822	0.17786759650492256	
0.057127889365981274	0.012879423709940323	0.17675261200661196	0.1223800366956589	0.11096588564648598	
0.1702450184021594	0.024245644775171896	0.29975651606283416	0.10045091228529561	0.052865256388556776	
0.08991544789323655	0.2453313662683003	0.056071706638864564	0.019869033291817165	0.2001404461559866	
0.26304006680012143	0.15917733645507445	0.10051062876890333	0.21691225979702472	0.21787846764238664	
0.10241932867318103	0.07992539472437782	0.0466492284456181	0.03385372917057594	0.0839723096453133	
0.17876412583196694	0.17267822695443033	0.07747919666545693	0.05679523645561425	0.014848466429121666	
0.005486083591149543	0.1736981635129418	0.07234792922405271	0.09330039770832071	0.28895236826292053	
0.42215657183077293	0.333221125370626	0.14765508923163487	0.2136643337480973	0.13800426323086767	
0.16845918682023747	0.2222625803610588	0.1300198614256805	0.20091683575958197	0.17888639390151864	
0.019381633840407392	0.21322717819711673	0.231925412879417	0.2852464938055173	0.2334460898926465	
0.0	0.1430518424409344	0.02150394237946735	0.008055932494936807	0.0967784098606833	
0.12723347272966723	0.14048985776873335	0.11116751182211852	0.26930614729267616	0.08948574028783879	
0.11130905926845386	0.1560164872778717	0.1064002314137856	0.2770432618292339	0.01717058822813328	
0.2787104134926396	0.28561878558412973	0.14833134450467375	0.12946200193087629	0.17502480170205745	
0.06322783770325803	0.16715771803667204	0.14580576660418143	0.10821139415761619	0.29865371495973575	
0.14566874327462268	0.23431423611937816	0.10549179022335682	0.06822149814709777	0.13445090334297033	
0.0	0.24156968045938698	0.1398833094938798	0.4586045942621025	0.0	
0.06164039186188197	0.25023152476609706	0.01316724626811293	0.21364885804978334	0.041636553138320605	
0.030824985124959407	0.2445530023484843	0.2678697495496311	0.01688581635291383	0.1476145318415082	
0.16823172924185703	0.2967806299285401	0.05306070917937339	0.15919435357658474	0.10637644910983769	
0.18820345283663806	0.15946369994758303	0.28227578130687364	0.23771483538609384	0.01217196464394002	
0.2776245846108055	0.11175521062013836	0.2636137802847515	0.14050267818883733	0.174451906448098	
0.015227643903373132	0.2821557506873464	0.18648900215755224	0.07190605912979117	0.040162826605800145	
0.03623558841941017	0.11818268328862887	0.0291784483509395	0.1254551956040356	0.1051865067294304	
0.1861718662549549	0.08054451286802929	0.22135151957180818	0.0459586330693021	0.22591645664632404	
0.10963445013698861	0.011732937712387217	0.09191088204334713	0.2333418603158777	0.11966398398377938	
0.1523674001772589	0.024309661618034332	0.10515028597194408	0.18068850412342888	0.11308553437228824	
0.08017501375626172	0.022285527704651736	0.11726755976003103	0.0014230961249787147	0.1482816386701133	
0.18819794696970252	0.22480051324770906	0.2744678053913066	0.05715308325557929	0.1359674877080213	
0.19409050455638338	0.04930879699998132	0.17729412771331474	0.007031039751810435	0.20237785193542182	
0.27150064360297965	0.2972825779585738	0.34334267795717194	0.2815488074965057	0.18288306184644273	
0.18638066348731372	0.21668589445742048	1.8507025084870036E-4	0.1937739156604691	3.3753881191848353E-4	
0.14283652061358212	0.11892302184520945	0.18550472202070176	0.4184745372549565	0.23492300625654122	
0.0761677496096382	0.047456721216340564	0.11573460883106544	0.06695087829701978	0.2562132022714313	
0.28752425459368675	0.27271672505722927	0.04072998807055699	0.027589078659133612	0.29971373029838944	
0.20333186562794295	0.2343446994085271	0.2571941673952573	0.1790691050559241	0.30783980414983225	
0.25670163248631445	0.10794916875635474	0.2904793418175246	0.17597076520690094	0.07448174309276284	
0.07798302346966378	0.17512988624371784	0.1728522410792871	0.00730845859452631	0.05666451855589557	
0.2841708885419271	0.026563263030115733	0.14159404166443812	0.06425201559539123	0.013632757257424901	
0.17279075373959427	0.017277090423669733	0.21581041412491897	0.02524199140822407	0.044124699424563686	
0.009981746970355795	0.2589234445282952	0.22437075545974666	0.23150484192230003	0.0839296007385769	
0.03549005387928915	0.1909251477227551	0.2687372598862333	0.17019323408708545	0.22720663017263815	
0.13439671579377996	0.023531230552251835	0.03297263352008774	0.1409608645357068	0.006750023370154985	
0.06088514123374914	0.1795047674453086	0.10886354884529043	0.2543167762757899	0.01748005603015085	
0.2049683281364477	0.06821094463289136	0.2969947999890002	0.14770969906818449	0.034536154570217525	
0.1020621665274402	0.2175780380425392	0.255035698568525	0.10029013535185771	0.012183563812136488	
0.256107841883367	0.09417412759108923	0.1537765410615344	0.4458411882090147	0.24418431919915798	
0.06064609605595612	0.018149843062362475	0.09384377295738784	0.2679176428125561	0.06079913894264157	
0.12737281775654558	0.24591017848097696	0.03787289324623214	0.2642232162333724	0.07473781247234416	
0.017454965573159578	0.0	0.11873072239639237	0.11530360259862105	0.19676036593156407	
0.23842972158808773	0.2856386505604739	0.06891824346810008	0.00977631913657431	0.08128263653501698	
0.10236013511385973	0.13833183783329664	0.07908370576270636	0.16073591212341237	0.2212507982181145	
0.13565848635808525	0.23936879637643846	0.25678734253167534	0.2317080901340181	0.25741290095410796	
0.19356559531151765	0.2589281379053712	0.1311087530070323	0.10049716648409422	0.2233976297906543	
0.2617342103575978	0.2712962742913059	0.1658587402752754	0.16250432481223792	0.05813956410379481	
0.21109935328855073	0.027590398021528385	0.2920703798774473	0.2667584832992374	0.08427067448115848	
0.001401076877828881	0.23398757196194825	0.11504151944402359	0.20437481479250316	0.024779690667238508	
0.07949815781733735	0.07619967755262835	0.29970728186370843	0.18349180080083913	0.1362513142080501	
0.07750615467179564	0.08480024652098313	0.146693634294671	0.029850560673922534	0.1202092601545841	
0.21936072837414913	0.020362011561965734	0.0776405135261435	0.1223587848364296	0.17871746135523958	
0.11085412519182274	0.018854629129593996	0.14530985321205458	0.15364199194725187	0.11255804552027243	
0.2767114447255004	0.20728684859364854	0.17044131858588477	0.11821578423820711	0.06985144716580498	
0.14158689472240538	0.06811230568477723	0.13749376384999476	0.09236526715187841	0.0769253300567648	
0.25515731842484474	0.2410267995700383	0.11119655550523046	0.012266006011815695	0.15498537324225212	
0.05087291411737133	0.21633933203008962	0.2934918823496023	0.2915920313588642	0.11985620353994914	
7.469220639141434E-4	0.2717742815643293	0.2792356989851988	0.15281796448397686	0.010828816153897589	
0.18602019952459686	0.1379119424182542	0.18614691640628653	0.2174137221927146	0.12790001251322952	
0.2428843932450928	0.15866104203402595	0.021482688010430327	4.191665227468502E-5	0.19159164536688725	
0.23851911153925076	0.0616267924074698	0.12085069972402714	0.0	0.08063831071822883	
0.17014937581699116	0.05668292936657934	0.0030217302647336055	0.14953906196439934	0.12947742771343035	
0.36989358361032537	0.3231005898202174	0.1431303315175907	0.38937915886262187	0.39788646285894885	
0.09347605412529551	0.21970080284171936	0.05011156485901022	0.16592427553687703	0.018710495781006854	
0.21703019107797616	0.1942415382949214	0.12240221410188341	0.18176560828809982	0.2282940098303094	
0.1384920635092694	0.12402309680471768	0.04985019405205466	0.10592176923940869	0.17575919616895874	
0.0493096227647766	0.10149547472363712	0.03871711710216854	0.08727233185594753	0.11619556540516553	
0.1264860500391535	0.198309901785741	0.26761394990887655	0.24107469824108407	0.21512565334314976	
0.5292261225809594	0.7781563261054535	0.6730553859262335	0.1988923881304535	0.23471387951839667	
0.060133268363908574	0.02628778509077624	0.20059924569524995	0.17805730067667985	0.23108201318759702	
0.27424614618848886	0.08423981946901693	0.09767149968793101	0.2765145602313664	0.09722015236242479	
0.09372768721963219	0.2880571853019467	0.0029595504029950553	0.1983054238378081	0.16712188727636623	
0.06446170017755226	0.05734083476970838	0.20024244952550263	0.298622160791427	0.024079065896014468	
0.14500565314929764	0.06455832555969257	0.08472725989832283	0.2559483804610279	0.25294332676484205	
0.2898624645412151	0.540335112479122	0.17643135568143556	0.7512602842255878	0.4600768897004787	
0.17145422130752305	0.250953128523485	0.23317051663597127	0.08407461372703294	0.10383183895178383	
0.259669853115979	0.19970882915679528	0.10932802557972066	0.13970043891191342	0.19568296662945261	
0.14303685515249223	0.04506947429212382	0.24784662323640183	0.12312897259118018	0.02438829792018716	
0.18456255109297337	0.26921344301042327	0.09101897000704504	0.18281103234436294	0.052545248331458294	
0.4518360336598831	0.8183098912978001	0.31508563629003217	0.38440448154291645	0.5250743590195376	
0.013572546717855745	0.2777651014620459	0.1671669816239792	0.10637401549474616	0.05680686234446484	
0.1552209871538325	0.19299312651312595	0.08769822418850745	0.12218162599081253	0.27482078035272633	
0.25447433525239027	0.2767059194791906	0.20096164970405847	0.23924268880713734	0.2272946810502726	
0.002531768021038341	0.2774218713740977	0.277843239661771	0.21673730853851075	0.18897656237573196	
0.0	0.11970003250641799	0.1784618817278858	0.0	0.0	
0.20784678169830326	0.22519679287783245	0.19905372339192512	0.24584417996810176	0.173305159440867	
0.20088653724345265	0.23755247034329477	0.18984730979419845	0.151667723709775	0.273546396061642	
0.10163116720924596	0.24560331772964863	0.0	0.1321252267260108	0.05634679429075198	
0.12784363296292117	0.0	0.09289462555542058	0.20910553748322627	0.0	
0.2575470731673549	0.1015248706287736	0.2410655903008574	0.18694149118248304	0.1323207184785158	
6.712050245163841E-4	0.2529279221184399	0.26390875675044273	0.032244092233761686	0.21779360827446176	
0.26143399342182677	0.005457588943308193	0.0015270068506106093	0.12624732831380245	0.29970102599136583	
0.0014004309188346304	0.1030659375219643	0.023916885258480142	0.013823260096115796	0.11370705916069208	
0.004337067587653723	0.1389694758426183	0.2787144036676412	0.2966406401570237	0.2512186525508624	
0.10800558677758378	0.1840116933332961	0.1398445087701803	0.24969498624062403	0.2735768785813892	
0.0556630291249692	0.03390856337900688	0.060691113493121784	0.27532556071492825	0.14442606761462395	
0.03278488277965641	0.1723163694819217	0.1225718161590396	0.25891058854926924	0.1975796045639333	
0.1879303360548682	0.004381047990893514	0.2946787116415212	0.2256196949534117	0.1357499735956921	
0.2462479915815294	0.23532913524659757	0.21921647512467954	0.2600824169558424	0.1402689877051908	
0.17587590234887684	0.21328342839622805	0.11735386074935748	0.07303228284482532	0.23753589568457795	
0.07518684225114762	0.2577484740027124	0.22911353397553952	0.20931668304612702	0.10141845306301465	
0.12219843615407677	0.198806258904044	0.3619424064302311	0.36297374808338945	0.04929019361050657	
0.08551046666751787	0.2716643929984963	0.14957050444059586	0.09670481542258931	0.1156120386365267	
0.09133167974428949	0.043571746984141256	0.17276245229824458	0.16853648071540597	0.11562513676809824	
0.013025190584027704	0.047498707893876585	0.022584483069232667	0.1410867396099512	0.27753382249859393	
0.05533276634559926	0.048536217113042436	0.02570448649841438	0.06322065691335844	0.231267724673569	
0.17061164659153086	0.08207549754504698	0.2816072704191257	0.29559311116852205	0.03168036903811656	
0.18288665837506973	0.03507680053572736	0.24784896063387685	0.003226947528633616	0.27926236941552857	
0.015383647903291301	0.10384562276424751	0.13035354155565182	0.16747256070217278	0.053265666101187166	
0.15592913665305272	0.06205480904144763	0.11937169082371604	0.3698848881297226	0.08151737445833458	
0.11518758740618269	0.21532913334657428	0.0585032668451699	0.1796103038152591	0.2294766101790047	
0.14905839523893025	0.09674533075030546	0.2983628742254921	0.28454391610986957	0.23361210399032037	
0.1103925322964962	0.1288514138437527	0.14677114958544657	0.07481244519627851	0.01602627516909479	
0.27936600542488776	0.16217596594853526	0.16943301633221042	0.17806946199467705	0.2951085355948693	
0.042978925626048506	0.2998939892507835	0.2979982782111152	0.15810950872716165	0.21843724800219555	
0.08030550980708569	0.05620868449028798	0.010626473946037907	0.05306915589691206	0.1478763419313174	
0.1094562172580475	0.0	0.0	0.0	0.0	
0.20793257908499105	0.07200714947067113	0.06449855888267834	0.16056876993702193	0.2202335449601625	
0.1824626372408447	0.01988198530603102	0.17163426360996384	0.29342439969601425	0.14756944925479204	
0.21777051948080833	0.008126486957838677	0.2807437888311822	0.052292891330965235	0.14582004984225536	
0.2711052540986739	0.25198345125631183	0.10915008296887227	0.0896169984786631	0.21752215872955113	
0.19700111414730315	0.1699542543938871	0.2940284322506233	0.24897328810956915	0.09917502247432346	
0.21079515592708534	0.2714536922044733	0.2868706411145964	0.2031258998532692	0.03218718694711313	
0.06795568412285287	0.0735140407485069	0.2598874898179963	0.08085706182508884	0.23338079695484315	
0.2976268304742957	0.03742944525189052	0.2151559015502843	0.11679395617965646	0.10848756337669119	
0.24002451161527935	0.1345497293323162	0.03346782078531558	0.1858966732317373	0.032597589307255634	
0.0528533262110245	0.20428017375490554	0.026656046077675084	0.23033638098565154	0.13065291459493866	
0.1915655869237434	0.06281922185229842	0.04338706518828926	0.09276920344405758	0.21336037881576694	
0.16549523959791332	0.23554474257044594	0.03581315773789195	0.1197364509408779	0.179047094816616	
0.2753412732017631	0.27943747801372665	0.07636795351860926	0.12302339904516568	0.018912464645025127	
0.040006678002636284	0.2949573400416415	0.023087850647448675	0.2856866326986363	0.20570997235568594	
0.10043434913647717	0.2767374178345139	0.2247033991406028	0.24513151916769071	0.2226020063799034	
0.021948036578576715	0.009582137536611095	0.03945322198527034	0.23014329003201273	0.27288570290960557	
0.011325244039036455	0.02320985913543511	0.22899521080216897	0.07898311565517296	0.13385502418013323	
0.20787945105342995	0.16756355229837316	0.018928649381596586	0.11551404127937277	0.11852793366966478	
0.18251692372652462	0.06892223751567585	0.1162582008347784	0.09873568000437152	0.24292097362248288	
0.07905431548702938	0.2243836013544977	0.13339151039573455	0.028633781396918627	0.27844204914276066	
0.19418124505521345	0.02892992230773704	0.21584756134119226	0.41649805857756206	0.25080435098300674	
0.026961316861285386	0.19291753400063313	0.15601072970612148	0.18157284142817381	0.1951196740103085	
0.2551908688521142	0.2690386017411989	0.17291069545216237	0.21865133625839345	0.28145752766041315	
0.11562419559058082	0.015849110584755847	0.05938038663407637	0.009876699439990195	0.09308587851912173	
0.06547036562729401	0.06736281011599446	0.2884195994404188	0.10385176040541476	0.0315650926032925	
0.08747807213550633	0.17173157020953725	0.22945719594399464	0.25329573218565465	0.2781721243991356	
0.18779792213216195	0.12522953314610286	0.2557678704581328	0.011574296464004414	0.18928318657179083	
0.01671490071368962	0.2043930476876396	0.1495539477989815	0.16730739287350405	0.18888990786882126	
0.043283059506878434	0.06637158915492662	0.2855241330938598	0.20061810533826205	0.289656257085285	
0.1673394797530409	0.23410102695489826	0.21716150187515118	0.12265116739622212	0.06658431991265124	
0.0949680770151686	0.10143628599197842	0.2583391331934678	0.2856793135267179	0.21278028872262952	
0.23166564585039123	0.08242145953587665	0.1756159492453897	0.17155032585915744	0.17390906923440408	
0.19719266045862685	0.0031185394346122724	0.02079855148086414	0.006394409286504805	0.1806269671710265	
0.09640380324860853	0.13017107162886316	0.06081235695106042	0.13204786599421892	0.2873936127676415	
0.06392989546837903	0.15482341560113874	0.2203390999634608	0.09657124088579211	0.20450162338341407	
0.1463023592346565	0.21037465365725266	0.2187157365681387	0.10287407778433472	0.0870734019896859	
0.020099248326511117	0.14843202231124972	0.20085711482812613	0.28489017591572857	0.17610562847035702	
0.053972874680995465	0.27853076062997195	0.059033286045693606	0.07754046562589206	0.14557001127674768	
0.14526201966980198	0.08044663246923195	0.2255432228249115	0.2165537168729587	0.18604349765525005	
0.19709830080344878	0.19874885673667592	0.028899413549814717	0.22325036023836703	0.003106435894261604	
0.0035367224229342514	0.08088110973819425	0.25306089167297574	0.2672427002966176	0.24681490033593786	
0.23156846550731564	0.05102390310950275	0.020762461289137557	0.20973284521325544	0.27386346393746536	
0.13451978571079065	0.1286060796494368	0.03143004253705166	0.22463974444216542	0.09893637055191169	
0.07689013730770869	0.12081899372701108	0.1570397327963119	0.13536889944729774	0.2862864123509923	
0.24089622238297917	0.22721413332341586	0.05584383737781641	0.21540265747658632	0.02418690658679014	
0.2449235756622947	0.03689121903990727	0.23143630423931674	0.08715418127594941	0.10946065484530731	
0.108204958894726	0.029973081757850503	0.21740868310091518	0.17235044068718208	0.28707166070977286	
0.13904794550247665	0.021168220686587216	0.1018026288055838	0.07260996961400042	0.1931054948176103	
0.013815769449748175	0.0145282700624459	0.08080712196421047	0.15833000923092522	0.23469155674453732	
0.19136030566013879	0.1035396031438252	0.18725443895911356	0.2695412827131361	0.22689956908842546	
0.03412276074227353	0.0	0.06757285334041693	0.105546842313542	0.07746787829339359	
0.24813417051905104	0.1105148715388583	0.051157032103083616	0.08633233899138293	0.20588840434779057	
0.2933165491393467	0.142953954894042	0.05083754602387389	0.29126725290734845	0.23296193785367622	
0.014100447826853801	0.10769769058647814	0.17989623390541132	0.13613553321264454	0.18030707696230278	
0.25298775533795764	0.07844315445306634	0.0027032658631042294	0.10804087038620085	0.04922001097941662	
0.2967095807010888	0.13578064747870044	0.2721912788373866	0.26683332262726545	0.1513841543130083	
0.2763902324497816	0.030133955594494846	0.032091289355122406	0.1267398236458321	0.168473880980568	
0.17050312669622616	0.15844729806516236	0.13220837109369016	0.2209436040147581	0.12587394901343232	
0.04257540510494342	0.0558966472859157	0.29448521374985626	0.27767206864628124	0.0014761940332099258	
0.06971930598732884	0.050241589213272944	0.22537160455455546	0.07220464858983688	0.06386702814108439	
0.18175263881926332	0.013006215199453658	0.2150316928690046	0.1075843185002587	0.08589497640583892	
0.1842548658884707	0.2276049846067306	0.1320760945757181	0.21821594891323348	0.24314188052131827	
0.22067616892160194	0.020476773982438284	0.02200798817770919	0.06327768221684811	0.26007925982753927	
0.15441137808469158	0.2086782681625932	0.1266574291887397	0.11620550747961711	0.16082501104391805	
0.17567946294195555	0.25255185291988197	0.22275654575672382	0.10862233375554167	0.034853899266509863	
0.11769684386151508	0.2298387886125404	0.05193936598433651	0.28825501712607426	0.10140795584341906	
0.18388191052494107	0.2864661992792564	0.1262214260386858	0.12741417598571333	0.09960278215671083	
0.16846486444833886	0.1541930568172733	0.190608409706962	0.08333298444635046	0.06161391632918923	
0.2649258480032008	0.23405768071566935	0.2994345598546639	0.09790350269007049	0.009141738994705112	
0.29921807060446326	0.253630840912081	0.0015998778616624246	0.12748579739744287	0.29730809810695463	
0.09887636131934448	0.1964750907996866	0.2179972845305529	0.14942812736209937	0.03894177227453515	
0.20938433262874093	0.2366883853244633	0.012275164075626298	0.23330083148776645	0.11092143035930625	
0.02483277166518616	0.14824613543351983	0.07307179854335662	0.1646364417503213	0.2704576922650777	
0.11279301574203342	0.018069648451831215	0.224590652883767	0.006098968960662226	0.020589266160410444	
0.03975198907348529	0.004916950821285928	0.15732725766628988	0.10372631233448616	0.035368636819884045	
0.15010067301019211	0.031627736945631924	0.2097744466928871	0.028576725536087463	0.25923222089271103	
0.1546082278148152	0.28845307545018767	0.07753894629871122	0.17677975454648576	0.2274776341764706	
0.18647159123602683	0.16253082145108572	0.1242774682164358	0.08402433125140685	0.018042832279736784	
0.12245401884598132	0.24559968624681638	0.1983455123946331	0.19364063354844652	0.15449771671057294	
0.15403243556587842	0.07659766589756542	0.07843488041438854	0.18045437880573248	0.10771691354677064	
0.25011269031304395	0.11810221980707655	0.22493226451971196	0.29455827170083093	0.1489184351746392	
0.09116335721250295	0.03214216587715108	0.1939188981933692	0.02038845766583896	0.06445777190260264	
0.08350868835186803	0.18563054554160735	0.21188862371872932	0.19518355210753474	0.25168448863247733	
0.09484319480903339	0.20942427966587668	0.07547979067583954	0.2595652627947428	0.017860364167263054	
0.08615515575209902	0.13742866247684174	0.2800682479581759	0.03468134140402325	0.26690128384548995	
0.0	0.0	0.0	0.0	0.0	
0.19781476518785443	0.28643006643846847	0.27932463172654953	0.054962283057278905	0.19631408560088998	
0.23950775416380587	0.012830586470101967	0.040579222839399555	0.00979193155693449	0.15793097064417075	
0.06366615869363469	0.20235590286095595	0.16729225742531845	0.26737643667334343	0.2056615539162342	
0.2207653207517926	0.2389944547155176	0.05467501366520146	0.25879563799841315	0.03746712925011533	
0.10416044936185247	0.10507967161204493	0.21174636823293577	0.03157257170415904	0.19428997672614517	
0.29125447162297285	0.0718692614053943	0.2625419514715829	0.010539620192352826	0.03037626904662829	
0.23908936520756338	0.2518981113962606	0.26136200581912533	0.007299894266482172	0.22468668937981337	
0.18623401928522432	0.2418132500215687	0.06667358261442928	0.06611486157817464	0.20280385214093338	
0.22782111742952163	0.2193645523825324	0.202048175279708	0.07881060651898401	0.22359246036059982	
0.0508017354801161	0.09390502406858145	0.07051186623032923	0.1418541189674672	0.10140428566100557	
0.2989280312991495	0.24345631896794678	0.1664515988148656	0.07798598111137409	0.19996315801651662	
0.00942385756083801	0.06940907803409621	0.2843397353802081	0.12085629373745858	0.028140798020215234	
0.2276621290806686	0.28829391075257627	0.24667478065760803	0.03785974623938323	0.29470412899315146	
0.015266229178906033	0.2808537107106685	0.07758585507900816	0.05349694381788697	0.23501410071575313	
0.1671550814586733	0.009837084156067854	0.2808629306250769	0.014993508245001588	0.29856163255641305	
0.08966311929228535	0.20935831607788216	0.25243623842658935	0.02846186119814972	0.22239293206985286	
0.1875472208399472	0.1265630863048028	0.19560602900434457	0.03006162695032186	0.17366546720815004	
0.1089076437163347	0.24694504298309725	0.290242774173178	0.1094737377251134	0.14023209920963495	
0.14408675258566825	0.2224720027175915	0.25816967565548815	0.2152741220384606	0.10362934715569157	
1.9370860763048283E-4	0.08199179825424326	0.24437464047419163	0.10709431854039488	0.010490579581687916	
0.17882807923273672	0.22416367532942832	0.28953827553085004	0.22752292988743864	0.07135741265191416	
0.02904249697597978	0.28411525740432203	0.16751463269725636	0.2886544352373252	0.1400819820697742	
0.27205278199848654	0.26993573708432117	0.14324227877998874	0.14871707998838243	0.24647983157615333	
0.19291825102425822	0.148482914781846	0.12702784124738686	0.2659615357828483	0.040893881452685424	
0.17725242095349103	0.015857507468697993	0.12807327906281357	0.02480626477487149	0.29692450618870997	
0.0798488383160454	0.25182334115636046	0.024735281101109875	0.07168895877842381	0.28608055894741213	
0.10493724263326541	0.1602738606103006	0.2439246396270447	0.1006271089540062	0.27016157212271197	
0.07857269252071819	0.25674232674675157	0.053384100559950444	0.17773294571366718	0.2547223043205735	
0.20072897358726308	0.09367744016347554	0.28952591698173114	0.04269470915998276	0.007159116545734432	
0.06861019786349261	0.2441637568033711	0.25046065154799074	0.021082525122414052	0.07086419006261233	
0.12347029879260987	0.09154097049243834	0.12882062157173008	0.24803199162970793	0.2232461816272751	
0.05239528889042636	0.013830994307753178	0.13151346530542454	0.24684259291388486	0.03350396821765504	
0.15346912570146587	0.2329005054082787	0.0683879802221467	0.14950986494663263	0.2546651891096969	
0.05709974780409691	0.23296388985295094	0.14593343372064185	0.06921435629307417	0.1250269082045621	
0.181856719158735	0.250909287152333	0.2045394407316854	0.03734369121010705	0.016119431434530374	
0.2012352776744484	0.1742494078857954	0.09993406743162939	0.11579250545521723	0.2869354377948923	
0.21708658778206963	0.21581771196647573	0.2505223808719681	0.021135448759602136	0.22321702340291313	
0.07640181951440146	0.1260969419131943	0.09343392457931901	0.2865903081181584	0.12127958380486657	
0.21392469308269843	0.1668054808947016	0.011569487595856211	0.09574442178519438	0.011158602561943325	
0.1778746132361671	0.17119775667123488	0.026856965979019	0.18689400878399198	0.2465052977193892	
0.01500256350806483	0.03728448813441497	0.25216377192769424	0.03554422897288991	0.29668181628421036	
0.04844373204034603	0.29996058878788145	0.2046879904073377	0.17555824326389763	0.07405618778689375	
0.0370914945181234	0.1679845922524248	0.21863285707982838	0.07540286743425019	0.22729307816841565	
0.12241708399520777	0.10578072382874523	0.044785216192321134	0.03777949543918962	0.21814624304854788	
0.20408170794567032	0.09840783549153452	0.2770208860097247	0.139570065026392	0.1537697795589671	
0.19715035226473748	0.16813394125415998	0.12512513344106924	0.15807348992876447	0.2740461294269753	
0.2995034111862515	0.08242739732696049	0.14454609496912607	0.1271246701758188	0.042730617149689766	
0.16614550555501362	0.10494446248017401	0.14087815774044996	0.11657974048233455	0.25698187650317145	
