0.27679934059213884	0.02920582551770328	0.30020731442581833	0.12966528244391964	0.037025730867225874	
0.014922743684606549	0.27056592734350166	0.28152629381224115	0.14577077036414218	1.5952561098615388	
0.0	0.0	0.0	0.0	0.0	
0.0	0.0	0.0	0.0	0.0	
0.0	0.0	0.0	0.0	0.0	
0.0	0.0	0.0	0.0	0.0	
0.0	0.0	0.17316977665321867	0.04143530349205446	3.0606525886717915	
0.0	0.0	0.0	0.0	0.0	
0.0	0.3175489272447482	0.5519312104523925	0.5141091021591792	1.6215296750813624	
0.0	1.57189102057101	0.2700118759700076	1.116963675319113	0.37977187544629903	
0.5254246640084723	3.430570051748472	0.42367801752852485	1.0902570498053945	0.6950636416093298	
0.0	0.7871310187023837	1.4084386368536534	0.19168091278352314	1.568155788817924	
0.572805044308383	0.7743423377867225	0.8107810664242134	0.1613873797001457	1.001394993574016	
0.0	0.0	0.0	0.0	0.0	
0.0	0.0	0.0	0.0	0.0	
0.0	0.01413070454842493	2.1664821572880024	1.6842878448364198	1.201560881018983	
0.0	0.8113397458553074	1.6827593680262707E-4	0.6295730660105757	1.8478015450732432	
0.0	0.4051910003592831	0.6546980989297821	0.9100974528290472	0.9493320044125902	
0.0	0.07509325836605556	0.7920160742834365	0.49791061730648717	0.6129199062747142	
0.0	0.0	0.0	0.0	0.0	
0.0	0.0	0.0	0.0	0.0	
0.01678223386646836	0.34157330596981356	0.3471042022116881	1.2568518140930307	0.5802469111764247	
0.0	0.01855440467324336	0.0	0.28115551821857976	0.7312185759381213	
3.045662919808303E-7	0.7556257680521776	1.2634594566726198	0.6045356007895967	1.0276516476878916	
0.0	0.3786233857434712	0.0	0.022890728553091728	1.8019421732096952	
0.0	0.0	0.0	0.0	0.0	
0.005322622701615161	1.085538201659511	0.0	0.6950554825505663	1.2374234354491007	
3.069858384382701	5.270547319446418	1.2119019622852432	0.0	1.4095841718372504	
0.0	0.0	0.0	0.0	0.0	
0.48144243995791614	2.141815728539976	0.0	0.43428419566117127	0.452879670184064	
0.0	0.0	0.0	0.0	0.0	
0.13322252691996278	0.7610922862839552	0.33332011100321585	0.4539180402984981	0.8661485575840184	
0.44241198846256935	0.908864995917387	0.2042613311079138	0.2792026590987898	1.570224223178582	
0.8909097003159188	0.6805211558498051	0.7598580988120518	0.8668751180472755	0.1365945143823617	
0.0	0.0	0.0	0.0	0.0	
0.5512745875559822	0.39648353950724796	0.23063893535353677	0.5785292576419588	2.4669981135338177	
0.0	0.0	0.0	0.0	0.0	
0.0	0.0	0.0	0.815787775754199	0.7840502567737918	
0.0	0.0	0.0	0.0	0.0	
0.0	0.0	0.0	0.0	0.0	
0.0	0.0	0.0	0.0	0.0	
0.0	1.9292044870278326	0.17465195487340468	1.76973715510063	0.9191232519466869	
1.450746237344069	3.967875481369757	0.1515877795419216	0.5464158988690163	0.6728476053201884	
0.0	0.0	0.0	0.0	0.0	
0.0	0.250831336491218	0.9804498860093567	0.9208980735546543	1.0119612510788778	
0.0	0.0	0.0	0.0	0.0	
0.49791017064156307	0.9668822191210313	0.3337971984319519	0.8442327567463558	0.0	
0.0	0.9748312145775158	0.5593229600123317	0.7466520543119141	1.6527270632116817	
0.422545954847773	0.12797399021906017	0.06759327974996503	0.3777447786212888	0.5670465626263648	
1.3417191003422579E-6	0.1952029846354142	0.19326334728867078	1.1582577912623322	0.8246327502165961	
0.0915242931888272	0.6361506956156594	0.029526869909122077	0.12830229935184498	1.0886277939865674	
0.028824250099465848	0.7293742587404535	0.7447847687823523	0.10154863455215234	1.603522252969816	
0.0	0.3097694989323719	0.24596174419886052	0.1631892239519874	1.1977600835371547	
0.0	0.0	0.0	0.23620001779228036	0.5778479964632667	
0.0	0.26035479487506374	0.41054014090851054	0.23505192677151476	0.05117216767062921	
0.5236113887010214	0.3681912947859197	0.5885431845247	1.0245818895977357	0.9913619310799598	
0.08291868340518777	0.5118424777609608	0.1556666612770989	0.10960978258920051	0.1809462960902035	
0.32010588460637524	0.46712664903130896	5.479258198980438E-6	1.0858525927414362	0.9289774893055711	
0.5621002809827725	0.3087146918614715	0.22728367879067737	0.9140406178582478	0.5419640418194979	
0.027571252940660523	0.0	1.81418486923502	0.9957134441592734	0.36228365833573867	
0.0	0.3042994509935452	0.2235297604732393	0.9008509890307296	0.5849309377786175	
0.6453165189568238	0.7616353122732444	0.17376430383774646	0.028976356717282378	2.819138739189063	
4.747996025089572	6.449093766214766	2.5540473769855825	0.0	4.052799604142639	
0.5404738106818672	0.1370779854565963	0.4687347754026293	1.1362938220502175	0.15657002454584826	
0.7208114368305792	0.5284139103131446	0.6315503684916959	0.5603923476794429	1.417784139734272	
0.19494610975605972	1.031105752041477	0.36794937949743917	0.46693056907328545	0.9982861959998298	
0.34566479035175585	3.0512720538358756E-4	0.012428678441327081	0.9720114821930661	0.2021594191328768	
0.0	0.0	0.0	0.0	0.0	
0.0	0.0	0.0	0.0	0.0	
1.2807095014417045	1.4200311466962132	1.0358689137354244	1.125146353693005	0.37407873642712736	
0.0	0.26447973178948636	0.0	0.41614626146264244	0.3895018173265043	
0.4455554854915406	0.6280903884725122	0.24621504687208448	0.0	1.547584268616063	
0.18024549745039936	1.003185819876231	0.8542427767137724	0.2647255910620351	2.6015100499580712	
0.0	0.0	0.0	0.0	0.0	
0.0	0.0	0.0	0.0	0.0	
0.0	0.0	1.9212433335173487	0.1777353273491184	0.5553624435779941	
0.2518416362830874	0.0026062858025101936	0.8927270055154072	0.2559481734064428	0.36372083070158706	
0.45363820102383107	0.3937269817420053	0.6725756949568159	0.19071034947221474	0.51106723530497	
0.07173400628397898	0.3724331243978954	0.0043978179220295075	0.4845113616513246	1.2591201111999815	
0.32078626067948823	0.6950877960711314	0.1584774944436635	0.5208318994645473	0.7450951478729747	
0.0	0.0	0.0	0.0	0.0	
0.6515379893277938	0.008503454554207883	0.1643001665814813	0.5443488252546762	1.1031283823916886	
0.15060269299184806	1.145921425748863	0.3332178293529467	0.6115479132227609	0.3529968457592938	
0.0	0.0	0.5884721582143759	1.9734847867854386	0.0	
0.0	0.0	0.0	0.0	0.0	
0.0	0.6735351516133199	0.0	0.42369477140227796	1.5106623243086703	
0.41122927228086975	0.7480792223011014	0.36991545728033454	0.16300163360287295	1.1643580291518618	
0.0	0.4509304637776767	0.16945791293096218	0.831003247043978	0.2491202270560896	
1.4244463551471591	1.4411640629894449	2.1327516513408353	0.25116286644287744	0.46242972913694674	
0.0	0.23331774828134105	0.014306792308334391	0.6954638512991215	0.31458347276649534	
0.006702429918706111	0.07163148402530325	0.08471503914465259	0.10593472197604578	0.5988636693035096	
4.534244870503639	7.877891759980498	0.7888329148109195	0.0	1.606117198477255	
0.0	0.0	0.0	0.0	0.0	
8.607059269725096E-5	0.5671196964055821	0.006146170319934928	0.23663849622115485	1.1109757551925072	
8.140626313448426E-4	0.3148360038664204	0.20053999387609786	0.6591913115541043	2.8721536490018305	
0.33845734435545755	0.42536489587264953	0.22835720805574364	0.2930387375761748	0.7111758198317155	
3.129383858674478E-7	1.1548231740620543	0.08028824824820288	1.0925336521862847	0.6934690668410949	
0.14699684416184597	0.7592999575140934	0.2959307773765358	0.3596484601516186	0.45861573562559843	
0.9006704023746437	0.2206137885579644	1.1752607270856337	0.8323420339778074	0.9170828037534744	
0.0	0.18016675173255126	0.0	1.4286448062742914	0.44694777397478425	
0.017296113417270994	0.2695340318289445	0.6623311368762993	0.036613286420645805	1.2401680678708584	
1.5882618992850637	2.7682915267730253	2.609519557486083	0.8631555758144488	0.6456564856577368	
0.031003949234140106	0.029455351937892154	0.6523015170641532	1.016857883153029	1.4308086823751935	
0.39732307667114286	0.4631910727747826	0.47329095724737996	0.3247943943450543	1.5527475226378493	
0.47828279781764754	0.952999131069551	0.7128837663745149	0.6631010064657201	2.0357595999496096	
0.09256015906994072	0.04587202484827268	0.002551079715079547	0.9981535699941944	0.13279171929538916	
0.0	0.0	0.0	0.0	0.0	
1.4630288725908809	1.1250213185620663	0.588025928467018	1.1051496210527616	0.0	
0.004376882624707286	1.533318713118945	0.7881285344578371	0.4410726266799874	0.3756547701271506	
0.0	0.0	0.0	0.0	0.0	
0.0	0.3698955965777587	0.0	0.6062615641144731	1.6381792807399447	
0.22711774802402068	0.2998650833033195	0.3246465554843461	0.39197143881484653	1.435093725901749	
0.4548711238572169	0.9430692173595026	0.6330707686964657	0.25864391604282144	1.3764776817573894	
0.012132494708133301	0.08720952038235939	0.650960086137234	0.48460355606671274	0.04486713659472945	
0.0	1.2534938236635769	0.0	0.0749137578208977	1.2709760712523697	
0.8489710068379491	0.3288140753805881	0.2270317966687194	1.6012457244033076	1.032375080231171	
0.22620935941379364	0.037599170477427474	0.4539779900667153	0.0	0.7407144438200622	
0.3684713943774727	0.5501422080250122	0.36928358863274213	0.7047256683665175	1.080777857789298	
0.0	0.0	0.0	0.0	0.0	
0.42639425256063873	0.1406719749356606	0.49917804694726453	0.5557560172057773	0.8655097473243152	
0.9811054441170071	0.778615967931975	1.057259308160231	0.2763098215330372	0.0025335223620067708	
0.0	0.3476354302098455	0.785049621386965	0.6675909119490259	0.26591475798767394	
0.6047093852331134	0.4125864840964256	0.6995543302923285	0.33713299424817106	0.4994323110454733	
0.0	0.7657052358884853	0.6430869807388373	1.1358425530483884	1.040568008970811	
0.0	0.3945373346086543	0.0	1.1221671257465926	0.6302261787683765	
0.4076711497187725	0.45883656589157934	0.6202450089495156	1.1497996067629463	0.94210599723706	
0.2538258889656573	0.36133225806324676	0.7086916611258721	0.5465316724612522	1.8523709831917747	
0.2524964593593285	1.0014879180385021	0.32567752266035127	0.8522243506600563	1.8355400232089811	
0.18441671776592913	0.09530175901428288	0.13692362022343124	0.7812731254876305	1.1975004932376296	
0.41445917153443645	0.0	0.004476740978458759	0.2806877814390565	0.2982430490803088	
0.07511591086581282	0.6305334806551268	0.0	0.7975509691329352	0.6555058818404935	
0.14624633082974123	0.592858416004155	0.04301933648170156	0.46348649535229886	0.5588615737776745	
1.4034554358666427	1.5813167387813485	0.46033794447326565	1.0948194726480112	0.047346952925254385	
0.26567160797117445	0.22989153162342393	0.6640167387235518	3.15540536522339E-6	0.2966017320804455	
0.10480216498492913	0.3740630866952305	0.5002055617746205	0.3653994441865681	0.46894496421316073	
0.6283782221438461	0.5757334677915826	0.32328042550076375	0.7221913751076459	0.5971462147447646	
0.2428889801149429	0.028727912716115633	1.2719378861503134	1.1728257788830434	0.6449374307995965	
0.0	0.0	0.0	0.0	0.0	
5.685839659037952E-7	0.012995039821894282	0.37283970641594205	0.4920855285495319	1.5516061709996984	
0.6053240478842402	0.02745370769325	0.24888679973269018	0.5553403653309502	0.16939816572067865	
0.43681108338381724	0.5677328594541907	0.494963646928763	0.49105807155920805	0.5313048835423055	
0.39201191692780063	0.31733007707640765	0.8263807706103944	0.7102927363254611	1.191227823818187	
0.6781289189325043	1.5814144057820159	0.10580574354828813	0.3372838853571902	0.5407220209445867	
0.09107610240851684	0.24116717647735947	0.6095226725744186	0.6096838952673828	0.6389539886555886	
0.08920839649239286	0.0	0.0	0.06755926893587227	2.576161402582056	
0.0	0.10729351486458594	0.1881191203172121	0.714088066937522	0.4394845035284347	
0.4173750885701469	0.8917012594708219	0.46849852810819115	0.7743006978173399	0.6894609155278639	
0.0	0.6998528010428854	0.018467041292127104	0.45476054390865456	1.157702780841071	
0.7043869874418617	0.2552434085899288	1.8490035345908194E-7	0.39917742847023335	1.3439271613682378	
0.0380798667613623	0.1353499603566887	0.5348713389581912	0.5077883356009815	1.446056071811106	
0.029670401661548378	0.3392691838236093	0.4757945439650651	0.7613862066887551	0.7009324397931864	
0.3165402729901159	0.22879944381044515	0.442682279070288	0.3746215049110125	0.4668208169686753	
0.00937700775102865	0.20511233738324247	0.17517648995466145	0.39169926430434315	0.7787713229187302	
0.13610852667493153	0.52615702734189	0.0	0.22344546168167417	1.125680240095202	
0.0	0.0	0.0	0.0	0.0	
0.0	0.0	0.0	0.0	0.0	
0.4492066481152979	0.0	0.7743308018467072	0.9717769380970899	0.349533838127215	
0.3926985107260374	0.0	0.0	1.1036092092989873	0.8280424840148329	
0.5608300567311966	5.8459992168430556E-8	0.5308989436458827	1.5675251919897408	3.334708573739536E-5	
0.0	0.7672892761564484	1.9221880621888467E-4	1.0227004501460335	1.3345057444208557	
0.48670282292075073	0.7011252488878886	0.5177671352867396	0.0	0.1835268040813615	
0.3671067000326793	1.3331743721020406	0.3006920053718211	0.6362163434954824	0.0	
0.0	0.31740255149332575	0.025932496071050616	0.7814560206736204	1.547159033491909	
0.0	0.042906599211220336	0.5754195498975515	0.12310020514297954	2.0020337052022223	
0.642804019964746	0.6679637534411794	0.8455292136446532	0.41973493440969006	1.1547964794475158	
0.32250426248565733	0.945440414449046	0.2861645347704245	1.027061266775302	0.36286676031205345	
0.0	7.250373393042996E-6	1.5844634930752537	0.6183245805620249	0.3253353076339167	
0.0	0.0	0.0	0.0	0.0	
0.9876170202997558	1.1898836920862443	0.4021508737793117	0.09968354636980982	1.533954875896758	
0.18005385670525723	0.3950068883066574	0.19690379647394776	0.13925986378980929	0.4399690817845162	
0.0	0.0	0.0	0.0	0.0	
0.6586756838218821	0.09098183285122424	0.1393606246060635	1.566333039564813	0.3941478095433045	
0.0	0.45697758449701636	0.5080173624654626	0.6172755787105407	1.4964545795229187	
0.0	0.0	0.0	0.0	0.0	
0.0	2.6899927445568244	1.4747362996214515	0.3691221075784301	9.61902408613593E-5	
0.0	0.2767636560902719	0.5289379960873949	0.0	0.0	
0.5353817694998733	0.7576161951790993	0.0	1.3368086547676759	1.443031638782425	
0.1714817635165613	1.3773262569507396	0.0	0.2864052725429577	2.353940169698574	
0.5021573354095433	0.1562052768680784	0.5526936022044061	0.7742245836551483	0.8294929895838549	
4.7802939157938896E-4	0.0	0.0	0.6168758069812761	0.8563208292561295	
0.0	0.0	0.0	0.0	0.0	
0.1759869948867756	0.2148923257563285	1.6814570229258102E-4	0.33369637766772103	7.866510349885286E-5	
0.15322643612719836	0.9104298952819058	1.0326838793044941	0.2809051106356954	0.43638634224448963	
0.28982022544303826	0.22572862711416514	0.31384985128707954	0.227345465004297	0.4407590727358206	
0.0	0.570399016271723	0.49884693182625917	0.781971579083483	1.689229594262687	
0.33825261891394226	1.3362979997598083	0.0	0.40210690054976045	4.236150969941344	
1.9532058783848275E-5	0.12447821682958807	0.0650819266417093	0.17315562464455317	0.773589099090033	
0.0	0.0	0.0	0.0	0.0	
0.18760797436515955	0.9616594831013366	1.2397620636506872E-5	0.07219331173976065	1.144931803171108	
0.560641470438366	1.7070790025905078	0.7813838254923274	0.4599052391083386	1.2669052254482462	
1.0773204049427325	0.8031534201515692	0.45650893098767975	0.7599581149869958	0.35483350299462524	
0.06559847093582823	0.9754824927211504	0.003254749613479289	0.18330500166919672	0.49862672419130005	
0.0	0.022826648832682917	0.2921552976635194	0.49932682293340963	1.1047690554392318	
0.0	0.6800318854887681	0.0	1.0526268574216877	0.6077382544657444	
0.0	0.15912184358654105	1.1183677356749957	0.11451598025698054	1.532629159445129	
0.20747506057195755	0.8540524244487508	0.45283327951379054	1.3850861828458434	1.515149469029023	
0.18402836566439779	0.23810918178674118	0.3262532603030315	0.47873172593722735	0.8942617179182916	
0.1254918737414166	0.5006915140812964	0.5743963648506989	6.21866473828636E-7	0.15211678565378384	
0.03440613485573008	0.20671252103809792	0.10647490789812866	0.11451453170867616	0.6085582355509751	
0.0	0.005799269291487968	0.019367911644110305	0.6054198985453605	0.04309100064757821	
0.0	0.0	0.0	0.0	0.0	
0.0	0.0	0.0	0.0	0.0	
0.6325723392764672	0.011824504717991055	0.22233840562595283	0.7008898355185051	0.7849889772916001	
3.8021587999858224	4.415911947850752	3.5551611283513096	0.0	4.606236281801565	
1.9419946331806845E-6	0.28998018017299093	0.3118787242645786	0.44999901642357754	0.9212505297396852	
0.13140431621232482	0.7736908847948626	0.49846142192603704	1.0486804333907696	0.0758635693254846	
0.21662974425090864	1.024400592769163	0.29387666821357994	0.4867569883720011	0.3570428495610248	
0.4653562601247561	1.074388790330679	0.37510472068409184	0.9610585717283465	0.9954913173295092	
0.0	0.2988043841476476	0.17305500382682193	0.6729384629016658	1.141723143425734	
0.22994196911875142	0.6963945897634789	0.0	0.2557283976986238	0.14345367793180666	
0.0	0.0	0.0	0.0	0.0	
0.3211295647840177	2.5741700017254328	0.4584347579799867	0.49893756672547274	0.0	
0.9843962523619961	0.14164435859768035	0.14828125234844686	0.6982937620336448	0.6914593300110171	
0.4701701257677307	0.15358468871456887	0.0	0.06416371802621594	0.7088104980612384	
0.0	0.021181893035560374	0.21712181472049552	0.31824489568861986	1.0761811809829949	
0.0	0.0	0.0	0.0	0.0	
0.41829616249796575	0.017689851349865584	0.8035561940974396	0.7064302505345782	0.1845145076755481	
0.3504862180489261	0.6024701612011991	0.06149473352532718	1.140833736719744	2.0237434157386005	
0.0	0.18490039265845404	0.0	0.5686448640515691	1.1614499356747146	
0.46920891955473837	0.5204609019088445	0.38543499859202335	1.4479283130191485	0.5505681019616525	
0.5267168259264909	0.11043143891795706	0.4570729281696337	0.5263280248920775	0.03746516866209609	
0.0	0.5500509258924637	0.2621184466218733	0.2633260796526454	0.28007065988838015	
0.45114915874756767	0.48087645871736456	0.667132986565413	0.0	0.18175747563138459	
0.8651736693389808	2.7815044834945786	0.20193824093772547	0.2827252846509747	0.594466280005833	
8.091169538496974E-4	0.6488984535006347	0.4788242383391199	0.8851002807347975	1.4271430434558292	
0.27080916707410846	0.9018266139846192	0.09748674933013984	0.010361908280285607	0.4532754206870627	
0.0	0.6821181083338079	0.0	0.6920853449089807	1.4055654531703887	
0.23041554384801444	0.2896599430909907	0.3098499085137775	1.2593122499499367	0.8306043526960342	
0.0	0.707729022402104	0.4210082099184751	0.0	1.9130239650224081	
0.0	0.0	0.0	0.0	0.0	
0.4681577993380123	0.2928565582789448	0.3638193879821604	0.36380203171899284	0.520442885297647	
0.0	0.0	0.0	0.0	0.0	
0.5034684860941742	0.0	0.19475096171851655	0.186199270781759	0.2859080809315336	
0.0	2.876587030121342	0.0	0.7908950159271507	0.4901067209763276	
0.0	0.0	0.0	0.6526010018885453	0.4772498657052715	
0.0	0.0	0.0	0.0	0.0	
0.6227907401398041	0.48057191151054524	0.6062804655187077	0.6708016580708165	0.4890742255035676	
0.234224274685958	0.6381558855322489	0.5969294385094797	0.5676815302545674	0.35426600834253286	
0.41976036537707206	0.0	0.35790841842255716	0.43629168320398376	1.6631686208734966	
0.17827065112134294	0.5105129028084056	0.3145098843495002	0.08998736134172874	0.3301429352034731	
0.0	0.8639839267202477	0.0530753042775568	1.3724172856753647	0.7899637361941145	
0.0	0.10716512244525671	0.0	0.6905313269322508	0.3613145367424245	
0.0	0.0	0.0	0.0	5.769979379476815	
0.6006264541739045	0.27921299534498384	0.2015893308663197	0.5427556592191559	0.22573928792504488	
0.0	0.0	0.0	0.3691427095955016	1.596817769985725	
0.33476660601641345	0.61729224173958	1.2232891191258872	0.4182409853012219	2.8570810769264265	
0.0	0.4375281351434008	0.06884738981734226	1.6868582805330796	1.086714932583064	
0.0012439466666133551	0.7000522052420773	0.17953140046438285	0.4421544258671252	1.7798469277900237	
0.20626705122670708	0.044835543971426244	0.3634250671541112	0.32624995534661544	0.0801843982724849	
0.0	0.7407078677522646	0.33167356427044975	0.90888894586891	0.0	
0.38068468233790825	0.13398634369769463	0.2165740471870361	0.49581517595428515	0.7112504047397923	
0.1636509743795326	0.012126353149348559	0.4657037691295023	0.29109608203967885	0.3287362913979711	
0.08749315873996646	0.15924532781792383	0.043148549111376264	0.6929072466279433	1.3965776610102416	
0.6901450708198091	0.29486859886704864	0.27328908426149384	0.743336535279684	0.26297790685771255	
0.07993369819463643	0.07935032079971041	0.5747995524630113	0.20122187372342173	0.5746338308172876	
1.223181190547135	1.8286368047210482	0.5915267800328765	3.1967247223390847	0.0	
0.5173878242024198	0.19529158781691172	0.27240913599086153	0.868651622239228	0.25995151212570794	
0.06330650653588896	0.29654020235556383	0.1402864386656515	0.4720545653208186	0.9577471460809095	
0.11689123352113391	0.11374189523748258	0.8620231470085495	1.5004865122423867	0.28057022319588293	
0.22108473204689083	0.08006105703665381	0.4017904712895636	0.364008385125372	0.5337087631756048	
0.26000806151184075	0.7206296367947649	0.16075670851289828	0.20098616426724597	0.7414588046452939	
1.4092771630807917	1.6364516153506028	1.2747307179084282	1.5436428327631821	0.1347694539253196	
0.19594085608805023	0.48710053692137023	0.5065831116498217	0.24183278534424674	0.1993537629700515	
0.6886719924648865	0.34007285086533057	0.06134012596407795	0.46546204967534693	0.3895595622065627	
0.0	0.0	0.0	0.0	0.0	
0.2274926244993056	0.2745808429544209	0.6988775881822419	0.298519389280948	0.5121978139133696	
0.12705301338287384	0.37398489031562276	0.09291635983079576	0.2388524639671167	0.8950589050976182	
1.2946432418104956	2.8819117687491866	1.2806527357876532	0.0	1.6461317662737907	
0.0446404395480242	1.0667858813656983	0.7694525062320038	0.47039967049043613	0.582147186159543	
0.4661323171389806	0.20104749512447867	0.0	0.18915565592848016	0.299088146123299	
0.024247927301880065	0.501648241063036	0.3042010695710855	0.3814738993760308	0.3465635588891721	
0.0	0.010357905325210545	0.016068991200278288	0.01971122426328305	1.1228736253681528	
0.2190125300322792	0.7253755261935884	0.04798232295171293	0.14874030861482956	0.2661245373777398	
0.744544778466346	0.8288170482708763	0.8872757505050476	0.0	0.9532768662828597	
0.28882912584185483	0.8369633049065177	0.597720232783855	0.7383074300294257	0.3002544011206703	
0.0	1.428517826587197	0.0	0.3264952649603122	1.0666841010775814	
0.6470103402234512	0.350865114489678	0.619284896828271	0.45990155231150465	0.09528412375604675	
4.27306126272545	4.714040577355136	4.599354736111255	0.0	6.0132906288711165	
0.0	0.0	0.0	0.008514058421837205	5.382732870402632	
1.0038137946317558	0.9110813857303321	0.9354829019992994	0.49690026073291366	0.025843715340104132	
0.0	0.0	0.0	0.5144210924485396	1.3082056928443406	
0.0	3.6622768711459934	1.807171386710107	0.0	4.46825835754045	
0.831307338143726	0.0074587633281289305	0.0	0.612589517875314	0.24990227304727303	
0.0	0.20402347161378848	0.4375209152054602	0.6443541371423939	0.5037174485136715	
0.44421765609591196	0.9439228349461768	4.4153954052795535E-8	0.0016773160406326783	0.009742110113051783	
0.0	0.2922949458217239	0.6211466785637791	0.135836199656766	0.23971646950348285	
0.0	0.0	0.02557260116901809	0.7519828877043426	3.03120572869511	
0.0	0.0	0.0	0.0	0.0	
0.0	0.9501138528404481	1.4984577324227875	0.5339151854969137	1.3559943380651174	
0.1878482985977833	0.044641601367754226	0.2764804156352001	0.5320070011744793	0.8649550700904889	
0.34783486653499696	0.41147632083942287	0.6091518589491477	0.22144474826996283	0.33815406876639575	
0.4341871636931085	0.2256985374977955	0.41964708520547317	0.6618447967782767	0.6771375997525447	
1.7985162622309794	0.5241600677133461	0.5193665831722836	0.8138266486684342	1.8402473771013457	
0.0	0.9190007241706907	0.37931684370389684	0.5323911897099325	1.3358627831206895	
0.4207131265019485	0.29566030757771006	0.4887418579996014	0.2523162681980454	0.5295482191314798	
0.05284012065221924	0.30607927394342327	0.4246792195266164	0.008692379938525875	0.2972143092208334	
0.3962071897789511	0.9507598561111215	0.7484898917696254	0.6585796273086937	1.4369046162059536	
0.6529594788813072	0.0	0.2957365638643471	0.24420983416923941	0.7964626949363811	
0.0	0.0	3.563374945197889	0.21948004758798045	0.7621533162659111	
0.5283494099184295	0.0	0.01019339325634185	0.3293860005084699	1.5484419972072294	
0.6442172021140723	0.0	0.46251806842030685	0.6907991019961185	1.3236426845569413	
0.3479277994983663	0.845133062665638	0.8901008685989057	0.9201166014446103	0.7964386335745783	
0.7529315968005144	0.3191141192495675	1.1027346102086313	1.017518644937089	0.08332237734383019	
0.456195669013882	0.26071693965794396	0.2702880295363779	0.20095599030757694	0.638145316360571	
0.28623538426923045	0.8787293502677646	1.5145901445801955	0.2583209938586992	1.6217682372988385	
0.020267546851821583	0.08744416349765376	0.08025579173218979	0.44522321725633013	1.0345533235073632	
0.0	0.06583323878631892	0.023293777361401497	0.4093996306417061	4.288989276050212	
0.16047810237389834	1.0714324595818656	1.0421292979575494	0.23056748350012196	0.8577975061600481	
0.018563561249219946	0.09973541266441509	0.7367106190129458	0.4693492816765519	0.6945251443318526	
0.3727938605178082	0.0	1.1300899925504415	0.7300816678297103	0.5966569741076718	
0.0	0.0	0.0	0.0	0.0	
0.0	0.0	0.01905560731221189	0.23710967642913308	1.2345201351149024	
0.10794487668943059	2.303702059127652E-6	2.044122167191815	0.9920948220837612	0.5863466130579857	
0.5139451178018972	0.4569111036536234	0.0	1.245285156261594	1.7799804456165464	
0.0	0.0	0.0	0.0	0.0	
0.0	0.0	0.0	0.0	0.0	
0.35135169982664205	0.3266165748798854	0.0	0.7340372380456269	0.7995436607220742	
0.20757370943860995	0.9140695043301874	0.43050936660184114	0.32239570858351035	0.5348611672605074	
0.0	0.0066058116680047406	0.6736906154357432	0.08961943035690635	0.9769087014059573	
0.0	0.28851564571248267	0.1651951611586035	0.3355174273288896	0.04145543733406011	
0.5014308440633357	0.355829363566293	0.2228650994393842	0.3988137297709231	0.34025118319520475	
0.019429377520528274	0.8756318607919286	0.0	0.17440966127968907	1.8246178774372837	
0.4253960218830775	0.3973773326911957	0.7986633802298714	6.229818447052144E-4	1.0784358522307145	
0.09686614648097487	0.6122148751785842	0.20724118568556985	0.46576408741185654	1.486762515358862	
0.0	0.40665040487423815	0.5536442861146348	0.39135553138111767	2.2541251149352948	
0.756298840430761	0.49482343383242894	0.20423794448902202	0.5208122031348681	0.9192426990980886	
0.00828012112099092	0.057172727613539844	0.1825981484248055	0.5936195320272308	1.3478692755995945	
0.0	0.23810365209269316	0.4272892911309759	0.0	0.5726460586631289	
0.770592948405415	1.032377139169262	0.17289954985695247	0.08772935066047838	1.072787464478107	
0.987192472685599	2.3489604720715778	0.22079148582136818	0.25315393676314885	0.4723298777630116	
0.0	0.0	0.0	0.0	0.0	
0.2915554360704954	1.861651594429178	2.4072440708690498E-4	0.17822643832381901	0.7401479740615251	
0.09774978485713393	1.4158553729211532	0.5060408620946998	0.6844407190995467	1.053632991691319	
0.0	0.055345362633299894	0.6820715012422398	0.5708028944494102	1.176574416695965	
0.08998373030629742	0.4891365783164074	0.16835361703158958	0.23733258614832098	0.6076686540526398	
0.24160672287136237	0.039418945324577466	0.8861225808704125	0.2744271847192231	0.20493104966384953	
0.0	0.0	0.0	0.0	0.0	
0.0	0.607750167394494	0.043445194947657216	0.31691314411461957	1.3887236539107422	
0.6070807401937789	0.22646577503380813	0.07368433481880049	0.20138900166529453	0.3653332561537187	
0.6310675811107946	0.6304756339074422	0.30584181481472994	0.18945435933323204	0.47170032505438736	
0.11897462076782975	0.2880113994908772	0.002543535275770313	1.3472438971420762	0.006452685075610685	
0.0	0.0	0.0	0.0	0.0	
0.2114780003318537	0.2353627101245565	0.5037513599986181	0.40566011571372684	0.18200843961150054	
0.4718592886343512	0.9415582555751527	0.20266056028567506	0.0566546068563162	0.32938233479779916	
0.30827883155764246	0.9543624101374515	0.8229191534765646	0.5916067317803312	0.295151017704036	
0.0	0.0	0.0	0.2582476293268711	1.7911244665125357	
0.33478482046059227	0.8184328209950056	0.35340772142793586	0.05878955128605632	0.0	
0.0	0.2756021343378634	0.023768883749691713	0.14757503515834894	4.092940913611948	
0.0	0.0	0.0	0.0	0.0	
0.0	0.1278149439034145	0.028940126245902136	0.6454366096136643	0.46178458377148474	
0.35952855163535524	0.19496447094605196	0.0	0.8724634914166406	1.9037281476906518	
0.0025536261015395045	0.7426268487693395	0.28533218406465	0.048431599374261496	0.7400786946801525	
0.2581735861779418	0.2550911434571614	0.2312511991283658	0.3106316553926264	0.3196978895161238	
0.7974332425869176	0.026241378912786443	0.0	0.269702458946712	0.21150471538381121	
0.4512832861149714	1.3545372440038528	0.16401758022329216	0.4655648736159391	0.5503767752132664	
0.2822453320213375	0.5253382993481172	0.0	0.5094827906768062	0.2249550303612025	
0.7319825094922099	0.5439683289274692	0.7661235874050111	1.0013564597135924	0.06616949856518699	
0.0	0.7846549821464776	0.2999485688192332	0.5189930963571745	0.0	
0.0	0.0	0.38855989795806034	0.25140153750140976	1.0537003672204621	
0.07826513977788299	0.13871318482499076	0.3598549714806638	0.3376466669591383	0.7382556525687478	
0.23627279015046013	0.22450051605003943	0.6764501347472962	0.15338484286633342	0.20071121192961325	
0.0	0.27284040137306437	0.42014442541536823	0.40044875365109517	0.3835729168292156	
0.43925927816911753	0.0016429765919381404	0.1155601121163054	0.6669864978690055	0.12327520292995173	
0.03781286958439715	0.6500880645222726	0.6834622587968746	0.03381400504633826	1.1373032541997827	
0.3858637241052759	0.37032522250058125	1.4073299181984233	2.0185487834494156	1.1033127714561204	
0.08832211472754734	1.5996105405568954	0.33670984978135954	0.6717403805548549	0.4785717731058428	
0.0	0.0	2.431911372191634	0.11344815586971829	0.590574311536877	
0.32848063303710634	0.0	0.32392810210263456	0.45226090442598105	0.3239952069622013	
0.0	0.0	0.0	0.0	0.0	
0.7374738651136676	0.857612581993674	0.9875785747984238	0.4344414436603737	1.1767944771241325	
0.015038979963720066	0.18376168685818803	0.2948827089366771	0.13905242755048008	0.666010657763439	
0.0	0.0	0.0	0.0	0.0	
0.12664351143045827	0.5013377176281111	0.7167210543884953	0.38428004666985033	0.3098133985610474	
0.8400333614472223	0.34338173640328556	0.0	0.8814601468250568	0.186633743880859	
0.0	0.33158419404976236	0.1514719260317986	0.30186860626633966	0.8673101351944531	
0.2830950166926197	0.003933752874346557	6.8046271110078145E-6	0.4506694494038191	1.251324923756815	
0.2535210464119756	0.5245670181637021	0.42912851401508795	0.5549989123225036	0.16939613263380843	
0.19064814024371593	0.48477885131613935	0.1589328740311697	0.4823044536954005	0.6521553092580763	
0.19047043906090513	0.6935739118539193	0.8048062020827695	0.46477905066381947	0.22455547731426403	
0.41625912946009885	0.24910474223343573	0.41160190095844473	1.0630242400624188	1.288327617456982	
0.09264775636948973	0.6801639499463317	0.0	0.3349124045415708	0.5928021076626281	
1.5045299581060308E-7	1.854485284631306	0.14756377052873618	0.5254526891155039	1.9366932554301274E-6	
0.13726728177160244	0.20527489563062812	0.1382865584157319	0.17867643802076913	0.0	
0.0	0.16269838014262925	0.7487213558465338	0.5841720626752867	0.15872433728796487	
0.13142207680382212	0.6513209356085609	0.6096906907078368	0.6325419642788115	0.22307828215460693	
0.09263587581693056	0.5216316353389661	0.9813247199053743	0.7095139529870249	0.693433541507039	
0.4600362167522352	3.9534378232451044E-4	0.0	0.29496644612122724	0.5403043309018604	
0.0	0.0	0.0	0.336847281799247	4.456141091963441	
0.039885261945823695	0.08332617856844057	1.93115082630355E-6	0.28635841525625483	1.1193328615240572	
0.7323269484324286	0.24079258640897788	0.6668234783755569	0.2619013407856999	0.4479929003456259	
0.16823587541237434	0.55238546002867	0.41194627221167474	0.818010488610009	0.4157716868295045	
0.0	0.0	0.0	0.0	0.0	
0.14722458809380023	0.9129551749907394	1.0524942241354471	0.2663561145394014	0.6174517756358116	
0.0	0.5793406515169612	0.598707161434616	0.4357787853860594	0.0	
0.0	0.0	0.0	0.0	0.0	
0.8065824550390939	0.5699961653918046	0.15652681366356977	0.320521481841252	0.6613683853861011	
0.11881828100129002	2.323979525451464	0.33284252171068535	0.3261858125193056	0.10090778942064113	
0.0	0.0	0.0	0.0	3.993157481126218	
0.38783932310092617	0.9817855326065654	0.9315026757513691	0.2492028897420437	2.040320240427623	
0.033322796074094684	0.35851146802273653	0.35759344170537083	0.33130180221382577	0.6164597031303507	
0.3667343502907389	2.5492722130942846	0.333407504834889	0.26416488819567063	2.637428483180796	
0.34805709400530693	0.476718766070633	0.11152321332459561	0.6358959976909829	0.07094709900044845	
0.9342880074169059	0.09953376078861019	0.10281937945109976	0.2693867700653267	0.4490982274883569	
0.5338944677725409	0.4256567533640887	0.614704068028559	1.1657742409453764	0.40897815008250404	
0.2916598194131421	0.4383616749161017	0.24427737229591812	0.5604598921811434	0.7810177927710644	
1.0813967007100556	0.8920082971908884	0.2771262068368516	1.1179803456461297	0.0	
0.0	0.4447292556133346	0.0	0.549607946090072	0.9827396811367801	
0.8905486095841233	0.3506357201193915	0.7519629544130209	0.7074617987544322	0.37732183521455165	
0.029595179817562177	0.8248682182688615	0.2352370637413449	1.0319787328578283	0.8958770854170515	
0.4062427936900188	0.11717229145009217	0.3589288304319428	0.34260891531678433	3.4442555092155694E-7	
0.0	0.2536702668943643	0.3474697231458741	0.37624813394877815	0.3095340346461975	
1.0639903819456198	0.13906341608666606	0.0	0.27829068063042856	0.9863455184753562	
0.040309263075702824	0.381098150084775	0.023493181519707418	0.8464625397915628	2.300380009354043	
1.4363513393227674	0.1103615269579903	0.30410164200586864	0.5536186791651826	0.22616411027617755	
0.0	0.0302777585113157	0.3692408759800859	0.5455391761950391	1.1854237194616837	
0.08069482067299924	1.1460056604686197	0.0	0.15416700696189373	3.5422124976718528	
0.6923036312234865	0.8902811354133702	0.5875838742744973	0.3181185544258123	0.08262895669017778	
0.11243265643852506	0.9690914142232401	0.25384730554441565	0.5441715342726763	0.2366860346876401	
0.3468589105806401	0.0	0.5226629031483753	0.658901705622042	0.2228255224722017	
0.09323392985285531	0.0	0.0036603169088242067	0.48634302210802727	1.740852055520096	
0.14305615900574362	0.4241067233152237	0.4092266098992516	0.042675838292487424	1.176141195583755	
0.005166215090163022	2.372470653677586E-6	0.7037043476465654	0.28523432975742435	1.3489993212951872	
0.0	0.0	0.0	0.0	0.0	
0.18515736447030598	0.055071183892433144	0.021252801277332763	0.726588447283721	1.0134614720811586	
2.2029062450321013	1.6574540355979117	1.7756333544131155	2.278998150990293	0.38674467259843814	
3.375352619260423E-5	0.2104135304649751	0.0	0.2878952762785936	1.0823736217256195	
0.6371319538731953	0.6582855863633167	0.2755792959317545	0.819942183715668	1.7550269221881754	
0.21236234105632362	0.47145346180365383	0.4176886159842871	0.18614219754863556	0.6300526632007092	
0.5712097682627201	0.5059726531725336	0.5497740111577809	0.0	0.06485283901463952	
0.08781686746467682	1.647857193916037	0.3580488994547726	0.14256095172869784	3.9854600675990928	
0.3714577068657957	0.0	0.9684860444275478	0.386789349303457	0.5932851312391317	
0.0	0.0	0.0	0.0	0.0	
0.0	0.9871456476469792	0.0	0.3672489338898211	1.7411698689008597	
0.0	0.0	0.0	0.0	0.0	
0.5122030209124723	0.30487996538826934	0.4028457732325188	0.13159805999322657	0.0	
0.0	0.7442212072460411	0.5879461910681687	0.2979055428101002	0.19671455385721492	
0.42525304041377976	0.13840997066702676	0.7896863270142994	0.22258994795539108	0.63270318154926	
0.3433342541724479	0.48441054591934946	0.32596565700380714	0.44399964620438065	1.5379243190487881	
0.5294591869175445	0.5661806366845814	0.0	0.49513222441210286	0.4281776647723569	
0.2640826764599606	0.11595953444903469	0.057185681780860635	0.0	0.32394345229751975	
0.0	0.0	0.0	0.0	0.0	
0.007597799645629149	0.27168508789906554	0.0	0.16713151507856794	3.4742308423488355	
0.0	0.17647079928482745	0.008474215392209638	0.34533231730021713	0.28850874798353066	
0.0	0.0	0.0	0.0	0.0	
0.4700257893923865	0.09649936816756086	0.8258666614879654	0.3757903336427603	0.747745603873183	
0.0	0.0	0.2777811776805385	0.740635930467243	0.05101031055199779	
0.6025379608987965	0.4551295517813085	0.518334876150146	1.4886548428401538	0.006164222839276307	
0.16308593952931266	0.0	0.8475068801796466	0.0	0.21995709239710387	
0.5360555049087281	0.313893930052642	0.25913505413754245	0.27030739677109716	0.45969597672302615	
0.0	0.7911684503307164	0.6222051825659887	3.521752792434743E-6	0.0	
0.0354803780156047	0.34827244161858534	0.2574636318389452	0.37803527619036936	0.45138926379263816	
0.0	0.0	0.0	0.0	0.0	
0.7911857179220849	0.26388230250106043	1.1233981014227343	0.6720679483226558	0.2754372343247061	
0.0	0.0	0.0	0.0	0.0	
1.312893880894742	1.4867775831001864	0.7390781166543925	0.0	0.9347329904749806	
0.8715689071748557	1.7249966174444549	0.1680256394516838	0.41293768220454147	0.12589944029952604	
0.11255158695557504	0.07881924646141497	0.6998589516237846	0.3505602732158119	0.9007977857402238	
0.0	0.0	0.0	0.0	0.0	
3.012024824776047	2.91763502756178	3.055642454550595	2.0805431112092396	2.5292049743519245	
0.0	0.3481800168040727	0.5419500836784109	0.0	0.7438902690197003	
0.7439768557020818	0.27820334174346595	0.7832406503271788	0.6591951292383778	0.006901780344595924	
0.41030390786111626	0.22732428818590467	0.41345020434081464	0.5451158523909999	0.38726435224594075	
6.230500011096932	3.327644950384247	1.3659477779902374	2.300018016488761	3.379575799364714	
5.624476605695574E-4	0.26188626675889426	0.018805707029021464	0.8412869346094017	1.257302127347288	
0.7317309863102387	1.791281570855026	0.7256559859530983	0.17464259391579137	0.6851585291086356	
0.0	0.0	0.0	0.0	0.0	
0.1496802808307278	0.053053533508014894	0.2412614675968116	0.4721928237926804	0.04589545189760246	
0.2755706666438437	0.36340504405011687	0.0	0.5523221459173043	0.7785291235216606	
1.7707533287428825	1.617552854010236	1.4566841135040935	1.3539043266643855	0.1013845850061993	
0.2620225211940632	0.35232291901160073	0.12309803801901303	0.22171090163739046	0.799876600979136	
0.43283982932931947	0.5265547657061639	0.7177338752928601	0.31864948139000343	0.45920085902362734	
0.0	0.373053803446624	0.7259144334475907	0.2456461977516596	0.1402340305651893	
0.7281949599536979	0.31457558872650737	0.47603477965812835	0.8899236471544414	0.033808824753171776	
0.10912314339179259	1.934019444823133	0.0033249419044558176	0.4230607020493501	0.26529833391095065	
0.9146955752061315	0.7988960517790719	0.30402800439024574	1.0026143781081884	0.0	
0.8992076195429599	0.9643448625628456	0.4440566843599335	1.0076197806418208	1.523518787584952	
0.411148104411504	0.4038960948571363	0.0	0.8010295877081167	1.175685208814164	
0.0	0.08633235006573874	1.7409969606692302	0.4726424823456602	0.5899801543151745	
0.6881199918724428	0.07305218555619256	0.6141028578380558	1.0572687784361143	0.8986418212625502	
0.31430922742912354	1.2835402200105017	0.6538156010850483	0.08889240066586618	0.058897466583775725	
1.671478863902231	0.0	0.3956065017399619	0.5186811064739697	0.05324691686542828	
0.264947203980009	0.1899317689120793	0.4328008893632411	0.18238803605867365	0.12107543449110483	
0.07164092993370436	0.5044186250862558	0.07350546094543584	0.053955059478711834	0.05377274619738297	
0.3763590938410843	0.40736307143797335	0.0	0.3252528235378587	0.635878860883375	
0.04921395515640059	1.7245611368930467	0.8816937672885028	0.9813626056432065	0.4650306234363909	
0.6448177350750194	0.29276334033820284	0.75707270070375	0.13276286655946884	0.2645874836182865	
0.4044225362563695	0.7018747406901208	0.36964379599452696	0.8594356332728248	0.487916997789336	
1.2797818323192363	1.251759167368495	1.678180601112459	0.2098217262613109	2.061976109024053E-5	
0.0	0.0	0.0	0.0	0.0	
0.5650923181005201	2.6275006335668163	0.0	0.22186751669550095	2.447088073980348	
1.4241869375280212	0.5158410138392102	0.0	1.0150937612161295	0.5265899151970594	
0.5700000319438802	0.6244643797767849	0.32191620558743234	0.2254549807964397	0.4143939130956554	
0.0	0.0	0.0	0.0	0.0	
0.8903279400814295	0.0	0.6060915209480887	1.766809303851904	0.34169978740829265	
0.19924101439291925	0.3232682210767501	0.0	0.0	0.6759297619481716	
0.14242103152131547	0.11387577558462468	0.19330596279758358	0.33653099888441285	0.8118021873186427	
0.0	0.46559393601859445	0.28641269153013427	0.7764412101719039	0.4182482994669073	
0.07353370890733499	0.0287870799929739	0.21441142186988602	0.3523060755696264	0.8318874824192787	
0.09133994104501154	0.4130091017259393	0.1594064775808529	0.386218172649831	0.6140007325380371	
0.27600568735049363	0.0755052171088567	0.8707709044423272	0.6381977418508676	0.30192985244792875	
0.14634872740905852	0.3948315239908342	0.26858824613607596	0.5395276108654272	0.08438885092054689	
0.0	0.26325720920069096	0.0	0.1692228172788742	0.39224440404405325	
0.2606099639053803	0.916391927753278	0.17742181225464213	0.03845974759140392	0.30222091561755476	
0.042314547010631	0.6016636490858693	0.4568705637315191	0.0	0.32736865621864364	
5.6787401240269964E-8	0.7078918364899852	0.8149546990388831	0.49693529350157156	0.07349734899714137	
0.2877758876165267	0.4719137683311744	0.1392995143860763	0.13562091080199684	1.58652703405048	
0.6416194077131262	0.3864228933804395	0.44367979947403724	0.6605277438436353	0.5803883609651955	
0.6566054809370941	0.03926591033685763	0.2845070066037633	0.9750678107802022	0.7739958340109481	
0.2346508865491672	0.0	0.49420928713835843	0.10457951922771463	0.21703935257686377	
0.2525313272965934	0.09571651686287572	0.1965444442920858	0.1887489333888792	0.549114920150775	
0.0	0.0	0.0	0.2564614282167808	0.007403664957563105	
0.5423652276048192	0.506852816056936	0.7666713881251591	0.2775218707361525	1.5735508790078192	
0.2660435480404271	0.1743027132305147	0.44787578684360974	0.42254741641325777	0.10179696477984018	
0.0	0.0	0.0	0.0	0.0	
0.47003917912237486	1.1491902591288878	0.5872973157183315	1.1646043712557108	0.21950739821597315	
0.0	0.23624560812186238	0.13409609000252856	0.6983235340727043	0.2235895538743347	
0.00814138351443248	0.7596123263000474	0.0	3.988459004517933E-4	1.1838748359588454	
0.4736884396817125	1.187918386757016	0.6211436950307504	0.546209887888781	1.124128552265362	
0.0	0.4675548543539514	0.07470010698351877	0.09284824093811736	1.0458526034290536	
0.6855408875089299	0.2680806784727262	0.6184463976339173	1.1262252622095148	1.1686103247514767	
0.13493815515316632	1.285581975053362	0.242529568346934	0.801110234034655	0.17680878102141553	
0.0	0.0	0.0	0.0	0.0	
0.492399457093464	0.5100403633935764	0.0	0.0	1.2101542928510172	
0.6429521262801935	0.0	0.0	0.7902877134598885	0.5154006012877576	
0.36141034838488556	0.0	0.15002593200795677	0.006036447437530086	0.15236405421839183	
0.05779201294526788	0.4103480980594456	0.11197600434337315	0.1968700066197471	1.3177286420195908	
0.0	0.31639640086974313	0.4558509944273696	0.9048655947575814	0.19237018436824746	
0.0	0.0	0.0	0.0	0.0	
0.7000451162437967	0.7023062619238996	0.48244753315585887	0.3597331127853587	0.385302290492523	
0.0	0.45205037706460804	0.0	0.4421511510753765	0.585149544182821	
1.2066020324314282	0.15054735976423103	0.4540646248351617	0.5180975081424531	0.20743064416197982	
0.2044441594747333	0.4837955736056366	0.8261824259881799	0.2374605580497795	0.30170761435560783	
0.3111408304707299	0.7886914377753229	0.15747855811730158	0.9616418135728869	0.5736617364810196	
0.0	0.0	0.0	0.0	0.0	
0.2965064209211952	0.0	0.1359646460730729	0.8749787194718042	1.2358629984583793	
0.2648284173683999	0.6245840492045787	0.34558484978392007	0.5883474866175015	0.4507252254985352	
0.5292509368980753	0.6993163618213339	0.0	0.1504119650592325	0.5982604038191188	
0.0	0.5980906237850735	0.4488027923769771	0.9190380618004774	0.6273626417374063	
0.5285823615213912	0.7096836226951074	0.0	0.7042614636972994	0.0	
0.8859210569146659	0.007197348136667974	0.45247629304373266	0.8320438174847664	0.37830256631316556	
1.1821719950427363	0.5994847918525239	0.6051813425821638	1.0516487814723666E-5	0.9605278885342712	
0.3173113456924861	0.45740114949228633	0.0	0.09511292124757535	0.31192251054267733	
1.0412622149831123	0.5860808905735874	0.7699694109527283	0.4644756385719828	0.2060075639475565	
0.3559633114249948	0.0	0.46734400990061653	0.57066978114629	0.5686106891474396	
0.0	0.0	0.0	0.0	0.0	
1.2087528468489144	1.0762410422296116	0.0	0.6983746976613787	0.6153654757549212	
3.6242660857375046	6.250135287561099	0.3014906740517772	0.0	1.5693976790809798	
0.028244553380861556	0.5293939313891822	0.5271746116584328	0.07296695588647982	0.3384019283131593	
0.0	0.45102432987572055	0.4317893810234142	0.8583351218836178	0.6658498810482135	
0.5251880986598381	0.1379350924588461	0.6708882518705479	0.7449972769961196	0.35244708466655406	
0.6379460396275773	0.17353111441062377	0.006883939104163302	0.43936871907534486	0.18645520711398839	
0.0	0.0	0.0	0.0	0.0	
0.8944543304033773	1.1845868593379012	0.09190436865919396	0.3488380001989955	0.6813701319795985	
0.25379467954675927	0.13990060399575302	0.1274718328178166	0.2867217977686864	0.2709860358166094	
0.06539100612809351	0.4011645213726789	0.324702933933133	0.05620662483934686	0.19145263049140349	
0.0	0.0	0.0	0.20615533886715676	0.0	
0.011143788043613562	0.20897044976183096	0.30218685345620455	0.5242270824513141	1.1724944877612131	
0.0	0.2553927439167627	0.14236607068186574	0.18911852990189132	5.284468421378084	
0.11667045024291722	2.9370371629215	0.9585165657189849	0.0	2.939585075513582	
0.2653089328481697	0.9989675684636188	0.48889906024167573	0.2772798079699689	0.42533543633706994	
3.4047253892924902	3.8697300530923195	3.927641825423926	0.0	5.816229498674063	
0.5416785566879849	0.16109932617151296	0.18294081797299647	0.6410190142929217	0.2641197135337026	
0.28749617952670947	0.17740722113376875	0.7609408225561819	0.2819580284995694	0.0	
0.34376516996624684	0.027799879609425017	0.0	0.4858200050228066	1.0769618465770794	
0.0	0.0	0.0	0.0	0.0	
0.18992885692936903	0.9091393752513967	0.2319199046581927	0.3503963490692697	2.3650023318531987	
0.0	0.0	0.0	0.0	0.0	
0.1644599084507419	0.18586485734460811	0.012970303167554407	1.2162630955760156	0.04519939243802615	
0.07863829397771872	1.0631917977870513	0.0886222701754315	0.521093322466427	0.1732203830074123	
0.0	0.26451053195423835	0.3327818625026387	0.7757168516653923	1.1782834964691271	
0.0	0.0	0.0	0.0	0.0	
9.125040515293818E-8	0.6164510919201285	0.6356408186156628	0.18738191493254652	0.8473959614900055	
0.0	1.3851070030693244	0.4638598791408027	0.8924638216144847	0.8655908282483483	
0.5055472312967586	0.23060688855661315	0.14285449372044504	0.454391470894944	0.028355183608957325	
1.5559879297363812	3.9587788157024906	0.7033060593321221	0.0	1.0507551551285905	
0.21226631632696483	0.0338003813891559	8.099236391477622E-6	0.29754323371218877	0.43050189725693255	
0.7160485565231742	0.00861010999266459	0.012180206345403627	0.8039528512797895	1.1873807371983935	
0.4001527552425209	1.9517733190949296	0.0	0.26644241051870715	1.2798257374298405	
0.368449482210228	0.0	0.39736077050499136	1.0429743709012078	0.6446066992160496	
0.7218331620360184	0.0	0.274477322920699	0.9444566032927812	0.0	
0.0	0.10023203354516218	0.030915454568356183	0.849773075758154	0.1545392390731152	
0.0	0.0	0.0	0.0	0.0	
0.6449176528062788	0.0	0.0	0.4745868798142473	0.46988560349061204	
0.0	0.14849045866165853	0.4383820378902599	0.3063495305386734	0.11770017696135367	
0.36810254075155	0.5823182833446131	0.46022658315368925	0.15178820683112484	0.22193702346179148	
0.43762245584710124	0.3637563065188918	0.3302720858126693	0.38441272383308933	1.2091659049523993	
1.0742210214896244	1.0510155605700031	0.06900823672571894	0.9377312830705222	0.883459052576485	
0.0	0.3371481505296346	0.09780969718162466	0.3409632335522462	0.5012377983560572	
0.31887981252075104	0.17274825696943447	0.3538331172047014	0.41371677174371235	0.21873658840735075	
0.08209509818363182	0.4048942622358241	0.45043840979003713	1.033751960003947	0.9877220122681605	
1.568507350818455	1.170811575288272	1.4115659195674342	0.42388069334567774	0.9982769988443709	
0.037965156633756464	0.21454820636296898	0.17571477097669397	0.8799509665795497	1.0001263009800514	
0.0	0.0644875714698881	0.4159579250900514	0.48194422247261515	1.0355799528396128	
0.28856705470883487	0.29344613990782287	0.0	0.46620537908864246	0.7532142304751528	
0.18477007774954096	0.13097720423712927	0.09685584626002608	0.2854614844138734	0.09348900375401	
0.0	0.0	0.0	0.0	0.0	
5.012316333334912	6.806480305925879	5.3566849134794365	1.927049713102743	0.0	
0.36492754674970784	0.21650005968290295	0.06341145463996821	0.19920185216599776	0.39964710714857793	
0.00688450272177259	6.886225240761388E-7	0.6715055614711974	0.07365477896966983	0.9352022665256224	
0.6266594113360875	0.8934946910621557	0.9486073637514438	0.19395658016111073	0.6171568300970058	
0.0	0.0	0.0	0.0	0.0	
0.8077735001370676	0.24462409888933587	0.09203378946979196	0.602739856592145	1.1617987644688945	
0.2268061384577839	7.359412264225783E-4	0.36893187731243504	0.3664485536609291	0.7030154040173081	
0.0	0.0	0.37803164192409383	0.034589658157130915	1.076905699520634	
0.46464087385772473	0.309576404973094	0.0	0.4258309422677532	0.4530508806303698	
0.9260025621422815	0.0	0.3869372062013745	0.8387771585707461	0.0	
0.0	0.0	0.1820990793744301	0.014737528386738757	0.7461659327700041	
0.13876444709125466	0.01078370117312084	0.538435939691701	0.6798080895555838	0.17258601932124956	
0.4237461391042047	0.30683390915470754	0.10339702529361122	0.7122736631724342	0.3784056910963479	
0.0	0.3104855268355502	0.4594360697783674	0.5009865959547681	0.8889621319154406	
0.8377619058761604	0.5722002103850857	0.03358002190183452	0.28747186258676366	0.480096107221441	
0.07864717861201136	0.04859416378048077	0.0	0.04499773470508534	0.15963481184030912	
0.0	0.334380290376022	0.499271828172944	1.4686166835136263	0.07204955871920972	
0.0	0.058242985518221435	0.17912984486680988	0.25967442970789584	0.26533521950616756	
0.19586684783349068	0.27019076103692835	0.14002771953246726	0.6141406056090735	0.6947760704066349	
0.0	0.0	0.0	0.0	0.0	
0.3341743118563129	0.48667788636929893	0.3663762027192373	0.6871185818682483	1.2702240504073423	
0.0	0.15610271010100374	0.19181632780424474	0.16703882712498658	0.0011561912647272215	
0.21233998760872905	0.8795794747382746	0.30139626066331954	0.6655289597250784	1.147450136668465	
3.109608415930651	4.849918954945186	0.7671941201918632	0.0	1.4375880201693632	
0.4813420121523613	0.0	0.0	0.39485447552607467	0.30734830099731797	
0.03204252325263068	0.3036115051197494	1.2349300693763634	0.8128742614600181	0.1315824493360912	
1.8254854591767393	5.190484178493673	0.29274148593931737	0.0	0.776036679304654	
0.2681857896265641	0.4442944341630581	0.4635298346644074	0.21435395904866483	0.6289333895536354	
0.0	0.5288740406994422	0.0	0.3045372078691894	0.10666240659913284	
0.022096695650235375	0.0027213136945688325	1.0726710928505425	0.027297206681166513	0.5259476885525385	
2.3580157783930735	2.2293765367479264	1.741280188666511	0.0	2.2970806115659976	
0.14839166182799457	0.4309392196775773	0.9372501393469083	0.6525502529465762	1.0044116884063718	
0.8341584031124918	0.7135499205111977	0.7389556111184654	0.3984434607951866	0.08504718204173037	
0.0	0.0	0.0	0.2797339511360951	0.33437008192204326	
0.36144739404509746	1.817767233095059	1.0045443042945355	0.3593363098787887	0.32577241808996116	
0.5817119089295815	0.37288611733092497	0.33370256304261126	0.2979839306699785	0.12836075238061317	
2.263395887836117	1.8349462999901398	1.541869047375839	2.2865506341414905	0.3982800397118176	
0.1494772221001243	0.35424908510589354	0.25626102128050937	0.6292264349391943	0.45849158903755766	
0.3547654521127168	0.37490895828023374	0.1656082104393299	0.8631735710951477	1.1860014814222555	
0.0	0.16314827343915345	0.27152117364231454	1.1273767362269749	0.22620583306415734	
0.010652913161763406	0.26910788510879036	0.5896754097142589	0.27074276586313306	0.8226079373744619	
0.17353607750219635	8.226637988820026E-6	0.10523206226916941	0.14173792717796677	0.44712456500019	
6.874828121868877E-6	0.005974098291245827	0.5223599567390963	1.6438745219198723	0.6328313470449833	
0.3503039354777269	0.5125130089854705	0.3136863669555575	0.2968585117721147	0.39326192162816376	
0.0	0.5484520784753603	0.13070324548151988	0.14836117204024457	0.0	
0.0	0.0	0.0	0.0	0.0	
1.4332807527897962	0.5670954386065544	0.40535408608265683	0.05278748067280405	1.3801057979290707	
0.17970688673535593	0.17685958812087418	0.6985612343320792	0.7705090869478367	0.31827324485722674	
0.0	0.0	0.0	0.0	0.0	
0.6307346748097208	0.4436508542695446	0.0	0.17725003289781502	0.0	
3.4276000845687515	2.785124781623642	2.995830785299508	2.615804085598164	1.5107967410703251	
0.16393218287217248	0.0443902580500134	0.1885606109195606	1.7419606314745566	0.0	
0.8147164032943655	1.2063381575409908	0.7211037095803192	0.7012307518122808	0.8095210112542588	
0.5376204610345069	0.5208444793528844	0.6165936842268624	0.4475681909637012	1.2575047677109072	
0.0	0.0	0.0	0.0	0.0	
0.0	0.0	0.6838948841416218	0.0	2.7037553047951386	
0.0	1.3277077019659067	9.82301742723834E-8	0.0	4.059545993805374	
0.0	0.0	0.09449737332478535	0.5630764619761099	0.15938033450735983	
0.0013545346009477864	0.2689770736241022	0.7531068060735973	0.15704564972730978	0.4224347342016414	
0.0	0.8445872919978967	0.3303836030994381	0.9092813156591264	0.6040435465851726	
0.0	0.0	0.0	0.0	0.0	
0.9388624367962396	0.0	0.6697163835664618	0.4542267972281256	0.0	
0.5490310562487442	0.0	0.36795739139558564	1.0147811682305374	0.4423432956912545	
0.2777129530145457	0.19193822084378562	0.4539767911930337	0.16882244182554595	1.1748744731616858	
0.0	0.2774268886711201	0.015479852440431619	0.8902318111879004	0.3812812551631037	
0.39847182153651434	0.15301208951630008	0.05723488758498674	0.3862995760005437	0.22218019030650998	
0.33172664641371963	0.15437267975786706	0.4826961983176987	1.0048082189748875	0.4660960749067852	
0.2980102943126058	0.00448457755907707	0.0	0.17862420911770793	0.4788725552681335	
0.04052411269998292	0.4195274163917004	0.001640788253012136	0.6795770696185847	0.8054498139342323	
0.08259478317834267	0.45878342012952633	0.4994340712647039	0.0	0.48125344533638625	
0.48267644963918244	0.8871951498226576	0.5598503121040549	0.1070065668970053	0.3535069162400109	
0.20707969346937302	0.6974414987741493	0.09347551032408383	0.45901846711549105	0.23280751708997774	
0.22070298600274818	0.01223990437380495	0.1144685484508493	0.5350953703932658	0.3747133465550344	
0.15251342836441706	0.6502194582551651	0.44357788643748164	0.44859364411922215	0.28821854684949283	
0.6053740973997332	0.0	2.3401103265678498E-7	0.3605291731687477	0.0	
1.2268116011578543	0.30389852501244674	0.14035905555018782	0.11499151874770294	0.5317508790266732	
1.2443350977161127	2.163335830988568	0.1714072228271507	0.594339774430705	0.4364560457193102	
0.20275796765018977	0.20655007241111553	0.38990994915954147	0.24539415683080779	0.06635003444083429	
0.7085234638019917	0.0	0.7548487429412144	0.6215494543688339	0.002909590803770101	
0.6155452488536041	0.8937774245650515	0.9047849453469485	0.6938730155013976	0.1205475532852988	
0.46780007801585327	2.0876463742894233	0.0	0.23400855316880959	0.05812786046784605	
0.10473992103100739	0.2669554377787602	0.3104677000169511	0.37413464140084274	0.7329620681714489	
0.0	0.0	0.4258894433578602	0.0	0.2853728807496454	
0.0	0.0	0.0	0.0	0.0	
6.446314456120872E-9	0.0	0.4808630150889366	0.6524394336740156	1.0277714001399632	
0.0	1.3161173129476287	0.10065918122190497	0.2790034886386839	0.4084970683585578	
0.4332465654559927	0.6886238688748619	0.6003098378544883	0.6500000870987713	0.6877612127605823	
0.2835043267477102	0.28985308174352126	0.006188230702011991	0.10652999142467168	0.25329718714810023	
0.5942892030748583	0.763459754276531	0.3263464434264477	0.1109255560752756	0.9970867074186627	
0.22076657991772258	0.08678343147651829	0.21652224213609733	0.34530836786930647	1.1962002431434509	
0.6320093719240951	0.20241746801390556	0.592723778479595	0.507076313938161	0.0	
0.47803593979294995	0.6093723017299167	0.41496871712323075	0.7257027111227757	0.49880806960243884	
0.0	0.6695047914304084	0.3626344013919507	0.6767005387464061	0.9514027596952558	
1.1556428008017193E-6	0.0	1.7546310843019648	0.4674652187440942	0.5906086386849031	
0.06470703410734051	0.0	0.0	0.002592355182629086	4.374034147313014	
0.16407547628667982	0.5436704791352748	0.2814313089461529	0.7772399934350847	0.8580037807356506	
1.0357955265088834	3.138444684862591	0.0	0.541706907445881	0.018199347169633607	
0.9918121605623262	0.22975074229054146	0.0	0.875075677834122	1.8144320429621044	
0.45472340786747734	0.9050775299248193	0.15755485889307655	0.19597284324500144	0.10440090169114732	
0.0	0.0	0.0	0.0	0.0	
0.9454012937632128	1.265852867147288	0.5269692364323678	0.43406780584738897	0.718248072615213	
0.06006552241740041	0.0	0.0812152025275746	0.8239246495994212	0.768872186931925	
0.49372804586721514	0.4174857283773102	0.25327867027089734	0.3508122377067991	0.3734547121822578	
0.0	0.0	0.0	0.0	0.0	
0.25990580260950713	0.08804086806588919	0.6714867522935369	0.0	0.0	
0.0	0.1424081631347312	0.1615440641465188	0.41767097740568976	0.9285140027835546	
0.5668889764429925	0.3719853753772376	0.4813745204506755	1.1098630658236124	0.4013489202250077	
0.0	0.2788879413129995	0.7969514857060913	0.010620469894561831	0.564778385305358	
0.6816801007392008	0.18609329836793395	2.4582058907792804E-4	0.9422444131496267	0.42805965131582957	
0.3115472240179079	0.2877471859191377	0.3452470512916964	0.0	0.5510929066159247	
0.055447438176561926	0.3250499226933585	0.3744399669945375	0.5326042636749619	0.43903112356897683	
1.803805174501225	6.201555714134373	3.253557204363493	9.235493744147341	0.5786806252786896	
0.7023144392664854	1.5136237930370593	1.1851243580373936	0.7775940007434547	0.08673278750307627	
1.4372147460663773	0.04426068124154445	0.25929545105918983	0.4894566191099524	0.09660636000283217	
4.676877117804588	4.4482994646122815	4.284348882088045	4.477025921247149	3.8907234527489014	
0.14123230387147342	0.9352698862128455	0.0	0.0	1.654801933660273E-6	
0.0	0.0	0.1831257178373879	0.4596289823260079	1.1118475635342528	
0.32933267957680534	0.0	0.0	0.7188419064107203	0.44380941702614507	
0.0	0.0	0.0	0.0	0.0	
0.48819171961241165	0.08068301977465607	0.4988007774849437	0.37874657422168656	0.2407546951557491	
0.27009084287722257	0.7505217839337327	0.6877606031391919	0.5273629342186111	0.24089030549302637	
0.27441023049276747	0.2264647892364111	0.39951852442287933	0.16620356722976806	0.6223999851620545	
0.7195455828489457	2.59858489457137	0.10835235448231519	0.3228347049741017	0.03567316864733648	
0.6837052547722423	0.4134408106707766	0.2764960439389513	0.025897236120668198	1.7964347920424413	
0.46300453272792175	0.21258456718141155	0.13667401184484243	1.3992973069043142	0.04420298449557556	
0.6165384850564748	0.4525206519556462	0.9383030398605059	0.5932978816408834	0.18381913257431295	
0.10599109078261278	0.07911804642717274	0.17240250537481422	0.03973376518421417	0.5081677546948777	
0.3300958549577108	0.29142286053069716	0.22659166091345212	0.6192124692125647	0.5756389725008471	
0.22047016478493478	0.23821604845490385	0.32256260289154404	0.6412352163488428	0.7789960772068735	
0.022715741319862835	0.17316376887158308	0.4415583473623128	0.8944584793363479	1.8031317178397275	
1.3476668695692287E-5	0.32406934696491263	0.06664248504034741	0.2686701246210052	0.08174757435577033	
0.40600457312325605	1.295664103375957	0.6263773060278125	1.0817912291828846	0.05368734653727666	
1.3860448238405494	2.162762166304537	1.9745674582859636	0.3545980631578239	1.6460860528520536	
0.10541037614978735	0.6713553371364095	0.7160147626802537	0.3211028698164315	1.2335216156613154	
0.04425895368129351	0.03210746094424331	0.34189703726524456	0.11627034966653359	0.4495389109232949	
0.16626368607653455	0.2604586506351813	0.2604528954804018	0.26156334535262754	0.27830371811457855	
0.5220492549645351	0.0	0.10905702885991662	0.4202404947133356	0.8204095415842082	
0.0	0.49853929168357153	0.874344123772364	0.4617051352107694	0.5433227484135301	
0.5369191495167019	0.30239428090754694	0.12368153663814635	0.5590481574628368	0.02383441922968489	
0.0	0.00679023238959452	0.6125894514518747	0.6673745883310876	0.053673941775120595	
0.0	0.5677157208920646	0.0	0.7685443062632309	0.8340833052484622	
0.0	0.0	0.0	0.0	0.0	
0.9214370981714699	0.3016475402862316	0.5670536905645669	0.5408157267751181	0.13819378492393297	
0.7104777639364535	1.246822958313431	0.5237076846250301	0.0013619062368204742	0.3602193608034725	
0.13285639207313413	0.9351294770373187	0.2905782813337676	0.20239265466240317	0.07263720297983314	
0.5442615353956022	0.46222185397515725	0.0	0.551326633208861	0.5616933235657551	
0.33894112142552724	0.20226712717339074	0.5241651005840493	0.4061562934385519	0.0023417920946794605	
0.10670956347060569	0.17944266774673825	0.31427721023390487	0.6290969075661944	1.1330005243002323	
0.6793983234826825	0.2922289145778548	0.6069593240636568	0.0840007949341475	0.399472173998398	
0.3653955226610342	0.8986941988268607	0.6340838643772715	0.9015134994847379	0.8050669254846865	
0.44653418602517214	0.0	0.7445452342025665	1.0722025355471183	0.07127901685102692	
0.08166062255383387	0.0	0.27413476455566343	1.1625454255197434	0.891940169377308	
1.3184004155898865	0.0	0.0	3.1159509162055676	0.0	
0.4582115122095255	0.8722474072592747	0.8980297293298383	1.221802501894603	0.6503887265458428	
0.08028594791122293	0.5266791399354288	0.5950744575760871	0.0	1.2448127630704167	
0.0	0.0	0.0	0.7660121313634523	0.16572620595405305	
4.211042276204733E-6	0.6984249144715391	0.38412096093815684	0.11102218128513315	1.8222627316261177	
0.13466664979515675	0.47316197690756007	0.9981523199996589	0.6389679548153311	0.99385247252512	
0.0	0.2332529304720855	0.4263936022263774	0.03445026989326634	0.269849743320087	
0.09779884513654666	2.2901342518913092E-4	0.050577357867649685	1.0497177075704196	0.04544483731507124	
0.39959829420163656	0.2618505593698435	0.33512604024931303	0.27146871493070585	0.8434763724130863	
0.31002445051187477	1.5265851195806373	6.4522603778243526E-6	0.46149125769400395	0.33675496092839474	
0.4967064843147172	0.2794508648824863	1.6883813899711402	0.3323964384601005	0.8410660862982252	
0.0	0.13233727846664786	0.0	0.8785699809033635	0.4783318368288645	
0.11696968260380072	0.48987650784369724	0.707186391629241	0.29564612151599684	0.2343400697602904	
0.2322108178559972	0.28471045204494644	0.22264608394983565	0.8675745547076563	1.1890682912481243	
0.0	0.506315868477812	0.0	0.39610700622870293	0.3624888580214911	
0.0	0.0	0.0	0.0	0.0	
4.464110188252599	3.7839781757270563	3.98824330186952	4.3382946579942026	2.4949713622416065	
0.3892954062834791	0.41507181113179087	0.04866167287998937	0.5593374868237393	0.5644298366555879	
0.32909863040514364	1.6745048781277072	0.0	0.5251507182174175	0.4492940093988043	
0.0	0.0	0.0	0.0	0.0	
0.42665700895365216	0.7506928231370286	0.03488479567329579	0.5795145978986305	0.8408345275117386	
0.26882068799083686	0.4450317088968196	0.3156133391902006	0.010083413470662238	0.5067586377601954	
0.3545001591435431	0.5863787176765048	0.13051776524736747	0.4834525460680027	0.744945578305912	
0.08087633421271369	0.27458666493647466	0.003103826198050798	0.684207267643681	1.0623210961200762	
0.0	0.41242818625360267	0.7614768966963773	0.4378717914658057	1.7804237652653492	
0.26361201266876044	0.4044536900967728	1.048356464884412	0.27516283727661445	0.618149671919536	
0.09915076392666482	0.06987386878454444	0.056049059132033466	0.5511960353000798	0.49278402223352474	
0.0	0.1469590216713541	0.5170428376650734	0.0	1.3140115642084462	
0.0	0.0	0.0	0.0	0.0	
1.0242998887653576	0.35413041256207245	0.9276046558996622	0.4260337371403682	0.5274616297579594	
0.2762404026595094	0.3054214518740706	0.5650941262131683	0.7103980351928055	0.5424737980867963	
1.0347284873034372	0.3749080087033928	0.00973328581502713	0.35748648695540164	0.0	
0.0	0.3720804098137055	0.3848339773336364	0.5014273562462029	0.1613392165415392	
0.018576194524125778	0.015418697836862777	0.6316598282541918	0.27882230536944697	0.9079329112131391	
0.0	0.12638662246167914	0.6894637170855534	0.23163055064070645	0.9036965807761327	
0.6542065888979672	0.24814420979624782	0.16305369840043987	0.0649548861177975	0.31831809129944116	
0.23276692839002475	0.6400132515177156	0.2568235405985962	0.292643633468189	0.4477929494846149	
0.11468004406323036	0.9385914239227344	0.4729846074020519	0.9063457912183343	0.4893271114760989	
3.9953570811454475	4.277156886012412	4.126224969399443	3.914958984639972	2.5531070645774063	
0.032454780687627895	0.18159428648836498	0.013721444246399596	0.9297097660609154	1.300660944156756	
0.2596399650605862	0.2580250802902283	0.0	1.350053288370726	0.5483878230989055	
0.04070031299270627	0.20442459187528195	0.2969970711487709	0.2544767926402309	1.337894244694762	
0.008159460460501866	0.6148297459284094	0.062104405531376	0.6826542956962643	0.007728905264059776	
0.11083823811355795	0.7434857417557783	0.16807330566889717	1.0820275197233629	0.9484748744704075	
0.7075849723796664	0.6426882439871161	0.766599565064057	1.1701932429592803	0.60319278639979	
0.23338126113638286	0.7428183157673475	0.7529419906818005	0.42818794649833486	0.8001674438342369	
2.2094683993218065E-6	0.011105959831228971	0.5629760267223453	0.5853462563754912	8.881045278342532E-4	
0.49334237062345226	0.4541471066692613	0.3528994908060841	0.2869425243679101	0.10992196481196058	
0.0	0.603607559457178	0.3361124856097202	0.7991177474013453	1.3088485488926662	
0.3657280322678277	0.4692127134212062	0.0	0.4570279745486744	0.4257825298857759	
0.5834202445649252	0.7931217267403863	0.008164854453904826	0.114314553361096	0.6773497396816891	
0.009466257385280367	0.0	0.33389435379652077	0.3228946769648082	0.23133150642937517	
0.8203042991148126	0.7875189056776891	0.045517072049832484	0.6041386314182615	0.6715638665288658	
0.16157002513746455	0.09322366072569191	0.7414501929197281	0.528435961824841	0.33348944310862416	
0.6910819002137288	0.44301950156479913	0.732087079338775	0.4800484874410788	0.8451165044145608	
0.0	0.943611058657073	0.0	0.06165802079261776	0.46192468515291196	
0.0	0.06969066626555337	0.6535079154239121	0.5628672733649984	0.8256883486962178	
0.4293832851742624	0.0	0.0	0.0011388327387408122	0.0	
0.3912466668010102	0.46167176774795005	0.15593953871582825	0.8320204036227957	1.28760210685388	
0.011928552326509984	0.30496224691773977	0.39492749491272483	0.4956313620146314	0.019074122640557325	
0.14466524697100788	1.0128866161703596	0.24257805217314785	1.0151728342590725	0.7337098003077274	
0.35548566035300905	0.36402863315123807	0.3900177042106424	0.17869487455147456	0.5004226164700424	
0.8173572458143924	0.09336768674475138	0.2958988579328162	0.17944457885025983	0.17103857743221593	
0.018837825533604472	0.7297823138502559	0.7451418364262438	0.6124282722284025	0.13263734582159298	
0.10261451279380561	0.6835395629969968	0.2820444658443221	0.47409136352393916	0.6323079773734246	
1.1938064748858803	0.6759369241469784	0.214624948427943	0.4922736449200309	0.5431264445831889	
0.0	0.5729149336897871	0.4931421443736817	0.663923859671533	0.45838932021336787	
0.7130353471439692	0.5702905138083338	0.6509023003993215	0.6845762821731675	0.15149753334627503	
0.0	0.0	0.0	0.0	0.0	
0.4857772336618086	0.04942461181615395	0.5279222940054246	0.2381801321684658	0.4965670857276564	
0.09720432378782487	0.9123675383797323	1.1030388947455332	0.13967028435633783	0.34367859399405126	
0.13756185343923352	3.739946336418463	0.023487030961837383	0.529005714970645	0.324569927436575	
0.0	0.23931255605430848	0.7286116452104783	0.602289288013917	0.02636283870473035	
0.5123951221766335	0.658145548892056	0.7550009212653659	0.32294741629810186	1.4875911690606123	
1.1858923031991004	0.6986940613958673	0.03236636993706455	0.9211274190489138	0.048439114025814405	
0.0	1.4959040192324733	0.0	0.20737381271129693	0.2121229239115326	
0.09043950987637575	0.044401417200724366	0.3672097235175759	0.343822208367904	0.22857140569324694	
0.03742446700685503	0.6865490566317588	0.3872688356761972	0.6221679009808755	0.04586482603804532	
0.8569321813585309	1.1113111763325576	0.19145166450047024	0.38405243234514236	0.5752167329478307	
0.49239831898159836	1.1047323858479159	0.013043129123710969	0.5261679792817888	0.666979198676115	
0.0	0.0	0.23302782584173343	0.2595838830185738	1.0861297812600936	
0.18129196353045457	0.28080058372400946	0.4122716463313079	0.1486980537774455	0.4220242757749875	
0.18032405731194742	0.29807899574591035	0.4768833165777555	0.4850192160534388	0.4765747387718506	
0.2568160327053004	0.5581117944282512	0.11905730692345712	0.5662093618850759	0.5278296654433419	
0.2698556371915768	0.4166530591312262	0.548796589746185	0.6926078620337575	0.9503490960318153	
0.22397265282699058	0.830350427143528	0.5779097454445076	1.4328693878860699	0.799717306741771	
0.5848899407693605	0.4890191439977	0.4723739433039597	0.6081215361782845	0.3689455375205838	
0.3904313602244123	0.4070384325431376	0.1979249579029561	0.2761379918039274	0.8339073494065371	
0.07891054488350283	0.4436114505367733	0.3090975305136888	0.42314294827977345	1.0761909275375325	
0.3545310420113182	0.9335631350131982	0.45290749190574886	0.41579991959137913	0.4024047330024203	
0.4298515727544227	0.3924320334239681	0.314103279320373	0.7802958827656367	0.27375015570771744	
0.022342085820093834	0.649569906605531	0.7537709162828635	0.5997912905164184	0.3301613103972475	
0.0	0.3077714403482809	0.45583664906075333	0.6693544777075778	0.7502934512043179	
0.0	0.7752900414732097	0.9431528152856247	0.5888326740044111	0.5447167985292034	
0.0	1.2429330998763015	0.0	0.0	0.001663689980499363	
0.1542351442878172	1.096473777692197	0.47072843672011144	0.0	0.6340782719759118	
0.23936788621721158	0.0	0.04327175343145331	0.447152238001211	1.1071947203885022	
0.4231560236499382	1.2101274194265477	0.0	0.511299145353517	0.5256461628374862	
0.3424153402871091	0.12962992615172553	0.4967671719474624	0.19544307801601005	0.4658261360089	
0.0	0.1925558115044317	0.22622197063393867	0.5576933159971825	0.9430898517094999	
0.0	1.3192443731148304	0.2820467622043262	0.27566967893036043	0.9556940246799117	
0.5908723498761767	0.7073941106340836	0.09731635943390439	0.1838616872008522	0.9469475503253123	
0.2258036953181179	0.9264469070944404	0.64216375347125	0.48086246611531763	0.20228725973082712	
0.0913660666019414	0.14811471720880656	0.44344045271203214	0.45759578024402114	0.07794374133103102	
0.20666731799873914	0.80012663202659	0.5436808743774465	0.3842626940286687	0.11336355297074104	
7.974592773719149E-5	0.3337781142649333	0.5827994635632546	0.6338979087723634	0.039039328917542325	
0.0	0.8654940532300031	0.0	0.013708919287278454	1.1691902391222597	
0.6704938826842469	1.1312307953313578	0.11692209606999279	0.7194848279234249	1.4406706713374022	
0.0	0.0	0.0	0.0	0.0	
1.792625731532013E-5	0.23211127531785902	0.2279260283040343	0.22024318004908608	1.745367117486458	
0.3552044075835173	0.9044950984021894	0.6236019963562326	0.1494710696446961	0.44315893240795146	
0.0	1.1797278225602503	0.27143939482624596	0.058769999576162045	0.6247756069950473	
0.0	0.5651542804122867	0.40181971604622857	0.7391208302508783	0.10574052111166861	
0.0	0.258260518106887	0.0	0.6243716458144908	0.8220717157583328	
0.15987705680900444	0.1915074340312229	0.3647607563523767	0.37505298636410483	0.15600667364479961	
2.158230908381118	0.7580128344912789	0.7470316842278077	2.163921739289343	0.7598995909143479	
0.0	6.889197045454014E-4	0.07519860702937153	0.2330259467787396	2.4585121555493603	
0.5076648008188402	0.0	0.6217074612102831	1.1130217938366305	0.07166717003948268	
0.0	0.542606401476111	0.22995275776804114	0.935955857824684	0.4796515642056965	
0.2986558959536245	0.5633534161589964	0.4796246191984884	1.125861650743704	0.9963636292117785	
0.35709516942205755	0.3638902715967713	0.5834592118268689	0.3476518642124605	0.49459432869001285	
0.0	1.6174062104266142E-7	0.3081955892416006	0.27712572419594683	0.5229828377562026	
0.0	0.9737261917808527	0.0	0.4390414370288795	0.3896900888526768	
1.774169476429438	1.5500301250404451	0.7017155050349677	1.0535532781325774	0.45582426680807425	
0.0	0.5940216054861217	0.46231173657570324	1.445270671357917	0.0	
0.3112468104548422	0.07108507541596842	0.1569730636292153	0.34980207553138354	0.47513017584635064	
0.0	0.0	0.0	0.0	0.0	
0.24799184050217932	0.4992578824434636	0.5665728544339761	0.7147633074598918	0.19427768199493228	
0.43046834556253183	1.3808194026552207	0.1535345244962839	0.5462752329874081	0.3890364949620266	
0.05616979296456444	0.5670996229929333	0.515663984557579	0.006720864128589317	0.7647739244758021	
0.05736452651582028	0.01425445013786379	0.5066390613092998	0.9178407926879573	0.5231051840403614	
0.34231909454025305	0.5839271887385823	0.3323936183671209	0.736876103317759	0.6077350461676677	
0.1958258601774152	0.39742009023795954	0.5181446430042895	0.19970661956230465	0.11894377645089248	
0.058847661067982567	0.47570512556904804	7.70705723144539E-5	1.1131511529737113	2.393249187117161	
1.0185938127122929	0.49978153288788146	0.5734013550294949	0.40843217194869735	0.3393909423167164	
13.017882538865955	12.024716967650773	12.28105005259403	13.273023036860844	10.858813005958918	
0.5151102120918248	0.4310889835223495	0.2393183981702255	0.7766102974947003	0.20119015365423232	
0.25428517474705514	0.45607977846481973	0.15768050675767134	0.0	0.6321672302496419	
0.0	0.13190186981621305	0.06532883681370569	0.5435836564207569	1.2595129667540221	
0.7094957196530997	0.7189472478520258	0.3418479623034334	0.6709407457832426	0.42449786461974803	
0.08138340484770511	0.008696911490658514	0.009203378439045203	0.4115200852416003	0.3248397262640271	
0.29011958816567124	0.32356447425738655	0.0	1.0846539789791017	4.3691380725601245	
0.8915310614557195	0.4634603728914972	0.08316549299240235	0.365375249566453	0.41517904397697775	
0.021633115125667672	0.3517479183228208	3.760672855320355E-7	0.7712267085571343	0.6198226434131339	
0.3074991424327499	1.63402766159929	1.5192668312033406	0.7669568432063019	1.3006721104237258	
0.765013177073151	0.6060286707093562	0.3300848767751012	0.25255180778040554	0.10653804310970903	
0.18239873651075791	0.3008461878496207	0.4913974963302208	0.0	0.7004985641383207	
0.0	0.07780919250040605	0.6094787024890401	0.0842670561979188	0.0	
0.6079391727148297	0.8423483258331542	0.3072041991503756	0.5706995955320514	0.3193605625441469	
0.3746930143131841	0.5434115388219113	0.3145366486839969	0.512750614056284	0.23059008730643776	
0.07235655038904264	0.05810362264545097	0.0	0.7789268731643235	0.40992150142789824	
1.423642447725392	0.972363453243291	1.0141408588703964	0.8672386219661515	1.410193028305992	
0.5762933983274139	0.4570759097362351	0.0	1.2476674379713368	1.266896556346368	
0.45276981225985624	0.4084879373904552	0.0661928825941059	0.022117107117609915	1.1827434468608216	
0.0051647117187445845	0.0	0.0	0.72008303212559	0.6928145123551624	
0.8866136355709556	0.33787235791270176	0.3144532584802406	0.8958688205849327	0.05564209210710963	
0.5761852045691025	0.9184334536422817	0.7004692848760284	0.37396239097669665	0.0	
0.3829299264249447	0.12567262509677624	0.22690121419990744	0.50732917324784	0.47636548213267205	
0.0	0.16268191482078578	0.30744556522032207	0.41503263539194896	0.12124582189005607	
0.4306942351513922	0.07157505250884785	0.5213784548279019	0.009241666113604727	0.030933049209236396	
0.6116788884808044	0.3201536025617693	0.5980738827557684	0.01868750854581858	0.5310561199279168	
0.0	0.07040263037950405	0.0	0.7556712181368532	1.4575190920006904	
0.49856455134672295	0.0	0.715472706490049	0.4626016848621815	0.2190965877327775	
0.5815323466625067	0.39504069341460635	0.0	0.8207788809980335	1.2172217359752444	
0.0	0.0363020377257251	0.38879376093760454	0.5060773650659631	0.3508558990842537	
0.0	0.0	0.0	0.0	0.0	
0.8250559299773365	2.04432229327183	0.7010253279759648	3.6328115269504306	0.0	
0.13433067293964776	1.2484009846119675	2.3169027312676787	0.31204651978502984	0.6796759026219317	
0.3710352394002235	0.36643884110704633	0.4586270762211823	0.3913760273661465	0.4159770225323665	
0.011528069394658622	0.21312750275605885	0.6503663237638247	0.1468458307679367	0.5028496268717937	
0.3634911493427736	0.0636792536129111	0.494729437789021	1.9406079256064896	0.0	
7.889071582246327E-8	0.2967845136024772	1.7157928321997069E-6	0.30348425251385874	1.400887046512479	
0.21255025923657514	0.3503228364735224	0.5594411782733932	0.40717612411817555	0.2771729944264549	
0.0	0.0	0.0	0.0	0.0	
0.627396801086139	2.200615925884492	0.26528729672158397	1.098089718377309	0.014670901134293654	
0.5825196712780241	1.436853695291014	0.0	0.707713382600471	0.9237829496260879	
0.11121720247536436	0.04002074464273763	0.8002303283377722	0.6228795165550877	0.18616529355007466	
0.18246251985135872	0.5614199421765211	0.21926316261916318	0.5281658828478336	0.20744019617543455	
0.35723434775828833	0.3099280348387926	0.5823164092861575	0.46920766247736395	1.4898745383941314	
0.2263380517618351	1.3765364984878343	0.0	0.21915506388419778	0.04818184159455054	
0.19688308167995555	0.5089062440942234	0.15716022415057415	0.48763739516355903	0.18221696220831632	
0.22645778862464	0.327452774238812	0.474795170730815	0.2904123383395859	1.5889354089299428	
0.0	0.6583798525325686	0.0	0.8729672780177172	0.9198179902381098	
0.9065744246729416	0.0	0.4664011395834793	1.434140929270317	0.40605717469417524	
0.0	0.2296160756931739	0.0	0.5683026786801464	0.47318920918962043	
0.699123051765007	0.0	0.0	0.30389926502895315	0.0	
0.07532171721159399	0.2051301329409072	0.009739608756036215	0.13741923205501738	0.15508598340874907	
0.0	0.3837660676588945	0.0	0.4492871312268859	0.14764603219543498	
0.0	0.10144678692259633	0.2158781533326569	0.5732534095166357	0.7227138728050181	
0.16970637922507112	0.42938965166417703	0.564204262159632	0.0	0.2381176361745002	
0.4584998292374158	0.3153116655012976	0.5841807549787134	0.9256326635341446	0.6782154316009966	
0.3242935832254904	0.40387176675456543	0.44472013712165753	0.2326347286960147	0.46683590071015824	
0.7651639768299009	0.6806813870611876	0.37777645806424	0.9834824645944888	1.4304509597268857	
0.16455921312936994	0.7062042980443819	0.4452657360445309	0.1318554822318879	0.2546316494427702	
0.0	0.41905978202724536	0.43815489213876724	0.2212649047009817	0.28390546911672554	
0.0	0.0	0.0	0.0	0.0	
0.0	0.9266036664898365	0.3312966658628591	0.2637900020735921	0.19502583528773787	
0.0	0.3962600874944253	0.9676832964934583	0.7303568098768389	0.4622572926879534	
0.0	0.8404492038874489	0.555775782178052	0.046514420494337766	1.4207313137733435	
0.5405997315192628	0.1293368169428946	0.28882448198600796	0.5043765517140346	0.5231453176116951	
0.0	0.9423597069679847	0.31949450549318403	0.5199940575640978	0.0	
0.14125548615329836	0.502637952166081	0.13668369545254824	0.5618941398050727	0.122342840305227	
0.28275815372579594	0.7791654843590575	0.5940220959358116	0.5015021356711382	1.109505900644997	
0.0	0.210801071479872	0.025909565629319873	0.0	1.5261414610100141	
0.9840087201467843	0.43723990182105077	0.09184976323521028	0.8453898811482754	0.46976497947952484	
9.751016499957595	9.40079566403944	9.045488984277371	10.182907287729796	7.853179249406263	
0.19119513253838435	0.3849335072771573	0.25079285721664735	1.2090302305707272	0.08656355267587958	
0.15894408835247284	0.5141770658084119	0.0	0.42959973089409687	0.3189916167790062	
0.7506388623943925	0.9693588258974726	0.6854437378871128	0.5116221327003916	0.7440380957976028	
0.2960252404194397	0.5047123669876528	0.34969624925873016	0.06697429719263968	0.6266958551342273	
0.05070135672354926	0.3776491463904137	0.5437321640635515	0.6898208837603336	1.139241727620528	
0.9769057539913787	0.30807616321624154	0.6793948438856489	1.1131991497866807	0.43267673949355084	
0.0	0.48099642173121493	0.738256907356397	0.37631892922785765	0.9035282879169949	
0.30525424377935895	0.12839674372454482	0.24204723469521908	0.5839086893994738	0.732249607115575	
0.5495288353110916	0.7533957590123275	0.0	0.0	1.3214164529037018	
2.359159900797265E-6	0.441699109903978	0.4192343358199631	0.39708229278604623	1.310296017996421	
0.0	0.0	0.0	0.0	0.0	
0.13394191126744004	0.9076675841680807	0.15306844027083058	0.6760577951062714	0.9339190250304309	
0.5343157905977435	0.0059961739207027185	0.06818698496814678	0.5426390014003609	0.2821476582769039	
0.274353407849581	0.5413796505853158	0.7545494527201277	0.0	0.48987776578223885	
0.26937250342262375	0.44318852305751666	0.2350304087770025	0.48224191621407597	0.04801881024545552	
0.0	0.8567526670568292	0.7731223090537385	0.06914157633821295	0.45740771973686983	
0.4175331133828026	0.619316473746811	0.2770998474421525	0.0	0.0	
0.41690666959270684	0.3362495241640374	0.26524814156815457	0.672962150911758	0.6537784403534885	
0.0	0.15538250182667734	0.2869760086369998	0.2387846274920495	0.9024142586131064	
0.0	0.577237034529533	0.45081074815677036	0.9491117043451993	0.7489870709783186	
0.7131819979859528	0.0	0.15885773378224305	0.5707752045837814	0.010695185212439251	
0.7439353976047836	0.002554893433856442	0.0018860207707503275	0.372169956280045	0.8057134137484749	
0.0038993415447242646	0.3950499874097398	0.41967717545745287	0.018054992149461307	0.3536972021749284	
0.42909127835407607	2.0078450537093224	0.20626396228605157	0.01583444236819216	1.0725168772667186	
0.8962136750382483	2.3876483659400005	0.2915901680588301	1.3089583973523538	0.7992859438080132	
0.0	0.0	0.0	0.0	0.0	
0.254630369018064	0.6194529327544193	0.4647837318200217	0.43259688314902456	0.43931348287297667	
0.22778320450875486	0.3976854033095541	0.45921948118459727	0.7518838962466762	0.5656174065121702	
0.0	0.6163928177814051	0.0	0.883560883924532	0.46339487529418194	
0.0	5.349129524019634E-7	1.0780112978411793	0.5321232159825899	0.6092650623870498	
0.2269152749226829	0.08231880441366157	0.2464096591738414	0.32832509115355135	0.4713280384431332	
0.4793258562516014	0.450469422177627	0.2764351348399885	0.3787618919357891	0.83613554736877	
0.30508271857565156	0.0	0.0	0.0	3.8287072823872363	
0.10375464997193977	0.004328045659130256	0.5006480800197461	0.4798383841507616	0.2252234025696664	
0.9196904902146379	0.26908645981141116	0.25426034625478067	0.4311204473551943	0.3173829085618815	
0.1606972683758578	0.22682259362870058	0.09576751267497721	0.4609598484187553	0.17401258059849464	
0.30573577231493887	1.0593043545246317	0.16440999852825788	0.7395370316147554	0.37412968882276915	
0.0	0.0	0.0	0.0	0.0	
0.0	0.4629715670750338	0.14838875618426567	0.28230967996281486	1.7714385488778384	
0.14950429468654375	0.29585948930093575	0.5529647562189395	0.2515213722993285	0.34395789548190975	
0.0	0.0	0.0	0.0	0.0	
0.004583916697536017	0.5315955797243244	0.37558442371958217	0.31758525575458235	1.4767840788623952	
0.0	0.03545532568269593	0.0532087096153178	0.28646429428653425	1.0727042879919169	
0.0	0.34339171123998113	0.55231860353651	1.1281491668400305	0.5436369518566128	
0.34643513309694135	4.727580964683207	0.0	0.5320902581920814	0.07984463050458054	
0.13059802611654064	0.0661407743039955	0.5500006191644414	0.4315390092254921	0.06976919521463709	
