0.0	0.027124720993951693	0.0	0.5063260710831224	0.16622915306875502	
0.0	0.0	0.12030382337434802	0.2463956943603083	0.29713916898209797	
0.14299770239117238	0.018942298405172822	0.0134502807775351	0.38535389543117604	0.09677001042169496	
0.0	0.07432799459651003	0.0	0.026942581353305753	0.20824343112849342	
0.0	0.0	0.0	0.0	0.0	
0.0	0.07448477119772688	0.0	0.5146667629101308	0.06686116730308003	
0.0	0.0	0.0	0.0	0.0	
0.0	0.0	0.6660475820965541	0.0	0.0	
0.24840860443233248	0.0	0.0	0.12604986397373488	0.15711511490269198	
0.0	0.0	0.14299513613687523	0.4003520704209102	0.1304891207750874	
0.0	0.4994828886433792	0.0	0.3029774940873362	0.06686202276494133	
0.11830724633636035	0.07300169000465719	0.2909409904016551	0.010825845378148544	0.0	
0.0	0.25071819605332846	0.24747491628667528	0.49898728329931075	0.05009686794024079	
0.0	0.0	0.0	0.8194307661185354	0.18182334908188547	
0.12021952733828399	0.20032243427060986	0.0	0.021997479592379385	0.045784103642987545	
0.0	0.04360180948236958	5.192100987649989E-4	0.05797901063808671	0.544909434090948	
0.40489545527137183	0.0	0.1321765121012099	0.42565803144747105	0.05283222945040928	
0.25512926783432843	0.4533555472925009	0.38822333992276775	0.409203401392376	0.22158733761761057	
0.0	0.09117733879655981	0.0	0.03077998822868906	0.40413263449587733	
0.0	0.31391348060134444	0.0	0.323720756190151	0.09670196088320017	
0.0	0.03155370324067325	0.056372396449054056	0.9861150292798347	0.004920597734607209	
0.015342970934062113	0.10983797305080409	0.0	0.2660469709333715	0.21512013625887608	
0.12580783085885347	0.0	0.1153091176132064	0.0	0.024541814027754953	
0.0	0.11968905891648142	0.013002699290862072	0.12328570317763664	0.0986920443635864	
0.36021154789795473	0.1299907620639726	0.00511791225678534	0.0	0.3278285606327099	
0.0	0.0	0.0	0.5299754421108716	0.04941114472188361	
0.0	0.3031140006688357	0.0	0.0	0.0	
0.0	0.4291732908809784	0.30787120901823345	0.2947794662612465	0.0	
0.0	0.2259768687797839	0.20155391339116385	0.0	0.05070278977569298	
0.35597174444870194	0.10239289643284497	0.14601092547322678	0.0	0.10080806511222688	
0.08274242483418981	0.0	0.0	0.10504067401821211	0.0	
0.0014547708266478528	0.27033458817648287	0.0	0.36342108648311466	0.0	
0.00376106506970892	0.05563968335606341	0.17167926019195606	0.8569090790683686	0.2261519362487049	
0.0	0.1368960325668629	0.09974816085298706	0.19499830373269997	0.09297129267760441	
0.5232013792819287	0.027291804636517234	0.0	0.29339796313602695	0.0	
0.19150167685259314	0.23942980102846353	0.23328207795377714	0.4262094851449546	0.23793625935670004	
0.0	0.26303864347095685	0.33937431822359543	0.03592804267071952	0.02202459636891142	
0.0	0.026768039367991023	0.0	0.18700638880495135	0.22566744313969725	
0.25433552584310415	0.036585939357840234	0.28211355774704916	0.1946830112110656	0.2655917598415386	
0.13235022307941235	0.05397833424073551	0.2818158148323061	0.0	0.08774959583366451	
0.2517680491291818	0.12323714864206943	0.09790684289726818	0.14313432350113034	0.12725231242199989	
0.0023550531638656756	0.3439172225805542	0.2384941285312796	0.16918605257134434	0.1607315037318047	
0.0	0.0	0.6221825513699604	0.1667458182433641	0.3479569448749972	
0.08862418502680874	0.09979062710025705	0.23321459454195195	0.2992553428303305	0.3720535178171501	
0.23468527560948793	0.09378219521301523	0.03786240046573001	0.2305878687265612	0.119382690394188	
0.23442191652341676	0.23029855984996853	0.0958769529388216	0.07628003174777012	0.012979320445394347	
0.03401801951461559	0.09190564943434953	0.09151034000618295	0.21172849248858525	0.221466150917235	
0.20725729947019128	0.30443398851941256	0.0	0.04429962090074441	0.36577215431461074	
0.0	0.13082465634275267	0.27659979607401314	0.09797653353430316	0.06416190263109445	
0.0	0.06697811428311859	0.00470599086988174	0.45169253793448577	0.19727191496466587	
0.0	0.3618964098277825	0.10393837188634776	0.0	0.0	
0.0	0.0741259839051016	0.24944301278170503	0.12347662553747812	0.13589042457761935	
0.11162152678013243	0.5785157936683242	0.48033456672286823	0.0	0.0	
0.0	0.0	0.35973014320040353	0.1295316635300063	0.0	
0.13566350286662385	0.05129079428334103	0.0	0.0	0.0718126916774898	
0.0	0.18868275732095216	0.2638759279001531	0.0	0.0	
0.0	0.0	0.0	0.0	0.0	
0.09207990741590692	0.0	0.0	0.21055237459749782	0.06288296516748171	
0.2271138008941505	0.028937428394580814	0.030411071375604802	0.24339528940835742	0.23770832375304368	
0.0	0.19428099537801785	0.20715754097479966	0.15276832430261508	0.0	
0.13629605538629425	0.2157791136568746	0.0772277799240727	0.14808012719016253	0.008134159356844469	
0.08020021072686268	0.0	0.24167428525505966	0.15552316984068126	0.2062377856788767	
0.177549008449905	0.08501895103044169	0.46161323218077227	0.43356211533199	0.0	
0.173489377647428	0.008363092376012519	0.12307139945515168	0.12646602572196458	0.045660085134696715	
0.3859116527548788	0.0	0.0	0.2876665396513106	0.0	
0.0	0.0	0.15733094172875056	0.21097050450680957	0.1285161750352569	
0.400826812431308	0.37477760697267515	0.06463354695420626	0.1526833591218212	0.003337710035683867	
0.04355449095937084	0.351871688206853	0.25004099371799493	0.1501414440093983	0.0	
0.25752480182627996	0.0	0.30641248745013816	0.21060351024394658	0.12991303113995645	
0.2694705888532827	0.3804419232579236	0.20717593555443609	0.22396345715748794	0.05984511132648053	
0.4314105736083393	0.002341435063430328	0.21728609405839067	0.7823819675775828	0.0987967498658617	
0.13638762738731522	0.18156847814910165	0.030305597046614764	0.3317903141399897	0.0	
0.08035936280128372	0.0	0.0	0.0	0.0	
0.29682328854725754	0.0	0.0	0.0	0.0	
0.0	0.16882584459095978	0.043554125258783154	0.1962038847228041	0.03272962219260635	
0.1307800369461996	0.06582745067865453	0.048708201753227286	0.20371250656095544	0.22075654283521634	
0.0	0.2112292320121654	0.23031320203250008	0.12415157594839342	0.33812390155688404	
0.0	0.07730838604523456	0.5748545449266188	0.31320097193720964	0.20461323368544437	
0.0	0.06424780613272268	0.0	0.0	0.019008129672184945	
0.18905949784325862	0.05833605680645889	0.0	0.036327263935808284	0.13161318568480448	
0.3708417137058863	0.5139172130187898	0.16959437167177496	0.10935088561330308	0.232750375087041	
0.06994875493630408	0.05150228500898968	0.0	0.20157157841502504	0.014533858092208647	
0.2113807616712562	0.3138886694440146	0.287330945951846	0.017237387683873447	0.2925814951761424	
0.08035967545288887	0.12734757527505067	0.105440383565725	0.2133632960446994	0.16847410955779948	
0.0	0.1817446902248323	0.0	0.31009070968297164	0.019312611194704666	
0.1751693284493662	1.1181863657336977	0.24467777637786178	0.0	0.21689253154415286	
0.0	0.4894528908475229	0.1450608492814685	0.6278502255288354	0.1658356252211823	
0.17431601632194896	0.25224695657148144	0.0910659852900312	0.08866620877975039	0.21271190190439118	
0.10967717364933648	0.04023783117499663	0.11500310085733763	0.14769645480056273	0.09692462656255015	
0.18022537281286133	0.4075748904888394	0.2702961271917162	0.12329867796313478	0.2630939144195497	
0.31182846419155275	0.0	0.022056879151290742	0.1960121246004114	0.1604193177625683	
0.09872084270377735	0.41712695960719215	0.04156177481478814	0.29602724051710144	0.0	
0.0	0.15445880341994508	0.16777728937171987	0.34402622509821473	0.007653052070042245	
0.0	0.17775672487276872	0.16584185621397587	0.16631680037093577	0.07703151687512841	
0.0	0.27841829207299795	0.14478626581359283	0.14631702649035241	0.12303346753981288	
0.2852840592943702	0.04283729904259539	0.24734225094567663	0.23043440158845982	0.24431139280919756	
0.2671686825360118	0.33462334119738113	0.11605442415615058	0.0	0.0	
0.13016234200905297	0.24992119094542353	0.13961111260744416	0.0	0.0	
0.08984233346977542	0.03931421307577708	0.31832509091321337	0.3160195422164335	0.05090983864440308	
0.3141305641882107	0.029581370789802112	0.5726906154657228	0.14790747635552387	0.0034417045031516083	
0.3552018420240394	0.22058233769915633	0.12112251926104958	0.3745863484923228	0.0043863861363449795	
0.09298521974741678	0.018781689002617688	0.0	0.24189590868951347	0.2861223613104717	
0.3008897344091194	0.11889062141053323	0.4297413436064706	0.19001782838057452	0.37676817425527037	
0.10105959379603655	0.3458273291765061	0.0	0.22229170258713815	0.0	
0.0	0.0	0.0	0.0	0.0	
0.31212953429917917	0.19998780958670445	0.21442098151402095	0.0750086095015066	0.0	
0.0	0.0	0.2362211929998132	0.12175524264713428	0.06926822085505467	
0.0	0.06337050579775172	0.0	0.8726696511729833	0.0	
0.29599162846949817	0.035043913647446745	0.2800209584995468	0.033261622732143295	0.2774039053794632	
0.5253289115114383	0.0	0.47804251579705964	0.38808845648217893	0.15319268021658497	
0.11328532883415504	0.19277463046435875	0.14698414108805324	0.0711481682091779	0.13363756705823115	
0.13674272705723342	0.2232444173322947	0.05993151470568178	0.15224735590226407	0.2717686588258988	
0.39816845925279043	0.14094537590715528	0.41561024983399303	0.30284529334016946	0.08213419173923828	
0.20301392270591576	0.0	0.38348230639800424	0.1971549471970669	0.2691585565405376	
0.0	0.0	0.17186169039577637	0.3867905660961856	0.35132698568073584	
0.2281380475109594	0.20814715071629233	0.47656948653048403	0.20655354627601447	0.5557858844454563	
0.4594332098804361	0.10826655498523345	0.3196257373370614	0.42742540444817373	0.391004143012036	
0.503845589668745	0.0	0.015241518597816561	0.05478353957957806	0.08060262625119731	
0.23721899108556635	0.08235520574147363	0.13924178832291376	0.0	0.0	
0.0	0.06396028147928547	0.0	0.04964741549098955	0.03543584162244977	
5.39934173354889E-4	0.0	0.0	0.6205954171636744	0.0	
0.0	0.0	0.0	0.2686933506417123	0.0	
0.2287403156167765	0.008073931587840715	0.3132590048886682	0.24733438065719848	0.33793648684854966	
0.11798073712376066	0.09952518145171683	0.04291826828010395	0.34553376654208023	0.048865452827327946	
0.30895826183030795	0.4949341904180936	0.4699637588260184	0.0	0.029225826553132352	
0.6219837923382965	0.5322461442978454	0.0	0.3025479729936435	0.0	
0.06444280422835788	0.610165000685087	0.27834584484655794	0.1383291151503215	0.10737343398209195	
0.0	0.0	0.5072988682863148	0.17879823515535412	0.2908991214320343	
0.33928661533671534	0.45266730397646926	0.13335430250779712	0.693583751374972	0.17130517781429902	
0.23081527559371273	0.027542963064079082	0.034964606593042354	0.04347465504521831	0.14478581890486478	
0.0	0.0779064900430905	0.24381540569945576	0.0	0.16787662361549868	
0.43208757122442326	0.4712499739432214	0.10636428371624726	0.23770378952909826	0.16392945462815922	
0.3247387793471022	0.3816524924401512	0.2194581868256733	0.15686987521363005	0.1955678329965961	
0.09580963277834516	0.0	0.11604696998300743	0.0	0.09558235549632266	
0.16462665571934984	0.14596872824947682	0.25582353506853583	0.281524823150212	0.25015161425718063	
0.0	0.0318498774040272	0.0	0.0	0.04894153241007296	
0.12970068926351835	1.1366322437070488E-4	0.2621072346329338	7.613835262214802E-4	0.09786434326238602	
0.30982620723769466	0.17181310706629063	0.4862317750365141	0.19386604221551687	0.8258880764815123	
0.21354561809772177	0.19458659440199078	0.067735958410112	0.14260000962233269	0.265248594731296	
0.18759115381397734	0.29105534519328413	0.13345398210221587	0.00814464946396989	0.14880546838925893	
0.3515066593651549	0.10222229623776896	0.4842990352907655	0.3050419320877934	0.3330736073938904	
0.2707381146519412	0.14578824255204975	0.08850116701856685	0.35773481641435234	0.006986452782129129	
0.06867219612790448	0.0	0.0	0.3705472776460468	0.34521992560148496	
0.11578704093201189	0.3804010542935448	0.4564971324447505	0.4898444187044286	0.23150478555041018	
0.22624202870230195	0.16113426418383428	0.38935662940307314	0.40824955989190176	0.524424960651489	
0.024756031067027492	0.1488931654882546	0.049022606404337817	0.21046265361635816	0.18731343333672965	
0.2698714021872281	0.0	0.13043396288919443	0.0039744034174487575	0.04900231503442634	
0.2424150898350791	0.2812401494903082	0.06679789901827492	0.13384618219179117	0.0	
0.4063339917796762	0.042806692437056405	0.27872684316766877	0.22202397743003885	0.09040005692937085	
0.15362178800100867	0.03506064930329702	0.0010268210409203836	0.16672218172231243	0.22707190794940718	
0.3694679412803762	0.5007636064996956	0.3450543685358327	0.322140667754185	0.08281598059574205	
0.1936865462043263	0.11696228264595245	0.0321575190622524	0.31687942507976674	0.0	
0.0918035851137705	0.37778165459395086	0.0	0.0	0.3873127970096102	
0.0	0.3493031407373817	0.009984177483272105	0.17432129728573323	0.15303969085940855	
0.18881673711300653	0.037322785746432455	0.08863838399939415	0.012717389977911154	0.08675980751285184	
0.19072739607335013	0.23093780823049018	0.34789982627951005	0.27172895738110453	0.4073938471534324	
0.25789413684365914	4.772884021648643E-4	0.010883855940515063	0.06796318007534097	0.1316642025590241	
0.11609431313262443	0.3105642346295548	0.24611454577042208	0.04163238908301923	0.4342515445729435	
0.08202710381722095	0.07965202366736444	0.04728098241445823	0.29617389873903327	0.17355100558201875	
0.40258270747674235	0.1486932913053645	0.038850030560104803	0.2659387539198808	0.021419928051111977	
0.3349972558326124	0.10826381124466804	0.16399047018715487	0.0	0.3146929276968079	
0.0	0.17244062474174554	0.0	0.0	0.004967981781688835	
0.10583928975820298	0.2949696006320339	0.04433867925481316	0.5546403265486012	0.5637974587321659	
0.0	0.1764113670820263	0.207275014323279	0.18114790786899929	0.11199150207691133	
0.0	0.014951501732724765	0.0	0.0	0.0	
0.07680670285164665	0.17406676852404143	0.34689901566778514	0.08491033404533255	0.26181299053779256	
0.030960574503732307	0.0	0.25682601088840473	0.06603185697588658	0.0	
0.034919028960580224	0.18212490461170916	0.15985553598017083	0.0562228097905162	0.07380631055685072	
0.15567316312868734	0.12070070444934322	0.05012544446831425	0.2637584263507522	0.023141439120846007	
0.1092642371690604	0.03353841021755807	0.2638831718539847	0.034613363698344876	0.26443204237640927	
0.1198304954922406	0.21479185600482745	0.18332596151460465	0.2689820873868548	0.2363239328548692	
0.006235423323684392	0.15688565721459488	0.4449655531810034	0.20698921649578333	0.14710785066604404	
0.17452748215312164	0.13713790288980116	0.03791965090587222	0.5642827403392147	0.0	
0.1639752116313785	0.17833873335484934	0.23495668881940152	0.0029802130416058206	0.12391482797521343	
0.3059000454462273	0.0	0.0	0.0	0.012403872778773065	
0.0	0.1608182885775985	0.22012203773283612	0.055371077579062344	0.16770811369708294	
0.17400850362521172	0.1263188886415811	0.12480833799048818	0.2342670771770972	0.05320372368631161	
0.3511119597890275	0.43299560498883394	0.2644070932997327	0.25039509111175384	0.17025536891150048	
0.15748835660045313	0.027999341875703288	0.13054267037047457	0.07344134028692148	0.27990109626191023	
0.2201166568847681	0.02933595956253247	0.09352462657953015	0.0	0.018316187026343977	
0.019355842884898392	0.22233958508047252	0.22134277060231342	0.005657892369550288	0.2035282427055302	
0.189812962786904	0.031128007276740338	0.03178472899469016	0.017990460479511496	0.03127889024540525	
0.0	0.11254032384317655	0.15133197805357318	0.1281400682490296	0.00797440937347173	
0.0	0.0	0.5217037200252665	0.0	0.17569998384207744	
0.225833265655076	0.36073994907310036	0.17171650877951977	0.14168088598659834	0.4744131096942003	
0.0	0.01580430142467193	0.1901777969349506	0.0	0.007144646197242433	
0.4255713383002188	0.22555915007206742	0.17345404271561193	0.37845067139484356	0.0	
0.11208320579356054	0.018836048340363388	0.13950520394089677	0.026005587504784843	0.09855737134116745	
0.0	0.014781958410824221	0.22797576352191415	0.08677033510156494	0.0639332086968143	
0.0	0.0	0.0	0.3884769063989411	0.0	
0.004718944860407279	0.1426136323415058	0.08777679334210599	0.02870343113847016	0.010097069419437004	
0.0	0.0	0.2794015348144775	0.052764937452492534	0.0	
0.2641693218339301	0.15521027020154815	0.2429097267553555	0.22781992863433004	0.2271846504330661	
0.0	0.33175470960217995	0.0	0.002236094586768463	0.2055100378651346	
0.017430416724164274	0.13935543635132558	0.18576501147328997	0.23539044899313288	0.11489065606146827	
0.0	0.0	0.0	0.0	0.0	
0.0	0.0	0.0	0.0	0.17810461693002413	
0.0	0.22030656552238204	0.2699285780512177	0.21468859113572447	0.06512951616575637	
0.5421763314716938	0.0	0.041518842652326235	0.38401212826509423	0.0	
0.2119663272953044	0.16541531288595598	0.23757957673449462	0.0	0.005144229210693505	
0.0	0.1612965463142284	0.0	0.25287781397038	0.0	
0.006429406003608836	0.13608135407115546	0.011534056904142801	0.27507013446283823	0.2610156274140723	
0.021801823972285826	0.01759740069477874	0.01590071468914713	0.30446039893775045	0.02664539279638115	
0.3046793939068172	0.8658373834809382	0.471553276926385	0.448106502705279	0.41782516021499966	
0.05592598629044129	0.09301057483670944	0.029913273646817333	0.0920745619365866	0.24655499822305452	
0.0	0.15315306778636964	0.18097736085378824	0.1847636321424886	0.0	
0.02710357167005724	0.14405025199737842	0.18091010094885704	0.0	0.0	
0.35595212581335883	0.035167771906234886	0.03671564388105168	0.19520116138290752	0.0017197030418790288	
0.28621760431609594	0.25692590374454594	0.16934353085779474	0.1715738577500812	0.13427139031362847	
0.0	0.15297701068369202	0.11825848877981465	0.005856578732534273	0.0872068459736332	
0.08613486768880411	0.13353198806858144	0.2754010592167111	0.12052461023278896	0.24992661686879852	
0.16485879771168302	0.12130246437980187	0.09947607905431667	0.17395831114432178	0.12076686046495969	
0.2275440225926113	0.2995201449264551	0.34517878278676056	0.07347473107971113	0.0	
0.16676690323743848	0.06064538922000236	0.2456298815814322	0.21697724057109685	0.004005567059205195	
0.3266711705881442	0.16333541110073455	0.0	0.23287876589997342	0.1730248961616656	
0.4118107658870156	0.0	0.0	0.0	0.22880773273187088	
0.2997339145954479	0.16476342404287622	0.24495308333199092	0.08798239001138643	0.19449850626328802	
0.25023217795815383	0.06430849757011989	0.10342857751709814	0.0895494621066656	0.07289224755986871	
0.4845753156817158	0.5614579224629519	0.21277439395826028	0.5915192450236094	0.24803113073144853	
0.25855620091131326	0.22007722478607886	0.3804941034486288	0.0	0.04427624734069207	
0.17786250636195822	0.11780881972614247	0.24544768083195942	0.3172401743160626	0.06825915662731527	
0.036843516348706626	0.0	0.318279486023786	0.3774917896851176	0.1638356002007414	
0.18398220610793153	0.0	0.0	0.38656499175597697	0.05631173255773379	
0.20382634691509124	0.0	0.0	0.21689373726942687	0.0	
0.15320098432390997	0.30481199915050167	0.23708304265645255	0.12609953252761807	0.42019759285959407	
0.10652177206246058	0.21678885725488822	0.2669052874650005	0.18319180098142254	0.2591232611122118	
0.15201419763617607	0.17902360410257512	0.35493839466460886	0.09036341771854468	0.16995010188608267	
0.3561828377795356	0.0	0.0	0.10676920792080073	0.1878405634831674	
0.059354029741891356	0.22643649721929687	0.13328199422930279	0.576116815349912	0.11125320465691231	
0.27526864808410356	0.4255961041862149	0.2854160386346242	0.12771563382318687	0.24664877776430644	
0.0	0.0	0.03572633209495077	0.07771429126541866	0.3668698109244168	
0.15835926489230306	0.0	0.0	0.01535875067875209	0.0	
0.04384106684457958	0.18815355680022092	0.1848189677778832	0.0	0.09027726190042004	
0.019519786271171333	0.0	0.0	0.043369718733589954	0.17182628730271787	
0.189953401941923	0.25058866620250336	0.2736987603203902	0.28040426295041454	0.2770249628982906	
0.16645156720223125	0.10835198247970441	0.2644670104650206	0.28685094250426446	0.23692643163793833	
0.2089475969168208	0.0	0.0	0.16798059583007088	0.078665331832858	
0.2251829288392891	0.07491305490765508	0.1682470995897583	0.07977640438778723	0.09028896051978645	
0.3662290198646853	0.09549344635885633	0.3503391284025737	0.11897464092788314	0.17328298971120099	
0.0	0.055117080314143724	0.34452382895030276	0.15099290932781212	0.0844453418284966	
0.18917862524117499	0.007982904707614539	0.1578240864885848	0.15913986334077615	0.20888219319599413	
0.14179030200424242	0.33735544829823777	0.41265540008976137	0.012628018847013691	0.22081602881555604	
0.14384156163161305	0.1683046418035225	0.1434763288862098	0.2097499529414327	0.22951914966818138	
0.06173033152507475	0.19232482070194318	0.12935807481413764	0.15091751760892225	0.24303883975200524	
0.24375931689436653	0.2991678855434373	0.13345579763226245	0.6686443290516951	0.4073219212283681	
0.2782771505451531	0.0	0.3187149990454917	0.38696428231424573	0.0	
0.1722430651655136	0.21842499994671974	0.17557874010799832	0.09561566469045418	0.2191684281270537	
0.09536165238322661	0.050217934632432536	0.15364570226411883	0.20598416334009334	0.06823567066956307	
0.037174171023923286	0.27865655083542823	0.19097784023423697	0.27737848130790865	0.18689122814030115	
0.018593801341676115	0.015995183276611636	0.0	0.026968337534419337	0.19084776174350906	
0.01730989674379651	0.02312838145248087	0.03625700491976337	0.19164441829944218	0.2040123556465443	
0.08052687077959317	0.09266642756917806	0.06945243435709611	0.11508971174165727	0.010397917466447224	
0.02542201982763889	0.10828380492431192	0.2746319800144695	0.22563596734957364	0.0934461977869883	
0.11484541645835473	0.20189567097513325	0.23086979126255266	0.1675904410690509	0.53460917756822	
0.2176204329637135	0.2306828349493318	0.1618554537630417	0.07216267386865238	0.15453402586252973	
0.31351175058303615	0.5698961390217561	0.019106631713958582	0.036135562642861954	0.19207418319413347	
0.0	0.20738841575494946	0.10297556173521984	0.0	0.21668677779387935	
0.0	0.1714904966611221	0.0	0.0	0.0	
0.10453812567919062	0.2953396805296939	0.27492217182025314	0.14815910060348672	0.13262054566868708	
0.024998692641876322	0.2863718628069485	0.02906741311710718	0.18532124980487635	0.10268984764961828	
0.10269351962408349	0.0	0.25120482574565467	0.24386414177058183	0.005202256028518566	
0.11028346047848174	0.0	0.2035474030853369	0.18722211767878907	0.05080650661921073	
0.0015251713475972902	0.0	0.00995541555176932	0.1382037217913323	0.0	
0.05453494395271554	0.03208007100736343	0.0835729990288069	0.030444798313401387	0.04990627579748862	
0.08909715416853704	0.27539266737174944	0.28334124614853795	0.0	0.1514629108978449	
0.11564407113433145	0.24910284062373697	0.11431978407955964	0.17770032950833586	0.027933826826392567	
0.10665075603398855	0.1916897426386037	0.30327698065338543	0.1784479949159113	0.1379149449119107	
0.08794340690627601	0.07702325261836496	0.28281350594279464	0.24157503871291786	0.13149054987820763	
0.06754063881368358	0.2259758104586423	0.016162807179563574	0.18550985302314746	0.14485424794251073	
0.09869665391200526	0.218643365276469	0.17188939613991028	0.18595689927800416	0.0979364010627188	
0.19403065294390548	0.08250189981406465	0.26044241925137385	0.6675480897785822	0.36491046385313913	
0.059497908265762664	0.1211375834814162	0.0	0.0891055574940435	7.640393333730859E-4	
0.14325509969626113	0.26410911260730613	0.19656804498237204	0.10061992332237289	0.35310656401347384	
0.17740587358746343	0.1049349670166889	0.1411153036908361	0.033515415185409764	0.020227189931986102	
0.0	0.22807124321727004	0.31580182911679616	0.30113318357265767	0.14520756137272336	
0.066232919177174	0.20153780690510464	0.18833880961611882	0.11335962551761257	0.033337353164725046	
0.26550203057401994	0.005775970427939327	0.26484461864929393	0.1553293324847529	0.008568528369705366	
0.02939106924397406	0.060847888491211324	0.22110748923130646	0.14539886443392663	0.08736458022775123	
0.20281536790018	0.02523316535618662	0.07089321259343699	0.0404034867691727	0.06062352364455231	
0.10552307529038848	0.41505756763207885	0.38536324291466406	0.5399208169370674	0.538237136606628	
0.3233630810262888	0.13483477814009628	0.5433618407641323	0.013022539265351908	0.0	
0.18664145028296367	0.0922842960283441	0.3069432949093738	0.18324143722735203	0.29871733976646353	
0.26293975266678243	0.1834571144586497	0.06381502870199525	0.2403298876684724	0.18601772866248673	
0.12924306528790885	0.2283172235236413	0.18787338477074086	0.22333146600279197	0.21221089525474035	
0.10766453870581628	0.1779158295100065	0.16589540469855507	0.28042085946873035	0.2715327479802846	
0.19851134579197285	0.07078012706225915	0.0	0.0	0.015784646716870382	
0.1543778620538303	0.3590673544320513	0.1877259188127406	0.2986899545450335	0.38189194572341034	
0.28868203453596764	0.05396101748404831	0.19054949427263546	0.2899876171431258	0.13107639396635817	
0.2325867923139939	0.17647774748403897	0.24984046686958594	0.18860143868164206	0.22244481976203737	
0.06305959736495613	0.11935030778004124	0.29193269005229183	0.06655666340862178	0.29340674776512277	
0.028782351494198374	0.24520588840998797	0.2297350152948279	0.18403917668712866	0.2678326645303643	
0.0	0.0	0.3731797514425468	0.31840723451315384	0.0	
0.273011101172489	0.2276123885080688	0.1772974596031013	0.17696408535966826	0.08742320553261415	
0.1556538253763408	0.14292316929911222	0.19749320768333506	0.20612343607733757	0.03236413561895631	
0.31729213942765466	0.46387914760366217	0.12527562607714174	0.3228188854738231	0.477438575895821	
0.1196801753536322	0.09420253073186802	0.00682501742809407	0.18476714576302045	0.14631243664259982	
0.2859428461890507	0.30523206024808247	0.11852292845581505	0.23682684564094086	0.24244549469643392	
0.08095000166567805	0.0	0.18424898803195758	0.22829155954775693	0.45538946795969154	
0.3104056869289098	0.10338664374938748	0.14586110142806674	0.07380429981247298	0.119479104330245	
0.10567904765341554	0.20773951643536148	0.23767776567540552	0.2731074076973236	0.21025775116336226	
0.448663700013922	0.44072544082701964	0.24706516445376886	0.619882806005433	0.2984585527395646	
0.22499352739637907	0.35258879152708206	0.14613573527842477	0.2367954122436458	0.3150537896587109	
0.12009543771041689	0.17470438082912038	0.2845715238632283	0.2558067111501539	0.2653958201549319	
0.26307057256113264	0.13064052359664657	0.002542686847560961	0.04966369530589364	0.24316740049814525	
0.023428702112100602	0.035801341751293264	0.04797834003391291	0.002445730705877435	0.15364543030735542	
0.017570113672752144	0.0	0.0	0.0	0.0	
0.05431796673497468	0.2830654029148967	0.2061697599004063	0.13059731586649342	0.15888435635483822	
0.15611746996598025	0.08588782026824748	0.17773695133773948	0.05912854056066942	0.2758363086350725	
0.0	0.0	0.0	0.3261340059259503	0.1929506300265288	
0.26686553311340444	0.20603149554070657	0.31630738626066446	0.07346458192911387	0.1412227438420205	
0.06517639171499233	0.04950908099254931	0.18164266880393515	0.2584628933426812	0.1830630017511056	
0.20960839880421223	0.03030596733320181	0.005830170389488209	0.1382519748061113	0.14734766493259335	
0.2684105183096347	0.13879830630111015	0.2676743506752725	0.25885680405772105	0.22924816719088356	
0.12602582809167157	0.0	0.21346415141596342	0.2025897416020121	0.002999572659515204	
0.07997340592633198	0.37720498114155077	0.1251314930411989	0.398598506995989	0.3696231740199762	
0.0	0.0	0.0	0.22235758639170625	0.0	
0.27784835922007634	0.08193034883508919	0.4343096582955866	0.1791167773773496	0.13630247540177026	
0.6065847671903181	0.2817918085245365	0.33178213074103013	0.09610842512199094	0.2994025475277374	
0.19017962201681735	0.16071643883429285	0.05123800333623709	0.04072233976704879	0.2607167223526551	
0.0805219240069255	0.23758883255875865	0.21790562611329373	0.08730914824076244	0.0788351305629481	
0.099973060971141	0.0654946485643943	0.2796332932400262	4.2006590544256105E-4	0.16937848385796303	
0.26614169630775003	0.09146692761135	0.2430106324231385	0.17558619223019795	0.08814740286762929	
0.07566696663281879	0.0	0.0	0.09075451513444509	0.11386653794703856	
0.06471640416601168	0.05099292324159358	0.10675106281331524	0.25508336937477427	0.2710980698325676	
0.07844556650656385	0.1082222267138343	0.20199353069366752	0.2612528582210113	0.25819450886228706	
0.509441513979194	0.3476966974674219	0.4979403752110062	0.1966736465246281	0.2333368179803831	
0.19177215423812374	0.001062954957989182	0.2243355395047767	0.12425300467229358	0.04564125643352872	
0.39996927749279704	0.1483968882078493	0.29738185316082866	0.03467900265287229	0.12364422046881955	
0.1966820594323646	0.2847176864087664	0.13729731368155443	0.13912497773198867	0.20611944766039972	
0.09726556706519221	0.09414278089541447	0.1040422759446146	0.08924814090032462	0.2953904318917449	
0.34187873984975664	0.4779349745376607	0.2207829889599413	0.141252562815341	0.18892689930207446	
0.6735948136357176	0.566941622390097	0.4991849847983634	0.6170448258775338	0.5537675152522064	
0.2793491044622447	0.12247298496853913	0.1059681119523836	0.09470867340909621	0.19315793740903783	
0.34268019423090057	0.24397493334153267	0.18305946389326755	0.4199062076442659	0.2201664734000092	
8.397249894922534E-4	0.24952961880895286	0.028757849195668556	0.22716725492046697	0.25877009589730837	
0.1553375164859303	0.2764015424992236	0.39700960967041277	0.27701682013750706	0.5538639155719551	
0.0	0.0	0.21004019129282267	0.06820290459443765	0.0	
0.20664079340635108	0.0	0.23479247956061333	0.3728762060354208	0.3035175761730994	
0.24916210818233014	0.1745451696746137	0.2581673267506931	0.056912171518361566	0.15735632439174285	
0.18594336961256516	0.2562128961789852	0.0	0.052109220079848945	0.13818979329869527	
0.15422337579204437	0.1448716663306018	0.14875392024088774	0.1372870605968882	0.19706883102173764	
0.07465922592399815	0.2903102009629129	0.2144098657161085	0.19862357276213063	0.220078210153199	
0.024215130740901643	0.15475187858825154	0.24628710824853395	0.04228917275258706	0.25545085550500557	
0.2161121091023244	0.12819343810619496	0.2537660481919889	0.1534061631478654	0.15356355522644008	
0.2879202409052929	0.039929203065654346	0.21572867563580775	0.1444714514555793	0.2379556405884237	
0.0	0.18279491738919149	0.029749750336663137	0.0	0.07042752252170423	
0.0892356843809811	0.10755825657481637	0.12080532946260104	0.06270677685787522	0.20099719066666283	
0.0	0.12826062707030125	0.19041737511560386	0.027306952057261885	0.0	
0.0974593576438136	0.05421968559769265	0.21544545751027339	0.008938184224714528	0.0015115597981476589	
0.08328341769150716	0.0	0.14199072245082717	0.30011379725326776	0.2704686910852566	
0.029707836699068103	0.02427902309422029	0.050552583649495705	0.015053508342473631	0.0	
0.42602330904201713	0.2459365561165307	0.23383989223537283	0.07673174249082226	0.09253923974547995	
0.2662452405578492	0.037981189908109884	0.32474261935269205	0.13188858043416743	0.20630610387014364	
0.19642321103829558	0.0755616780454874	0.12392811027825566	0.0	0.40824591139732613	
0.20115402922517378	0.271408461818853	0.27111236021255336	0.20830519624749647	0.38726391909592056	
0.28658810629927517	0.07047203148026969	0.18115572458843893	0.1901016041095182	0.21212690693721276	
0.3343726567969409	0.19891617178070928	0.2905910363509335	0.5206505724784855	0.21325151896975042	
0.33669371266061604	0.12663061805503673	0.19164321105089646	0.0021706692083860906	0.38501350261524825	
0.3574361197213235	0.0	0.4614732862039786	0.010170912783704907	0.07623576615517713	
0.0	0.01022985018137271	0.23406766780057778	0.0	0.0	
0.08358585389420922	0.1937893539802693	0.1713477012671444	0.17960980423582665	0.1672510869575462	
0.0	0.0148527922314807	0.20614360929690795	0.0	0.0	
0.135149891595588	0.1360241149412388	0.08646024718349668	0.023958686960957484	0.19352276773668553	
0.25786992146414883	0.23761902399885657	0.19129583187008267	0.4576947990944779	0.34630233059052046	
0.2841398688038461	0.18816810228505165	0.22869144561276897	0.2504455733470656	0.03252688052429734	
0.1208421327295148	0.16853004880363756	0.20254243847664136	0.20566491529397699	0.1969801170424925	
0.2026871108796658	0.2792947933745817	0.0784857209789979	0.22907326420546484	0.026122393534171486	
0.17307957409019561	0.07490923306969359	0.24125333554484335	0.05892955316192977	0.28999092164397106	
0.13839456565258923	0.0	0.15514402525866344	0.14041005156559133	0.1705233985734969	
0.1566127772865329	0.12485687743403397	0.07429251331835872	0.2481194449784604	0.18145919559729737	
0.0	0.1758332115824657	0.0	0.12569197823126615	0.0	
0.16392478458743023	0.5111790823117095	0.0	0.06909587920315172	0.0	
0.0	0.0	0.010935880199257099	0.003528500621194798	0.14974099103977126	
0.18832281365690745	0.1808768637255572	0.0	0.12019926658891814	0.10087722550110768	
0.4226260718423816	0.23899430998602356	0.0	0.0	0.16075564713892326	
0.02487670174271427	0.06123366627206271	0.22808598588249543	0.0	0.004566745231772267	
0.1376592525692649	0.20149234496662558	0.2655977373768193	0.3456333378132873	0.25996740738188734	
0.14735677928219298	0.26073739694565595	0.05174047608187004	0.1465065503004317	0.05698342171443421	
0.16247315675117163	0.25733580263102096	0.2517485248401208	0.2758883085483118	0.21459656478967815	
0.28650101681784235	0.2543348116935108	0.06946418526161133	0.16619424690117698	0.27880082497908315	
0.23337700439378842	0.2339124674898323	0.019353354221952553	0.29342844726627126	0.24813680185681408	
0.06802840038675187	0.1749653328710114	0.0020835164727727434	0.14523789143857843	0.008629392094796188	
0.07807434116094482	0.11055061307373645	0.02142149311163804	0.2707947186470675	0.04399973438399345	
0.21493814243155016	0.2645052265135908	0.2436871314837896	0.11066110712253821	0.24761633117225024	
0.10724038064121298	0.09515903409676807	0.11570037617482973	0.1778751767731846	0.1512594818363405	
0.1487142578450189	0.2808261924838774	0.28551229221635316	0.33654786260327263	0.09273067929846475	
0.08151673087461307	0.2544265393938339	0.26930027124549605	0.1552409526870067	0.20923723489276055	
0.04051086519778161	0.011750651544719328	0.06455516633054387	0.23900503467849893	0.11920446197889838	
0.2508598482062566	0.12242635690618255	0.11984889127276376	0.086952228971328	0.19327415237994422	
0.2922524564095115	0.1124031502855877	0.12006278200119708	0.1541444131216075	0.19300761844353373	
0.0652689938446354	0.15182373761625947	0.33062308280936525	0.02599984801733013	0.21692550679419575	
0.11454163328558727	0.04125815592226332	0.11541179709025719	0.16833495003155585	0.0	
0.08544361048190165	0.08603689563435865	2.0195615295040285E-4	0.06121656318934906	0.20299851368430008	
0.15096431766754675	0.0960833132010441	0.28704776561767215	0.17029362122246086	0.26952587679089446	
0.10484844660012992	0.2392139976243561	0.14755973427411717	0.11296528677611606	0.1333830448408198	
0.24662359703614808	0.01495501808186484	0.09035517343924765	0.009600150803995946	0.019453009357616097	
0.06379554745171798	0.07927675163870884	0.16790331931641536	0.1316819721494486	0.1221049902083213	
0.11396181992926947	0.002795143598679732	0.17969021772104166	0.09122164432269025	0.262574658841532	
0.17156241577789236	0.17101568407105872	0.2740743272520935	0.08399639057870006	0.2931507517516017	
0.09486741189204466	0.2871997285650419	0.18464064871599822	0.19215164637418164	0.03915134830309248	
0.18099881445044777	0.0	0.0	0.12120364904634655	0.10723244819478228	
0.03928801501281195	0.1974527175633141	0.03953889578352438	0.026576648942487426	0.0856228570312985	
0.23723834308682745	0.061222814639694256	0.0436981467575222	0.06864294959326803	0.02816368556129237	
0.15660990506360517	0.5035676410609852	0.1367030450737311	0.40716428131380716	0.3150367322723857	
0.13460104342181542	0.24420219125795536	0.5201711088519678	0.0	0.12419350575089835	
0.09893394177657831	0.24001961572070626	0.18179984413943498	0.24080413406574538	0.10099708307581029	
0.10409366343707381	0.1700537879134649	0.09738029566003545	0.062389675305717276	0.04689947995083365	
0.43765290462745693	0.2492449850660634	0.17554878165066964	0.2577288525653859	0.1446391810497695	
0.15050408816367156	0.10655402037004379	0.0326507748501804	0.18523959315638844	0.08678559667026862	
0.02901579000906453	0.05931547067514314	0.14311216945288358	0.2567485301580498	0.04918085348685683	
0.032473343159346836	0.03564159546909232	0.22105527825176693	0.11186215538498112	0.2925681305938872	
0.1698572740770675	6.559616973267278E-5	0.2712392757355599	0.02966741875901722	0.07088434095059795	
0.2869140831737691	0.10448922887352964	0.13200098723269732	0.24953300546284224	0.1681801633924944	
0.23000896910880894	0.07924891226298547	0.0	0.08717594106367964	0.05256987246162384	
0.028490564301899363	0.09576528618230476	0.2523033763001164	0.20177967686526324	0.14490051199417905	
0.2853054166243565	0.25133276237989105	0.39365082942038954	0.28822666189221763	0.19446010599912944	
0.054450665061555575	0.22743038652689482	0.46708248523870927	0.12482085661310499	0.15466843840557792	
0.23365772522087705	0.29103842731137636	0.21175543888257695	0.13433115996836564	0.21075779723866633	
0.20059119683993265	0.0	0.13690988688701955	0.1517269956811735	0.06930298920750612	
0.22823315722609122	0.07916605653259978	0.18271861683318324	0.2490390672284496	0.07214765043642474	
0.27434662846107377	0.15122552011536722	0.1711516511266655	0.0	0.0	
0.0	0.27330797289263475	0.0	0.3228704827035497	0.18272818863679582	
0.04000869905824436	0.1263609350653436	0.03536714211378156	0.04036451974687373	0.09617607999261948	
0.23275076342574133	0.26284975266834737	0.22937107701611617	0.33290586044026454	0.05591653504998064	
0.17433341913943567	0.07773500216205383	0.04977917485206452	0.13802042896605093	0.01604751482456459	
0.1017461899418176	0.3241025949411854	0.042026081978204455	0.4949128545082157	0.4377654327832593	
0.25070855247994733	0.19452713036457406	0.12196196743027796	0.09214304842231225	0.016864687966184858	
0.20146053012636447	0.2519663047291342	0.09223166143028101	0.2709568021976635	0.2902082729851488	
0.2676230541633888	0.0	0.012429223258430952	0.0	0.15682037610237737	
0.19587460583319893	0.2915906099226704	0.416732160618338	0.0	0.0	
0.005193310530772747	0.26449858934080756	0.04363415186889525	0.17791288811942732	0.11511297375493727	
0.09840907345011743	0.1507746713214842	0.09366071312828697	0.10874503439329045	0.2511317406715962	
0.14564255323244726	0.07928148799365613	0.26762320234862125	0.05773728151421794	0.06496404752383389	
0.09261018326951244	0.1381642310507877	0.16103108979939415	0.087401143253976	0.12743866720435867	
0.285915160441171	0.1958003845820111	0.015626138607036946	0.19366120375538506	0.25775237905603854	
0.16961914212168028	0.219322198269029	0.13863799086402792	0.24658164969626323	0.18104911802800266	
0.12309897839568519	0.26843945462902813	0.261190638841719	0.16906285437126853	0.1522209713446128	
0.0	0.26437367468302847	0.034459550513790176	0.22667422907482807	0.20734403218251649	
0.11124448975371767	0.0942698066041	0.26076455458170017	0.21905772654751296	0.007380290950606705	
0.37602175498784896	0.2786422055207133	0.2893641826282371	0.16610146270913284	0.3695424686176858	
0.061190382644460965	0.042196172465834195	0.09972222405022708	0.09458677502113483	0.03424144361026627	
0.23234772298449982	0.035785897830253884	0.21631499164278187	0.05137787415794784	0.012513642750549463	
0.20360767627459309	0.13321928204283415	0.17273854834572347	0.2832919314713771	0.17666076239968886	
0.09774051090024327	0.2860931978815025	0.2832204282175284	0.24846797307203888	4.008139919539287E-4	
0.03234122560386674	0.1204037951796342	0.035595796621768136	0.05657960073217059	0.2205838626177461	
0.2862677816975936	0.19658680455225588	0.04408211880959069	0.16472059802489863	0.1537287141638496	
0.23192419255979985	0.16182041730881222	0.06132544365681842	0.22768755377513172	0.09810737761726201	
0.17567285359983636	0.006852542263325479	0.11293781117862872	0.04121923214314114	0.07450304025442786	
0.2819998947143542	0.00947886067151676	0.07825144248950922	0.032295997319386704	0.21819210567116182	
0.07910701283520691	0.2863251580832855	0.0656335423342553	0.07318421769650975	0.024297363645400725	
0.24504854635895557	0.2820418404026299	0.14542477135846105	0.3072382107653152	0.022859532943977915	
0.23013408536158356	0.007097551084108088	0.18434598226376453	0.2710827403434501	0.27947080922145795	
0.11491739863918343	0.25970854160594264	0.17112949669625727	0.10048896332800424	0.26650100092800855	
0.24168653243061028	0.012701957473400277	0.13009663347031758	0.24006611794427632	0.2976686948086757	
0.21746769767876692	0.13397299665019327	0.36470979910542484	0.06820738338320625	0.036945135818511485	
0.04365999942309988	0.2961487880043106	0.29068001920546727	0.1505772104356461	0.10511281191405765	
0.1744228783743382	0.1236272467084622	0.07508228025496128	0.12968427449747197	0.14384934388576864	
0.09296279036317498	0.08503016328231963	0.16225073795180855	0.16034687986464619	0.14379802232281141	
0.37076508963354443	0.14221291377283068	0.12029525522046274	0.08647630615095173	0.1402860518918973	
0.35815739889763104	0.2565707193961659	0.3243518928324529	0.36527428215331603	0.26223734563790413	
0.1925340995889998	0.4242901273924392	0.2241797375325954	0.24573953343395463	0.22318601768785476	
0.2388099869888462	0.2610045449327859	0.11001533257422438	0.15779221123998177	0.024434815047808565	
0.07402919967889753	0.1101196616210871	0.2499155991950425	0.06810487465590735	0.15452812873256044	
0.0	0.38478253112432687	0.5409820006057654	0.2164171428385948	0.25849541293367223	
0.23638718124526575	0.19587581736544313	0.08468309667997065	0.048082683959922566	0.2919152289831082	
0.002203421692796414	0.24906400377266086	0.20758513511105262	0.1005840068714689	0.15685404547924264	
0.00396745542247029	0.2602732546822878	9.925502521971937E-4	0.02357669318714903	0.0011553733102995418	
0.19690416922320228	0.05263377834727567	0.13606796776150562	0.0	0.3208358009970072	
0.1330427374367657	0.026804816820780304	0.18987279883646713	0.0474894638924261	0.1337545669388279	
0.16757967071620403	0.12762882350799948	0.08228754624650222	0.060417641052692816	0.016489885001095595	
0.11905717788255245	0.15808238221278229	0.3936539126176911	0.02198360498926853	0.25457933143097794	
0.2894200469661731	0.07381909382326697	0.27483590371203365	0.23449913359668378	0.17475595304155273	
0.06639338695858658	0.12169867992883888	0.2257647376430385	0.20016796286265895	0.14377993900220132	
0.36448973890333763	0.0870047308618161	0.2898670922475696	0.5708089650737027	0.2671583363604103	
0.1996089644603835	0.15134895858718697	0.2992191789396114	0.1796129587317514	0.26156562819197887	
0.2675696837812769	0.05457934078925231	0.02290746584435375	0.052614847419537064	0.07508905066525326	
0.22532569556727067	0.27946832839471575	0.2896713167427879	0.05074461004371536	0.04738080877227245	
0.13759561628156483	0.18497418761124373	0.3247475132728662	0.44987904843374454	0.0	
0.24822552366059972	0.11416902959740777	0.28339979239635	0.17582475748025447	0.11264588017257984	
0.14443248208032508	0.26965202053262444	0.267116186354885	0.2626293876318525	0.13539605081164183	
0.12482747065252744	0.14962163797494593	0.09206956462536808	0.20242858249703458	0.24806517270334233	
0.18113026430450438	0.05570759324370356	0.11721033594831284	0.052138698555136004	0.1517215372752192	
0.23780792405940518	0.28069948245004656	0.244675839884411	0.26670067128224123	0.24127297307964604	
0.1206124368608765	0.06317370102211878	0.08969419374299639	0.25763270890112716	0.1789132315098546	
0.15105668631625652	0.12122122104324125	0.022977372848160215	0.01126703818223055	0.2769474655515208	
0.18912299013348038	0.08189034332358985	0.09488180819524443	0.2537447928725148	0.19614982199493258	
0.3720173145226245	0.3991633327757602	0.2760223546006517	0.238028702840378	0.08186288909335425	
0.28066674701577493	0.23180166244563427	0.15810583589331506	0.22941273686258237	0.013597871923805781	
0.1660686656394285	0.06575512499728377	0.289265117903945	0.25807060119211606	0.015075603121450683	
0.0	0.0	0.0	0.0	0.0	
0.2420057422148959	0.4188803173426402	0.30180551395737093	0.18497014733350514	0.32304325853732696	
0.08087272823813609	0.20752097108969425	0.1164776331306026	0.19951203904816803	0.09092646135331492	
0.29051602473567273	0.27949631550085635	0.14505312599302242	0.27477871461825165	0.1988188778623143	
0.03477474344894379	0.2391900390000394	0.279608928095586	0.20525286200012985	0.2599113528762223	
0.185816027864342	0.07633318003240186	0.06327337976265773	0.2700296312154242	0.009262109666851325	
0.24525426086908828	0.11277542949589182	0.06349053301731512	0.09733382078033463	0.21169376043537183	
0.4295589062165609	0.3635348062006596	0.2649534012854942	0.25031298918335604	0.20193843271176307	
0.22258682548587494	0.09926941341042902	0.0786694741406796	0.22992760166967854	0.01498895943104915	
0.2381035937350457	0.1890770252675665	0.4119475156317571	0.502419612341512	0.3317314344598823	
0.13932690227564834	0.0536956712752939	0.11665119623059311	0.0719157513283475	0.2858166592549077	
0.17493743536110584	0.2845215552269035	0.24996103162895092	0.002423194992737547	0.1678904734370147	
0.3984482568681356	0.31732332731746904	0.42351245416230493	0.37343352164286225	0.0	
0.22576366264172884	0.06380042128827501	0.166346541693162	0.11724165847149137	0.2478371620471665	
0.0	0.0	0.0	0.09059469331082777	0.0	
0.22439089334131718	0.0	0.07432128892798104	0.03666684957088978	0.16569717693357944	
1.651012751912847E-4	0.05440250316284191	0.02741087568763201	0.200828217610659	0.005365454461294769	
0.22852709872341925	9.36110951349477E-4	0.01756696614616222	0.28752666544722943	0.00948287159680341	
0.062083883512060276	0.2102835662228445	0.14425503440798007	0.2450749350408605	0.197486939306	
0.11696950745584117	0.061698634357446186	0.0	0.09104180297221783	0.10981584201651158	
0.0	0.04036528445367019	0.023891243843955128	0.14283803571403833	0.1732886827074398	
0.056989070546463114	0.1818993283273685	0.017828585454780662	0.2626844805403556	0.0	
0.30928079953702065	0.2870531749136313	0.20517726438327377	0.24030260386002983	0.09050861146266041	
0.08893386873153664	0.13182789395800187	0.025601933815912546	0.040357774918752976	0.2743717486664347	
0.022081327069612446	0.0030991742709052025	0.0032916564476979243	0.10220640837481056	0.21978862894543444	
0.02348601362677216	0.2496566375301565	0.09095224091970051	0.04716374580976378	0.14505673623203016	
0.0839317344048497	0.04629328508831036	0.09671357722067428	0.0019617212729605227	0.13789406676095115	
0.1148867955550648	0.08922070348642631	0.030821153668142004	0.06987005583958772	0.017928386585204008	
0.6413100670560492	0.6916779008189822	0.5360233305449185	0.4876239714154672	0.33199634150315593	
0.21501391276137616	0.023907890298212848	0.06389352554697086	0.2914121600843417	0.11341384238557176	
0.0041394579879833315	0.01794452916554401	0.21384336056124834	0.06144569948775872	0.06684442706461764	
0.2331073978544369	0.22255688613278027	0.20109469679759226	0.00473162046282506	0.27778014213222874	
0.09611579954021694	0.05349258496041245	0.10904615412189268	0.11473037756901118	0.15280341330462813	
0.2876029381485046	0.09976300118279731	0.1155306079902915	0.06825535334869975	0.010198290807253157	
0.12016507837912577	0.19434178504247202	0.2483448289630068	0.03711773758905016	0.12748259360863712	
0.3271309612585514	0.20519838590824635	0.0	0.19129133403549192	0.0	
0.19198645904311262	0.16919117527784125	0.22604782678331625	0.1987302125265897	0.2617970709307213	
0.27468154800192973	0.290671692409693	0.023378419264475446	0.06478545350966518	0.13418653097484776	
0.06568070462509677	0.0	0.0	0.028504884656122078	0.0	
0.06291556450624249	0.195656949774168	0.2552417256348829	0.2568808149248898	0.26293883573029675	
0.13840835873691407	0.16959880739241215	0.29730330708265995	0.1926974369301857	0.031725792189181284	
0.17682791843716805	0.2777777745247525	0.47496205289767673	0.17854225365854426	0.43079288656719383	
0.2538530766020184	0.11673749503602594	0.06057625022008076	0.26849462224779075	0.29486328874740514	
0.28355704718387575	0.42533308066048875	0.36761881513185474	0.19257687198760617	0.25420059110667415	
0.05683654130736881	0.21026457571561513	0.009019114309943765	0.25569641065430204	0.21335277372026729	
0.1322692853302634	0.22066071764046885	0.19517541215519468	0.10845934029894742	0.02299023079280921	
0.0678541828191607	0.061310001418514	0.0	0.219238974046572	0.04902560036074183	
0.17597568423572693	0.05526923859732208	0.19617113372631706	5.805888352197075E-4	0.2596104540515267	
0.0	0.0	0.45447864387164405	0.40427690466604077	0.0	
0.22987640747586643	0.052785053689900364	0.23732462202313037	0.16094245633695978	5.91993469600422E-4	
0.20089671428373382	0.1936532353182832	0.04596442317552519	0.03822801067034299	0.2853619640008575	
0.2780149710330228	0.11451410652141335	0.021142435592388837	0.0980736750041866	0.09340045423983565	
0.014967969219066435	0.09072616867845251	0.16902865315605928	0.025209846461956103	0.11644384083158169	
0.47079174358823717	0.3693247383998354	0.21541681054549125	0.4197731909001177	0.13512846964407438	
0.1571702717542254	0.0	0.23256509135017817	0.4649744397969084	0.6228965202559742	
0.041714321832202535	0.07236957372579371	0.24242541244004476	0.07388323681065583	0.30414864874153474	
0.18559464791269184	0.12537406144262636	0.1520551181949577	0.0933747579111448	0.1991872362213346	
0.04419126280503811	0.23152458386737781	0.13007446628946817	0.04135483998234121	0.20797976507150662	
0.034106459693740654	0.1526245222117244	0.12850555375010242	0.04671103223878266	0.29745606383103973	
0.13206906737253224	0.26459113929764777	0.12222050117279863	0.05001631663603383	0.23451948774608133	
0.16473405459116952	0.040597272919858665	0.13078979063148308	0.2911566000147366	0.29067428303272	
0.16289682258441482	0.15197016926158097	0.2059136723248084	0.18458785905156583	0.026279393550067462	
0.08287777286858211	0.2961767052380722	0.2482841176977028	0.21727337623798593	0.14528067122623026	
0.17972671714390967	0.08324626155412915	0.20303351536818673	0.0	0.08836867422012688	
0.1798720509577457	0.059213971416072306	0.19422802095045377	0.1891218914533107	0.0755076462415442	
0.05156316815699631	0.061937025002294026	0.026588676250765324	0.10492185697947128	0.09686897866937436	
0.018776338479603846	0.14589232664427781	0.02797040745280806	0.03481439047704967	0.13583407221406466	
0.2665623459044956	0.2656832716542949	0.19650859467988815	0.2691071099708644	0.2724507517383431	
0.08463282078944853	0.26454794863097997	0.2581432139795146	0.22994081278847933	0.07845251959807246	
0.28525092073726044	0.031827547641847795	0.028228658776590355	0.12607556864808658	0.22896994550350744	
0.003360077833785133	0.07871489696467465	0.020577157277610093	0.2051510854312809	0.11001372580717035	
0.2661595365076772	0.08476679188636892	0.2945614592322035	0.23622717468237717	0.272973601760363	
0.1444211263895054	0.25285427614845	0.1942475049974721	0.15804136036574343	0.13184145882367013	
0.014182539591115786	0.13069436877141613	0.20193318409484634	0.06147471556199389	0.14386323174910035	
0.18958528261051324	0.04800802086119723	0.0649511915003451	0.11587466207258523	0.2512407795697045	
0.3549936309059866	0.5094837970503628	0.6039916830191787	0.3971241627207041	0.34098644501578956	
0.0	0.07027444577576773	0.029135437234672355	0.03967704758584933	0.0	
0.2989101822960989	0.11854940862330773	0.14893866028864675	0.21532539890501942	0.23046399515039748	
0.12681561402323335	0.23379763044747123	0.21906125679916502	0.1977991125224866	0.015372528434309795	
0.15868767854472762	0.29748085133857494	0.272515492945117	0.055742457464033376	0.23852545692476265	
0.04795498472253993	0.13530770059695868	0.18435455827217284	0.01778076358519888	0.07912162794556091	
0.14840045561464157	0.016485471142589282	0.0	0.013504629172833363	0.08161607409375861	
0.07346580165264717	0.12754651008757184	0.2578623137108183	0.2226797302537723	0.10495234832547752	
0.12459243869390893	0.29247739403350337	0.15322712824685134	0.17460785935283096	0.047249005889478085	
0.1027096027372014	0.2699620098199924	0.2829480496383266	0.06087710379335215	0.15724272824469088	
0.21832353975935256	0.0	0.008367294252040273	0.22339025903275878	0.008713859989835086	
0.25570257658929724	0.2029881688603624	0.17699983719172635	0.19412451047473955	0.13926617516949197	
0.0	0.0	0.0	0.25943265162727475	0.21813574530417407	
0.04919844979131765	0.1179133126305577	0.04702496210380384	0.1468536722789244	0.13627252959343	
0.1462437733503144	0.16392082244814513	0.07505333347617724	0.1557106088201236	0.05155815821547525	
0.2391618074103687	0.01649107492598736	0.1620193231770081	0.016363269503592483	0.0799536157603701	
0.1917711796877791	0.12168453823561738	0.07763915841661738	0.019368284809757545	0.19287040414587908	
0.295316483145191	0.12196674418340858	0.207381301889286	0.08266832054804851	0.19738274734789563	
0.15231108641707802	0.3573045863524025	0.5423167202915058	0.1041010594375876	0.10192319606745537	
0.26308607056989725	0.22705318452916737	0.21536730674283622	0.2517296765141732	0.21527155791653763	
0.33237596351073156	0.3202341878823815	0.23920566831859447	0.4056790381762642	0.24077833489783704	
0.21608285183330492	0.23348341864669148	0.14245141297013816	0.04590188737550921	0.09316349143815383	
0.028126877494966538	0.18501536507463995	0.044188370260524266	0.09279470207900742	0.21347148040737035	
0.22315131627078258	0.18202670058422674	0.17445645690888537	0.17791063184686415	0.024752266437958807	
0.27572533282162714	0.24502148464758688	0.13677741463070264	0.17876086792268678	0.029897548954150973	
0.0	0.015770098840276636	0.0	0.0	0.044209018377398594	
0.12837089926274572	0.13667420762803462	0.0076693517530584746	0.127847674795575	0.10394867612698684	
0.11016813456904721	0.16523626983141515	0.026078542319070027	0.15509792976563944	0.017969041155879124	
0.2772430398556065	0.10509649477497265	0.24311579753783524	0.1854618730973717	0.2787644747385309	
0.25499877468035265	0.13077028701977472	0.2612303181229034	0.14588819213690335	0.00871250970648347	
0.0	0.09008143033669026	0.06893544781152783	0.02583200050320147	0.001918682465627051	
0.06736562797895017	0.272141605986009	0.2991336403577587	0.07295093204371234	0.20152033618705378	
0.0	0.0206414012052227	0.03217878179265326	0.0	0.009523542022516344	
0.17180969804444937	0.2000241658520034	0.16953700463055235	0.28237382911545383	0.17237499152067526	
0.2254327066488228	0.2384225229402474	0.13834339808426177	0.19523226488827447	0.14048717055403467	
0.10262925116908857	0.05442393521913467	0.02305964190307635	0.22312296885478786	0.002036611752045733	
0.30023018756253267	0.1367729323640328	0.05081439530888265	0.14381682630231118	0.06869177950060895	
0.06252834625011063	0.230584726991709	0.15105480098814691	0.02739332574971755	0.21104619626485435	
0.27001383232711124	0.09083516658270485	0.07685444690494728	0.03889073829235715	0.17540873294288287	
0.13147151470820878	0.33623525013727046	0.19731823913157365	0.0	0.311582394197851	
0.18194249529900916	0.2294637542522949	0.017559773412021216	0.15718371852315222	0.2539966373935816	
0.06731494540164494	0.23386556059182953	0.17623300108436246	0.08751710698725916	0.1933508471188456	
0.09183763019948853	0.1237219674213534	0.002216453280217333	0.1929320300350504	0.05886083868742314	
0.1404171597792742	0.11606584059136296	0.29618970911705367	0.01439765447401111	0.12691293682461408	
0.226847654485259	0.06333175982246497	0.29316096683687304	0.023439250541808763	0.09917174042605448	
0.01722434057520069	0.1563344360127204	0.04813023199225363	0.1436599816867901	0.21549138432190365	
0.09621968621384461	0.2549520211783808	0.12369339642581093	0.03486763502662202	0.1542489056886708	
0.21892961205735995	0.2283583406895907	0.03130298367499881	0.02732472631490848	0.1738410790407914	
0.2443279886117432	0.0	0.009986560738147835	0.0	0.0	
0.1144025772460297	0.17652831046378661	0.14732698801509073	0.2803757298119428	0.10950030414294183	
0.01587171406110906	0.2868583819828145	0.18832253017203093	0.023035664261484044	0.10633914041739137	
0.3532585685380412	0.12158874510667018	0.018957555455955972	0.29254539632656773	0.09488449882509262	
0.14264973625375574	0.2545695755985615	0.129346057326163	0.2850777452134674	0.1998439809811079	
0.18085883990353746	0.06779902512246855	0.1734774840591081	0.10546166965833001	0.17678936417314012	
0.2499971173575924	0.2766835625655228	0.13791891729438804	0.23417451243502016	0.03689315696705532	
0.19586801771449186	0.2405442502978559	0.24133513027074385	0.04118903976851867	0.07897388735779538	
0.13068243368952664	0.07958132532739585	0.2629935061903819	0.14216062916180455	0.16519743550781055	
0.21467411992221527	0.12988456603454285	0.22656085015435531	0.2289014649830568	0.15190680671431378	
0.01215221991439376	0.07776880449202439	0.07146780134117992	0.03005208539540907	0.020552208466437214	
0.33316353036189755	0.28432532531305554	0.13950398021483434	0.14616136818143166	0.09784927056920545	
0.0	0.13766500165681034	0.0	0.02170414732488048	0.014184940242983514	
0.2962885516351467	0.07647552863747081	0.04914575373274308	0.1345700071669733	0.19461083991724673	
0.18439884933589656	0.11376733905928933	0.2302702668843598	0.11216165482441506	0.16296838573512298	
0.12556711979509094	0.06710604163941315	0.15637724535915923	0.13480015071655535	0.2645386457573457	
0.17451465895159596	0.26008280563886843	0.14668847210708502	0.0739069196150761	0.2406346876218211	
0.01845597594315061	0.27715480783829427	0.11738029182376239	0.27615728435474574	0.2055592385729314	
0.29935452995437356	0.1670238891168589	0.12253399364978626	0.038333078328422227	0.036777487130852556	
0.12371413036538462	0.11522185412748259	0.10991168278595613	0.25345099391436315	0.07779433885366495	
0.12421698189893532	0.2590120712875009	0.11937685753123883	0.2070281844767511	0.06228676881676569	
0.14211065898541575	0.20200152183339468	0.06569328895208897	0.057219965805790675	0.07262317656510688	
0.013623984890153656	0.15107265369938747	0.24283831617017126	0.11969432840472258	0.2554164878251068	
0.24689158228422217	0.21865937385738635	0.6735950333613591	0.2815678107902194	0.48940110107526946	
0.2493140251684916	0.14861736791567087	0.2121700489617398	0.23113438212069412	0.2245005211606022	
0.0	0.0823304542676801	0.10485620934518029	0.09641645547174532	0.1734522401969077	
0.08971296874549117	0.12559737523638023	0.0	0.0	0.058100980309281666	
0.0024552120059295923	0.005071695561299836	0.030500637057640997	0.11708762651559804	0.13851292498749013	
0.0	0.03505270993472353	0.007732428481887736	0.1057988801349929	0.031831054945015334	
0.17960138847657026	0.1014264766567357	7.390346017937693E-4	0.1924373857325231	0.10464310626376173	
0.13322159556863614	4.3009892515769477E-4	0.20710567936996382	0.023808568662342856	0.018000574458444656	
0.20109897263905188	0.08920795433962443	0.35093259896748363	0.25649705147272994	0.22557445769674342	
0.2995609214269345	0.17266417827267358	0.12175576369862835	0.047050526452328656	0.021074858445662568	
0.13387066898507338	0.2460074306493705	0.1905389310754619	0.17132476590563261	0.008248342131981822	
0.36197694735687846	0.27840145121491344	0.24593726982823902	0.15345950477331996	0.48572302140765294	
0.20339215429593882	0.15024400839375424	0.20739749145289954	0.11256561054092795	0.12952338311739636	
0.16966734130323555	0.23740723497713775	0.009200535816671003	0.0925819426719944	0.027458631058738053	
0.04094214618493264	0.268141058766379	0.05074867492903117	0.03128583634349247	0.08859701491553879	
0.12094835200743514	0.0	0.02554443622217055	0.0	0.0	
0.07091935190693321	0.36674566131756337	0.3689888848642565	0.2067458244010784	0.2823329870711811	
0.2078381981534927	0.21547048975554903	0.24702202874712909	0.049415069578589974	0.21900889257706846	
0.14217728269092267	0.21695235838139185	0.09973835274025131	0.2739227517408299	0.12361306100155352	
0.19667658046103548	0.2744601779718878	0.07718343471304048	0.07372517299258784	0.12495493047447878	
0.3343834551435644	0.39038103488195314	0.11792744271772651	0.3674682352957009	0.17158743502633397	
0.218327247229683	0.31421871272887997	0.24958816334834807	0.24768350712184636	0.6386409326806618	
0.16502657840040033	0.26347941827951893	0.2798245958090722	0.09922209436088662	0.10899660060901956	
0.2199630374894843	0.23038511432131992	0.07105664459554258	0.01564837439478757	0.0030993068527134793	
0.08375472790265846	0.28031846637817104	0.17043733037854125	0.048151537424336956	0.284013850731374	
0.05092946300755423	0.010218727068945693	0.1382576293991202	0.018108455260147066	0.13164372380053516	
0.2239201913978305	0.201445362062499	0.21584047634978618	0.24849423287069172	0.09927351551829318	
0.0650887537950411	0.0	0.19268018829634084	0.2648912081578374	0.0678588579658939	
0.04271768983296877	0.10742456831874532	0.19159328922140717	0.25848358634584223	0.29084177981126696	
0.0	0.06592096411528077	0.0	0.0	0.1624622255981583	
0.08714729368482967	0.09053121124285975	0.15737691387280237	0.2126397535791763	0.2395854070982374	
0.15794651077193797	0.027402546367644897	0.2533206630106286	0.19419228656442067	0.2076011197405595	
0.1526240458762789	0.21614451546951083	0.17898804533259138	0.1349061588383683	0.017392884628782586	
0.036430524497456	0.11829143541094995	0.0883091831631708	0.19702953526140385	0.2886263441073107	
0.15508645198621726	0.12680301814687603	0.2722823619587173	0.26120900793628626	0.09270103933345811	
0.1865993969767609	0.07215768477892523	0.2238143858788948	0.1539953765118837	0.03359443869519876	
0.2835805046362467	0.1256173190635451	0.08598095655205071	0.22851896280800693	0.17550921465911123	
0.2352954544006767	0.09942287230328928	0.07337401217642056	0.2732708645423959	0.03204226369280095	
0.13187988440657686	0.09201989836357241	0.20193900121064998	0.08035701112436335	0.0	
0.171005654691441	0.18418494955820927	0.013687124531542676	0.08252738611561036	0.020616863652873452	
0.06362206621034089	0.15649913016749148	0.2463651656581606	0.07417494804075722	0.29518510016442673	
0.10728444831315875	0.1143257506435435	0.18359574970568251	0.23223797129910878	0.2188318346811073	
0.10004863699073523	0.1164624782627316	0.26054261047243793	0.24866212821636136	0.4323066445249504	
0.24494778295272202	0.3392653822480605	0.11965777148147616	0.25328793442004854	0.19934627699716306	
0.10868415900094391	0.2634193240454204	0.2099639775142042	0.251978268843671	0.15586923779759765	
0.22167910249211373	0.2915694379180707	0.23822196395073955	0.16214094911351723	0.13599109340632362	
0.14540110760110972	0.23760286736531316	0.11524276268853936	0.20607830783500428	0.13580492296536278	
0.2418046867011845	0.06322657241579543	0.43547122620591366	0.5036753880166712	0.3445108709938129	
0.06370449237349537	0.1541009847398033	0.23709804158131167	0.21989021977144424	0.18525207481250675	
0.14578555911288185	0.2972927610593677	0.06407637762617226	0.22865034423462074	0.25930172097709164	
0.20492692329061457	0.33554740044547615	0.009684415817861046	0.11416910940500918	0.0728273893011896	
0.22834305279911662	0.2504669615615598	0.20216591190536756	0.037929072654414066	0.14297802758264191	
0.19664799755291199	0.020858154665133757	0.19110955345758257	0.2510268670922513	0.18515558920677008	
0.07791048123774415	0.1332129734448694	0.14305314939586156	0.29009492089911254	0.07923724514368485	
0.16871779644136928	1.7183311885301156E-4	0.20252348937015388	0.15839740802835212	0.005947478992166061	
0.2720426832915102	0.09245974343481839	0.11238475458508014	0.24745029451889924	0.10149144272037312	
0.06484717865678638	0.2071289986660935	0.10955956999903196	0.23905309490848586	0.11286684480871047	
0.2914433387167779	0.2784637791476466	0.1449977615856068	0.1464845513792998	0.04212128507274861	
0.018237285516617747	0.059021407924187294	0.022754127991941552	0.28612996494812126	0.012023394077726146	
0.08613058924223255	0.022552474161604174	0.04918064350649826	0.0	0.13277545348842829	
0.02865629651723843	0.030873091656205123	0.02267591721401527	0.22882776898230398	0.2579297007631684	
0.0729693166665101	0.4535615251863926	0.2608341618546739	0.15283075140553168	0.29733129142018716	
0.25534893512988943	0.29034210913975095	0.021813803913848014	0.022086523011247278	0.131258820768468	
0.2214001058908006	0.22236735696466883	0.20180311946774115	0.11093279897798758	0.05825569561927742	
0.0824224021410539	0.22218562759757812	0.09362922390307199	0.19110396358660892	0.0324666047172973	
0.09219174934367015	0.131157666922726	0.015899955722653954	0.11403376926140021	0.14940455505830327	
0.2354223585671181	0.1973665926794095	0.039583507097900546	0.16433214331441745	0.2570483355859837	
0.12766460425299694	0.1204689904288638	0.1690702396525053	0.13164692553373802	0.2840936106051734	
0.04485696921652561	0.18756006128563993	0.2660150682107351	0.11534849822040112	0.23372449873238124	
0.3040339754172874	0.2834156182257523	0.4011656702733368	0.4865387866932643	0.4186742925191294	
0.18209182710420274	0.050475787837640645	2.63947758966063E-4	0.11037939466775315	0.029455712567341683	
0.434418183519293	0.1402147088861512	0.434642815955029	0.33486796917839085	0.056571525284269605	
0.17000871988611072	0.129868315862902	0.026904173314998583	0.03012448011197172	0.22137866324522223	
0.13241041917391969	0.1978151521521606	0.22274301793711931	0.1440863496515045	0.02223805186491424	
0.21477377937916048	0.22150644149051077	0.19798656518733626	0.14356811957473958	0.2665025228810819	
0.27041902833938014	0.08870433919365857	0.06629571926235908	0.23384718448237518	0.0042155551130612	
0.047393678022867536	0.4035466273038823	0.06630221929901392	0.7071935631185771	0.21021378700505308	
0.07861715506750372	0.211428023477902	0.2846845835365924	0.07382430703497207	0.11241028422080303	
0.25467377359383325	0.3148673016803894	0.28605699817092356	0.26059281938848594	0.1585125976871357	
0.2482663046442951	0.06138555070961517	0.08045069257668534	0.2960555524446537	0.18616132554401318	
0.20225918335562013	0.1194788290962817	0.025287707279352374	0.2081623095890883	0.07609472421953525	
0.24131366913243826	0.2756299499820002	0.22993104561207225	0.08108327910166492	0.0348385465791911	
0.34570662342205627	0.2384348291122652	0.42469070903692935	0.47190574666483665	0.2792962254320988	
0.18822048495750346	0.08176619801634892	0.16871951919679393	0.004264360143554819	0.03573438341509476	
0.11761798141453995	0.1696498728283656	0.2159394091074381	0.23103329826413513	0.010849236735667806	
0.08129489199057528	0.2725913913661852	0.2133037675081483	0.12210846235663586	0.12705453514380133	
0.011371627658462894	0.03333457560584337	0.09269556290337187	0.0	0.07016610690944022	
0.024662149066369692	0.16742069945543928	0.25061077989033875	0.10852730337256943	0.09863912129192236	
0.1356589215205398	0.168343240879371	0.2841331657300531	0.1718808605557185	0.0822749372905272	
0.3078796187496359	0.13433243387251237	0.1837970010892789	0.4035170395611584	0.10457210313521437	
0.05873930752462121	0.14079424245626534	0.29148511148693873	0.31354689392219476	0.06197140323397814	
0.25311778602468193	0.15080984115902166	0.2917632779403065	0.13543160873428794	0.14264660958167963	
0.2997942367143068	0.22011261576451704	0.18878805253261188	0.24431684434381917	0.18270748316247176	
0.010958249898283312	0.10152404804452075	0.2860235315263088	0.25282041545467987	0.22146929571523988	
0.11700965178226304	0.13461041516568487	0.1088050135904775	0.14269424399893516	0.10325476757702967	
0.10774262557787673	0.09568235690759148	0.02931084893414872	0.21364059334299296	0.16055223357900275	
0.2510482719829431	0.21806104819602765	0.2832219763793797	0.02692768856646371	0.1945435837671265	
0.23748231033855652	0.26027327693422325	0.1462272469722514	0.24911284906020814	0.0030199385958274	
0.13236193888280123	0.30011036645436173	0.2210389412813839	0.12463913866962782	0.0	
0.03366492511982562	0.21434641349355318	0.14455115781934214	0.1919990554796947	0.2699823441947322	
0.24628487589916345	0.07543807647042433	0.2034872261753223	0.046969111006078465	0.0643889373406247	
0.11618340597783017	0.0	0.0	0.16483759374434287	0.10750225109581572	
0.24521979253762818	0.28960372464134965	0.30022074850761105	0.09566069133192953	0.26533106887780905	
0.24470124759830458	0.043402687276777006	0.20860311416080354	0.16514987713941764	0.2498464785898484	
0.2877670913046655	0.13197856112064638	0.3426011872744676	0.5470563066169104	0.4820731666971553	
0.04599040525859815	0.09671056394117078	0.2657592192601085	0.037743621996133986	0.17785391288176639	
0.05712349443106814	0.012878432876399093	0.17673901416089932	0.12237062181438274	0.11095734887310957	
0.17023192119546296	0.02424377952105704	0.29973345534078577	0.10044318444471972	0.05286118938444424	
0.08990853056186723	0.24531249255532303	0.056067392957685744	0.01986750473704168	0.20012504904882766	
0.2630198307300346	0.15916509070188595	0.10050289633424814	0.21689557240888135	0.21786170592241277	
0.10241144939935595	0.07991924594290498	0.046645639649934616	0.03385112475199997	0.08396584952855617	
0.17875037323745396	0.17266494255732073	0.0774732360736997	0.056790867112192556	0.014847324114146628	
0.005485661538443262	0.1736848006505704	0.07234236338845886	0.09329321996764374	0.2889301387202998	
0.42949890952486314	0.3412625900682049	0.15175680421876397	0.22994133453854657	0.1564759687887379	
0.16844622700026501	0.22224548136466418	0.13000985880113547	0.20090137892359686	0.1788726319007382	
0.019988260995599787	0.2152723906788005	0.2322304931489568	0.28610704298163175	0.23445645666097228	
0.0	0.15251443916048474	0.038901035784793224	0.015138892868646576	0.108442057188403	
0.12722368446621798	0.14047904967153788	0.11115895953733552	0.26928542916354176	0.08947885601452538	
0.11130049609421176	0.15600448469358985	0.10639204588309309	0.277021948472179	0.01716926726881691	
0.2786889718790863	0.28559681249906516	0.14831993315004635	0.12945204222330564	0.17501133677940417	
0.06322297349009551	0.1671448583406611	0.14579454954608084	0.10820306929143515	0.2986307390778437	
0.1456575367579341	0.23429620997088244	0.10548367458041877	0.06821624976408627	0.13444055983167044	
0.0	0.24818176064130257	0.14234129924532252	0.4506032119950034	0.0	
0.061635649773328395	0.25021227407651686	0.013166233291947077	0.213632421720071	0.04163334997532824	
0.030822613712242687	0.24453418851622039	0.2678491419247474	0.01688451730152844	0.14760317563236283	
0.16821878692054004	0.296757798145912	0.0530566271387821	0.15918210651424325	0.10636826540875381	
0.1881889740604252	0.15945143216401797	0.2822540654041831	0.2376965476243545	0.01217102823629451	
0.27760322653171	0.11174661312279818	0.2635935000780187	0.1404918691053475	0.17443848559914285	
0.015226472417701623	0.2821340440187929	0.18647465527662266	0.0719005272879318	0.04015973681881836	
0.03623280076080055	0.11817359131609718	0.029176203608786585	0.1254455441461346	0.10517841457241318	
0.18615754377176996	0.08053831645686145	0.22133449066469754	0.045955097402165156	0.22589907655170172	
0.10962601579295926	0.011732035079747414	0.09190381120021135	0.23332390897372302	0.1196547780525453	
0.15627426883294848	0.025079834249754473	0.11077094908653348	0.20102835700814944	0.11442775710326715	
0.08016884577121929	0.02228381324530704	0.1172585381893362	0.0014229866440419294	0.14827023113943094	
0.1882768813614635	0.22486057394003242	0.27456205951939144	0.057197219893893744	0.1360596586320417	
0.19407557288037997	0.04930500359966733	0.17728048820797998	0.007030498843290559	0.20236228270125303	
0.2656854685546201	0.2914555520128109	0.33599014216642964	0.278218552059602	0.18068749575725218	
0.18698778656053794	0.21732812878973498	0.0	0.19654725482447175	0.0028357408147197016	
0.14156676865920667	0.1215922761006971	0.18917027345259205	0.420741916529326	0.24930829447543904	
0.07616188990948602	0.04745307029901715	0.11572570519260354	0.06694572766471468	0.2561934914023557	
0.28750213491800997	0.27269574454719064	0.04072685465098611	0.0275869561895944	0.2996906728679147	
0.18909166100479052	0.2318175266529937	0.2422864872585723	0.17184494423753016	0.29335017029134514	
0.2600495750251804	0.10954287645105636	0.2932468703953876	0.182660692108651	0.08273498938772662	
0.07797702411774864	0.1751164132367519	0.17283894329500768	0.007307896343755373	0.05666015926879954	
0.2841490268457715	0.026561219478124006	0.14158314862070578	0.06424707259067482	0.013631708468794737	
0.17277746068562896	0.01727576127097842	0.2157938115034293	0.025240049503656138	0.04412130484471519	
0.009980979059467775	0.2589035251561846	0.22435349427825374	0.23148703190474804	0.08392314390748057	
0.035487323575779044	0.19091045956243916	0.2687165855224674	0.17018014086423472	0.22718915082301536	
0.13438637645121004	0.02352942025910343	0.03297009688553248	0.1409500202032484	0.006749504080650278	
0.06088045724776843	0.17949095787211652	0.10885517380786315	0.2542972113016336	0.017478711263008515	
0.20495255961302764	0.06820569706177769	0.29697195172994556	0.1476983355376805	0.03453349765162366	
0.1020543147306391	0.21756129943506874	0.25501607828658984	0.10028241988009447	0.012182626512149422	
0.2541907601036075	0.10214211115531625	0.17306531827181346	0.45975757220914176	0.2531453148851168	
0.06064143046008241	0.01814844676749097	0.09383655341403127	0.26789703150317107	0.06079446157294716	
0.12736301877307277	0.24589126023910093	0.03786997962728641	0.2642028891418105	0.07473206277941818	
0.023144044542742666	0.014937165096838567	0.12098113586801096	0.12078493076220949	0.2010842586066796	
0.2384113788290719	0.28561667594716655	0.06891294148341749	0.009775567029560176	0.08127638333887933	
0.10235226039388473	0.13832119575583798	0.07907762173363808	0.1607235464666409	0.22123377705965008	
0.13564804994559795	0.23935038137297915	0.2567675874931213	0.2316902644802739	0.2573930977903986	
0.19355070401757613	0.25890821817219184	0.13109866661241143	0.10048943508511292	0.22338044347319067	
0.2617140747490216	0.2712754030586924	0.1658459805115879	0.16249182310880428	0.05813509133921438	
0.2110831130960949	0.027588275450488618	0.29204791046147816	0.2667379611657468	0.08426419141074334	
0.0014009690908660746	0.23396957094422027	0.1150326691259763	0.2043590919289621	0.024777784328165645	
0.0794920419038458	0.07619381539621124	0.2996842249293217	0.1834776844991421	0.1362408321884199	
0.0775001920061182	0.08479372270979023	0.14668234893156654	0.029848264225152292	0.12020001227442968	
0.22559740674505738	0.023189464854158043	0.08608507949416504	0.1265325565632354	0.1877475182608643	
0.1108455970163471	0.018853178614464616	0.14529867430532117	0.15363017203648632	0.11254938625962942	
0.276690156895637	0.20727090170294396	0.17042820627751842	0.11820668971916934	0.06984607338835082	
0.14157600222849812	0.06810706570210702	0.13748318624683484	0.09235816135220916	0.07691941207480327	
0.2551376887865099	0.24100825701388612	0.11118800098607305	0.012265062369425544	0.15497344998313226	
0.05086900038716238	0.2163226887181457	0.2934693035752983	0.2915695987429698	0.11984698282097392	
7.468646020703308E-4	0.27175337355789353	0.27921421696063836	0.15280620796689015	0.010827983076696409	
0.1860058887093628	0.13790133264398458	0.18613259584253108	0.21739699622631092	0.1278901729718668	
0.24324808768149794	0.15873962388513504	0.021342516417266384	0.0	0.1921879518708234	
0.24488494221004162	0.06454410347537791	0.1279738382808804	0.0	0.09401720282809267	
0.1701362859682234	0.05667856866311183	0.0030214977984551247	0.14952755769824153	0.12946746681913107	
0.364336922401208	0.31998775301008825	0.1409868816059178	0.383325047172211	0.38901356333879816	
0.09346886287110473	0.21968390092674303	0.05010770970055098	0.1659115107314627	0.018709056354273904	
0.2170134946172011	0.19422659499966405	0.12239279751446588	0.18175162478500295	0.22827644682692538	
0.1384814091054072	0.12401355552034284	0.04984635900124681	0.10591362051753477	0.17574567474822866	
0.0493058293009353	0.10148766652329343	0.03871413853580496	0.08726561786349168	0.11618662630461735	
0.12480043066510192	0.1975520167399058	0.2671643491616649	0.2392682508554498	0.21230382929996003	
0.519918885253766	0.7625182144101004	0.6642853708162842	0.19719768592995196	0.23241338937316208	
0.06012864222064467	0.02628576273171896	0.2005838132919487	0.17804360245929504	0.23106423569889906	
0.2742250480177697	0.08423333877232456	0.09766398567176907	0.276493287548125	0.09721267306909509	
0.09372047660692698	0.2880350246271048	0.0029593227203073605	0.19829016790169088	0.1671090303368699	
0.0644567410414838	0.05733642345258336	0.20022704457107013	0.298599187337045	0.024077213457064664	
0.14499449764513503	0.06455335899008736	0.08472074170210113	0.25592868996509444	0.2529238674522337	
0.28818805848868473	0.5322676666053943	0.17504778058467305	0.7378780266093392	0.4546372367562756	
0.17144103107501865	0.25093382231983674	0.23315257847554494	0.08406814573986807	0.1038238510114072	
0.25964987632152703	0.19969346525458473	0.10931961480939581	0.13968969154590422	0.19566791244293388	
0.14302585111093669	0.04506600702931612	0.24782755602090267	0.12311950009313309	0.024386421691550152	
0.1845483524168372	0.2691927320131697	0.09101196778005088	0.18279696841521267	0.05254120594604948	
0.4477870136068668	0.8081607399448353	0.3116418447566396	0.37885291287413736	0.5190420296517516	
0.01357150256131343	0.27774373257277635	0.1671541212153065	0.10636583198088399	0.05680249210664595	
0.15520904576857825	0.1929782792600747	0.08769147743151048	0.1221722263735719	0.2747996379745321	
0.25445475815698376	0.2766846320743928	0.20094618942046888	0.23922428350532393	0.22727719492676274	
0.0025315732482961467	0.2774005288900381	0.2778218647612118	0.21672063460963228	0.18896202412303334	
0.0	0.12645833805762033	0.19103721340002502	0.0	0.0	
0.20783079173109809	0.22517946814803205	0.19903840988799157	0.24582526680359107	0.17329182681289323	
0.20087108273837823	0.23753419507254367	0.18983270455358423	0.1516560556824503	0.27352535172375825	
0.12494984556143768	0.24611011382357853	0.01428808461643458	0.14994956287064384	0.0652715965702942	
0.13355275443699316	0.0	0.10562607806847212	0.21174242903404478	0.0	
0.2575272596815743	0.10151706016695844	0.24104704476047567	0.1869271094908886	0.13231053884555852	
6.711533876989061E-4	0.25290846399093425	0.26388845385072435	0.032241611646989216	0.21777685308284744	
0.2614138809093936	0.00545716908273826	0.001526889375664575	0.12623761591593427	0.2996779695382526	
0.0014003231815664264	0.1030580085035428	0.02391504529633203	0.01382219665181419	0.1136983115046922	
0.004336733930486042	0.13895878471070325	0.27869296174711794	0.2966178191440203	0.2511993259200491	
0.10799727774447568	0.18399753703548033	0.1398337503206591	0.24967577682776398	0.27355583189843874	
0.05565874688396949	0.03390595474195235	0.060686444433988546	0.2753043795032173	0.14441495669885296	
0.032782360589049535	0.17230311292305453	0.12256238652387934	0.25889067016618866	0.19756440446619042	
0.18791587828994252	0.004380710950246909	0.29465604156264524	0.2256023376891151	0.13573953014495338	
0.2462290473511808	0.23531103102037737	0.21919961046976685	0.2600624084222304	0.14025819659986313	
0.17586237194976384	0.2132670201795715	0.11734483253939697	0.07302666436087257	0.23751762168894036	
0.07518105801368176	0.2577286450228609	0.22909590792492376	0.20930057999718857	0.1014106507880637	
0.12213214761768826	0.19874441914460214	0.35707754156022065	0.358412982199419	0.0432545690612765	
0.08550388821801513	0.2716434934459539	0.14955899775552098	0.0966973757749096	0.11560314442757527	
0.08876752157195857	0.03826035018718401	0.16643307667749802	0.16587227805355206	0.11408022052527957	
0.013024188536420433	0.04749505374645462	0.02258274561079973	0.14107588559373302	0.27751247140196483	
0.05532850951221455	0.04853248314846739	0.025702509013399818	0.0632157932526249	0.23124993289780557	
0.1705985211795736	0.08206918335291288	0.28158560594598886	0.295570370743508	0.031677931819422	
0.1828725886278946	0.03507410202442186	0.24782989323855814	0.0032266992746807083	0.27924088533917146	
0.019327485827926524	0.10569207576026778	0.13577513574911024	0.18395810828115727	0.0560756845827327	
0.1526054632679193	0.07310992408366496	0.12999741646975208	0.35947961079545604	0.09120562686298012	
0.11652707654956022	0.21372353271658193	0.061073899769118256	0.18163279400521834	0.2296914855302572	
0.1490469279511905	0.0967378879857203	0.2983399207184178	0.2845220257161389	0.2335941318579111	
0.11038403963205995	0.12884150110964707	0.14675985825897347	0.07480668976174425	0.016025042243512394	
0.27934451337565586	0.16216348950624546	0.16941998159406108	0.17805576284170355	0.2950858324489869	
0.04297561919231083	0.2998709179527149	0.2979753527529636	0.15809734512357473	0.21842044329440355	
0.08029933178278471	0.05620436027119593	0.010625656435328748	0.05306507320650203	0.14786496558072595	
0.11759161392743041	0.0	0.0	0.0	0.0	
0.21328081739487253	0.07608667753897551	0.0747842099509387	0.17311478960967872	0.22253322732211187	
0.1824486001142566	0.019880455754837493	0.17162105952653278	0.29340182611325294	0.14755809651391832	
0.2177537660654496	0.008125861774908795	0.2807221907869891	0.052288868359762083	0.14580883168532377	
0.2710843975615326	0.25196406578837766	0.10914168588794154	0.08961010410745864	0.21750542442096057	
0.19698595855370263	0.1699411795561055	0.2940058121987243	0.2489541342180377	0.09916739278988002	
0.21077893913699242	0.27143280886146176	0.286848571722393	0.203110273070643	0.032184710738150435	
0.06795045618931622	0.07350838520219014	0.2598674962804237	0.08085084136905714	0.2333628426172339	
0.29760393359218	0.037426565748069525	0.21513934928143671	0.11678497104400117	0.1084792172643945	
0.24000604616665508	0.1345393782181836	0.033465246055255256	0.18588237191956766	0.032595081525418804	
0.05284926012471856	0.20426445817224267	0.02665399538774322	0.2303186608595662	0.13064286326865612	
0.1915508494934714	0.06281438907457114	0.043383727355757934	0.09276206656895859	0.2133439646791984	
0.16548250779888254	0.2355266217572283	0.035810402577513396	0.11972723943465119	0.17903332045287126	
0.2753200907812672	0.2794159804660004	0.07636207841646764	0.12301393466905113	0.018911009680522083	
0.040003600228402686	0.29493464852746143	0.0230860744641868	0.28566465439399064	0.2056941467764547	
0.10042662257012941	0.2767161280065	0.22468611236832847	0.24511266082925312	0.22258488127095172	
0.021946348082934674	0.009581400368281064	0.03945018678924504	0.2301255847607065	0.2728647093998451	
0.011324372770887414	0.023208073565875762	0.22897759385433397	0.07897703936465375	0.13384472651071835	
0.20786345857292185	0.16755066138091873	0.01892719317197727	0.11550515460950618	0.11851881513649924	
0.18250288242359508	0.06891693522372515	0.11624925691559193	0.09872808411920868	0.2429022853446566	
0.0790482337189994	0.22436633918475074	0.1333812483851359	0.028631578556818072	0.2784206281748826	
0.19584202086279404	0.046862365139037264	0.2163708362020013	0.41821926683452626	0.24870218890542964	
0.026959242686410527	0.19290269256302808	0.15599872756477842	0.1815588727549231	0.19510466315874264	
0.2551712366326944	0.2690179041947486	0.17289739317089967	0.21863451508046833	0.2814358747072131	
0.11561530044637648	0.015847891288712824	0.0593758184111424	0.00987593961056753	0.09307871728173034	
0.06546532889306733	0.06735762779315163	0.28839741088450893	0.1038437709324506	0.03156266425298836	
0.08747134231513973	0.1717183586401624	0.22943954345494405	0.25327624576196456	0.2781507241969763	
0.18778347455403946	0.12521989904875594	0.25574819384910685	0.011573406035875726	0.18926862473002912	
0.016713614811102784	0.20437732342141435	0.14954244238763403	0.1672945216627815	0.18887537628258477	
0.04327972967566143	0.06636648308821118	0.28550216729055433	0.2006026714840599	0.2896339733914326	
0.16732660607382618	0.23408301720890604	0.2171447953124378	0.12264173165645115	0.06657919748023693	
0.10491758732460646	0.10356269014808404	0.26179142855545656	0.2926668554132406	0.22138688002232842	
0.23164782346194987	0.0824151187283635	0.17560243884486212	0.17153712823318462	0.17389569014673673	
0.19717749012907898	0.003118299520657965	0.020796951416848824	0.006393917354929285	0.1806130712653125	
0.09639638675825059	0.13016105737148878	0.06080767856448464	0.1320377073522158	0.287371503142438	
0.06392497724485104	0.15481150480166517	0.22032214894332172	0.09656381151420355	0.20448589076429635	
0.146291103972934	0.21035846921703533	0.21869891043580025	0.10286616352597291	0.08706670330120547	
0.020097702060944897	0.14842060321132647	0.2008416625865625	0.2848682588837075	0.17609208039806612	
0.05396872246613285	0.2785093328373849	0.05902874452573273	0.07753450032062104	0.145558812355661	
0.14525084444297537	0.08044044358815117	0.22552587144373137	0.21653705706806473	0.1860291850476556	
0.19708313773313194	0.19873356668659525	0.028897190274230978	0.22323318525057267	0.0031061969114509575	
0.0035364503375303093	0.0808748874321202	0.2530414233159213	0.26722214091158103	0.24679591249244154	
0.23155065059510507	0.05101997776348232	0.020760864001595287	0.20971671014833215	0.27384239520707027	
0.13450943690026604	0.1285961857892617	0.03142762457635332	0.22462246256694351	0.09892875922732153	
0.07688422203317853	0.12080969893913093	0.15702765149220504	0.1353584853131694	0.2862643879043908	
0.2408776898723275	0.22719665339656445	0.0558395412269644	0.2153860862244321	0.02418504585149294	
0.2449047333212653	0.03688838094264261	0.23141849949447246	0.08714747637299634	0.10945223387161254	
0.10819663452361944	0.029970775883348004	0.21739195752217644	0.17233718150716568	0.2870495758528281	
0.13903724833377212	0.021166592183360915	0.1017947969754121	0.0726043836192431	0.1930906389198955	
0.013814706581713318	0.014527152380661521	0.08080090535012781	0.15831782866390123	0.2346735015681954	
0.19134558402246477	0.10353163768559114	0.1872400331919734	0.26952054649467866	0.22688211336147637	
0.02255848746407653	0.0	0.06603224798833965	0.09719216332211121	0.07897236608539832	
0.2481150811821046	0.1105063694626792	0.0511530965152484	0.08632569731399957	0.2058725650415163	
0.29329398385369193	0.14294295723012856	0.05083363501458585	0.29124484527715155	0.232944015739531	
0.014099363058080927	0.10768940524028958	0.17988239421611246	0.13612506010022132	0.18029320566622628	
0.25296829260739184	0.07843711970257888	0.0027030578967737235	0.10803255863867137	0.04921622440954544	
0.29668675438438524	0.13577020166817347	0.27217033875071983	0.26681279473627206	0.1513725081011063	
0.27636896933126437	0.030131637343724833	0.032088820523706464	0.1267300733595534	0.16846092003015165	
0.17049000963286834	0.15843510847493103	0.13219820010378708	0.22092660648920817	0.12586426534019834	
0.04257212971464961	0.055892347072317626	0.2944625585570658	0.27765070691416693	0.0014760804673707695	
0.06981475419888541	0.07315489254417255	0.23314627639827074	0.08357433787024972	0.06392711542591475	
0.18173865631392727	0.013005214611651422	0.21501515015571868	0.10757604187595618	0.08588836837542062	
0.1842406908830226	0.22758747461109888	0.13206593376204756	0.21819916123031513	0.24312317524879026	
0.22065919197023814	0.02047519867325249	0.02200629506989999	0.0632728141690718	0.26005925153681	
0.15439949898388708	0.20866221422787706	0.12664768524119108	0.11619656761421013	0.16081263853263192	
0.1756659476552232	0.25253242372394846	0.22273940875882448	0.10861397727515595	0.03485121790333605	
0.11768778926534516	0.22982110676698883	0.05193537021037281	0.28823284123173104	0.10140015437603515	
0.18386776421151305	0.286444161001375	0.1262117156335188	0.12740437382048939	0.09959511956406827	
0.16845190419157782	0.15418119451225404	0.19059374591378067	0.0833265735138476	0.06160917627743845	
0.26490546685711436	0.2340396743043687	0.2994115239011936	0.09789597082556682	0.009141035706900861	
0.2991950513058382	0.2536113287079697	0.0015997547806393207	0.1274759897222754	0.29728522574540195	
0.09886875461135536	0.1964599756738576	0.21798051366981602	0.14941663163030833	0.03893877642510947	
0.2093682243754178	0.23667017652907923	0.01227421972869245	0.23328288330202146	0.11091289700594235	
0.024830861242511847	0.14823473063415504	0.07306617701940146	0.16462377601990752	0.2704368855458475	
0.1127843384047759	0.01806825832645236	0.22457337478523287	0.006098499757757714	0.020587682197031304	
0.03974893089285611	0.00491657255282423	0.15731515424246012	0.10371833251243176	0.035365915857171894	
0.1500891255384473	0.03162530377600378	0.20975830842749907	0.028574527085380563	0.25921227776596767	
0.1545963335700633	0.28843088431891806	0.07753298111032429	0.17676615461265655	0.22746013397810017	
0.18645724569454578	0.16251831770922553	0.12426790736288358	0.08401786713254893	0.018041444217366583	
0.12244459827314648	0.24558079189157742	0.19833025337444252	0.19362573648169995	0.15448583096760735	
0.15402058561769502	0.07659177312330308	0.07842884630043541	0.1804404961775025	0.10770862672173069	
0.250093448765578	0.11809313402472219	0.22491496014047815	0.29453561088758184	0.14890697865423888	
0.09115634387758269	0.03213969313172737	0.1939039797193027	0.020386889150960937	0.06445281306874236	
0.08350226390219802	0.18561626470304338	0.21187232280650578	0.19516853634173037	0.25166512616419	
0.09483589837864251	0.20940816833936748	0.07547398390140843	0.2595452940465826	0.017858990142440665	
0.0861485277056901	0.13741808988202892	0.28004670188436404	0.03467867331598672	0.26688075072613715	
0.0	0.0	0.0	0.0	0.0	
0.1977995469988491	0.28640803094034095	0.27930314286025887	0.0549580547257338	0.1962989828614345	
0.23948932847011387	0.012829599393683456	0.040576101018425896	0.00979117824883325	0.15791882077578873	
0.06366126075977557	0.20234033531536263	0.16727938737898881	0.2673558669997651	0.20564573206190667	
0.22074833694184368	0.23897606851072833	0.05467080743372508	0.2587757284586519	0.037464246847207366	
0.10415243614098006	0.10507158767401488	0.211730078264642	0.03157014277847634	0.19427502970444618	
0.29123206497605936	0.07186373239443955	0.26252175372226155	0.010538809363434267	0.030373932154317995	
0.2390709717011664	0.25187873249365084	0.26134189884480696	0.007299332674577941	0.2246694038930463	
0.18621969202051267	0.24179464696259423	0.0666684533149004	0.06610977526189987	0.20278825013392454	
0.2278035908064651	0.2193476763358122	0.20203263140806285	0.07880454349985345	0.2235752590545258	
0.05079782722578733	0.09389779981308426	0.0705064416458378	0.1418432059155948	0.10139648447597432	
0.2989050343136869	0.24343758950519365	0.16643879344167417	0.07797998153192308	0.19994777454840224	
0.009423132569225862	0.06940373828876827	0.2843178606944098	0.12084699608003226	0.028138633106071304	
0.22764461468882624	0.2882717318660874	0.2466558035937304	0.03785683363185657	0.2946814569588802	
0.01526505472481094	0.2808321042100193	0.07757988628185791	0.05349282821710531	0.23499602072561576	
0.16714222196549833	0.00983632737430888	0.28084132341512563	0.014992354771740322	0.29853866375855986	
0.08965622137293686	0.20934220982605156	0.2524168181250534	0.028459671584130035	0.22237582304530415	
0.18753279254865418	0.12655334961519493	0.19559098073675357	0.030059314263903812	0.17365210686115487	
0.10889926528662226	0.24692604512753027	0.2902204453576791	0.10946531574493289	0.14022131094219517	
0.14407566777391548	0.22245488761001828	0.25814981427195666	0.21525756067473198	0.10362137479331501	
1.9369370533438735E-4	0.08198549050122222	0.24435584036357644	0.10708607961253021	0.010489772525537698	
0.178814321718192	0.2241464300789231	0.2895160009134971	0.22750542620440056	0.07135192301825793	
0.02904026269277169	0.2840933999879539	0.1675017455432609	0.2886322286151426	0.14007120535107281	
0.2720318525665912	0.26991497051989244	0.14323125893488275	0.14870563895854094	0.2464608695100033	
0.19290340953149154	0.148471491766688	0.12701806880347846	0.265941074959735	0.04089073542454886	
0.17723878465672027	0.015856287526669992	0.12806342619179312	0.024804356391412336	0.29690166333746376	
0.07984269542417277	0.25180396800593835	0.02473337817853207	0.07168344363842273	0.2860585503374243	
0.10492916965251205	0.16026153049985065	0.24390587413567516	0.10061936755835424	0.27014078818445203	
0.07856664780467133	0.25672257517133007	0.05337999364037125	0.17771927244940003	0.25470270814853163	
0.2007135312037988	0.09367023341635235	0.28950364331514	0.04269142459144759	0.00715856578407313	
0.06860491957722414	0.2441449729163555	0.2504413832313409	0.021080903211877097	0.07085873837331572	
0.123460800035822	0.09153392810715744	0.1288107112065204	0.24801291015353794	0.2232290069609477	
0.0523912580416241	0.013829930268446963	0.13150334777567452	0.24682360293995656	0.0335013907067181	
0.15345731908956206	0.2328825880202244	0.06838271903141739	0.14949836292664562	0.2546455973316145	
0.057095355034156726	0.2329459675886354	0.14592220684091703	0.0692090315279842	0.12501728969545825	
0.18184272864634113	0.25088998432146775	0.20452370520322197	0.03734081830347413	0.016118191342295623	
0.20121979634024525	0.17423600261536082	0.09992637935270972	0.1157835973626805	0.28691336341778234	
0.2170698869826107	0.2158011087835521	0.25050310780638807	0.02113382277756974	0.22319985097977216	
0.07639594180689757	0.12608724108477926	0.09342673656621792	0.2865682602923961	0.12127025358309523	
0.21390823553258	0.1667926482968266	0.01156859753768102	0.09573705602204947	0.0111577441137751	
0.17786092907320325	0.17118458616894264	0.02685489983201532	0.1868796307452903	0.24648633369409031	
0.015001409338168499	0.0372816197823642	0.252144372587418	0.035541494501607894	0.29665899210346514	
0.04844000519078749	0.2999375123662098	0.20467224345072305	0.1755447373027783	0.07405049053238556	
0.037088641013363365	0.1679716689437301	0.21861603732353432	0.07539706657764036	0.22727559216821788	
0.12240766626382686	0.10577258595770803	0.044781770797918875	0.0377765890054784	0.21812946072820705	
0.20406600763128213	0.0984002648279458	0.2769995743740754	0.13955932769024304	0.15375794981730742	
0.19713518519002288	0.16812100645582073	0.1251155073753496	0.15806132909615828	0.2740250466438481	
0.29948036993594396	0.08242105606264409	0.1445349748194692	0.12711489028271458	0.04272732981869866	
0.1661327237300395	0.10493638894398692	0.1408673197707504	0.11657077182661678	0.25696210649882484	
