0.0	0.011276039216035566	0.0	0.2851529761458213	0.24820785511189017	
0.0	0.0	0.0896761788993723	0.4035210743458925	0.2222503589195929	
0.06172162994604611	0.0018818978030282548	0.005250264879954208	0.3609462239164657	0.13793743308212722	
0.0	0.14627901997528756	0.0	0.011307361348762795	0.11546530260377907	
0.0	0.0	0.0	0.0	0.0	
0.0	0.09752568209385579	0.014669874924625289	0.42622227636131227	0.03874657572933627	
0.0	0.0	0.0	0.0	0.0	
0.0	0.0	0.6447863294347144	0.0	0.0	
0.14158209187150128	0.0	0.0	0.08182817655801103	0.17863756410452836	
0.0	0.0	0.08848945322067137	0.48773174033989064	0.15611964529399405	
0.0	0.5221382135946194	0.0	0.30537312044591064	0.058952244956100276	
0.08903331695664114	0.09249845355083401	0.2947802224792448	0.04939270285763236	0.0	
0.0	0.2302411367469001	0.2859707073235465	0.5070781019989011	0.07281358799495803	
0.0	0.0	0.0	0.8061293841990952	0.12379449863708847	
0.10568288596326483	0.26822931606844413	0.0	0.047933138707741726	0.06547196321542106	
0.0	0.08553017098307404	0.021943766602905476	0.06319674825226597	0.5316753199651911	
0.42428089829242727	0.0	0.10720563899103665	0.4438646582455759	0.05088708229691722	
0.25798227037872773	0.4685078665279595	0.39221089963101724	0.4194928490837323	0.22346523427188678	
0.00984457355885169	0.08374839461671507	0.00382419572372334	0.02191337863785872	0.3301333195894959	
0.0	0.297968117269911	0.0	0.3788621981794254	0.09275102001964566	
0.0	0.04515931105471463	0.03976456602280634	0.7796427563869174	0.04024936410241257	
0.027982218980642758	0.04332028987278313	0.0	0.30069087273953354	0.20792972674501983	
0.10672768649123768	0.0	0.1172550948743543	0.0	0.028411740601741727	
0.0	0.11605929281009078	0.0	0.13805615687346154	0.07934379786798304	
0.37914157731694736	0.13154240516472304	0.030068024947006205	0.0	0.3461819592576884	
0.0	0.0	0.0	0.5970942260614481	0.06485455321485653	
0.0031702462980984216	0.2938894407951643	0.0	0.0	0.0	
0.0	0.4187171515562698	0.36620827076159107	0.32303026463911455	0.0	
0.0	0.20475911238967895	0.2047673094768711	0.036545811320626266	0.046596446062935934	
0.35432250851015956	0.06959887864545418	0.13705884508215305	0.0	0.09147638746301713	
0.07843586297560673	0.0	0.0	0.10401460484725178	0.0	
0.0	0.2524662149070098	0.0	0.34164377233507265	0.0	
0.0	0.017918706172258502	0.1115712837476477	0.8679601737045991	0.19874649871714778	
0.0	0.09636763433331859	0.11869067686915086	0.22498810985980144	0.10076817614423308	
0.5381149564473192	0.01221804788266645	0.0	0.28537662252476886	0.0	
0.19023622300966228	0.2370124324978568	0.22794020246087787	0.4247374552504643	0.23665520931466016	
0.0	0.25428779067200363	0.34068317767481576	0.05572470091131761	0.03717722666986644	
0.0	0.019930974350772936	0.0	0.14583287729650468	0.19453027329018274	
0.2543312336592254	0.03657794417185823	0.2821347207767916	0.1946963522789605	0.2655921921545074	
0.08329808956430973	0.015873536841344012	0.2869736893302414	0.0028356901948566157	0.1059695400517127	
0.25178911001509446	0.123247457668718	0.097915032994683	0.14314629696506997	0.12726295732489082	
0.0	0.3323409693636543	0.279323733466235	0.163269622902736	0.15902740650186842	
0.0	0.0	0.6566361125812005	0.1299618899784962	0.19814836507441497	
0.07103751441030869	0.06814066856390312	0.22641303691874948	0.34259258569591494	0.4057559356386447	
0.23228908066787213	0.085308459985345	0.038477623664788047	0.22286570943676628	0.11346972469439218	
0.2297666685939427	0.2359145332232789	0.0928071409975902	0.06518601009379549	0.013042197610959599	
0.03402086518796631	0.09191333752028483	0.09151799502371735	0.21174620398788047	0.2214846769905558	
0.17842311236747285	0.2865077029710311	9.862316232953962E-4	0.01694713164554609	0.34668993467803916	
0.0	0.10883697946313134	0.28477859409798395	0.08711894343556886	0.09097010809050693	
0.0	0.0332825731718803	0.028387760978580756	0.43188384539406177	0.19395457127280075	
0.0	0.39005706891511754	0.11960521153844475	0.0077746325635982905	0.0	
0.0	0.06183755006364964	0.2638408202143897	0.1366877471336608	0.08125288948185111	
0.1011631862155607	0.5733202357788217	0.46047629314906263	0.0	0.0	
0.0	0.0	0.3375800622455983	0.13912549585328254	0.0	
0.13939467964291732	0.059851873908943816	0.0	0.0	0.10816768171842124	
0.0	0.17956356608103552	0.30170200749586795	0.0043452717338731345	0.0	
0.0	0.0	0.0	0.0	0.0	
0.11011589569713287	0.0	0.0	0.2169273616296449	0.057999164964361756	
0.22839915670698588	0.03236703672910613	0.03248364635682002	0.25417882703306643	0.23737194086112567	
0.0	0.18290515155040432	0.24002902366254256	0.09986268858681309	0.0	
0.13603432945624186	0.21138526783771763	0.07143313510731053	0.14842623045411676	0.0	
0.05778205768834151	0.0	0.25380134698975426	0.14504597372392078	0.19299511009159662	
0.16948479819316248	0.07717364327719722	0.49169863378570977	0.44993584455334756	0.0	
0.1725377298703484	0.005330100278192065	0.12305995795070457	0.11305468076412278	0.03627454090630927	
0.3612147648974895	0.0	0.0	0.27491068945362046	5.656118627262045E-4	
0.0	0.0	0.15165441940594437	0.21861538950427023	0.08648339655398306	
0.39091325355421075	0.3811927670050603	0.02630030134405839	0.15249282537641398	0.04458031841852488	
0.0013446898562222832	0.34526624304709874	0.24171434542804288	0.15225732883347573	0.0	
0.23487656145751384	0.0021216391408894557	0.3405320645702481	0.13254277885579738	0.07328809221040679	
0.2911423847176476	0.3848750531371551	0.21362554476554058	0.2177694357652527	0.048134175712539355	
0.46138341701609903	0.005376328728964167	0.2265123140473425	0.786968779970938	0.10840566952373974	
0.13062122511097013	0.16843389611588994	0.040624941249890495	0.3611808359918021	0.013133388684726716	
0.08668055339036593	0.0013431236510904258	0.0	0.0	0.0	
0.2741888687648188	0.0	0.0	0.0	0.0	
0.0	0.15513435565849013	0.01849234111156452	0.1834888494204483	0.016651432048829875	
0.13079097695009315	0.06583295727265426	0.048712276288831284	0.2037295475074714	0.2207750095484437	
0.0	0.19298197417364835	0.21045833119320287	0.11993874576141711	0.3148532237614498	
0.0	0.09915479761879575	0.5779973132703655	0.2949625054372664	0.1784967309362634	
0.0	0.09650582500549339	0.0	0.0	0.037270919604949986	
0.1874887495512378	0.0421818327180212	0.0	0.030693469143843986	0.12033704619399799	
0.3597311563385929	0.49726286125508634	0.14155151579770506	0.06613495074526192	0.18735416044852823	
0.06663295788977469	0.04771635777880616	1.3741703457926404E-4	0.19844041023750447	5.771267546079993E-4	
0.20935745268955513	0.32085779905707595	0.33971334998565805	0.03476757087118929	0.3231612625671087	
0.053937803493681595	0.11991487726719158	0.09847338439202992	0.20038340010871078	0.15912151320602222	
0.0	0.19273626991952247	0.0023905655656311607	0.3325456383722701	0.021120063931748704	
0.14850040773443174	1.128331214004645	0.19831233215022612	0.0	0.21564436581323088	
0.0	0.5182336348275899	0.14213042956281857	0.6511726790892879	0.15464291080313097	
0.17458820692415483	0.24794534376042007	0.08855570736804509	0.08243033345558162	0.19554113877196008	
0.10138416078489244	0.01764953898340877	0.10972972146508031	0.1397296016810117	0.07959722534689262	
0.12120928562939237	0.44978040491684285	0.2940984704222045	0.12464853476375418	0.33890806019617603	
0.3083876124036274	0.0	0.020368973108878495	0.17041905443311986	0.14043092833686605	
0.0954759469206075	0.41256169486276467	0.038527547453865545	0.2869574692226672	0.0	
0.006373441005826232	0.14796251227805374	0.19011636214038563	0.34484987428235697	0.02911497956157633	
0.0	0.175360419890824	0.11838033109797409	0.13923851842921728	0.07730149451319566	
0.0	0.27192818437995103	0.1532601872098801	0.14402729375574388	0.14163954938868747	
0.28530792385957726	0.04284088246579406	0.24736294160498196	0.2304536778733536	0.2443318299313379	
0.26953267877377984	0.3527204219888534	0.12434615446587331	0.0	0.0	
0.10856639427655584	0.23029413497408813	0.15117410636262615	0.0	0.0	
0.07277440551436323	0.042864868726308014	0.32203302653838	0.30322620467811257	0.09160740770930599	
0.318065585528345	0.030852551351976985	0.5742543051699411	0.13544366650067263	0.007917995959254093	
0.3709085110342026	0.22695102757313326	0.11562309952147293	0.37326481716623516	0.0016724280939047595	
0.09367655119395225	0.0069788581207815715	0.0	0.2404510393421107	0.29172417727010436	
0.299727839717209	0.11946417169146638	0.4272731204294005	0.18987774136016766	0.37416119921653124	
0.06755691497850638	0.35035168833946745	0.0	0.2258104730124437	0.0	
0.0	0.0	0.0	0.0	0.0	
0.29849915604525645	0.18988315404129288	0.21282604474572472	0.037450925804949964	0.0	
1.1121261267792881E-6	0.0	0.23949721990999762	0.1510205904906742	0.024218587218164563	
0.0	0.06449235737016033	0.0	0.8692142253733881	0.0	
0.2960163887436468	0.03504684513883262	0.28004438279615823	0.03326440513143523	0.2774271107545022	
0.5248158616125439	0.0	0.47823563296235816	0.36753565514261083	0.1018323218126949	
0.11206972818004583	0.18399605612324033	0.14584008454837008	0.06381880187708902	0.12266313678808091	
0.13675416585172653	0.22326309216105195	0.059936528093195184	0.15226009168904964	0.2717913928016275	
0.4032887194730731	0.12993365746698232	0.41323792750185906	0.29961981433814394	0.11133880594674798	
0.20477344437497316	0.0	0.38343251656542704	0.1849704046730849	0.27188101455191843	
0.0	0.0	0.1615163643619489	0.38366294002198287	0.3529414719146435	
0.20821008459759413	0.19923243703085436	0.47134882317733523	0.19069293190634434	0.5501680244302626	
0.4687466523210357	0.10296040823569032	0.3226043393730259	0.4128352257125366	0.37135852662598645	
0.48157664291099	0.0	0.0013717523964195647	0.014886787462745193	0.07050185342056725	
0.23823993424395146	0.06789684168698144	0.1569176457415064	0.0	0.0	
0.0	0.08278499057668463	0.0	0.05559967824106665	0.018094943002664406	
0.009037752922678203	0.0	0.0	0.613898440032922	0.0022710420686720854	
0.0	0.0	0.0	0.2861475738534421	0.0	
0.23655798546877813	0.007703110422746058	0.31646839222031115	0.2576823841773861	0.34424454915424885	
0.11368952293339923	0.10049985288478937	0.04301460548612257	0.3438576933599524	0.04371015434077126	
0.28905322442164644	0.5086823104485283	0.4826078627739597	0.0	0.021626550428992992	
0.6222826432414241	0.5122222273152542	0.0	0.28539411666027675	0.0	
0.04054283149049181	0.6126797364592296	0.2737457107988449	0.11109993969161952	0.11059840969339145	
0.0	0.0	0.5209832446809256	0.18595443413760737	0.2647307566102786	
0.29859411509092615	0.41541236658806985	0.07398650838936167	0.6809013546107097	0.06852196067177205	
0.2317021088180487	0.011694848029904175	0.017134432756548128	0.04453748489839137	0.10903620868578644	
0.021592859154056548	0.05869997695417134	0.25860354576505445	0.0	0.17932917724986513	
0.43051980738804274	0.43387947218137746	0.1101655075135265	0.20146208381706654	0.16888508065464042	
0.3188629370829651	0.37764242415722027	0.19466539461783183	0.12646681840823482	0.1870850982014188	
0.0978356134263197	0.0	0.1288170417546826	0.0	0.08140674285254354	
0.15865207723560174	0.13659334124097647	0.2522169483695503	0.2954361598506654	0.24093461359931284	
0.0	0.025491955463772437	2.27456536247903E-5	1.894533741916947E-4	0.048812439467807486	
0.16451741839900572	3.669814898815227E-4	0.2814199147836508	0.003050807748509954	0.12113429129273799	
0.30595397403324326	0.1304724061549037	0.4702954342484864	0.15404432920181121	0.8097710368563157	
0.21356348160310076	0.19460287194824413	0.06774162465448728	0.1426119383898795	0.26527078329100956	
0.18760684617804946	0.29107969253775673	0.13346514578681098	0.008145330779703764	0.14881791625547441	
0.35016304264319853	0.09551161591270285	0.4804828803144524	0.3006264981844362	0.32051045202782513	
0.27205173248467335	0.15162642257519407	0.08700559287333126	0.352886499380635	5.034310305775877E-4	
0.042792636985837525	0.0	0.0	0.34916135289968614	0.34217209405085036	
0.11657990306334808	0.3813750498831291	0.45741269989639244	0.491738270516632	0.23310447812102264	
0.23151885590121957	0.16244446567170914	0.40558470106769134	0.42507616296901574	0.5365226458639032	
0.0378650073843055	0.1560592924662544	0.05092652009361906	0.2149088406174062	0.19261522451578922	
0.277908985383323	0.0	0.12593411714046257	0.009314398973018483	0.04672950687970483	
0.2349377289019724	0.271191241395147	0.06593756977273797	0.12235399667886078	0.0	
0.3990825630864778	0.0024911136100036054	0.26276388191484656	0.18999916251126225	0.09941679033799537	
0.1531876961600653	0.03044658441999809	0.0	0.156088707170307	0.2241552566847156	
0.36468874683671854	0.5166062992620315	0.3275600370591581	0.2934437514697527	0.07116362821467992	
0.19071369282746792	0.09903471037463402	0.016971752463944837	0.30519443980614475	0.0	
0.0627687592876042	0.3720919131349401	0.0	0.0	0.3725618094826543	
0.0	0.3850674969074558	0.021491521359280067	0.15475942468841053	0.17559329360612072	
0.18797253620728058	0.02244128622644591	0.08808149497308179	0.009130514795861874	0.08342443257698755	
0.19074866757712117	0.22654319984669685	0.3504847543125005	0.2697018649297356	0.410753005878822	
0.28766954613480716	0.029054763409383795	0.010531153564340276	0.0707234225772505	0.13246789913016863	
0.11717747602683819	0.3114187957124729	0.24827982980788652	0.04160595254726756	0.43744549942553046	
0.05686414334834931	0.045910148539554024	0.03228877871126553	0.24932504949180292	0.14862776239776998	
0.4062597558396932	0.15165967214373188	0.039175769982961205	0.26865381428462193	0.02167681055788903	
0.3343013021776983	0.12471531380425818	0.1545919011768029	0.0	0.3205112975938086	
0.0	0.17071877631570198	0.0	0.0	0.0	
0.08865767040586744	0.2864373991404665	0.031082976654509088	0.5399828431485332	0.5370581649629117	
0.0	0.17774283974459418	0.19607786394501495	0.16470411065759405	0.08111631476025456	
0.0	0.007366037613130807	0.0	0.0	0.0	
0.07657268530956661	0.183478185184145	0.36382504045125497	0.09117694133617148	0.26573389248215235	
0.04629525208046868	0.0011775501437395408	0.2762381484717686	0.05355840177877611	0.0	
0.033374813598402955	0.17967181565311247	0.15867439247098425	0.04925859558579016	0.06660773122803386	
0.15702528879323877	0.11087627449635515	0.046984449453236175	0.25271233373247226	0.009463424602936824	
0.10927337733454727	0.033541215770660306	0.2639052461934247	0.034616259173391936	0.26445416262993365	
0.12246959584489188	0.2163583349795848	0.1924849330967977	0.2705258205162373	0.24760627987347172	
0.014363955915268957	0.13636286254522959	0.5075707287878612	0.2266598457053535	0.13933013396495236	
0.1801538491073543	0.12465345572108152	0.0	0.5488154966982276	0.0	
0.16400030310685246	0.17836474773589764	0.2349792326960192	0.0030082015955913187	0.1239521280008801	
0.3186844012105491	0.0	5.742019804261692E-4	0.0	0.009148706656101298	
0.0	0.17346562353080475	0.23548415053730767	0.052577231033508226	0.1706781983241577	
0.17402305977423596	0.12632945546176147	0.12481877845017494	0.234286674072742	0.05320817428104969	
0.3461701299708463	0.42672000309972674	0.23975117666943577	0.23450845440058024	0.14960878164036476	
0.15750153080711837	0.028001684074989135	0.13055359051819337	0.07344748379756308	0.27992451053181266	
0.21882109537129119	0.020001724063802337	0.09177595354254045	0.0	0.0019854947346363383	
0.01935746203871934	0.22235818421825587	0.22136128635463126	0.005658365663227196	0.203545268238017	
0.1898288410096086	0.031130611194958743	0.03178738784895476	0.017991965416444444	0.031281506785276796	
0.0	0.09452937559914651	0.14320207065503043	0.10210028945298695	0.0	
0.0	0.0	0.5190253652703409	0.0	0.1625858648875441	
0.2162055670597824	0.3568850901594555	0.1688547159669185	0.1374549735155318	0.4692113275509523	
0.0	0.0	0.19020857731603627	0.0	0.0	
0.4314825026860752	0.22731988479509077	0.17290011674420738	0.3864184061265617	0.0	
0.11209258177124351	0.01883762401236193	0.13951687382194222	0.026007762922648316	0.09856561585654901	
0.0	0.01232623558940994	0.2248398263597174	0.07535999550425934	0.05923561404421239	
0.0	0.0	0.0	0.408180381219032	0.0	
0.007824611732142848	0.16262135682959653	0.08915986932828389	0.03637827993879879	0.033966302088403566	
0.0	0.0	0.27827263994711837	0.061982021811179316	0.0	
0.2641914201103712	0.15522325384186497	0.24293004662541023	0.22783898621348736	0.2272036548699689	
0.0	0.3338975109942555	0.0	0.004532259121491024	0.21408569504111905	
0.01743187481235023	0.1393670937040216	0.1857805510770113	0.23541013986101023	0.11490026688781456	
0.0	0.0	0.0	0.0	0.0	
0.0	0.0	0.0	0.0	0.17540793205723001	
0.0	0.21472273995857344	0.25779938672243596	0.2111186520245601	0.05579855803521103	
0.5927621447094563	0.0	0.011594768197790135	0.39412653945925263	0.0	
0.2087730858282254	0.16497553604786105	0.23250351122544377	0.0	0.0	
0.0029322242139405616	0.116364706923105	0.0	0.21318476389285826	0.0	
0.004596018700695014	0.13502771713566836	0.0019314995271401101	0.2730634559452258	0.2565285753273966	
0.0228400303940954	0.01861617164055005	0.016583351938277053	0.30525085048340483	0.02792866057314113	
0.27990669678483265	0.8379452943295413	0.43676108703705796	0.42569392479829044	0.39501718628408033	
0.055930664607729275	0.09301835535179886	0.02991577595021017	0.09208226415238045	0.2465756230271418	
0.0	0.13844327139497425	0.17409392570160734	0.1865484819457222	1.3898262619908057E-5	
0.024598339849615746	0.14793304758556608	0.18232190665550765	0.0	0.0	
0.3589831221042628	0.051800321273313805	0.044543525998972266	0.19685660814467135	0.02028780126193996	
0.28624154697415566	0.25694739609500683	0.16935769677279375	0.171588210236253	0.13428262237600685	
0.0	0.15115657729432574	0.12089359601205116	0.006220194113027119	0.091204017776158	
0.08614207303764705	0.1335431582785271	0.27542409704978155	0.12053469235033544	0.24994752371532886	
0.16513832674714396	0.10776459484005177	0.09518682667324414	0.17164019471415926	0.12222488815202817	
0.23925327675914285	0.2934467460547797	0.3521455915486945	0.09608898280343499	0.0	
0.16678085361253656	0.06065046232450429	0.24565042899771705	0.21699539113835545	0.004005902132663244	
0.31856882110988954	0.16505821992766231	0.0	0.24572892542457492	0.16007774109336334	
0.42175413084812896	0.0010364863236733183	0.0	0.0	0.19706279180720448	
0.29975898791909333	0.1647772068230516	0.24497357413278883	0.08798974990905709	0.19451477644079754	
0.25025311036546233	0.0643138771007443	0.1034372295183299	0.08955695309295827	0.07289834513783809	
0.4706581023680086	0.5486277745286785	0.18306027385586163	0.571707791189652	0.17323860910983324	
0.2674698682481253	0.20106692959613623	0.3663810307566782	0.0	0.04828424733058327	
0.17906055181983552	0.11825608326009905	0.2480993534027685	0.3197959973528424	0.09310175196836992	
0.02492966436093416	0.0	0.31840637263514165	0.36998122289674185	0.1631994673399097	
0.1662134743137028	0.0	0.0	0.40052792202902493	0.09323237438138651	
0.19953755779675364	0.0	0.0	0.19452384036066084	0.0	
0.15048717904462083	0.2936347573760943	0.23525825021239483	0.1264554903960869	0.406270999563908	
0.10653068281541897	0.2168069920635168	0.26692761461027614	0.18320712533109249	0.2591449372758808	
0.14561747100090716	0.1682822508743151	0.35864685358652365	0.08691797668659132	0.1609953767145747	
0.33659055272188737	0.0	0.0	0.09188159283288794	0.2054419812228196	
0.05953672832740195	0.23267058063480167	0.1353702893428876	0.5877026461422667	0.11332293136324047	
0.2692482059212759	0.40943289009908523	0.2813314242952305	0.07311977202901924	0.21555833277646275	
0.0	0.0	0.030367937008360307	0.08066918916185814	0.4090928123679165	
0.18553651485167663	0.0	0.0	0.026941229863949888	0.0	
0.033721055418526276	0.1878551350014325	0.17777085041499333	0.0	0.0858006858163402	
0.03638701585614528	0.0	0.0	0.01958685996583576	0.15112965230399936	
0.18996929191263542	0.25060962843074525	0.27372165575285456	0.28042771931118726	0.2770481365740556	
0.16708127048343743	0.10844385656766915	0.266465996546997	0.28730442927238925	0.23758455241811213	
0.19138159791103387	0.0061971041298971375	0.0	0.19485859530276242	0.0963419702690923	
0.225201765828296	0.07491932153008088	0.1682611737861538	0.0797830778388353	0.09029651336655646	
0.36710247021772546	0.07065799421906249	0.34692381360839103	0.11397933408988195	0.15618673148994097	
0.0	0.05074013572362188	0.35776396272327204	0.19418077320535135	0.10028266091933262	
0.18919445040031277	0.007983572493085638	0.15783728877970668	0.15915317569918516	0.2088996665968298	
0.14112814261080936	0.340360934982537	0.4188100115470648	0.009253767151823888	0.22012834640828854	
0.14385359425739488	0.1683187208134358	0.14348833095956365	0.20976749893205515	0.2295383493904758	
0.061735495387106036	0.1923409090464371	0.12936889586813924	0.1509301421521538	0.24305917042261269	
0.23371215985292804	0.2762609832629303	0.1239430391857277	0.6918315056306257	0.4116805266825304	
0.2846001189302395	0.0	0.3183638099911464	0.37561491406760283	0.0	
0.17397347588566714	0.2197479121227874	0.17703978414211044	0.09603010205975838	0.22175282995882734	
0.09123644495427193	0.04555875780521802	0.14840558618100352	0.20280083093685175	0.04951314104411733	
0.03717728071547287	0.2786798609966907	0.1909938159012006	0.27740168455617464	0.18690686195423242	
0.036114501455620056	0.026808696329693803	0.0	0.03261315676380569	0.19783997694810376	
0.025847735457595212	0.035222896063642685	0.044422797054897	0.2004800234098859	0.2177242231452309	
0.07264344838434066	0.08747364729001869	0.06735456239248339	0.10519469256230436	0.0	
0.025424146428933644	0.10829286307473872	0.2746549535125723	0.22565484223613114	0.09345401474278293	
0.11536145786010661	0.20368564715468085	0.23533469758327843	0.1579245879960724	0.5382535557182608	
0.2239925034301364	0.23182081367668353	0.16390253672922356	0.0749215597881376	0.15597745584251305	
0.3289424653571219	0.5987657215684145	0.005351617478001679	0.02776686976149631	0.18862247401870474	
0.0	0.1930816089037169	0.09520847572431702	0.0	0.22298105695539988	
4.5103828456659575E-5	0.1454737498205213	0.0	0.0	0.003380886540050651	
0.10454687049627946	0.29536438626713196	0.2749451695934637	0.14817149439978256	0.13263163963470712	
0.020013935199183007	0.28156603667015595	0.026935043693965773	0.1645790084398771	0.08656114598171363	
0.09129890219956048	0.0	0.2467489038809833	0.23066564733616285	0.0	
0.09842228438172801	0.0	0.1990874257957515	0.18678971618727946	0.043732467959628804	
0.005721888637039508	0.0	0.030314158402311168	0.15272833984775777	0.0	
0.06422976172886533	0.03761527908955744	0.08298885121107516	0.03271905455335479	0.056418848646024804	
0.09684384149020778	0.30092064474698776	0.31039130491679096	0.0	0.14618773584852426	
0.11342742510578743	0.26480453293457096	0.11305782980564302	0.18968326204526548	0.02965031365863421	
0.11449538739939487	0.20049474144693955	0.3111618580178034	0.18324985709368713	0.1585331562953712	
0.08795076354293434	0.0770296957629245	0.282837163841419	0.24159524693372755	0.13150154931788688	
0.05446978734656653	0.20499100888608202	0.04027498144539873	0.18602955386219724	0.14217515820189397	
0.09870491007864422	0.21866165521829267	0.17190377502148074	0.18597245493351283	0.09794459363273161	
0.19516909747317027	0.0806571620960294	0.2599057804304962	0.6731477130934084	0.3655530150865782	
0.06580017159456254	0.13181580754042696	0.0	0.09313669363014822	0.01659666225891805	
0.14411712720270203	0.2583300801742798	0.19416400320594968	0.09338124270303312	0.33059794073834414	
0.17742071393307818	0.10494374503032572	0.14112710825985036	0.03351821881493294	0.020228881975678535	
0.0	0.21361623417931766	0.31791658631148656	0.30091869789811293	0.14202115915029334	
0.06623845968940051	0.201554665933774	0.18835456452304974	0.11336910827028261	0.03334014189901465	
0.2989346523235562	0.004835693138523153	0.3120115666882808	0.16684522718985229	0.0	
0.02939352786395516	0.06085297853517028	0.22112598530188096	0.1454110273311101	0.08737188844443457	
0.21031035039462467	0.030483194594448863	0.07719500430077518	0.04252389660248473	0.06557039969065881	
0.07446233504444082	0.3888224200051262	0.3518553158306488	0.5707500254876738	0.49166555584674954	
0.3023468951638412	0.12235069836617239	0.5428361862122666	0.005603145391122768	0.0	
0.18852608692430736	0.09227295290773417	0.3156932932287539	0.18482721360829502	0.30967720332842136	
0.2630715926660472	0.18371318428161512	0.0640643336904824	0.24061545107595272	0.18607360373403548	
0.1292538767211404	0.2283363227024812	0.18788910074398021	0.22335014811333936	0.21222864710796333	
0.10767354505342212	0.17793071251442388	0.16590928217110903	0.28044431721783386	0.2715554622216131	
0.1974996732118814	0.06700812540692691	0.0	0.0	0.015452425696725095	
0.1517430656279885	0.35858028124484886	0.18488070586449717	0.2951338218917526	0.3804025286680989	
0.28870618334839787	0.05396553142788225	0.1905654341076281	0.290011875170075	0.13108735876109162	
0.23260624865054905	0.1764925101901039	0.24986136650950164	0.18861721555800395	0.222463427702906	
0.0630648724226546	0.11936029166490861	0.2919571107883644	0.06656223100268154	0.2934312918089839	
0.02878475919375838	0.24522640035842128	0.229754233074701	0.1840545719214208	0.26785506925253166	
0.0	0.0	0.38244761990480913	0.3341207610803922	0.0	
0.27303393908093077	0.22763142872609168	0.1773122908796759	0.17697888874884032	0.08743051865341799	
0.15560587989524235	0.14283186953299692	0.19746190856573487	0.20611617726464584	0.03228725092946109	
0.3167719323223962	0.46592423793213467	0.1270179026551417	0.32392425813677694	0.4780902977249363	
0.11969018683256225	0.0942104109563813	0.0068255883540471515	0.18478260189333862	0.14632467596187165	
0.2738910271791903	0.29656930186037916	0.10850160322522201	0.2336320897043414	0.24371724762961064	
0.05372670566200098	0.0	0.1782230103165639	0.21672414044350463	0.45493007277963016	
0.31140459359268036	0.1036412122956593	0.1465488286478263	0.07369280732559827	0.11966837570920456	
0.1070059975925283	0.20864827259610344	0.2383916578903528	0.2739119075950962	0.21492455053605575	
0.4492941520020322	0.4403621722653406	0.24667230072296262	0.6243742888924229	0.2932024089726803	
0.22146236045134057	0.34573645293189925	0.14129130019188174	0.23055952609779395	0.313140816610346	
0.12010548392684894	0.17471899518962322	0.2845953288234635	0.25582810987798255	0.26541802103033774	
0.2630925789250651	0.13065145192997782	0.0025428995482503175	0.04966784977038764	0.2431877419231087	
0.028945610224834734	0.0065521973689370875	0.0483611725884894	0.023805999470492493	0.14904405158681153	
0.014217562990045644	0.0	0.0	0.0	0.0	
0.05432251053830621	0.2830890818851916	0.2061870064009328	0.13060824058541406	0.15889764733959202	
0.15613052949531797	0.08589500495109424	0.1777518193786505	0.059133486777837294	0.2758593828776018	
0.0	0.0	0.0	0.3340055618352174	0.17318763382421454	
0.24854410931470897	0.19713924990373904	0.2862684688529683	0.049122546398635086	0.13028723763084224	
0.0585082588084602	0.04950902291834732	0.17010128525617849	0.24790430597059887	0.15927921444946014	
0.20962593295355636	0.030308502486183612	0.005830658094555822	0.13826353985210765	0.1473599908507206	
0.26843297137039185	0.13880991704879622	0.26769674215417844	0.25887845793174025	0.2292673442449679	
0.1257173772282914	0.0	0.19819023674725691	0.1894423941162293	0.0	
0.07498887969632169	0.37588890243243456	0.1101924071188583	0.3932612397989156	0.36980165333034765	
0.0	0.0	0.0	0.20517011651050718	0.0	
0.26005146600104023	0.08205310276584789	0.41871945594905585	0.16185270018222617	0.13652153520151333	
0.5993591989273582	0.26121097621627964	0.3284681733276943	0.07168231872529437	0.27955114660609665	
0.19019553091127805	0.16072988307630146	0.051242289494653044	0.040725746269799586	0.26073853181244916	
0.08052865982213649	0.2376087073256876	0.21792385434180456	0.08731645182045253	0.07884172527461401	
0.09924660057569032	0.09823832742180055	0.32183850308160444	0.0	0.19630959028338188	
0.2661639595771437	0.0914745789973533	0.24303096073414815	0.17560088035593568	0.08815477656894558	
0.052872121894956964	0.0	1.8860234013689817E-4	0.08735399116327591	0.13046674049206944	
0.06472181781881442	0.05099718889858399	0.10675999274688996	0.25510470759365933	0.27112074771222566	
0.08291098653469546	0.1110652286445893	0.20583083934248164	0.2568682722571369	0.2541219577498142	
0.5244589330865226	0.3601162757952086	0.5059248093790507	0.20296247736742778	0.23435236274139373	
0.19112209170152142	0.0018095776856232406	0.22645650957187013	0.13156364529687198	0.05600225862760613	
0.3942068631681142	0.12897869992955302	0.28969678667921406	0.032875187689230534	0.12473544331539324	
0.1966985122683342	0.28474150359578215	0.137308798868295	0.1391366158063739	0.2061366899522097	
0.09727370351863919	0.094150656121738	0.10405097928291078	0.08925560668051365	0.2954151418746327	
0.3479147284016374	0.48183936702175884	0.22238564127866392	0.14372925336480472	0.18987908884552587	
0.6765845759063998	0.5544101377416905	0.4877959951480219	0.6069914054816548	0.5297535191292213	
0.2793724725569618	0.12248323007141344	0.10597697639059928	0.09471659597342674	0.193174095445361	
0.3584888548647976	0.24425085690857667	0.1916533343905254	0.4391837085689896	0.21937736018745047	
8.397952341172671E-4	0.249550492445825	0.02876025484556375	0.2271862579022016	0.25879174251802156	
0.15820175384706062	0.2813670831907579	0.40598559341818724	0.285234140490453	0.5691203797117107	
0.0	0.0	0.20933777040683377	0.06683843465305196	0.0	
0.20368486723135848	0.0	0.22998607811547747	0.3677136683815237	0.3037550686442945	
0.24918295107622515	0.17455977071679435	0.2581889229485978	0.05691693233195775	0.15736948755365748	
0.18552136571657876	0.2557984841616468	0.0	0.050583595854565844	0.1347455119940533	
0.1542362768767286	0.1448837851266409	0.14876636379500066	0.13729854492593827	0.19708531621190137	
0.07466547131313683	0.2903344859746246	0.21442780151747806	0.19864018800945826	0.22009662012258113	
0.02421715638358211	0.15476482388322024	0.24630771064310503	0.04229271032395783	0.2554722244648185	
0.21613018729965672	0.12820416173607582	0.25378727621440045	0.1534189958711259	0.1535764011158535	
0.28794432599220743	0.03993254322098087	0.2157467217581864	0.14448353677286732	0.23797554603955626	
0.0	0.15713127079929587	0.0	0.0	0.06859762831496848	
0.08924314911915801	0.10756725403171569	0.12081543506285589	0.06271202240145356	0.20101400447173462	
0.0	0.13308288147996947	0.19144998838282015	0.027842213115035073	0.0	
0.11028758142391365	0.05528934595204096	0.21417444443852662	0.014713866536459373	0.0032533293843023344	
0.07914978153185016	0.0	0.13492236057700538	0.29576396390835574	0.26330714577585884	
0.0164668766267192	0.011768192669622706	0.03964598865908346	0.0036944302735379695	0.0	
0.4229657467320266	0.23546249561054886	0.2195373638351084	0.057225141334521654	0.0778935255027455	
0.26713562530274065	0.06662540734102314	0.3287383801021225	0.14199805433768645	0.20815479581344737	
0.20192016868513335	0.04022946525300408	0.11805273049502547	0.0	0.40483735321996983	
0.20313270463532154	0.27388594553141715	0.2732388206814151	0.21038890316141923	0.3901003453978553	
0.2866120799505448	0.07047792660246714	0.18117087861636708	0.19011750647762946	0.21214465176464983	
0.33425314060437483	0.1931499654012954	0.28278061139863586	0.5201439785762172	0.20914572368546683	
0.36074780373018855	0.13876698746647073	0.20148677687702812	0.0019680038088467585	0.4179466592432189	
0.36120161377825605	0.0054591933024132604	0.4726325718892472	0.007872226619208146	0.07663405145330657	
0.0	0.007351119037573811	0.22859394066526145	0.0	0.0	
0.08552023062419116	0.1912557717713984	0.1738858326367076	0.17191952394981333	0.16081561747989545	
0.0	0.0	0.20600425828262622	0.0	0.0	
0.14008174238193452	0.13515526287236618	0.08917429463671142	0.01013768069863263	0.17855329933277833	
0.25239569772329973	0.23313520121881445	0.1921169341185152	0.4465304253760462	0.3306492991823992	
0.2841636376552979	0.18818384291198315	0.22871057609601286	0.2504665236053126	0.03252960146097769	
0.12085224140843434	0.16854414666928397	0.20255938154469125	0.2056821195632724	0.19699659481155976	
0.20270406604984303	0.27931815692607087	0.07849228646187398	0.22909242662857507	0.026124578723085982	
0.17309405253246152	0.07491549937241516	0.24127351685455872	0.05893448273341556	0.2900151799473481	
0.1469376369806362	0.0	0.1595568639320676	0.13596672373172766	0.187760203312561	
0.15662587824928925	0.12486732195413937	0.07429872803127625	0.248140200651555	0.1814743750111645	
0.0	0.1814485739771703	0.0	0.128201337302896	0.0	
0.1644217457188778	0.5245970400012833	0.0	0.06478770337277388	0.0	
0.0	0.0	0.006510887530515343	0.0	0.1516071382040093	
0.18026020166420384	0.1772076560972331	0.0	0.1157569643086209	0.08872378292990234	
0.4206636345181601	0.22385110111575293	0.0	0.0	0.13500391601578823	
0.025042262632974942	0.04355890860659672	0.22289508173852823	1.5826459612248718E-4	9.731949800663493E-5	
0.13688246995213654	0.19226973547217485	0.2672214149691781	0.338759686237381	0.25696582870201	
0.14736910596275324	0.2607592081349199	0.05174480427310636	0.14651880585768765	0.056988188488247556	
0.16246815230175032	0.2555537360594674	0.24761272811424553	0.275943945155064	0.20759567735415146	
0.2865249831839078	0.25435608729409304	0.06946999607551663	0.1662081493724612	0.27882414720915755	
0.2333952735742592	0.2339182397199425	0.019351467296145543	0.2934438781331275	0.24814626006027454	
0.06803409109446602	0.17497996906065888	0.0020836907629691423	0.1452500408700586	0.008630113960191862	
0.07808087223110076	0.11055986084706418	0.021423285061109233	0.27081737115080995	0.044003415047164325	
0.21495612242429205	0.26452735288911017	0.2437075163852584	0.11067036413890753	0.24763704475889847	
0.10180757372059344	0.08620665458090367	0.10807174640546914	0.17086303468917832	0.13918537477069823	
0.15875614601840557	0.2847136294882569	0.28695643194278486	0.34465243030793624	0.0943255226102539	
0.08152354990734917	0.2544478226676164	0.2693227987358131	0.15525393889397304	0.20925473799352318	
0.04462210330544163	0.019011854718346176	0.07117006637878955	0.255809807046753	0.12715088425325521	
0.25088083311939935	0.12243659810852889	0.11985891686510784	0.08695950269402843	0.19329032013787525	
0.29227690389466066	0.11241255302724838	0.12007282548591575	0.15415730760091118	0.19302376390538387	
0.06727632954599705	0.14987581879986833	0.32972634945832313	0.02079796197805729	0.21671886413118435	
0.11414192860350479	0.041091876876878486	0.11506424532558751	0.16812510902332894	0.0	
0.08545075800573768	0.08604409278764914	2.019730469745308E-4	0.06122168407366201	0.20301549490392626	
0.1509769461256941	0.096091350756661	0.28707177772033576	0.17030786661436265	0.26954842315355304	
0.10485721737616595	0.23923400833949685	0.14757207793225646	0.1129747365415851	0.13339420259137547	
0.2466442275786592	0.014956269098150388	0.0903627318248569	0.009600953875241585	0.019454636639601054	
0.04252190204498483	0.07864740995535162	0.15682258837870794	0.1350754911275777	0.13186023651141865	
0.11397135305667072	0.0027953774178662598	0.1797052491564763	0.09122927519027044	0.2625966237213191	
0.1836161565480197	0.16223097841737338	0.27666550283217006	0.07591787158401016	0.29644125858574366	
0.09487534773515735	0.28722375337970113	0.18465609426459287	0.19216772023230688	0.03915462338935854	
0.1810134924779721	0.0	0.0	0.10254229085093917	0.09564125753876429	
0.03929130153151348	0.197469234866332	0.039542203288889265	0.026578872130748415	0.08563001954945625	
0.23725818853463185	0.06122793604695315	0.04370180219230286	0.06864869170921596	0.028166041508246448	
0.157424277603976	0.5079837956497887	0.13804211419911322	0.39524553173458454	0.2948471791672872	
0.12054561014075028	0.24573045734752777	0.508549756514126	0.0	0.12439947228555195	
0.09894221779280765	0.24003969382736423	0.1818150520492137	0.24082427779888527	0.1010055316778132	
0.09815173544230789	0.16361874549140853	0.08688820869875433	0.04203136241065464	0.012925810432392631	
0.43625034575348587	0.2448921976119918	0.1635349035674369	0.24371832670323623	0.10651008031410952	
0.14704018042650147	0.10067127952261759	0.03265569361401395	0.1855934155578549	0.07512343889694721	
0.02901821723620935	0.05932043252937785	0.14312414106359408	0.25677000767086594	0.0491849675606956	
0.032476059617522667	0.03564457695772247	0.22107376995479172	0.11187151287136841	0.2925926044857946	
0.16987148296768376	6.560165697957253E-5	0.2712619654273656	0.029669900496171568	0.07089027056328275	
0.28693808409363675	0.10449796960030572	0.13201202937145184	0.2495538793830145	0.1681942319895471	
0.2279824491216685	0.07397676932251597	0.0	0.08602231224606403	0.04043964084045848	
0.02849294759289447	0.09577329713434428	0.2523244819671856	0.20179655612682404	0.1449126332032138	
0.2909478736978529	0.2587117958154754	0.39731634242242997	0.28979203378538365	0.19586666116148257	
0.05328039289456882	0.22932017518242673	0.4874609809502599	0.12399645189509498	0.16523759256007786	
0.23367727114304818	0.29106277324063545	0.21177315263599034	0.13434239703059167	0.2107754275374202	
0.2173193034960822	0.0	0.1401915743719268	0.1567412085490534	0.06830674160290803	
0.22825224937262223	0.07917267892686523	0.18273390160008085	0.24905989982972995	0.07215368572739968	
0.2793645176432049	0.12408647458578988	0.1547706526063982	0.0	0.0	
0.0	0.2627116908630505	0.0	0.3095644939460927	0.17300624198507536	
0.040012045863564896	0.12637150540278871	0.03537010064385592	0.040367896317285434	0.09618412530835846	
0.23403946000812173	0.2684715041243434	0.2357667512535848	0.34171971011572927	0.057672555772808734	
0.17434800246827323	0.07774150484584394	0.049783338976646684	0.13803197464278827	0.016048857230322858	
0.09193760974005513	0.3200620184697544	0.03988672387372804	0.4889331857709596	0.42082188760133066	
0.24882743006926616	0.19429170514333902	0.12156422462703331	0.09528090565338117	0.014198237863358559	
0.2014773826906811	0.2519873821995122	0.09223937678775244	0.27097946826000946	0.29023254947038735	
0.2783579901079408	0.0	0.00613484307561582	0.0	0.15512086812736697	
0.19202401997666713	0.288834819412765	0.41104729184821814	0.0	0.0	
0.005193744961277233	0.26452071516111475	0.043637801950379286	0.17792777087779163	0.11512260317859002	
0.09841730556009269	0.15078728391534657	0.09366854802870622	0.10875413112645749	0.25115274832907164	
0.1456547365146717	0.07928812004398733	0.2676455895488706	0.057742111349866565	0.06496948189248407	
0.09261793029107032	0.13817578875684874	0.16104456036256667	0.08740845452922745	0.12744932769618886	
0.2859390777992135	0.19581676366416856	0.01562744576385685	0.193677403890915	0.25777394054276326	
0.16772928442686216	0.2144796263632568	0.13840573777940082	0.2455951481047829	0.17714125120856347	
0.12310927586412453	0.2684619101103646	0.2612124879455473	0.16907699680713467	0.15223370492427898	
0.0	0.24641271896803632	0.03447396368081315	0.19649887803855767	0.18868165002532453	
0.11125379557117623	0.09427769245637059	0.2607863680427531	0.21907605115146098	0.007380908326267554	
0.3786168460999604	0.2770114432385971	0.28934925886241125	0.1652764874896543	0.36906090837249517	
0.06119550133872053	0.042199702257550493	0.09973056600779842	0.09459468738842862	0.03424430797347616	
0.2293461560538897	0.03317364021634146	0.21450676577870015	0.04752656477724608	0.010821933486568259	
0.20362470845185207	0.13323042609431393	0.17275299826052404	0.28331562939122573	0.17667554041530673	
0.09774868708366383	0.28611713013272233	0.2832441201559909	0.24848875790018476	4.008475208222098E-4	
0.03234393101015269	0.12041386719076698	0.03559877427923584	0.05658433372557512	0.22060231488593815	
0.2862917285530887	0.19660324941996998	0.04408580636437868	0.1647343772225945	0.15374157386912865	
0.23194359346859966	0.16183395390076277	0.06133057364919376	0.2277066002808751	0.09811558448979532	
0.1757037814210069	0.006859108512949192	0.11294625704677634	0.041229370644307296	0.07452194953124204	
0.2820234845528204	0.009479653596607436	0.07825798837453492	0.03229869894223886	0.21821035786424378	
0.07911363029035247	0.2863491097384264	0.06563903270744567	0.07319033969834768	0.024299396167023233	
0.23739024509132842	0.2747265056936408	0.1397755024182953	0.2937495951235676	0.017970362203674012	
0.23015333652444217	0.007098144808030393	0.1843614031629386	0.2711054169407664	0.27949418749701455	
0.11492701170259823	0.2597302667294607	0.17114381201076448	0.10049736942480422	0.26652329425393106	
0.241706749978086	0.012703020016793447	0.13010751630618417	0.24008619994093547	0.297693595372678	
0.21791862120267821	0.1239080965855332	0.36190938674616707	0.059323794470555635	0.010164258860774492	
0.04366365166678196	0.29617356142515916	0.2907043351531925	0.15058980651152218	0.10512160480476528	
0.1758595727212941	0.12430984561912528	0.07559603041914902	0.13096051348692303	0.1451450343688723	
0.09297056688100051	0.0850372762204951	0.162264310540916	0.16036029319232994	0.14381005130644559	
0.3633477064665101	0.13828416754480427	0.11260296758668224	0.08697266758600086	0.13365677992121272	
0.35908514665865976	0.2588793974276546	0.32689857164500646	0.36805799088442287	0.25842981327908965	
0.19176075158191602	0.42258463426195964	0.22810927940784934	0.24061877207355234	0.22427747625640626	
0.2388299639077131	0.2610263784694975	0.1100245355702995	0.15780541086467723	0.024436859067507616	
0.07403539236511808	0.11012887334448945	0.2499365051199231	0.06811057176084251	0.15454105531041956	
0.0	0.37240132719349883	0.5579123959530128	0.18269572419041036	0.24324117261676642	
0.23640695549173033	0.19589220275769928	0.0846901805853512	0.048086706169749235	0.2919396482585286	
0.002203606013297166	0.24908483845993157	0.20760250001046235	0.10059242091884577	0.15686716662455147	
0.01993142580303349	0.26010530438771284	0.007591408014096066	0.049339325537311504	0.007480194015095929	
0.19735700668206893	0.06362190561376982	0.14163410073731145	1.7994872612576114E-4	0.333427293950519	
0.13275675532741218	0.026883145962340604	0.18885470248602806	0.044990754665843104	0.1324644449811858	
0.18425950956334144	0.13954117710215247	0.09612169210877415	0.06505924335068809	0.027362470721597438	
0.12456512484176196	0.166364109139134	0.4061672912881742	0.02493567513852954	0.266349382233714	
0.2894442575147755	0.07382526893372504	0.2748588942687494	0.23451874990429855	0.1747705717161712	
0.06639894089425438	0.1217088602595939	0.225783623301481	0.20018470730121568	0.14379196647313075	
0.3664997789419249	0.08727266291787818	0.2915984305553156	0.5824511108632483	0.27415400416419156	
0.1996256621376392	0.15136161922129357	0.2992442092046203	0.1796279837043217	0.2615875086643941	
0.26728691288968426	0.04224703625261495	0.01828228106930924	0.03895954890576539	0.06693652555710056	
0.22534454449899147	0.27949170646274635	0.28969554831059463	0.05074885492882485	0.04738477226887758	
0.13829279816624407	0.18818074505303917	0.3252769023557301	0.4384370070302324	0.0	
0.23688969413627722	0.11504060271609423	0.27116208252554835	0.14866206875040344	0.1111777504233915	
0.14444456413774925	0.26967457744745194	0.26713853114226227	0.26265135708980913	0.13540737695405344	
0.1248379127126985	0.14963415411533126	0.09207726642312719	0.20244551604081082	0.2480859238364558	
0.18114541620263044	0.05571225329198936	0.11722014082038339	0.052143060058455	0.15173422907625617	
0.23782781715376333	0.2807229635065033	0.24469630749325647	0.2667229813109765	0.24129315603207938	
0.12062252632529086	0.06317898562480959	0.08970169683637132	0.25765426037721106	0.17892819794888498	
0.15106932250122052	0.12123136143363394	0.022979294949990837	0.011267980691840275	0.2769706327444823	
0.18913881063863344	0.08189719360973233	0.09488974524263578	0.25376601911687763	0.19616623030820785	
0.36492258133769656	0.3938051179294968	0.27732430734059493	0.23071300612297932	0.08137947031036252	
0.2806902253338489	0.23182105310455225	0.1581190617533214	0.22943192768323906	0.013599009412181414	
0.1660825576055964	0.06576062554109989	0.2892893154924302	0.25809218929873995	0.015076864224908807	
0.0	0.0	0.0	0.0	0.0	
0.24798821368305654	0.42164884849801443	0.30430305145757247	0.18245215315279747	0.3143223773916929	
0.08087949339880189	0.20753833062165902	0.11648737671066056	0.19952872861742466	0.09093406752826683	
0.29747910968062563	0.2724524003156561	0.1377762171207351	0.25790476601002116	0.1742728632336353	
0.03477765242372019	0.2392100477109947	0.27963231792505444	0.20527003180036754	0.25993309496529704	
0.1858315717356835	0.07633956545105042	0.06327867270366863	0.2700522197181182	0.009262884460299804	
0.2562745689310696	0.1303266513345416	0.07769790662989337	0.10032449319764748	0.2173579053613829	
0.43036203942491413	0.36447769547538	0.26643731488191275	0.2477548871442919	0.19643731501778372	
0.22260544530579804	0.09927771748951163	0.07867605499486423	0.22994683555977555	0.014990213286594426	
0.2397067583072668	0.18956584320137754	0.40727533096551827	0.4994817092925619	0.3222515388669661	
0.13933855724141353	0.05370016302240256	0.11666095432954122	0.07192176722051209	0.2858405683731352	
0.1749520692170726	0.2845453560071655	0.24998194135434268	0.002423397697701352	0.1679045178009404	
0.40493568885632464	0.32294515282717484	0.42488008432579044	0.3744372797408995	0.0	
0.2364435660751686	0.06416978891762352	0.17436318038275092	0.12390528852062127	0.24923317998704064	
0.0	0.0	0.0	0.09458305383627756	0.0	
0.22327711574037995	0.0	0.07221218228813009	0.029499353204490254	0.14997601670733793	
0.002747187996590208	0.08678456663280575	0.03809735399910496	0.19885078558182806	0.021763312812252914	
0.2285462154587269	9.36189258847255E-4	0.017568435656972324	0.2875507176107932	0.009483664857415764	
0.06208907694940143	0.21030115685125345	0.1442671016215621	0.2450954360347901	0.19750345947173317	
0.11603027999132336	0.057736420135771134	0.0	0.06302767965200584	0.12201612713848642	
0.0	0.023754567855320454	0.02209837184308503	0.14140160806284804	0.16684054939430817	
0.04583991453887235	0.17465708495753315	0.0017038459492477152	0.25777196184904644	0.0	
0.3153262613354314	0.28840114243859377	0.2071464161587399	0.24671027331925033	0.09288865046770965	
0.08894130822224877	0.131838921617168	0.025604075467361577	0.040361150924946694	0.27439470039568026	
0.03167302647679667	0.005030199471774798	0.003866511538325783	0.10265031089094409	0.22330356041928423	
0.021218349929828063	0.24870094850858884	0.09061171766415242	0.04458873418397292	0.14324960597448544	
0.08393875545731783	0.04629715761144875	0.09672166749909951	0.001961885374752092	0.13790560186724485	
0.1136134269006734	0.08894950563071097	0.028654570763802425	0.06587099890515807	0.020387552415095073	
0.6327412495259288	0.6892640612323498	0.5197915040843261	0.3861050541775347	0.32159781930072395	
0.2150318990924533	0.02390989023963403	0.06389887036438018	0.2914365372770723	0.113423329673588	
0.004139804261677416	0.017946030260233423	0.21386124897336223	0.061450839539767696	0.06685001873066561	
0.2331268977406557	0.22257550344821847	0.2011115187592411	0.00473201627205937	0.2778033789802022	
0.09612383981337909	0.05349705971895669	0.10905527604430934	0.11473997498775047	0.15281619560669452	
0.28762699669242775	0.09977134655145496	0.11554027234985856	0.06826106304146963	0.010199143914070868	
0.1201751304211349	0.19435804210994728	0.24836560348990885	0.03712084255983338	0.12749325777499623	
0.33236994731981917	0.19889438782837843	0.0	0.18098458756910685	0.0	
0.1920025190829972	0.16920532844800024	0.22606673612271458	0.19874683669454063	0.26181897076377053	
0.2747045256464907	0.29069600766086584	0.023380374914617103	0.06479087293857946	0.13419775593857786	
0.06474284720686108	0.0	0.0	0.0	0.0	
0.0629208275153128	0.19567331685772538	0.25526307710057655	0.25690230350358334	0.26296083107418733	
0.13841993686472956	0.1696129946617887	0.2973281770812701	0.19271355644475016	0.03172844611326774	
0.1745270558709788	0.2764058139458087	0.47303715862423756	0.17566304716671816	0.4283261165059157	
0.2538743119045254	0.11674726035403657	0.06058131754097117	0.2685170823440055	0.29488795463374584	
0.2749283530342058	0.4321622990799581	0.37196708048792054	0.19293112597125006	0.24929477994024388	
0.05638264877875705	0.21430104392455648	0.008616948721106724	0.25630821384681296	0.21280025751465453	
0.13228034991267443	0.22067917633773282	0.19519173895719574	0.10846841313324904	0.022992153970231854	
0.06742613540583452	0.060303579842823654	0.0	0.21933927640804865	0.06335100248136735	
0.17599040494322687	0.055273861976390996	0.19618754382235998	5.806374026025145E-4	0.2596321709698305	
0.0	0.0	0.4661558794151492	0.4263906266131271	0.0	
0.22989563708346983	0.052789469262080765	0.2373444746883353	0.16095591948577118	5.920429910030275E-4	
0.20091351968376125	0.19366943478723778	0.045968268188726354	0.03823120851762415	0.28538583508294424	
0.2780382275248896	0.11452368584865982	0.021144204198156987	0.09808187905743099	0.09340826736909376	
0.014969221318739746	0.09073375809853344	0.1690427927309274	0.025211955314537057	0.1164535815848482	
0.47999959250179264	0.37690782865598604	0.22033876629309504	0.4236172772702299	0.13575746319129545	
0.14072395112590738	0.0	0.23201269820489928	0.4501321764029197	0.6105231216524084	
0.04191088160110992	0.07323444998798072	0.23496740188698206	0.07394850300778338	0.30010282297801577	
0.18561017326517068	0.1253845492261778	0.15206783790068598	0.0933825688908552	0.19920389862020457	
0.044194959489933135	0.2315439513481349	0.13008534727100707	0.0413582993949625	0.20799716298247828	
0.03410931276528399	0.15263728954920378	0.1285163034890627	0.0467149397072809	0.29748094660804825	
0.13208011520632246	0.26461327285993846	0.12223072515491334	0.050020500597986434	0.2345391057563601	
0.1647478349145333	0.04060066896052497	0.1308007314512913	0.2911809558293716	0.29069859850060326	
0.16291044921975573	0.15198288186116604	0.2059308974031122	0.18460330018420265	0.026281591872337997	
0.0828847057551223	0.29620148099425175	0.24830488714598978	0.21729155157756774	0.14529282423632253	
0.17961304704241168	0.08173170024350733	0.18887615033269792	0.0	0.07739044368713574	
0.1798870976038836	0.05921892477969702	0.19424426850134202	0.1891377118665571	0.07551396260268901	
0.05156748151608058	0.06194220615463579	0.026590900445134	0.10493063389642802	0.09687708194743236	
0.01877790915675666	0.14590453082053287	0.027972747231673274	0.03481730276837689	0.13584543499781668	
0.26658464436204427	0.26570549657557685	0.1965250330051946	0.26912962130286605	0.27247354277246744	
0.06670148367754959	0.24145173293859695	0.24307337052082043	0.20011472921811746	0.06172285750019283	
0.2852747825303626	0.031830210077975325	0.028231020158679985	0.12608611511407722	0.22898909928380773	
0.0033603589108167856	0.07872148161856674	0.02057887859675018	0.2051682467177112	0.11002292866883624	
0.26658671719269755	0.08400124786802672	0.293956460672619	0.23653417161371776	0.27331622299067515	
0.13203681429237568	0.2565530244863418	0.19749941614560965	0.1519976248644792	0.12764451594761986	
0.01418372598807645	0.1307053016090006	0.20195007619758482	0.061479858041253777	0.14387526618762955	
0.1896011417873293	0.04801203682531079	0.06495662479356408	0.11588435521294398	0.25126179634849494	
0.3582692589416502	0.5051898286657582	0.6025386536463485	0.3919595344145394	0.33535576709580134	
0.0	0.062034813229758824	0.008734016321597086	0.034412325567488015	0.01388737186312475	
0.2989351867129388	0.11855932551140629	0.1489511192966231	0.21534341129251688	0.2304832739108501	
0.12682622239545582	0.23381718807298596	0.2190795816984255	0.19781565880211516	0.015373814376146577	
0.15870095307700094	0.29750573618910664	0.2725382893949689	0.055747120428778885	0.23854541004213747	
0.04795899625007755	0.13531901934870338	0.18436997988874676	0.01778225098057967	0.07912824662328885	
0.14718030494852516	0.0095356919091096	0.0	0.012734720063428363	0.07990216797094664	
0.07347194720952954	0.12755717960066845	0.25788388439379023	0.22269835784535955	0.10496112779309458	
0.12460286109320053	0.29250186033512116	0.153239945993495	0.17462246563912498	0.047252958360516226	
0.1034496476423314	0.2696163781837834	0.2865224297222555	0.06215376190451158	0.15849037263752994	
0.21681919201154923	0.0	0.007437383213696243	0.2203966236183678	0.011834670154386585	
0.2557239666060675	0.203005149214624	0.17701464357160865	0.1941407493667756	0.13927782505531683	
0.0	0.0	0.0	0.25748338523816794	0.21416211799645357	
0.04920256533712147	0.11792317630799197	0.04702889583314452	0.14686595687360748	0.13628392905499276	
0.14625600692576848	0.16393453474306194	0.07505961183317748	0.1557236343147369	0.051562471155468206	
0.23918181375969666	0.016492454436408933	0.16203287640782052	0.01636463832284244	0.0799603040354934	
0.18951634533738526	0.11714660468877125	0.07638695395059589	0.014601078319886891	0.18968578142183976	
0.2953411869421227	0.12197694693825872	0.20739864973765126	0.08267523591349564	0.19739925879776923	
0.15250800912954976	0.3579031965108532	0.5381905208890646	0.10465818038387828	0.09626305250800546	
0.263108078230268	0.22707217796869225	0.21538532263600554	0.251750734190142	0.215289565800132	
0.3349246830849014	0.32292261314238385	0.24031373456469182	0.401599117769376	0.23750809422547423	
0.2161009275832098	0.2335029499877792	0.1424633293072866	0.04590572715746936	0.09317128474501375	
0.028129230362854453	0.18503084196898528	0.04419206670345231	0.09280246453592177	0.21348933771098763	
0.22316998331145543	0.18204192747098744	0.174471050530071	0.17792551441648685	0.024754337013082727	
0.2757483977808141	0.2450419811702876	0.1367888563268786	0.17877582161620723	0.029900049942142744	
0.0030906130862974443	0.029395518265556007	0.0015169016553957285	0.002556143504064257	0.05178816675766335	
0.12838163773759678	0.1366856406907445	0.0076699933092164285	0.1278583695016839	0.10395737163547662	
0.09539037084913254	0.14964927983905746	0.0	0.13607769195574312	0.0	
0.27726623177393234	0.10510528630071989	0.24313613464611078	0.18547738734297958	0.2787877939278372	
0.2550201058227273	0.13078122620806804	0.2612521705459806	0.1459003959672989	0.008713238524828668	
0.0	0.07910731388748456	0.07149464355598725	0.02519801974288701	0.018655528591174204	
0.06737126324446618	0.27216437115949127	0.2991586634672992	0.07295703453075271	0.2015371937542636	
0.0	0.0	0.032086371145226625	0.0	0.008807916602346687	
0.17182407025911955	0.2000408982616612	0.16955118673000788	0.2823974502342586	0.17238941102324173	
0.22545156453222825	0.23844246744699477	0.1383549707779926	0.19524859644611706	0.14049892257849306	
0.10263783630512008	0.05442848788693555	0.023061570886873068	0.22314163352414415	0.0020367821185712175	
0.3002553024003749	0.13678437368525845	0.050818646031665034	0.1438288568589348	0.06869752570127341	
0.06253357686762233	0.23060401585161444	0.1510674370153995	0.027395617254578376	0.21106385068874642	
0.2700364195081975	0.09084276512067209	0.07686087592858128	0.038893991578090044	0.17542340622380687	
0.14276787309446765	0.34472709782621164	0.19957354851148792	0.0	0.30766748923489634	
0.18195771514183418	0.22948294934065525	0.017561242321145146	0.15719686724625098	0.25401788470522735	
0.06732057642746503	0.23388512389983276	0.17624774331691623	0.08752442796310193	0.19336702129244054	
0.09184531259548279	0.12373231700403374	0.0022166386908356634	0.19294816917378343	0.05886576251080977	
0.14042890594719543	0.1160755497241758	0.29621448596103245	0.014398858865749197	0.12692355333807762	
0.22686663073179694	0.06333705764708121	0.29318549032068236	0.023441211280604807	0.09918003633460237	
0.017225781424716854	0.1563475136916889	0.04813425817956547	0.1436719991230572	0.21550941059440334	
0.0962277351773286	0.25497334840973446	0.12370374361847207	0.034870551771959156	0.15426180890898036	
0.21894792594428228	0.22837744330796134	0.03130560223033248	0.02732701208129345	0.1738556211844242	
0.24359912499336714	0.0	0.008197898119258428	0.0	0.0	
0.11127797796899087	0.17711286057846948	0.14566347629240886	0.27708033015635863	0.10124913041710953	
0.015873041760792295	0.2868823782431696	0.1883382837171548	0.023037591239504513	0.1063480358928582	
0.3560201730718964	0.12179081465964892	0.01950110737461967	0.29839091190704886	0.09793240092930576	
0.1426616691810317	0.2545908708376001	0.12935687737487858	0.28510159252010103	0.19986069831795145	
0.18087396909648573	0.0678046966424967	0.17349199578731495	0.10547049173166499	0.17680415294654592	
0.25001803010162493	0.2767067076824874	0.13793045447947708	0.23419410158744466	0.03689624315123365	
0.19588440245429212	0.24056437229121425	0.24135531842274674	0.04119248531163031	0.0789804936767364	
0.13069336552871844	0.07958798245970189	0.26301550610756264	0.14217252117432316	0.1652112545938872	
0.21469207782896196	0.12989543113055688	0.22657980240915424	0.2289206130348287	0.151919514013499	
0.01215323647117325	0.07777531000344502	0.0714737797614587	0.030054599310674064	0.020553927698560816	
0.3314754378041982	0.27591423163883244	0.13438078714317683	0.13213968025714978	0.08926831366122669	
0.0	0.13243171176567148	0.0	0.0023458304886994847	0.012288748322239109	
0.29631333674749416	0.07648192596385636	0.04914986487041933	0.134581264209231	0.19462711949168446	
0.1844142746575038	0.11377685591798845	0.2302895294390671	0.11217103736451167	0.16298201835686033	
0.12557762372834813	0.06711165519002808	0.1563903266192127	0.13481142701076762	0.26456077492844987	
0.17452925744149547	0.26010456207029936	0.14670074288245308	0.07391310207233208	0.24065481718043719	
0.01845751982135552	0.2771779923758405	0.1173901109129718	0.27618038544751666	0.20557643400216394	
0.2993795715417578	0.1670378609893245	0.12254424385615507	0.03833628496481689	0.03678056363902462	
0.12372447929247998	0.11523149265918982	0.10992087711152532	0.25347219558187295	0.0778008465010845	
0.1242273728905374	0.25903373814992564	0.1193868436370444	0.2070455027861593	0.062291979225856324	
0.14212254681783207	0.20201841965271758	0.06569878432319987	0.05722475236697635	0.07262925163476536	
0.013625124562929603	0.15108529122005407	0.24285863006659186	0.11970434106758272	0.2554378539099967	
0.2457252550728963	0.21814309531412532	0.6901855599994519	0.28076371648329473	0.4957162133065837	
0.24932501024724443	0.1420019245809482	0.2059069861315619	0.2229793472449677	0.22180524818381195	
0.0	0.07895857616663249	0.10172377230545375	0.09937220358954665	0.1800090094018878	
0.09978149085005258	0.1303173428171148	0.0	0.0	0.0431887086305142	
0.0024554173891786855	0.005072119818476108	0.03050318849512305	0.11709742112278644	0.13852451186247544	
0.0	0.036346972497495945	0.00850597450075205	0.10668924940639628	0.035416285074072594	
0.17961641248126622	0.10143496117834506	7.390964234724437E-4	0.1924534834933001	0.10465185986268019	
0.13323273981364683	4.3013490376747144E-4	0.2071230041619703	0.023810560295316426	0.018002080241431573	
0.20236370736107231	0.08990899447821013	0.35335205073916326	0.2592543148174111	0.2276026901915489	
0.2995859802793657	0.1726786219662731	0.12176594880455148	0.04705446232017671	0.021076621398471232	
0.13388186752633502	0.24602800964836752	0.19055487002682273	0.17133909755478824	0.008249032121808617	
0.3593605402952716	0.26774426472157203	0.22443445678317916	0.13861103444281583	0.464857485606689	
0.20340916844436602	0.15025657659663302	0.20741484065555316	0.11257502687270421	0.12953421799975842	
0.16968153430560665	0.2374270945530766	0.009201305459347421	0.09258968733117144	0.02746092802651472	
0.035135404549904235	0.2680245945965511	0.05046025230149468	0.018267183615834525	0.07882061203693481	
0.11905458494373183	0.0	0.0	0.0	0.0	
0.07151427800030406	0.36041584509201696	0.364253577611725	0.20103386598115527	0.27544451516570767	
0.20785558422211706	0.2154885142801776	0.24704269261922607	0.049419203245059405	0.21902721309596013	
0.14218917609654122	0.21697050686720695	0.09974669604701887	0.273945665910611	0.12362340147400053	
0.1956964016957432	0.27752310533574936	0.07646738054444226	0.06100244993161395	0.12165492688048458	
0.3382896590140962	0.39319534317155375	0.11811116915412269	0.3719137685769072	0.17653689373472753	
0.21834478090913254	0.31617734091114263	0.2490522684678281	0.24777699270352804	0.6418984674090598	
0.16504038319394845	0.2635014588441892	0.2798480036795634	0.09923039448163892	0.10900571838618874	
0.21998143782444968	0.23040438648323816	0.07106258862176165	0.015649683411674276	0.003099566115746493	
0.0929399667805838	0.28389038831275865	0.16907817274435613	0.04987540913503522	0.27785057900927895	
0.050933723355972925	0.01021958188529635	0.13826919491813414	0.01810997006757242	0.13165473605351025	
0.22393892275639984	0.20146221335797782	0.21585853182451153	0.24851501989552072	0.09928181994052504	
0.061522544788990365	0.0	0.19154187197441844	0.26363794637145443	0.06752808244037634	
0.04272126325062492	0.10743355459236262	0.19160931637187298	0.25850520899947566	0.29086610929058093	
0.0	0.04939709108010376	0.0	0.0	0.14688412739438317	
0.08715458372507191	0.09053878435437296	0.15739007875706698	0.2126575413072304	0.23960544888250138	
0.15795972330408875	0.02740483864382829	0.2533418537757056	0.1942085311260582	0.20761848597711458	
0.1526368131739118	0.21616259637769858	0.17900301802994303	0.1349174440003657	0.01739433957733591	
0.036433571981530445	0.11830133071908866	0.0883165703977228	0.19704601716440104	0.2886504882611283	
0.1550994252689002	0.12681362546542893	0.27230513890670976	0.261230858576725	0.09270879395530204	
0.18661500637844886	0.07216372090929246	0.22383310838662707	0.1540082585239857	0.033597248935191906	
0.28360422669580054	0.12562782719606855	0.0859881490259284	0.22853807886272953	0.17552389634552576	
0.23531513732207193	0.09943118921950607	0.07338015005493502	0.27329372418054787	0.03204494409034285	
0.13086672862111437	0.08939124338616651	0.19843574467753422	0.07364429060312316	0.0	
0.17101995964632422	0.1842003569866851	0.013688269486072152	0.0825342896916187	0.020618588293528882	
0.06362738831964986	0.15651222162344572	0.2463857745823855	0.07418115291911112	0.29520979297091715	
0.10729342286546557	0.11433531421445522	0.18361110784644707	0.23225739845610902	0.21885014038876235	
0.09667486146948147	0.10145495587861622	0.22412343254219663	0.2360658205386929	0.39853279105548267	
0.2434844249439395	0.33490187874832067	0.11520597880671368	0.25032939169855073	0.19783347428361425	
0.10869325064176617	0.263441359583091	0.20998154140839753	0.25199934731487056	0.15588227656183276	
0.22169764637924685	0.2915938282673974	0.23824189168033813	0.1621545125185753	0.13600246932520313	
0.1454132706859385	0.2376227433062809	0.11525240296928826	0.20609554668538801	0.13581628331072368	
0.24435477802382352	0.06388778214997314	0.44710599792208233	0.5188650803763134	0.3532154620074862	
0.06370982137791288	0.1541138755862384	0.2371178752926229	0.219908614015066	0.18526757150808104	
0.14579775435782583	0.2973176301757824	0.0640817377395129	0.2286694712796545	0.2593234120692745	
0.20483912213907784	0.33771760571827225	0.012228154624983422	0.11471606016607049	0.07992536358562893	
0.22836215413862557	0.25048791360897227	0.202182823476239	0.03793224549495003	0.14298998797212478	
0.19666444753953943	0.020859899490250626	0.19112554014261304	0.25104786597684786	0.18517107783113612	
0.07791699860069952	0.1332241169686226	0.14306511606942976	0.290119187902229	0.07924387349301576	
0.1687319100124699	1.718474930268779E-4	0.2025404308530743	0.15841065827893341	0.005947976510325947	
0.27206544018991713	0.09246747787179206	0.11239415578790475	0.24747099421625915	0.10149993267651969	
0.06485260324912903	0.20714632540880432	0.10956873486968312	0.23907309216380204	0.1128762863393179	
0.29146771851766173	0.2784870731831832	0.14500989092975866	0.1464968050963033	0.042124808599989155	
0.01823881110094406	0.05902634517950219	0.022756031418906714	0.28615390027497745	0.012024399857974388	
0.07560660221685801	0.008825881385996612	0.043358363267198226	0.0	0.12192635897794275	
0.028658693672054973	0.030875674250237163	0.022677814098497066	0.2288469108692623	0.2579512770831979	
0.0714813272668378	0.45135057989321964	0.2567493014010879	0.15372576380964634	0.29606003186967517	
0.25537029556386504	0.29036639682064364	0.021815628680879162	0.022088370591760175	0.13126980082355752	
0.2214186264393265	0.22238595842562434	0.20182000069032108	0.11094207872190788	0.058260568821272014	
0.08242929693494903	0.22220421385651934	0.09363705616935643	0.19111994980403585	0.03246932061178939	
0.0934309549776512	0.13771102855836095	0.02342579117855642	0.11369319039143509	0.16546773557040284	
0.2354420521042933	0.19738310277791388	0.03958681833508845	0.1643458900171228	0.2570698381781056	
0.1276752836448996	0.12047906789370572	0.16908438270616466	0.13165793805454423	0.28411737558703726	
0.0448607215890539	0.1875757510487617	0.2660373208874429	0.11535814734613253	0.23374405024028616	
0.305946020997886	0.28317468836283893	0.40520707893248087	0.4913533920066803	0.4208213168366831	
0.1822165773744541	0.05370326434729076	0.0036292049350176493	0.11187707945950602	0.05814750776148768	
0.43954194042625977	0.14038895807173934	0.4389928047647983	0.3383454287168112	0.05671729535722716	
0.1700229414454629	0.12987917959955772	0.026906423901308946	0.030127000083195243	0.22139718200002928	
0.13242149556245075	0.19783169977353526	0.22276165082284397	0.14409840275427924	0.02223991212110982	
0.21479174562261408	0.22152497093421603	0.19800312714774398	0.14358012932656275	0.2665248163343188	
0.27044164941589893	0.0887117594837794	0.0663012650279346	0.23386674625318113	0.00421590775242748	
0.03913770876208097	0.38350697328051975	0.05872983937839579	0.6894208990643097	0.20868165016088566	
0.07862373154509641	0.21144570984238137	0.2847083979544886	0.07383048258152537	0.11241968755923122	
0.25226906933024495	0.31258683124829423	0.2858470929930892	0.26200505120613216	0.15018891581615823	
0.2482870726024857	0.06139068573006211	0.08045742243324892	0.2960803180661666	0.18617689830017567	
0.20227610272882943	0.11948882373220657	0.025289822645141815	0.2081797227702632	0.07610108969089224	
0.24133385548917538	0.2756530069622277	0.2299502797902618	0.08109006187531899	0.03484146089122313	
0.34639972059583835	0.24083829325356237	0.42814179519903517	0.47660470793438703	0.2809349364827439	
0.18823622996634712	0.08177303791749552	0.16873363291200644	0.004264716865556608	0.03573737266561667	
0.1176278203869449	0.1696640643694649	0.21595747285808056	0.23105262464789797	0.01085014429537572	
0.08130169246605821	0.27261419416508736	0.2133216107822561	0.1221186769664862	0.12706516350223906	
0.0	0.02864329668585056	0.10065989118323324	0.0	0.07603543329083436	
0.02466421210300059	0.16743470452185968	0.25063174396843346	0.10853638189211395	0.09864737264584601	
0.1356702696525965	0.1683573231181719	0.2841569340207799	0.17189523872327092	0.08228181974870141	
0.3126530788761174	0.13557194226322158	0.1888431962960299	0.43290544027574274	0.10552419413658382	
0.059297824321198456	0.14309231534456776	0.2937031317460085	0.31653707723532715	0.06238542489999964	
0.25313895981870516	0.15082245669490926	0.2917876845047272	0.13544293785118885	0.14265854224740349	
0.29981931508401466	0.22013102861199527	0.1888038450195847	0.24433728192199095	0.18272276699801626	
0.010951705962922028	0.10150235203915953	0.28603925308106	0.2528170345414852	0.22145028271834954	
0.1170194398667137	0.13462167558815014	0.10881411534102076	0.1427061806493705	0.1032634050387226	
0.10775163845760101	0.09569036092243627	0.02931330084354522	0.21365846479323555	0.16056566408492304	
0.2510692726581001	0.21807928942589738	0.28324566844734905	0.026929941119870498	0.19455985771545667	
0.23750217619469505	0.26029504929894776	0.14623947916524185	0.24913368783348197	0.0030201912195516947	
0.1298725251869918	0.2928952615703813	0.21489647569341422	0.11908055327917336	0.0	
0.03366774125614497	0.2143643439870212	0.14456324980422225	0.19201511657329542	0.27000492874177523	
0.24630547810699419	0.07544438701192271	0.20350424827669678	0.04697304006336643	0.06439432360019201	
0.11528479862015578	0.0	0.0	0.15751609541013326	0.08687727671880016	
0.24524030564916877	0.2896279505549459	0.300245862555858	0.09566869353440688	0.2653532643366449	
0.24472171733255452	0.04340631799579872	0.20862056421613634	0.1651636922471445	0.24986737873265608	
0.2911981709897625	0.13330234022438422	0.3508245464954884	0.559519443916976	0.48712594352757005	
0.045994252445251	0.09671865396752936	0.265781450534555	0.03774677932336251	0.1778687907067377	
0.05712827292223612	0.012879510182302208	0.17675379872242886	0.12238085835438049	0.1109666306706762	
0.17024616142603774	0.02424580756026355	0.2997585286260139	0.1004515867120273	0.05286561132552324	
0.08991605158493299	0.24533301342139993	0.05607208310391587	0.019869166692369534	0.2001417898975606	
0.26304183284931415	0.1591784051706126	0.10051130359657105	0.2169137161444397	0.2178799304769144	
0.10242001631584675	0.07992593134292629	0.04664954164821586	0.033853956464279904	0.08397287343482061	
0.17876532605307377	0.17267938631485413	0.0774797168602485	0.056795617778439764	0.014848566121622773	
0.0054861204246769045	0.1736993297212126	0.0723484149675501	0.0933010241265469	0.2889543082871264	
0.4214637818426697	0.33243104172085663	0.14728816061173722	0.21217953095044323	0.13618370453693562	
0.1684603178540549	0.22226407263048908	0.1300207343781326	0.20091818471383038	0.1788875949435324	
0.019329575839047063	0.21306132098486563	0.2319050721873907	0.2851672901972661	0.23335408391419696	
0.0	0.14235131986583296	0.020212106445611097	0.007519851201924803	0.09592275056890177	
0.12723432697432488	0.14049080101666858	0.11116825820002554	0.2693079554122901	0.08948634109448139	
0.11130980659670944	0.15601753477149036	0.10640094578420485	0.2770451218957815	0.017170703511344122	
0.2787122847524318	0.2856207032266846	0.14833234040029686	0.12946287113786362	0.17502597681736792	
0.0632282622145239	0.16715884033243705	0.14580674554309198	0.10821212068816959	0.2986557201187165	
0.14566972129355948	0.23431580930354198	0.10549249849450817	0.0682219561857654	0.13445180604540724	
0.0	0.24071738979112733	0.1395435512349865	0.458338509148311	0.0	
0.06164080571504743	0.250233204818827	0.01316733467291348	0.21365029248674147	0.041636832685850965	
0.030825192083696756	0.24455464427565388	0.2678715480252804	0.016885929724168264	0.147615522924456	
0.16823285874852592	0.29678262251164084	0.05306106542860854	0.15919542240637577	0.1063771633205827	
0.1882047164333213	0.15946477058576367	0.28227767650452074	0.2377164314018577	0.012172046366426619	
0.2776264485803502	0.11175596094385104	0.2636155501858527	0.14050362152284882	0.17445307771699364	
0.015227746141669184	0.2821576450791089	0.1864902542434254	0.07190654190657579	0.04016309625874073	
0.03623583170490069	0.11818347676634865	0.029178644254840312	0.12545603790935286	0.10518721295091049	
0.1861731162115798	0.0805450536433327	0.22135300572438268	0.045958941635247275	0.22591797344785447	
0.10963518622193004	0.011733016487250026	0.09191149913237472	0.23334342697151708	0.11966478740694182	
0.1519058112326925	0.024223466173955464	0.10450304291229615	0.17825518656142672	0.11300247907479088	
0.08017555205075064	0.02228567732953091	0.11726834709361779	0.0014231056796362744	0.1482826342320117	
0.18819341497342135	0.22479722326667803	0.27446249036845694	0.05715045584278302	0.13596203310685978	
0.1940918076786912	0.04930912805890401	0.17729531806486437	0.007031086958162795	0.20237921069892273	
0.27189769304190353	0.2977413737336471	0.34392675556823143	0.2818021343507906	0.18304564962563497	
0.18635912803763474	0.21665955860228167	4.8637919863805316E-4	0.19383887401337851	8.170045777183814E-4	
0.14291557638403088	0.1187128263523822	0.18519498990320601	0.41826583909978826	0.2337708987674539	
0.0761682609993833	0.04745703984043922	0.11573538587243024	0.0669513278047545	0.25621492248510275	
0.28752618502954735	0.2727185560754388	0.040730261531415735	0.027589263892017282	0.2997157425743058	
0.20453082858374907	0.234534026173761	0.2584619238556764	0.1796721957436177	0.30906142477385007	
0.25638658172603496	0.1078051226107905	0.29022267004405455	0.17534973133805595	0.07371112597417732	
0.07798354704714505	0.17513106206456516	0.17285340160804055	0.007308507663466863	0.05666489900108201	
0.28417279646331123	0.026563441375680348	0.14159499232585643	0.06425244698298042	0.013632848787663023	
0.1727919138555221	0.017277206421935577	0.2158118630745497	0.025242160882780144	0.04412499567749103	
0.009981813987736052	0.2589251829385144	0.22437226188344997	0.23150639624421065	0.0839301642413369	
0.03549029215926591	0.19092642959287898	0.26873906418634114	0.17019437676328433	0.22720815563638472	
0.13439761813240206	0.023531388540771324	0.03297285489812158	0.14096181094597826	0.006750068689765297	
0.060885550016167106	0.17950597263907814	0.1088642797544059	0.2543184837568704	0.017480173391126373	
0.2049697042923879	0.06821140260070277	0.29699679401003715	0.14771069079008436	0.034536386445720914	
0.10206285177212174	0.2175794988599847	0.25503741087644477	0.10029080869913418	0.012183645612499818	
0.2562272794420276	0.09344089009753734	0.15199627491629894	0.4445379349661948	0.24334988792229836	
0.060646503233426394	0.01814996492028351	0.09384440302383168	0.2679194416097606	0.06079954714764074	
0.12737367293676477	0.24591182952021778	0.03787314752457596	0.2642249902262223	0.07473831426150122	
0.017229571151567924	0.0	0.1186368232489847	0.11512558843336627	0.1966077412591803	
0.2384313224035926	0.2856405683364021	0.06891870618471098	0.009776384774713506	0.08128318226607757	
0.10236082235910031	0.13833276659230098	0.07908423673016095	0.16073699130321684	0.2212522836944464	
0.13565939716822623	0.23937040349688504	0.2567890666001206	0.23170964582053585	0.257414629222548	
0.19356689490958842	0.25892987634710174	0.13110963327029498	0.10049784122137627	0.2233991296807986	
0.2617359676392794	0.2712980957726188	0.16585985384971266	0.162505415865153	0.058139954452426874	
0.21110077060815152	0.027590583263270244	0.2920723408359616	0.2667602743138529	0.08427124027388525	
0.0014010862846493667	0.2339891429528912	0.11504229183199102	0.20437618696359888	0.024779857037910594	
0.07949869156742018	0.07620018915673744	0.29970929409632996	0.18349303276352302	0.13625222899843314	
0.0775066750475831	0.08480081586925291	0.14669461919471902	0.02985076109038084	0.120210067238727	
0.21885562374574008	0.02014172155293953	0.07694465575376062	0.12203231853785199	0.17799622085303635	
0.11085486946565405	0.01885475571944382	0.14531082882140597	0.1536430234985252	0.1125588012342131	
0.27671330256423016	0.20728824031611917	0.17044246292772125	0.11821657793816648	0.06985191614793909	
0.14158784533583918	0.06811276299032745	0.13749468698217612	0.09236588729164448	0.07692584653289981	
0.25515903154931935	0.24102841782230683	0.11119730207813654	0.01226608836569539	0.15498641381297823	
0.05087325567776555	0.2163407845308715	0.2934938528520744	0.29159398910574996	0.11985700825367235	
7.469270787437245E-4	0.2717761062549797	0.27923757377175423	0.15281899050273556	0.010828888858494496	
0.1860214484629324	0.13791286835808358	0.1861481661953983	0.21741518190694462	0.12790087123303065	
0.24286230633137035	0.15867941905424898	0.021531485540957365	7.861799758899132E-5	0.19155770530059785	
0.2379963618933863	0.06139935110479421	0.12026971232913768	0.0	0.07954193448433372	
0.17015051819872587	0.056683309935375834	0.003021750552609744	0.1495400659686291	0.12947829702398628	
0.37029514054315854	0.32330716948505084	0.14329186911482603	0.38981856191256026	0.3985233553857634	
0.09347668172287767	0.21970227791139302	0.05011190130771076	0.1659253895513176	0.01871062140314637	
0.217031648217181	0.1942428424312687	0.12240303590950398	0.18176682866113916	0.22829554259471552	
0.13849299334402781	0.1240239294949335	0.04985052874591341	0.10592248039743617	0.17576037621498858	
0.049309953829243455	0.1014961561635538	0.038717377048625504	0.08727291780178116	0.11619634554138956	
0.12657147902552568	0.19835287505032523	0.2676325837104728	0.2411654438079595	0.21527153434439933	
0.5297553298863072	0.7790549857131286	0.6735681124442773	0.1989979173587916	0.23485706314824062	
0.06013367209825727	0.026287961586783884	0.20060059251720086	0.1780584961521675	0.23108356467063842	
0.2742479874752212	0.08424038505458335	0.09767215545370571	0.276516416748215	0.09722080509785665	
0.09372831650667716	0.2880591193159003	0.002959570273396032	0.19830675525905483	0.16712300933156377	
0.06446213297296224	0.0573412197556772	0.20024379395192646	0.2986241657385532	0.024079227562696676	
0.14500662671625195	0.06455875900384474	0.08472782875656092	0.2559500988966876	0.25294502502459193	
0.289966911418789	0.540693315152776	0.17651753852575758	0.7518864748114351	0.4603074907099349	
0.1714553724499814	0.2509548134210576	0.23317208214121038	0.08407517820340915	0.10383253607803379	
0.25967159653758026	0.19971017000049565	0.10932875960732973	0.13970137685969594	0.19568428044353978	
0.14303781550095038	0.04506977688826311	0.2478482872769194	0.12312979927825221	0.024388461663051045	
0.1845637902446674	0.2692152505076213	0.09101958110778138	0.18281225973637216	0.05254560111989287	
0.4520881218062668	0.8187681842683995	0.31516528883647615	0.3843288125342195	0.5254496386986147	
0.01357263784384072	0.2777669663750197	0.16716810398193988	0.1063747296891519	0.0568072437453465	
0.15522202930646878	0.19299442226764513	0.0876988129937793	0.122182446317406	0.27482262549754854	
0.25447604379132055	0.27670777728082385	0.20096299895918737	0.23924429508089853	0.22729620710519216	
0.0025317850193113576	0.27742373398262715	0.27784510509936416	0.21673876371130416	0.18897783116306732	
0.0	0.11918722005502787	0.1775083337576812	0.0	0.0	
0.2078481771801608	0.2251983048475453	0.19905505983724994	0.24584583056422898	0.17330632301051116	
0.200887885994277	0.23755406526894088	0.1898485844277259	0.15166874200582503	0.27354823265025685	
0.09974177704697038	0.24557235156521828	0.0	0.13060891964260712	0.0555985777815704	
0.12742123838152927	0.0	0.09191981732926127	0.20888755057658645	0.0	
0.2575488023366263	0.10152555226605418	0.24106720881356664	0.18694274630636443	0.1323216068789063	
6.712095309822855E-4	0.25292962027476307	0.2639105286320138	0.03224430872037438	0.2177950705392443	
0.2614357486878539	0.0054576255855226866	0.0015270171029240635	0.12624817593749324	0.2997030381819855	
0.0014004403213181522	0.10306662950595738	0.02391704583628267	0.013823352905388662	0.11370782258910238	
0.004337096706695569	0.13897040888271978	0.2787162749542235	0.29664263180023404	0.2512203392311615	
0.10800631192634784	0.18401292878653494	0.13984544768524682	0.24969666269103805	0.2735787153746635	
0.0556634028461625	0.03390879104086734	0.060691520972838836	0.27532740924884236	0.14442703729024495	
0.03278510289713309	0.1723175264128369	0.12257263910536717	0.2589123268731735	0.1975809311120345	
0.18793159781784718	0.0043810774052194836	0.29468069011235704	0.22562120976248617	0.13575088502007776	
0.24624964488884504	0.2353307152447872	0.2192179469425803	0.26008416314739446	0.14026992947020597	
0.17587708317847114	0.21328486037969405	0.11735464866236849	0.07303277318306821	0.2375374904989419	
0.07518734705508748	0.2577502045241877	0.22911507224222505	0.20931808839689214	0.10141913398580844	
0.12220278604150896	0.19881048147216412	0.36230370511948895	0.3633102440513134	0.0497644680461924	
0.08551104078420078	0.2716662169513555	0.14957150865593022	0.09670546469805251	0.11561281485495603	
0.09151626980252747	0.043952758725206584	0.17322246486229043	0.1687279268891185	0.11573659218965526	
0.013025278035067372	0.0474990267998735	0.022584634701296093	0.14108768686534698	0.27753568585876237	
0.05533313784941055	0.048536542984869084	0.025704659078159293	0.06322108137641255	0.23126927740347597	
0.17061279207694838	0.08207604859937093	0.28160916112839535	0.29559509577863	0.031680581739895596	
0.18288788627483163	0.03507703604112401	0.24785062469008767	0.0032269691943370474	0.27926424438114916	
0.014904267755873083	0.10369013861872788	0.12969796599433878	0.1651970224603108	0.05309142904301089	
0.1560553108436938	0.061016459905880054	0.11824935762698771	0.36992359091780497	0.08068711207998963	
0.11504870161829527	0.21531641627375764	0.05821596562316418	0.17932377222433987	0.22941984271872004	
0.149059396015967	0.09674598029778829	0.2983648774317701	0.2845458265357582	0.23361367246037398	
0.11039327347119601	0.12885227895125584	0.14677213500593173	0.07481294748651912	0.016026382769395647	
0.27936788108631977	0.16217705479685118	0.1694341539043125	0.17807065755181573	0.29511051695154017	
0.04297921418625849	0.2998960027369572	0.298000278969498	0.15811057027331182	0.2184387145883708	
0.08030604897772418	0.05620906187500763	0.010626545292110625	0.05306951220285841	0.14787733477205633	
0.10879400982930383	0.0	0.0	0.0	0.0	
0.20744911815130557	0.07144807711152815	0.06351322802508509	0.1593525085663212	0.21997215973364237	
0.1824638622937316	0.019882118793543117	0.1716354159612249	0.2934263697454083	0.14757044003505568	
0.21777198159057284	0.008126541519016015	0.28074567374304243	0.052293242425076665	0.14582102887706344	
0.27110707429747855	0.2519851430714642	0.10915081580177588	0.08961760016657226	0.2175236191718233	
0.19700243681142368	0.16995539546557792	0.29403040635548783	0.2489749597145069	0.09917568833473976	
0.21079657120430714	0.2714555147426889	0.2868725671621006	0.20312726363915867	0.0321874030516641	
0.06795614037684697	0.07351453432126905	0.2598892347008089	0.08085760469884382	0.2333823638719029	
0.29762882873878094	0.03742969655292757	0.21515734610552212	0.11679474033347202	0.10848829176144281	
0.24002612313819344	0.13455063269827014	0.0334680454880333	0.18589792134071814	0.032597808167245224	
0.05285368106789185	0.204281545290582	0.026656225046184447	0.2303379274625235	0.1306537917977054	
0.1915668730937716	0.06281964362012031	0.04338735648874543	0.09276982629584914	0.2133618113158775	
0.16549635073180957	0.2355463240162216	0.03581339818718577	0.119737254850583	0.17904829693757462	
0.2753431218411707	0.27943935415502513	0.076368466252522	0.12302422502341767	0.018912591623182207	
0.04000694660719623	0.29495932038318645	0.023088005659118546	0.28568855079671623	0.20571135349102032	
0.10043502345200397	0.276739275847627	0.22470490779767355	0.24513316497901827	0.22260350092823766	
0.021948183937542796	0.009582201871016372	0.0394534868739304	0.23014483521247334	0.27288753506233127	
0.011325320076646755	0.02321001496626913	0.2289967482744336	0.07898364594726627	0.13385592288184156	
0.20788084675462934	0.1675646773189066	0.018928776468417872	0.11551481683984853	0.11852872946539326	
0.18251814914389058	0.06892270025910274	0.11625898139153631	0.0987363429150455	0.24292260459222292	
0.07905484625715785	0.22438510786444832	0.13339240598541455	0.028633973643929275	0.27844391860075657	
0.1939482026973967	0.0271933457055048	0.2157236682379347	0.4162121736524627	0.25091772904205384	
0.026961497879380677	0.1929188292476247	0.1560117771610838	0.18157406050697775	0.1951209840424529	
0.2551925822018462	0.2690404080645139	0.172911856373378	0.21865280428195571	0.28145941736431096	
0.11562497189063187	0.01584921699557491	0.05938078531358233	0.009876765752082054	0.09308650349706754	
0.06547080519487689	0.0673632623894366	0.28842153588761854	0.10385245766541726	0.03156530453110634	
0.08747865946267881	0.17173272321411415	0.2294587365180243	0.25329743281145206	0.2781739920448586	
0.18779918300611478	0.12523037393632397	0.25576958768184954	0.011574374173750976	0.18928445741779887	
0.016715012937417627	0.20439441998115088	0.14955495190315468	0.1673085161741849	0.18889117607435887	
0.04328335010904117	0.06637203477331804	0.2855260501009184	0.20061945228683645	0.28965820183539565	
0.1673406032691528	0.2341025987075773	0.21716295989597573	0.12265199087531338	0.0665847669593155	
0.09403391626074177	0.10122863674948539	0.25795600712297967	0.28495052770256846	0.21193984578705094	
0.2316672012519383	0.08242201291298702	0.17561712832966064	0.17155147764686107	0.17391023685869442	
0.19719398440878796	0.0031185603724645096	0.02079869112219521	0.006394452218524615	0.1806281798992372	
0.0964044505030781	0.1301719455965395	0.0608127652448052	0.13204875256267967	0.28739554232637377	
0.0639303246932559	0.15482445508448237	0.22034057931865694	0.09657188926443679	0.20450299640590183	
0.1463033415076865	0.2103760661112251	0.21871720502408426	0.10287476848018283	0.08707398659990581	
0.020099383272725636	0.1484330188828229	0.2008584633814086	0.2848920886664031	0.17610681084233096	
0.05397323705450349	0.27853263068357614	0.05903368239476861	0.07754098623204302	0.14557098863279858	
0.14526299495799927	0.08044717258736701	0.2255447371205526	0.21655517081311895	0.1860447467500091	
0.1970996241200798	0.1987501911351281	0.028899607580277795	0.22325185913974463	0.003106456750850754	
0.0035367461684641848	0.08088165277340668	0.2530625907220555	0.26724449456226257	0.24681655744947498	
0.23157002025639456	0.051024245683636005	0.02076260068815933	0.20973425335813042	0.27386530265487175	
0.13452068887570334	0.12860694310976778	0.031430253558140296	0.22464125267185894	0.09893703481002064	
0.07689065354755982	0.12081980490490096	0.15704078715999387	0.1353698083131542	0.2862883344759886	
0.24089783975855333	0.22721565883753853	0.05584421231295507	0.2154041036885417	0.024187068977514	
0.244925220077491	0.03689146672729724	0.2314378581010658	0.08715476642852087	0.10946138976338836	
0.10820568538207308	0.029973282996914527	0.2174101427813128	0.17235159784685114	0.2870735881069212	
0.13904887906942293	0.021168362809874785	0.10180331230773088	0.07261045711683516	0.19310679132656947	
0.013815862208728892	0.014528367605150814	0.08080766450266953	0.15833107225751428	0.2346931324620292	
0.19136159045191006	0.10354029830800597	0.1872556961841241	0.26954309241144764	0.22690109249056603	
0.034981653826113464	0.0	0.06770005740979472	0.10617852914665342	0.07737679476235672	
0.24813583649015902	0.11051561353494295	0.051157375571044016	0.08633291862611098	0.20588978668111615	
0.2933185184646329	0.14295491468590835	0.05083788734680698	0.29126920847367394	0.23296350195851884	
0.014100542497163176	0.10769841366802929	0.17989744172748395	0.1361364472256748	0.18030828754277284	
0.2529894538960005	0.07844368111986384	0.0027032840128125737	0.10804159577185882	0.04922034144223057	
0.2967115728071654	0.1357815591090303	0.27219310632775384	0.2668351141443516	0.15138517070517538	
0.27639208813189436	0.03013415791366469	0.03209150481581762	0.1267406745761332	0.16847501211304192	
0.17050427145304184	0.15844836187922787	0.13220925873978107	0.22094508742859034	0.12587479413025715	
0.0425756909559194	0.05589702257561974	0.29448719092154857	0.2776739329346334	0.0014762039443664747	
0.06971351946925645	0.04853741427935905	0.22479381606545304	0.07134339544942983	0.06386342414260539	
0.18175385910522573	0.013006302523092728	0.21503313659030612	0.10758504082063043	0.08589555310411756	
0.18425610297436837	0.2276065127450261	0.13207698133370538	0.21821741401360817	0.2431435129742257	
0.22067765053987679	0.020476911463357454	0.022008135939189894	0.0632781070627697	0.26008100599789447	
0.15441241480161816	0.20867966922704514	0.126658279565845	0.11620628768259217	0.16082609082193208	
0.17568064245265705	0.2525535485512792	0.22275804134263436	0.10862306304514069	0.03485413327534895	
0.11769763407731232	0.2298403317485806	0.0519397147048812	0.2882569524682694	0.10140863669573459	
0.183883145106819	0.28646812261134086	0.12622227348846893	0.12741503144361138	0.09960345088910268	
0.16846599552027589	0.1541940920683924	0.19060968945050902	0.08333354394343279	0.061614330004598136	
0.2649276267135155	0.23405925217732199	0.29943657025623177	0.09790416001351174	0.009141800372277619	
0.2992200795525239	0.25363254378779615	0.0015998886032313438	0.12748665333620657	0.2973100942314729	
0.09887702517455185	0.19647640993208998	0.21799874816281642	0.14942913062151494	0.0389420337293254	
0.20938573843370487	0.23668997444864845	0.012275246490993168	0.23330239786793863	0.11092217508502399	
0.024832938392243698	0.1482471307570498	0.07307228914690762	0.16463754711825473	0.27045950811615665	
0.11279377303356253	0.018069769771326186	0.22459216078386007	0.0060990099090977275	0.020589404396601313	
0.03975225596806551	0.0049169838336598	0.15732831396041183	0.10372700875223116	0.03536887428466751	
0.15010168078507458	0.031627949294039455	0.2097758551170742	0.02857691740002545	0.2592339613760527	
0.1546092658533895	0.28845501212214514	0.07753946689466144	0.1767809414445375	0.22747916145973626	
0.18647284320500318	0.16253191268189898	0.12427830261449954	0.08402489539018686	0.018042953419188157	
0.12245484100141854	0.2456013352014145	0.1983468440850342	0.19364193365032348	0.15449875400717644	
0.15403346973858753	0.07659818017376553	0.07843540702563422	0.1804555903751861	0.10771763675738463	
0.2501143695679201	0.1181030127445651	0.22493377471338324	0.29456024936303377	0.148919435011985	
0.09116396928265398	0.0321423816794309	0.19392020016351305	0.02038859455380299	0.06445820467163824	
0.08350924902862518	0.18563179186380876	0.2118900463374863	0.1951848625685563	0.2516861784403966	
0.09484383158558864	0.20942568573904474	0.07548029744663311	0.2595670055141255	0.017860484081624786	
0.08615573419722	0.137429585171933	0.28007012833445943	0.034681574254310024	0.26690307581886735	
0.0	0.0	0.0	0.0	0.0	
0.19781609331482236	0.2864319895279573	0.27932650711019874	0.05496265207366795	0.1963154036523056	
0.23950936221721397	0.012830672614570958	0.040579495288021586	0.009791997299895371	0.15793203099161746	
0.06366658614778468	0.20235726147709093	0.16729338062437998	0.26737823183689363	0.20566293472648753	
0.2207668029686322	0.23899605932263682	0.05467538075286579	0.2587973755505403	0.03746738080416249	
0.10416114869439047	0.10508037711623475	0.2117477898965904	0.03157278368218751	0.19429128118770775	
0.2912564271034848	0.07186974393511929	0.26254371417643274	0.010539690955290044	0.03037647299268898	
0.23909097045191097	0.25189980263844175	0.2613637606018283	0.007299943277921887	0.22468819792469483	
0.18623526965914425	0.24181487355406012	0.06667403026040271	0.06611530547289889	0.2028052137645967	
0.22782264701893146	0.21936602519462284	0.2020495318297621	0.07881113565285217	0.22359396155883524	
0.05080207656261744	0.09390565454626483	0.07051233964651239	0.14185507137504272	0.10140496648867951	
0.2989300382998881	0.24345795353199173	0.16645271636975104	0.07798650470871292	0.1999645005677792	
0.009423920832552623	0.06940954404616699	0.2843416444352286	0.12085710516578049	0.02814098695733889	
0.22766365760263174	0.28829584635590294	0.24667643683038265	0.03786000042945813	0.2947061076346392	
0.015266331676263359	0.2808555963605435	0.07758637598990359	0.05349730299599848	0.23501567859880307	
0.16715620373673637	0.009837150202182975	0.2808648163368543	0.014993608911312444	0.29856363709715295	
0.08966372128984933	0.20935972170817113	0.25243793328175157	0.028462052290889335	0.22239442521446365	
0.18754848003069333	0.1265639360484906	0.19560734230187307	0.030061828783877687	0.17366663319689807	
0.10890837492150283	0.2469467009704112	0.29024472286116026	0.1094744727310328	0.14023304072698103	
0.1440877199831305	0.222473496393082	0.2581714090049083	0.21527556738742995	0.10363004292241301	
1.9370990818873732E-4	0.08199234874661074	0.2443762812038409	0.10709503757091028	0.010490650015366813	
0.17882927988322622	0.22416518036279712	0.2895402194888334	0.22752445747481936	0.07135789174509014	
0.029042691967104	0.2841171649521991	0.16751575738934396	0.28865637326121096	0.14008292257923483	
0.2720546085589869	0.2699375494309966	0.14324324050765966	0.14871807847383087	0.24648148644004111	
0.19291954627606392	0.14848391169511088	0.1270286941114361	0.26596332144676366	0.04089415601392321	
0.17725361102502177	0.015857613935893675	0.1280741389459252	0.02480643132396195	0.2969264997377949	
0.07984937442059467	0.2518250318965347	0.02473544717361645	0.07168944009759817	0.28608247969031014	
0.10493794718118807	0.1602749366878944	0.24392627733539132	0.1006277845637211	0.2701633859856423	
0.07857322005723337	0.25674405051296095	0.05338445898043309	0.1777341390114378	0.2547240145243663	
0.20073032128020613	0.09367806911316215	0.28952786085673915	0.042694995811965335	0.007159164611993502	
0.06861065851188748	0.24416539611714885	0.25046233313907634	0.021082666670342195	0.07086466584429525	
0.12347112777134366	0.09154158509788234	0.12882148647249403	0.24803365691478763	0.2232476805005975	
0.05239564067203429	0.013831087168953485	0.13151434828592282	0.24684425021334971	0.03350419316306637	
0.15347015609211645	0.23290206910066433	0.06838843937857382	0.14951086875483383	0.25466689893001865	
0.05710013117140952	0.23296545397089924	0.14593441351670852	0.06921482099778455	0.12502774763436073	
0.18185794014349208	0.25091097175555493	0.20454081400807853	0.03734394193539205	0.016119539660281755	
0.20123662876671358	0.1742505777951171	0.09993473838826829	0.11579328288529954	0.286937364277441	
0.21708804529992146	0.21581916096510406	0.25052406287750395	0.02113559066285921	0.22321852208046739	
0.0764023324756903	0.12609778852719183	0.09343455189404369	0.2865922322835088	0.12128039807515503	
0.21392612937161107	0.1668066008255489	0.011569565273316066	0.09574506461258132	0.011158677480723899	
0.17787580748509255	0.17119890609179145	0.026857146296503192	0.18689526358907682	0.24650695275425652	
0.015002664235172661	0.03728473846221093	0.25216546495351827	0.03554446761659789	0.2966838082038769	
0.04844405729122855	0.2999626027212039	0.2046893646810923	0.17555942196073107	0.07405668499962736	
0.03709174355016155	0.1679857200998176	0.2186343249793216	0.07540337368858166	0.22729460421257347	
0.1224179059026647	0.10578143403979483	0.0447855168799535	0.03777974909046121	0.21814770768091785	
0.2040830781488487	0.09840849620106272	0.2770227459260411	0.13957100209884515	0.15377081196820558	
0.19715167593084165	0.16813507010428091	0.1251259735303515	0.1580745512330847	0.2740479693707966	
0.2995054220500868	0.08242795074393716	0.1445470654506099	0.12712552368997684	0.042730904042758346	
0.16614662105479097	0.10494516707657067	0.14087910359542855	0.1165805231979074	0.25698360187771635	
