0.27679933086400993	0.029205824491262848	0.3002073038750149	0.12966527788682577	0.037025729565954416	
0.01492284030608916	0.2705656472333075	0.28152594982355167	0.14577186317261887	1.5952548854516755	
0.0	0.0	0.0	0.0	0.0	
0.0	0.0	0.0	0.0	0.0	
0.0	0.0	0.0	0.0	0.0	
0.0	0.0	0.0	0.0	0.0	
0.0	0.0	0.1731710738550984	0.04143954519686722	3.060654767642561	
0.0	0.0	0.0	0.0	0.0	
0.0	0.3175477634989307	0.5519381222302427	0.5141137676917816	1.6215312593530113	
0.0	1.5718906210543833	0.27001235256480954	1.1169754535367062	0.37977687285429795	
0.5254234672951432	3.4305706664103246	0.42367904960450264	1.0902614441328577	0.6950657863615453	
0.0	0.7871299660215542	1.4084387977583077	0.1916851354836064	1.568158612038173	
0.5728009437387891	0.774337032538693	0.8107811165790689	0.16136417160058406	1.0013814152501708	
0.0	0.0	0.0	0.0	0.0	
0.0	0.0	0.0	0.0	0.0	
0.0	0.014128966543241986	2.1664815510549493	1.6842926461874965	1.201562150165178	
0.0	0.8113359785274712	1.6921869474407545E-4	0.6295753169504507	1.847797344367075	
0.0	0.4051928723979742	0.6546961307450309	0.9100982384881057	0.9493326011033764	
0.0	0.07509247265847487	0.7920250282619332	0.497911873338532	0.6129200732076038	
0.0	0.0	0.0	0.0	0.0	
0.0	0.0	0.0	0.0	0.0	
0.016782049103636842	0.3415619159446554	0.34710471208275917	1.256837640458751	0.5802367162520424	
0.0	0.01855527807654094	0.0	0.2811418124243771	0.7312148700786599	
2.732283930708794E-7	0.7556216203777657	1.2634575061910998	0.6045365445498917	1.0276504039675363	
0.0	0.378622420545422	0.0	0.02289500718912422	1.8019470280897436	
0.0	0.0	0.0	0.0	0.0	
0.0053203920026747755	1.0855347444417598	0.0	0.6950387691635089	1.2374117439249122	
3.0698541038579847	5.27054257597193	1.211902903692604	0.0	1.4095863668045108	
0.0	0.0	0.0	0.0	0.0	
0.48144190348900934	2.1418152531348484	0.0	0.4342693070285648	0.4528767550731258	
0.0	0.0	0.0	0.0	0.0	
0.13322232623215785	0.7610911021506694	0.3333229913435183	0.4539210543790267	0.8661477945129327	
0.4424111153583043	0.9088672922433312	0.20426039046516842	0.2792004688459442	1.5702258978317778	
0.8909088229640203	0.6805199121781144	0.7598548014043255	0.8668628484172437	0.13658143191352098	
0.0	0.0	0.0	0.0	0.0	
0.5512759449793324	0.39648053003886685	0.2306437055401174	0.5785281931717422	2.4669950746098297	
0.0	0.0	0.0	0.0	0.0	
0.0	0.0	0.0	0.8157895754647606	0.7840571373534931	
0.0	0.0	0.0	0.0	0.0	
0.0	0.0	0.0	0.0	0.0	
0.0	0.0	0.0	0.0	0.0	
0.0	1.9292062723529837	0.17465426584500882	1.769742745235137	0.9191274716921978	
1.4507446160267594	3.9678707269522078	0.15158721780234394	0.5464079654574783	0.6728439889293859	
0.0	0.0	0.0	0.0	0.0	
0.0	0.25082912132287116	0.9804259502166474	0.9208806148367886	1.011947552732701	
0.0	0.0	0.0	0.0	0.0	
0.49791278030096636	0.9668911579875399	0.3337976132271669	0.8442486969512519	0.0	
0.0	0.9748290822525901	0.5593220955659084	0.746651687417211	1.6527234433400724	
0.42254554423545226	0.12797730843529462	0.06759463546278041	0.37774634673656543	0.5670486439968171	
6.349646535541868E-7	0.1951994581998669	0.19326079989394965	1.1582429509888423	0.8246226773223547	
0.09151380070985816	0.6361440668881376	0.029522491881638486	0.1282890858637755	1.088613983626607	
0.028814574431541496	0.72937306421429	0.7447859650272736	0.10153767673801113	1.6035145738492467	
0.0	0.3097689956872107	0.24596176594463529	0.16319076889411405	1.1977592336132508	
0.0	0.0	0.0	0.2361737696487618	0.5778349706416218	
0.0	0.2603538356965198	0.41054153103726365	0.2350489853009026	0.05117051475464429	
0.5236063170394497	0.36818540991625587	0.588531376059713	1.0245742497724124	0.9913524547002358	
0.08291873833023934	0.5118384634602738	0.15566178517275928	0.1096005892575308	0.18094333728795256	
0.32010481415344477	0.4671228382542727	2.496222778218706E-6	1.0858431816879963	0.928971002366356	
0.5620981247901393	0.3087201536039646	0.2272914513646225	0.9140670565572878	0.5419661791715588	
0.02757248558159029	0.0	1.8141828235001602	0.9957076607598255	0.3622862751718606	
0.0	0.30429441632225185	0.22352930844118346	0.9008378250530478	0.5849137926807786	
0.6453158012341963	0.7616342371578124	0.17376437432154807	0.028977327560098153	2.8191385593319933	
4.74799411434537	6.449092792100875	2.5540444809669207	0.0	4.052808361347462	
0.5404713412325892	0.1370793996825935	0.46873969552824835	1.1363117641651397	0.15657815768639138	
0.7208103519521708	0.5284106714468244	0.6315497338241604	0.5603965516336239	1.4177842931451834	
0.19494574691748767	1.0311082556093538	0.3679495941832277	0.46692160194495674	0.9982858947263404	
0.34566684696572625	3.0100110278579286E-4	0.012415837889851079	0.9720170254705581	0.20214927243925293	
0.0	0.0	0.0	0.0	0.0	
0.0	0.0	0.0	0.0	0.0	
1.280708031153409	1.4200306898317752	1.0358656314429742	1.1251379149701874	0.3740702045845798	
0.0	0.26447585380763095	0.0	0.4161386715656637	0.38949809219575526	
0.44555095479251783	0.6280916315050933	0.24621347528637824	0.0	1.5475751281319647	
0.18024611065185717	1.003186702864918	0.8542425579222638	0.264727812845256	2.60151218272711	
0.0	0.0	0.0	0.0	0.0	
0.0	0.0	0.0	0.0	0.0	
0.0	0.0	1.9212461891484645	0.1777403015806692	0.5553637730845145	
0.2518375807373411	0.0025996879151264332	0.8927266554133519	0.25594313167051347	0.3637096588462402	
0.4536346419907149	0.39371678054666964	0.6725653692426092	0.19070261064807095	0.51106095329193	
0.07172960461744429	0.3724255191460989	0.004394378899026517	0.48450350708558604	1.259117094825868	
0.3207841883532423	0.6950899565594924	0.1584765319914605	0.5208301036277255	0.74509050371804	
0.0	0.0	0.0	0.0	0.0	
0.6515303094751047	0.008495923757793927	0.16429716218115437	0.5443352269701179	1.10311358127371	
0.15060198222129653	1.1459130146752157	0.33321472081834913	0.611542116142148	0.35299337318260415	
0.0	0.0	0.5884735309150415	1.9734905715258833	0.0	
0.0	0.0	0.0	0.0	0.0	
0.0	0.673534171100578	0.0	0.42368522851168416	1.510665332794932	
0.41122450203467564	0.7480784417847327	0.3699137020959149	0.16298837785627943	1.164348370476131	
0.0	0.45091950720814034	0.1694500412129068	0.830976931204564	0.24910015966027302	
1.4244518015875791	1.4411713586015817	2.132755787507066	0.2511746355007758	0.46243963998420046	
0.0	0.23330869994999517	0.014306016924494692	0.6954388770300352	0.31456355370216016	
0.006702227612425647	0.07163021458713399	0.08470929774006977	0.10591922424500379	0.5988512171812711	
4.5342440439428655	7.87788252088538	0.7888416241023919	0.0	1.6061282075713488	
0.0	0.0	0.0	0.0	0.0	
8.429820474238368E-5	0.5671110493967286	0.006142410988648544	0.23663042441944465	1.1109666407643164	
8.157901992867913E-4	0.3148338802940529	0.2005354458926249	0.6591935466258468	2.8721521702620816	
0.33845677309456446	0.4253596516353302	0.22835673733519563	0.29303653234432003	0.7111719515339179	
6.450885357843302E-8	1.1548167817600483	0.08028697625229822	1.092520207058548	0.6934559902448231	
0.1469968303109485	0.7592981225307677	0.29594612889331423	0.35964691710656016	0.4586125816340726	
0.9006704459304948	0.2206120338072046	1.1752678010423718	0.8323447388018468	0.9170861183218587	
0.0	0.18016802455624314	0.0	1.4286397455680238	0.44693952163162043	
0.017294630900938246	0.26952900867724666	0.6623281068560556	0.0366026611555099	1.2401633735310402	
1.5882676614753173	2.7682965664006134	2.6095219277378576	0.8631841451079502	0.6456774722825123	
0.031004838297572758	0.029455070793013856	0.6523054029781167	1.0168721776387737	1.430805538105392	
0.3973269202837454	0.46319501820184567	0.4732925636989481	0.3247936021757669	1.5527447327881752	
0.47828159715240237	0.9529884766777562	0.7128749711333587	0.6630975696464635	2.0357526253819453	
0.09255654677209744	0.04587351574707289	0.002550226038928382	0.998142329896259	0.13278175454454444	
0.0	0.0	0.0	0.0	0.0	
1.4630338166898222	1.1250199090211523	0.5880337963454074	1.1051631602020768	0.0	
0.004376237485909503	1.5333130452155652	0.7881234968257255	0.44107195104065683	0.37564619457593146	
0.0	0.0	0.0	0.0	0.0	
0.0	0.3698903570294066	0.0	0.6062580012353497	1.6381704709608147	
0.22712033346849525	0.2998721203415301	0.3246449747599811	0.39196599778584634	1.4350868352383788	
0.4548702981528098	0.9430684335476972	0.6330683738438865	0.258634050909338	1.37647528910206	
0.012130186277250526	0.08719365287819672	0.6509419595930536	0.4845870513739765	0.044852460099503264	
0.0	1.2534925854970442	0.0	0.07489862803110528	1.2709635447518044	
0.8489713299082471	0.3288163188642343	0.22703169767130033	1.6012450626531063	1.032376735736306	
0.22620920362290045	0.03760140461022067	0.4539854610836702	0.0	0.7407187310099258	
0.36846316391793876	0.5501374106031065	0.369283489926395	0.7047128229778201	1.0807626036048115	
0.0	0.0	0.0	0.0	0.0	
0.4263910245599458	0.14066558218355063	0.4991669745290405	0.5557394974596804	0.865500945162588	
0.9811096109170097	0.778613872073831	1.0572622907278832	0.27631724954455084	0.002546220029951228	
0.0	0.3476384617125192	0.7850459024356672	0.6675991135090474	0.2659193171958509	
0.6047066298328175	0.41258015315146973	0.6995475197940901	0.33712484475243387	0.4994164059003476	
0.0	0.7657019594594412	0.6430851719188911	1.1358295060310788	1.040555180038027	
0.0	0.3945366412198291	0.0	1.122162459944075	0.6302203558153079	
0.4076692636474214	0.4588344592726662	0.6202422512576623	1.1497999109012116	0.9421030575738915	
0.25382475117782793	0.36133234978787476	0.708690010852072	0.5465355621780617	1.8523688137326857	
0.2524961143219153	1.00148576278491	0.32567690950201783	0.8522155176715227	1.8355358881560822	
0.1844182157113016	0.09530091283569822	0.13692785945675776	0.7812804688730418	1.1974999780279718	
0.4144592506082693	0.0	0.004485273668193461	0.28068511444138816	0.2982449983459919	
0.07511510550870584	0.6305224240208406	0.0	0.7975401720900973	0.6554940783078824	
0.14625302453567776	0.5928619653943012	0.04302408980103232	0.4634814955157848	0.5588574050534698	
1.403457558771563	1.5813275766875015	0.4603430179812502	1.0948323232939223	0.047349694114026834	
0.265673687594114	0.22989157450684158	0.6640204468446261	2.2255808737257284E-6	0.2966029437312707	
0.10480091731592814	0.37405927604416184	0.5002020566663107	0.3654002911778101	0.46894797232850455	
0.6283772701035344	0.5757330985464343	0.323280016655047	0.7221942800873066	0.5971483507267586	
0.2428899951115903	0.028716524047671072	1.2719352965763817	1.1728088293129255	0.6449369595995745	
0.0	0.0	0.0	0.0	0.0	
2.3059435793298803E-7	0.012992486910400206	0.37283700869232844	0.4920790475441302	1.5515966098244636	
0.605330101526822	0.027453509869218125	0.2488853712419889	0.555341924797148	0.16939816309897265	
0.4368087272789753	0.5677377805412696	0.49496683954896353	0.49105273740766314	0.5312991719456586	
0.3920117778678698	0.31733130485162175	0.8263826212489261	0.7103083412505027	1.1912295631970284	
0.678130021611977	1.5814136906101093	0.10580789568124516	0.33727852243285045	0.5407179506210418	
0.09107573428300166	0.2411621575252749	0.6095194357960404	0.6096702942466186	0.6389515220394535	
0.08920568336028832	0.0	0.0	0.06757975825986723	2.5761651967572607	
0.0	0.10729008913861247	0.18811229624500875	0.7140741041331675	0.4394784210818544	
0.4173646533692242	0.8916871824144214	0.4684812993063462	0.7742793884239572	0.68944737500098	
0.0	0.6998443959952101	0.018462508711562308	0.45475056062395774	1.1576904509830364	
0.7043816409123007	0.25524126308201567	5.145401349301497E-8	0.39917695645562856	1.3439238411303023	
0.03807490280879983	0.1353477926982979	0.5348630444460307	0.507773250185561	1.4460543397444516	
0.029672429518985223	0.33926983872509453	0.47579594374586043	0.7613902248640471	0.700930017201156	
0.3165430507249818	0.22880721574764754	0.4426791229342374	0.3746266498791558	0.46681923336905423	
0.009375235125651464	0.20511139722229643	0.17517134336601478	0.3916907919712757	0.7787602716192502	
0.1361070468510101	0.5261533670080273	0.0	0.22344269697170105	1.1256737567707256	
0.0	0.0	0.0	0.0	0.0	
0.0	0.0	0.0	0.0	0.0	
0.4492080702090306	0.0	0.7743322446262169	0.9717799905587126	0.34953917223284453	
0.3926958439565736	0.0	0.0	1.1036109569778279	0.8280323208176803	
0.5608279979842874	0.0	0.5308966384789855	1.5675259202026073	3.0369901154317326E-5	
0.0	0.7672837559967685	1.8962339076449583E-4	1.0226880398426763	1.3344968564484874	
0.4867053677742053	0.7011303630109492	0.5177617433733632	0.0	0.1835296637567419	
0.36711031204250677	1.3331824120899987	0.30069390675331326	0.6362155250188711	0.0	
0.0	0.3173913188933323	0.025918012091000815	0.7814401816720915	1.5471467968967807	
0.0	0.04290423252750416	0.5754187759136694	0.12309622955208623	2.002027450860094	
0.6428064810714081	0.6679645004671192	0.845531258866622	0.4197236144887752	1.1547984360995294	
0.3225049662963552	0.9454386989766376	0.2861645429145864	1.0270683739605881	0.362869194205887	
0.0	4.3271508266894865E-6	1.584459785187629	0.6183221556890673	0.3253375735362956	
0.0	0.0	0.0	0.0	0.0	
0.9876129937414319	1.1898829537609494	0.4021491800547573	0.09967767555994862	1.5339501451845423	
0.1800563272361295	0.39501195565628894	0.19690422783419428	0.13925865167644727	0.439969872785219	
0.0	0.0	0.0	0.0	0.0	
0.6586724613344915	0.09098261446440187	0.13935979000141843	1.5663322969771314	0.3941438286772844	
0.0	0.45698286037593844	0.5080162195839079	0.6172772445405841	1.4964494070377699	
0.0	0.0	0.0	0.0	0.0	
0.0	2.6899945278848953	1.474735469329082	0.3691074505889726	9.289931568558459E-5	
0.0	0.27676286561777597	0.5289337042209264	0.0	0.0	
0.5353800639404712	0.7576111650839067	0.0	1.336803148575688	1.4430241460884337	
0.17147933534874887	1.3773265667773482	0.0	0.2864072548765756	2.3539452783170804	
0.5021579743797249	0.1562100652555945	0.55269462214048	0.7742264229580639	0.8294961296066401	
4.790709104043924E-4	0.0	0.0	0.6168456417000655	0.856311604325642	
0.0	0.0	0.0	0.0	0.0	
0.1759853085190682	0.21488444623931	1.6605731157442655E-4	0.33370299385633795	7.63133558557129E-5	
0.15322206027660865	0.9104267553148799	1.03267691457985	0.2808938984626409	0.43638211561589524	
0.28981694149990267	0.22572868420583203	0.31384951333702454	0.22734454989816852	0.4407574231892206	
0.0	0.5703921016163701	0.4988453878714085	0.7819598142622983	1.6892234332106857	
0.338254693472004	1.3363068235898783	0.0	0.40212039832225266	4.236167036448943	
1.1175260482698022E-5	0.1244736813579617	0.06508009818940663	0.17315351535620438	0.7735785674524345	
0.0	0.0	0.0	0.0	0.0	
0.18760348924780762	0.9616629702996935	7.342792267275178E-6	0.07218043341543162	1.1449272068607952	
0.5606366835899759	1.7070694870435263	0.781375197553524	0.45990165494679797	1.2669006041036015	
1.0773138520723258	0.8031427991298347	0.4564932248699475	0.7599417247466	0.35482138850243466	
0.0655905465991035	0.9754680324188292	0.003252883903946216	0.18328832468579587	0.49861291732648233	
0.0	0.022832560112091515	0.29215650876890104	0.49932126056696435	1.1047646038878307	
0.0	0.6800267216778277	0.0	1.0526256261838354	0.6077368948506064	
0.0	0.15911604827095718	1.1183643791535571	0.11451095030291081	1.5326241561510126	
0.20747614405456297	0.8540540859668243	0.45283463513535377	1.3850801555988275	1.5151423317327641	
0.18402781089324163	0.2381065866082723	0.3262516809773275	0.47872361243702144	0.8942587370469574	
0.12548871045987947	0.5006786748263756	0.5743917583743045	3.9198921359361065E-7	0.15211251173674017	
0.03439554037949732	0.2066918638544869	0.10647447194514062	0.11449799215109861	0.608549753028467	
0.0	0.005792752140103687	0.019356806986629154	0.6054166487198364	0.04306958904662545	
0.0	0.0	0.0	0.0	0.0	
0.0	0.0	0.0	0.0	0.0	
0.6325653001250218	0.011822089564352392	0.2223359617638	0.700869882156129	0.78498107820293	
3.802153694617737	4.415911637847314	3.5551605370221977	0.0	4.606243036088825	
9.247656275042363E-7	0.2899803776745356	0.31187660252807053	0.4499966612167403	0.9212452673873077	
0.13140442787677545	0.7736898028849081	0.49844889571862355	1.0486735436443921	0.07585631297245397	
0.216626600815156	1.0243954800012989	0.2938795355209211	0.48675785379495934	0.3570378717244853	
0.4653586234502624	1.0743942828044153	0.3751065006843322	0.9610503743201695	0.9954892171654391	
0.0	0.29880838721535347	0.173055271085679	0.6729438981479807	1.1417272461324603	
0.22994306531497688	0.6963946204764704	0.0	0.25571509793088865	0.14345625955435995	
0.0	0.0	0.0	0.0	0.0	
0.3211331788359383	2.574170014261291	0.4584335110357611	0.4989352003484567	0.0	
0.984389471754072	0.14164413506811682	0.14828538537349606	0.6982892566400374	0.691453611262317	
0.4701663421509534	0.15359094425641348	0.0	0.06417198801963996	0.7088062013679418	
0.0	0.02117887433475225	0.21711076785865832	0.31823524827883737	1.076178039494277	
0.0	0.0	0.0	0.0	0.0	
0.4183006094078561	0.017692249534992904	0.8035580760554755	0.7064297838665118	0.1845092122638828	
0.35048034798713795	0.6024651124910245	0.061492652046347865	1.1408236940253615	2.023735227761584	
0.0	0.18490074593424052	0.0	0.5686421288099026	1.1614501047676236	
0.46920685413889374	0.5204617868558893	0.38543437167331157	1.4479320216118818	0.5505706254117988	
0.5267170759130212	0.11043404888331608	0.45707194303713683	0.5263316717169888	0.037465352776285446	
0.0	0.5500455881127124	0.2621164678968411	0.2633044867054338	0.28005424415834024	
0.4511493853753974	0.4808706994820984	0.6671307434962278	0.0	0.18176415626658582	
0.8651749805495454	2.781501156626252	0.20193863280320953	0.28272006938924016	0.5944594302207572	
8.085497083181151E-4	0.6488950784398999	0.47882873546460397	0.8851016617010534	1.427134179592264	
0.2708089275718751	0.9018146153450932	0.0974781745577907	0.010358781687182734	0.4532632959360364	
0.0	0.6821091986954554	0.0	0.6920800006047292	1.4055582665049293	
0.23041332396679176	0.289660291963726	0.309851050571954	1.2593259004943496	0.8306028626857691	
0.0	0.7077278218987187	0.42100591444316854	0.0	1.9130298792016212	
0.0	0.0	0.0	0.0	0.0	
0.4681584768465548	0.2928603030693067	0.3638147230318458	0.3637953942306105	0.5204371753173431	
0.0	0.0	0.0	0.0	0.0	
0.5034636236300897	0.0	0.1947525652049184	0.18619733604852956	0.2859006871385989	
0.0	2.876586149084618	0.0	0.7908924527236864	0.4901087851523268	
0.0	0.0	0.0	0.6526032742742325	0.4772580792119511	
0.0	0.0	0.0	0.0	0.0	
0.6227912263492323	0.4805688436037488	0.606277208801103	0.670795584485094	0.48907086782864484	
0.23421647465737788	0.638149385048324	0.5969261974917813	0.5676637559383999	0.354255447218099	
0.4197598325538863	0.0	0.3579080303490178	0.43629908067654166	1.663166968520381	
0.1782701278824132	0.5105064328066541	0.314508383857542	0.08998016835235255	0.3301339273658698	
0.0	0.8639780802262996	0.053074081823478496	1.3723940241654131	0.7899528335972217	
0.0	0.10717101095273078	0.0	0.6905233165910368	0.3613064355004237	
0.0	0.0	0.0	0.0	5.769982426538844	
0.6006267577731548	0.27921306344502156	0.2015896269980847	0.5427527234262135	0.22574321723827429	
0.0	0.0	0.0	0.36914505498213174	1.5968239540510416	
0.33476832078637525	0.6172957477799542	1.2232899407258577	0.4182331388897742	2.8570756794000216	
0.0	0.4375359731673699	0.068850544866512	1.6868708714653102	1.0867216427308313	
0.001239391916534675	0.7000478845054	0.17952636780842465	0.44213970187997104	1.7798412357544695	
0.20626840875623395	0.04483970421784683	0.36342261381546453	0.32625036765748494	0.08018415212891095	
0.0	0.7407145054873843	0.3316773851440019	0.9088904619784028	0.0	
0.38067896992350425	0.13397902954296323	0.21657217463315243	0.4958110242813082	0.7112432476070056	
0.1636535039858475	0.012129044996023887	0.4657060319930074	0.2910919113030109	0.3287315795949933	
0.0874939534438335	0.15924873483259816	0.04314821715426222	0.6928975090895826	1.3965745190218555	
0.6901422986362648	0.2948698266968195	0.2732964013054029	0.7433319867901201	0.2629768514355434	
0.07992896877350392	0.07935335328043322	0.5747905966507506	0.20121754377338244	0.5746277211075962	
1.2231822787081157	1.8286384331136754	0.5915320379305758	3.196735667130994	0.0	
0.5173861426568398	0.19529176801238826	0.2724160723316068	0.8686408142606451	0.2599504283380775	
0.0633207381596764	0.29654148980889056	0.14029033029502158	0.47206179972672374	0.9577491886115885	
0.11689139391803917	0.11374270979345727	0.8620180956702072	1.500484931445274	0.28056822654000346	
0.22108287190223014	0.08005994087459119	0.4017873150125348	0.36399721052999157	0.5337042536469695	
0.2600020942698698	0.7206246371544477	0.16075364990834876	0.20098313977878254	0.7414518960183141	
1.4092765187534424	1.636458689022253	1.2747374812540146	1.5436548997782316	0.1347867970099527	
0.19594052046889732	0.4871003271780369	0.5065820727789168	0.2418329016983365	0.19934897919552755	
0.6886633087210708	0.34006882867615285	0.06134046965130955	0.4654565982467725	0.3895490863729544	
0.0	0.0	0.0	0.0	0.0	
0.2274917437817248	0.27457364004533674	0.6988717337345435	0.2985268852383552	0.5122022918557628	
0.12705199095146555	0.3739819592100241	0.09291307846369602	0.23885535000211378	0.8950555734254707	
1.2946434524235264	2.8819148523540328	1.280652667353831	0.0	1.6461351666301411	
0.04464141846223737	1.0667881121608467	0.769452086336887	0.4703865401249822	0.5821415739253639	
0.46613459092186044	0.20104838712395362	0.0	0.18916583893496902	0.29908647536430316	
0.024253114210501494	0.5016459161473743	0.3042003406438892	0.38146283519600754	0.34656144739628186	
0.0	0.01035779558718434	0.016068223509066722	0.019704390045380313	1.122880527706785	
0.21901263266109	0.7253788775573377	0.047982562278522205	0.14874247341727373	0.26612534196824783	
0.7445572253151298	0.8288331721267447	0.8872850659759204	0.0	0.9532780724216189	
0.2888276069710624	0.836958074911186	0.5977156416111484	0.7383054866881086	0.30025510879281175	
0.0	1.4285178506516543	0.0	0.32649533164205735	1.0666712340892917	
0.647009839276559	0.3508641113058145	0.6192836148654709	0.4598842444222171	0.09527230609283956	
4.273061018308993	4.714034646898709	4.599348562349012	0.0	6.013294161327085	
0.0	0.0	0.0	0.008510699479023527	5.382730015104062	
1.0038135396718573	0.9110743652199688	0.9354830292990726	0.49692637785285804	0.025835630235681705	
0.0	0.0	0.0	0.5144247248075493	1.3082026189179239	
0.0	3.6622726260239022	1.8071726505381362	0.0	4.468262909270707	
0.8313025370199981	0.007456408193481411	0.0	0.6125664754480926	0.24989844130546301	
0.0	0.20402201419828805	0.43752231200162395	0.6443539951115667	0.5037201381291543	
0.4442155978886925	0.9439256449757646	0.0	0.0016783993365956777	0.009740434606364383	
0.0	0.29229029334850043	0.6211400137706012	0.135832528752084	0.23971268750502092	
0.0	0.0	0.025582994458198612	0.7519851706785747	3.0312010998598318	
0.0	0.0	0.0	0.0	0.0	
0.0	0.9501076266581671	1.49845776495397	0.5339083282192694	1.355988013009827	
0.18785084807605928	0.04464928151466151	0.27648439442781453	0.532004212813447	0.8649512224339692	
0.347829068617293	0.41147370969140395	0.6091398917360555	0.22143992866791629	0.33814942098952644	
0.43417657974415386	0.22570440701066397	0.4196430544158067	0.6618370009132684	0.6771295612662432	
1.7985261923281233	0.5241645364934692	0.5193796612659963	0.8138299914244128	1.8402491801172174	
0.0	0.9189984831960728	0.37931757538907795	0.5323943666491268	1.335857287747457	
0.42071251942058585	0.29565773543810825	0.48874394602617294	0.2523079620308749	0.5295441904084895	
0.052835950420567435	0.306080597617895	0.42468145750680875	0.008693482669603491	0.297219187707608	
0.39620611460474014	0.9507524134733327	0.7484815477420486	0.658569369078093	1.4368948215527024	
0.6529607834606324	0.0	0.2957427851744472	0.24420823381468645	0.796457466633728	
0.0	0.0	3.563369338311069	0.2194741379467439	0.7621523148948424	
0.5283464335767882	0.0	0.010192831517873138	0.329376175944487	1.5484279777585654	
0.6442262220994226	0.0	0.4625291280570686	0.6908075899481771	1.3236437785820991	
0.3479271776987581	0.8451298191624809	0.8901014436396218	0.9201280684608575	0.7964387659648039	
0.7529353320007783	0.31909960550245325	1.1027242690288144	1.0175180571080522	0.08331525069034712	
0.4561945557089341	0.2607142178330812	0.2702906047649464	0.20095210787097015	0.6381398003261507	
0.28622633597778346	0.8787282272284004	1.5145900561927366	0.2583152916258636	1.6217642719002934	
0.02026649966837095	0.0874419255634036	0.08025192228520286	0.4452200427186313	1.0345439639613911	
0.0	0.06583141744339017	0.02329695886073721	0.40938150551490804	4.288984402835226	
0.1604808883825717	1.0714320493683946	1.0421300404894702	0.23055500999343315	0.8577874877200302	
0.01855998198344943	0.09973320266237197	0.736706355842014	0.4693276558215754	0.6945142309865519	
0.37279368832884563	0.0	1.1300900939516254	0.730084268492265	0.5966586387244088	
0.0	0.0	0.0	0.0	0.0	
0.0	0.0	0.019048555626805828	0.23710183882894456	1.2345158284868492	
0.10794328515270697	7.488206941239588E-7	2.0441201319561224	0.9920905324608433	0.5863450768513386	
0.5139431563652338	0.4569092166411246	0.0	1.2452856518404496	1.7799785727281694	
0.0	0.0	0.0	0.0	0.0	
0.0	0.0	0.0	0.0	0.0	
0.35135715087617986	0.326632756706628	0.0	0.7340327792535476	0.7995418948956785	
0.20756948744001621	0.9140624884749287	0.4305055056506592	0.32240286397649665	0.5348556740056504	
0.0	0.006606600804338968	0.6736868787009015	0.08961507230090406	0.9769015313296109	
0.0	0.28851180124480097	0.1651957098102842	0.3355099616875249	0.041454854037041994	
0.5014250022938289	0.355813264678721	0.22285353540933509	0.39879406759553354	0.3402395082931875	
0.019428599136784585	0.875625405865336	0.0	0.17440884696334702	1.824609646767972	
0.4253936101401272	0.397375233812637	0.7986611179920935	6.213563509707129E-4	1.0784310067018161	
0.09686685088048536	0.6122160857951918	0.20723950159077914	0.4657573571385628	1.4867582144565965	
0.0	0.4066495088381907	0.5536387042694825	0.3913540494449603	2.254127007004449	
0.75630310302301	0.49482916668803956	0.20424148895775338	0.5208144020303187	0.9192435073566805	
0.008280560725469548	0.05717763689349633	0.18259656746583658	0.5936163676428473	1.3478658262047019	
0.0	0.2380941983303859	0.4272896435869581	0.0	0.5726448271788664	
0.7705826026643042	1.032377240622218	0.17289878508034767	0.08772984660567083	1.0727794849288743	
0.9871914878175544	2.3489562794827887	0.22078493717936723	0.2531494682342629	0.47232560706546306	
0.0	0.0	0.0	0.0	0.0	
0.29155561544223135	1.861647793229785	2.4001151241634047E-4	0.17821438105260046	0.7401432764151347	
0.09774844040701403	1.4158562084847894	0.5060421997775926	0.6844383382879954	1.0536316968515393	
0.0	0.05534468617314372	0.6820666891161231	0.5707893641785331	1.176564118864292	
0.08999226466583711	0.48913434844946757	0.168359095696099	0.2373336526522405	0.6076703485793921	
0.24159965819449178	0.03940743113128001	0.8861202272506666	0.27442363029231376	0.2049188770097272	
0.0	0.0	0.0	0.0	0.0	
0.0	0.6077469484069239	0.0434433942531264	0.3169078755646487	1.3887180057221387	
0.6070766164161303	0.22646370397768317	0.07367973252033808	0.20138687667416622	0.3653286820253442	
0.6310703679509896	0.6304760991665884	0.3058435584086285	0.18945083597581228	0.471697629617272	
0.1189713510249002	0.28801221763281754	0.002542376017647603	1.3472398948330873	0.006448430185947299	
0.0	0.0	0.0	0.0	0.0	
0.21147995051643625	0.23536151088254623	0.5037535665895457	0.4056752984466001	0.18201093475710242	
0.4718593553482506	0.9415528491460489	0.20265782794911857	0.056652725169666275	0.32938090426657446	
0.3082800157211553	0.954342984408065	0.8229050186590781	0.5915929025898548	0.2951362134869129	
0.0	0.0	0.0	0.2582367113954905	1.791123891765249	
0.3347900623190142	0.8184379953164447	0.35340705484885127	0.058799318571974145	0.0	
0.0	0.27560167152438164	0.023776132239442586	0.14756464804955802	4.092940777366368	
0.0	0.0	0.0	0.0	0.0	
0.0	0.1278118745504766	0.028935939269617565	0.6454097561064254	0.46177166515140927	
0.3595280105953858	0.1949666809672744	0.0	0.8724714986467405	1.9037312401412259	
0.0025516405349089635	0.7426275567841958	0.28533101963784224	0.048419748552481386	0.7400715137144643	
0.2581707115800685	0.25508967412627587	0.23125392701459122	0.3106162381078605	0.3196846096376061	
0.7974226589833018	0.026243621224437644	0.0	0.26969598501888115	0.21150085850756029	
0.4512833902343661	1.3545478477811246	0.16401625284190738	0.465561171417593	0.550374150737426	
0.2822419476645788	0.5253420207844183	0.0	0.5094756111741628	0.22495628722317124	
0.7319800763748257	0.5439691122343745	0.7661205250431324	1.0013397618112894	0.0661611326116783	
0.0	0.7846570450590934	0.2999552924484297	0.518999776709164	0.0	
0.0	0.0	0.38855463790399924	0.25138932240834116	1.0537015462243744	
0.07826754794791241	0.13871415764771694	0.35985556465726415	0.33764080105865735	0.7382510652996636	
0.23627367977946448	0.22450367641057684	0.6764536304743057	0.15337725105821723	0.2007056777378891	
0.0	0.2728332251061819	0.4201444941241142	0.40044533850767167	0.38356710489560175	
0.4392568447635363	0.0016419263623438844	0.11555178362042275	0.6669753039478296	0.12326411598959684	
0.037808669030412884	0.6500790257075162	0.6834548204111353	0.03381202179830203	1.1372947567381013	
0.38586835246066264	0.3703284490621453	1.4073301949863564	2.0185450140311407	1.1033150499453388	
0.08831844729624616	1.5996063373957878	0.3366951421320702	0.6717256927705215	0.47856037644588345	
0.0	0.0	2.4319173536761185	0.1134451034254621	0.5905728579320808	
0.32847767496615654	0.0	0.32392550917428803	0.452258777790684	0.32398840304268844	
0.0	0.0	0.0	0.0	0.0	
0.7374724828931696	0.8576143145921353	0.9875753320665198	0.43444591040534214	1.1767961940608223	
0.015039552537653622	0.18375862685832905	0.29488185905077824	0.13904829955057038	0.666007155139354	
0.0	0.0	0.0	0.0	0.0	
0.12664633513487222	0.5013237921041382	0.716711160137238	0.3842749808540328	0.3098090599949215	
0.8400356400593966	0.3433882949134687	0.0	0.881457534861477	0.186633791244322	
0.0	0.33158556980946385	0.15147444605749372	0.30187308642986127	0.8673143405167322	
0.28308350414245026	0.003926806185376492	4.212387675452284E-6	0.45065756239833143	1.2513208845502664	
0.25352071925156594	0.5245687460886671	0.4291286136510391	0.5549874340284733	0.16939833872316518	
0.19064931719542416	0.4847714503955191	0.15893313920651705	0.4822951135665415	0.6521486283754521	
0.19047471444766628	0.6935730592494377	0.8048007540968486	0.46476588076195463	0.224543230062245	
0.41625899511276954	0.2491038433624466	0.4116003227786455	1.0630132143260738	1.2883204994872384	
0.09265094618141417	0.6801629640198699	0.0	0.3349087045290364	0.592804285390774	
3.078223730421812E-8	1.8544875456506036	0.14756698307423036	0.525454015636489	1.2614353036658163E-6	
0.1372649408812622	0.20527155013286824	0.13828631713190354	0.1786750145384775	0.0	
0.0	0.16270049260118644	0.7487133242802092	0.5841655604098955	0.15872485101234288	
0.13142283248108572	0.6513182167416285	0.6096765671705724	0.6325195579261108	0.223068685437581	
0.09263541849218515	0.5216299339792357	0.9813209606276856	0.7095105422302868	0.6934289893128354	
0.4600364586322138	3.9347096487041017E-4	0.0	0.2949674777497048	0.5403019589302619	
0.0	0.0	0.0	0.3368575895905368	4.456140519195013	
0.03988359472170367	0.08332139900127566	1.156243929857427E-6	0.28635126857269605	1.1193331413611258	
0.7323250413557703	0.24078653124020716	0.6668227076368011	0.26191325037109103	0.4479864334707048	
0.16823233173241808	0.5523702344894195	0.4119402633275946	0.8179810450599393	0.4157477935137835	
0.0	0.0	0.0	0.0	0.0	
0.14722989349697033	0.9129482308760871	1.05248798775859	0.2663587658179137	0.617440703353659	
0.0	0.5793403674420734	0.5987050016185008	0.435773876144274	0.0	
0.0	0.0	0.0	0.0	0.0	
0.806579713135095	0.5699959552009061	0.15652340276157806	0.3205197820885417	0.6613683279853998	
0.11882313411192609	2.32397595976641	0.33284082906983975	0.3261768674558745	0.10090522213933471	
0.0	0.0	0.0	0.0	3.993154516662884	
0.3878427880255682	0.9817833533568328	0.9315010481802137	0.24920158263335185	2.040319287681514	
0.03332495867736902	0.35850464611467003	0.35758699468243754	0.3312956459271397	0.616455249231705	
0.3667326970580403	2.549271526710577	0.3334074356204242	0.2641621450381315	2.637423418732615	
0.3480502717351976	0.4767124491082602	0.11151343737442387	0.6358804485098373	0.07093911853591921	
0.9342876688121318	0.09953266570040771	0.10281865991800328	0.2693806932830422	0.4490868052385555	
0.5338972997442093	0.42566155864667915	0.6147144751535022	1.1657821753424484	0.40898039781647194	
0.2916581609505765	0.4383602263394193	0.24427284851477993	0.5604572668054217	0.7810132677163403	
1.08140705647773	0.8920068303240248	0.2771321521548883	1.117989075681966	0.0	
0.0	0.44472867212775874	0.0	0.5496171042533846	0.9827430972320372	
0.8905476199034734	0.3506319253481273	0.7519597170763881	0.7074627350073384	0.37732074206554456	
0.029594908596110445	0.8248655456992742	0.23523233677328714	1.0319700982585664	0.8958658522603612	
0.4062460367040317	0.11716854669561713	0.35892562904413333	0.3426096178864719	5.846505766934107E-8	
0.0	0.25366848791368535	0.3474685206034172	0.3762406655771622	0.30953421241229856	
1.0639857110715403	0.13906760637179422	0.0	0.27827970262870966	0.9863337642050551	
0.04030750446789753	0.3811050312218658	0.023495376572653916	0.8464720599121512	2.300390124060195	
1.436345552225656	0.11036108588153827	0.30409870861504584	0.5536132746294583	0.22615318143368188	
0.0	0.0302780568461318	0.36923920501576474	0.5455308591527518	1.1854224076211335	
0.08069654653215609	1.1460053985872236	0.0	0.15417232957509938	3.5422163701640703	
0.6923030811478879	0.8902810327707024	0.5875812209206343	0.31811640620738374	0.08263103766409774	
0.11242854702423487	0.9690811922758346	0.2538385895976297	0.5441717149628525	0.23667512203836213	
0.34686778746058916	0.0	0.5226720081311019	0.6589198375565918	0.22283065640601157	
0.09323371671619538	0.0	0.0036587311390324654	0.4863517756130195	1.740840904131377	
0.14305170603582656	0.4241047131665512	0.4092224413291456	0.04267288243498799	1.1761356926874722	
0.005162663301381982	2.251518363849099E-6	0.703702796531699	0.28523962333533853	1.348991714637716	
0.0	0.0	0.0	0.0	0.0	
0.18515160115084062	0.05506889917494524	0.02125267846582527	0.7265691574118517	1.0134523420727086	
2.2029129764386433	1.6574608576556968	1.7756470248172114	2.2790230730630485	0.38676367656577765	
2.5726993660625817E-5	0.21040386198874253	0.0	0.2878973996156023	1.0823670067604827	
0.6371292039817326	0.6582805729201074	0.27559142305709855	0.8199419270420699	1.7550227789108765	
0.21236014093107933	0.4714557737299179	0.4176775582702896	0.18614212488678472	0.6300469797657048	
0.5711961133468478	0.5059745180870957	0.5497648464410327	0.0	0.06484566987312852	
0.08781583905123128	1.6478555859358448	0.3580488996278108	0.14255519719631524	3.985454223319661	
0.3714575104479504	0.0	0.9684837027575015	0.38678063348713115	0.5932797076486802	
0.0	0.0	0.0	0.0	0.0	
0.0	0.9871488394976012	0.0	0.3672357418909804	1.7411656204566472	
0.0	0.0	0.0	0.0	0.0	
0.5122062886606845	0.3048900915598196	0.402843403777057	0.13159045709050443	0.0	
0.0	0.744218331477851	0.5879453239094161	0.2978950244286311	0.1967112695881232	
0.42524342062169496	0.13842147370725	0.7896840236558705	0.22258807872021608	0.6326985463841764	
0.3433361458697471	0.48440871401790697	0.3259662575546197	0.4440027066350792	1.5379236349593028	
0.5294508039144696	0.5661831006500085	0.0	0.4951274718618874	0.42817070456196643	
0.2640854599920018	0.11596163947785221	0.05718740195440809	0.0	0.32394539720051313	
0.0	0.0	0.0	0.0	0.0	
0.007598634245988525	0.2716868762164269	0.0	0.16713022386098184	3.4742307977174156	
0.0	0.1764692202795593	0.008476470891811331	0.3453269298441618	0.28850727183773694	
0.0	0.0	0.0	0.0	0.0	
0.4700256830115207	0.09649478263403735	0.8258596357250786	0.3757826099897909	0.7477420138248632	
0.0	0.0	0.27777840660040315	0.7406213311168417	0.05099949775559077	
0.6025370580724635	0.45511791791591943	0.5183349410867475	1.488642879382281	0.006159901598679165	
0.1630925784182353	0.0	0.8475057645134926	0.0	0.21995950144972273	
0.5360546609129438	0.3138949390261682	0.25913584458791256	0.2703043230745031	0.45969375081175945	
0.0	0.7911610234056637	0.6222002628278989	1.951963518559459E-6	0.0	
0.03548003537063569	0.34826822292504894	0.2574622262179534	0.3780313778482008	0.4513853696207899	
0.0	0.0	0.0	0.0	0.0	
0.7911847140251088	0.2638718183623059	1.1233971978848545	0.6720759643981791	0.27543120178697406	
0.0	0.0	0.0	0.0	0.0	
1.312892009897995	1.4867797529480657	0.739078983764359	0.0	0.934738304228353	
0.8715689374139717	1.724991809983006	0.1680282867713127	0.4129236342898867	0.12589868132219825	
0.11254651444095756	0.0788101692002787	0.6998530002281873	0.3505398833357477	0.9007914166997701	
0.0	0.0	0.0	0.0	0.0	
3.012022453302322	2.9176318504532084	3.055641721841539	2.080567262973927	2.5292136216596255	
0.0	0.3481813353631481	0.5419499982066106	0.0	0.7438904573924838	
0.7439756670082923	0.27820329610072075	0.7832404002640456	0.6591973212743139	0.006902468495463968	
0.41030109671615744	0.22732465253780598	0.4134535710918276	0.5451158365568334	0.38726195575917166	
6.230501126436838	3.3276455553444526	1.365970643846313	2.300025587960888	3.379578270197561	
5.58844212392472E-4	0.2618852313416815	0.018803838507445547	0.8412717044506212	1.2572821829230194	
0.7317249589419871	1.7912776425878971	0.7256495432901653	0.1746364939353366	0.6851572893163049	
0.0	0.0	0.0	0.0	0.0	
0.14968097113558834	0.05305183698898019	0.24125963812489176	0.47219170438184405	0.04589534815753975	
0.27556633624925203	0.3634059438703671	0.0	0.5523206538024588	0.7785246308731733	
1.7707549358683752	1.6175535671776715	1.4566848971194681	1.3539137955369598	0.1013942309530057	
0.2620212646283594	0.3523230287165896	0.12309639281586106	0.22171531543906883	0.7998752864304487	
0.4328334711161017	0.5265425544614394	0.7177373223021671	0.3186481409836218	0.4591846326206751	
0.0	0.37305168380260684	0.7259140150943773	0.24564695827226438	0.14023519895649175	
0.7281959642598879	0.31456317568293457	0.47602661888540626	0.889924415012384	0.03380447140035304	
0.10912502211199052	1.9340170263719232	0.003325058724786065	0.42304546739508536	0.26529222093229976	
0.9146950305723133	0.7989002487646857	0.304030250407985	1.0026197896419315	0.0	
0.8992057986980477	0.9643386581211809	0.4440575819480141	1.0076238968345959	1.5235197985009499	
0.41114870745967125	0.40389660441947145	0.0	0.8010375812919625	1.1756885851328838	
0.0	0.08633213337655608	1.7410013466574084	0.4726372876217242	0.5899771638209389	
0.6881166447685996	0.07305176510075016	0.6140963486956902	1.0572695615072696	0.8986326756759628	
0.3143109921643723	1.2835359039500351	0.6538029665535416	0.08888855327222879	0.05888523313403871	
1.6714751782351513	0.0	0.39560644071238477	0.5186715181022198	0.053239713857338035	
0.26494155864637725	0.1899270750958156	0.432800923306614	0.18238785753859646	0.12107513033161163	
0.07164195394374573	0.5044133570472703	0.07350952771202401	0.05394235463173879	0.053765342264532924	
0.3763578601628218	0.40736373826096534	0.0	0.32525409459502735	0.6358755379865568	
0.049213417710670705	1.724563152476433	0.8816839418343687	0.9813553138832052	0.4650280686337449	
0.6448130747804469	0.2927636525977432	0.7570652867995497	0.13275654891835742	0.26457725716226654	
0.4044252270342837	0.7018784246898261	0.369644230883029	0.859445551775519	0.48791993411086276	
1.279779015174284	1.2517592318780626	1.6781789007478196	0.20980949265894533	1.378253548159847E-5	
0.0	0.0	0.0	0.0	0.0	
0.5650960697178441	2.6275082297180403	0.0	0.22187620046954803	2.447093256804526	
1.4241830307969012	0.5158487471552058	0.0	1.015101361931476	0.5265987868615783	
0.5699992005326752	0.6244650497337627	0.3219099669146785	0.22543829655434594	0.4143929191146043	
0.0	0.0	0.0	0.0	0.0	
0.8903259406734773	0.0	0.6060955576318771	1.766815066189657	0.3417018002309517	
0.1992412088186552	0.3232711746717107	0.0	0.0	0.6759246339100715	
0.14242039626773034	0.11387305451414001	0.19329915492832053	0.336523708800038	0.8118007477347015	
0.0	0.4655940927677761	0.28641163900122985	0.7764449205583468	0.4182518705702116	
0.07353453229162077	0.028781845206642405	0.2144054279892526	0.3523033357887068	0.8318826217446196	
0.091339539515602	0.4130122814771686	0.15941106567431346	0.386221279539386	0.6139974105877954	
0.27599705130380137	0.07550381424786702	0.8707700906090824	0.6381957004776162	0.3019234875987778	
0.1463494688849258	0.39484236516071897	0.26859050668234263	0.539528232807866	0.08439048021702579	
0.0	0.26324645949087117	0.0	0.16922315578558259	0.3922342174752329	
0.2606126826255343	0.9163876694865903	0.17742367293267777	0.0384578120211955	0.3022220608451459	
0.042319757023225414	0.6016668296888465	0.45687466786486197	0.0	0.32736397946182877	
0.0	0.707895899151439	0.8149530024043813	0.49694235492995853	0.07349926718675456	
0.287775138695019	0.47191330386355124	0.1393000936918494	0.13562441993643298	1.5865270119146133	
0.6416162047616575	0.38642300872729823	0.44366988797251095	0.6605243895123104	0.58038318519095	
0.6566023725506694	0.03926725129150818	0.28450641360876483	0.9750626555721287	0.773991874006114	
0.23465683297746562	0.0	0.49421211881197974	0.10458329145853476	0.2170447984503	
0.2525316789906064	0.09572050830677875	0.19654604196315276	0.1887509530122304	0.5491158323501814	
0.0	0.0	0.0	0.2564600446954349	0.007405707135058393	
0.5423659356366372	0.5068605892258308	0.7666738762157769	0.27752647234355887	1.5735495273601583	
0.2660397733911458	0.17431633690438136	0.44787506297211616	0.4225408138973897	0.10179751225769361	
0.0	0.0	0.0	0.0	0.0	
0.47004436651834763	1.1491908942011566	0.587300425360911	1.1645919153919935	0.21948540194076344	
0.0	0.23624578022345286	0.13409623539194432	0.6983186623870163	0.22358944477847584	
0.008138497340497283	0.75959800999791	0.0	3.9573861797430825E-4	1.1838705653611903	
0.4736878097895657	1.1879172716517024	0.6211507253572708	0.5462133962443119	1.1241292334472017	
0.0	0.4675458545052921	0.07469143909675335	0.09284084171950713	1.0458433936399925	
0.6855419942808822	0.26808525940342504	0.6184471044800601	1.1262290447477907	1.1686093914529312	
0.13493871465814322	1.2855727126261167	0.24253267607665888	0.8011092627111641	0.17680917153544168	
0.0	0.0	0.0	0.0	0.0	
0.49239802888236645	0.5100363087781206	0.0	0.0	1.2101522698293503	
0.6429504197375515	0.0	0.0	0.7902956495624482	0.5154098904645299	
0.3614085699916934	0.0	0.15002272672233688	0.006031405705316582	0.1523643580105133	
0.05778538058719834	0.4103446442292588	0.1119696378834928	0.19686478238978122	1.3177262371587273	
0.0	0.3163908331738383	0.45584578682790033	0.9048595695352757	0.192363930662954	
0.0	0.0	0.0	0.0	0.0	
0.7000442848884962	0.7023051458444395	0.4824473755195226	0.35973151496997835	0.3853028644713647	
0.0	0.45205143048867896	0.0	0.44216478885984395	0.5851528395741283	
1.2065915589298526	0.15054784453581516	0.45405551752271966	0.5180879713070703	0.20742268334161543	
0.20443962506407368	0.48379361474283605	0.8261810703402265	0.2374409730483248	0.30169959284262654	
0.3111416842529254	0.7887008203223494	0.15748564936837256	0.9616473897028528	0.5736598585058802	
0.0	0.0	0.0	0.0	0.0	
0.2965068384774382	0.0	0.13596192786589026	0.874956201830246	1.23585039545872	
0.2648265357632431	0.6245868658501321	0.34557997213997016	0.5883421655766149	0.4507259893488053	
0.5292499116072682	0.6993225840556262	0.0	0.15041030628562319	0.5982520273641292	
0.0	0.5980876642718452	0.4488028358813279	0.9190328297503803	0.6273597001558565	
0.5285821838845498	0.7096843199570936	0.0	0.704263176803858	0.0	
0.8859079314747181	0.007196325199911159	0.45247142744560975	0.8320306788970948	0.37828851235166394	
1.1821662139418256	0.5994833573489065	0.6051814229069024	7.122262001002427E-6	0.9605269775100835	
0.31729979432365457	0.45739972027653436	0.0	0.0951189294563647	0.3119178806296847	
1.0412601290903056	0.5860828646089536	0.7699667998147706	0.46446573223985094	0.20599201677415438	
0.3559694892184851	0.0	0.46734655935971703	0.5706781904214308	0.5686159881900442	
0.0	0.0	0.0	0.0	0.0	
1.208751294064517	1.0762471356706171	0.0	0.6983853317684188	0.6153692399125583	
3.6242647270560155	6.250128527479328	0.3015006356427662	0.0	1.56940843236376	
0.028243652441909805	0.5293898573014503	0.5271722721457388	0.07296006780160229	0.33839261427334744	
0.0	0.4510093359220736	0.4317817439379562	0.858323986456841	0.6658390000520709	
0.5251843408608031	0.13793810458162803	0.6708873906257087	0.7449758589310238	0.3524443854017804	
0.6379423587110838	0.17353034642976778	0.006882582632791436	0.43935282247897756	0.18645047117330837	
0.0	0.0	0.0	0.0	0.0	
0.8944535143177169	1.1845837757328994	0.09190276108946925	0.34882705419634435	0.6813632115822654	
0.25379578576397605	0.1398960883729184	0.1274741421305644	0.2867260920320263	0.27098078466419295	
0.06538892930972542	0.40117523438794633	0.3247048714364889	0.05619743786050948	0.19145132490291106	
0.0	0.0	0.0	0.20616003003676345	0.0	
0.011138017783732744	0.20897178050957438	0.3021798135711895	0.5242166610811372	1.1724930198789787	
0.0	0.2553874720968008	0.14236407862324338	0.18912090645137228	5.284464202452173	
0.11667034608071458	2.93703884170009	0.9585156008736464	0.0	2.9395867110963287	
0.26530832052311704	0.9989616837748135	0.48889589103809294	0.27728041297225575	0.42533543599650847	
3.404725738166477	3.86973373168984	3.927643128829119	0.0	5.8162371763279	
0.5416773375459588	0.1610920549733206	0.18293741512611403	0.6410076973356432	0.26411129005576656	
0.2874921942076174	0.17740347097825584	0.7609331786761637	0.28196449026787823	0.0	
0.3437608457253863	0.02780463797863524	0.0	0.4858327874906909	1.076961174287542	
0.0	0.0	0.0	0.0	0.0	
0.18992897533617964	0.9091426154566672	0.23191978319137715	0.3503895304019303	2.3649960216528996	
0.0	0.0	0.0	0.0	0.0	
0.16446187959558128	0.18586530433939003	0.012969699552011738	1.2162567783879648	0.04519707667627666	
0.07863581232703465	1.0631765387180807	0.08861990025147054	0.5210839355883558	0.17321778684001485	
0.0	0.264510069674431	0.3327815007060989	0.7757218709419594	1.1782849763140002	
0.0	0.0	0.0	0.0	0.0	
2.686238010983222E-10	0.6164618989141258	0.6356391008951656	0.18736415452910113	0.8474000637397475	
0.0	1.3851085144251039	0.4638608537679137	0.892461558510501	0.8655899064627111	
0.5055462645502743	0.23061214973557814	0.1428536016401864	0.45439375009551586	0.028357328863952744	
1.555986877778511	3.9587758705823526	0.7033150948850442	0.0	1.0507579434770442	
0.21226235287710388	0.033802885489951084	5.2383993681145256E-6	0.2975498656047178	0.43050387179419103	
0.7160530853433922	0.008607128121156332	0.012175932384564169	0.8039541534765253	1.187382066902738	
0.4001524237017618	1.951773087245801	0.0	0.26643305672394485	1.2798169736852896	
0.36845129924379383	0.0	0.3973468945856985	1.0429642442475806	0.6446028592268633	
0.7218313078545634	0.0	0.2744782885251229	0.9444637339891292	0.0	
0.0	0.10023129712510209	0.03091133219708715	0.8497526714790592	0.1545234278522193	
0.0	0.0	0.0	0.0	0.0	
0.6449123759492825	0.0	0.0	0.47458944231299055	0.4698831752809086	
0.0	0.14848710342833008	0.4383771483945901	0.30634200693838737	0.11769726678340044	
0.3680921978827826	0.5823085527917239	0.46021590951296626	0.15178509111646354	0.22192487733259536	
0.43761520749616994	0.36375164125221243	0.3302672368351756	0.3844061706111621	1.2091636489729556	
1.0742310726509365	1.051016354602098	0.06901114323391816	0.9377359566421375	0.8834651922340157	
0.0	0.3371497246781729	0.09781298366962402	0.3409676723061149	0.5012375752057812	
0.3188852595759913	0.17274631500684573	0.35383488056231505	0.4137168103024231	0.21873703547041634	
0.082095755274759	0.40489111140638606	0.4504359478503095	1.0337492957742906	0.9877157926316488	
1.568506559379647	1.170810533733862	1.411576096878728	0.42387900516028354	0.9982768389383365	
0.037971355031422814	0.21454719298321684	0.17571834260910368	0.8799491702389349	1.0001199836131343	
0.0	0.0644877722475337	0.4159579714741313	0.4819510684772988	1.03558432843183	
0.2885731074237697	0.2934542849704947	0.0	0.466217714028169	0.753218658923151	
0.18477027819864736	0.1309728614079503	0.09685410587776207	0.28545997867799217	0.09348048796998214	
0.0	0.0	0.0	0.0	0.0	
5.012320896546571	6.806481649507632	5.356692790281724	1.927077557354702	0.0	
0.3649277499851744	0.2165029062594281	0.0634182081093964	0.19918988108641109	0.3996449884586214	
0.006878444309000278	4.0762601981302014E-7	0.6715027838150335	0.07365629084087802	0.9352021316906219	
0.6266582915012944	0.8934961435249428	0.948605127913992	0.19395516168254656	0.6171572649559016	
0.0	0.0	0.0	0.0	0.0	
0.8077596755360427	0.24462375521097854	0.09203242200254719	0.6027267953937641	1.1617837993598947	
0.22680677470307783	7.360785278574749E-4	0.3689320572030959	0.36644687415171917	0.7030137482162273	
0.0	0.0	0.37803082431919427	0.034587751537961536	1.076902833907476	
0.46463793637134143	0.30957929061153827	0.0	0.42585410774184435	0.4530506527048978	
0.9260087092761432	0.0	0.3869474114131823	0.8387931431458485	0.0	
0.0	0.0	0.18210122704974535	0.014735764176279774	0.7461659026208531	
0.13876519639867432	0.010786244409035877	0.5384306978694978	0.679798155412018	0.17258044745979093	
0.42374473273794117	0.30683544433709115	0.10339601347859051	0.7122613204195658	0.3783960601629582	
0.0	0.31048506890360816	0.4594394074886946	0.5009861928982545	0.8889569627478446	
0.8377636892441772	0.5721946169422745	0.03358292725760997	0.28746454609151345	0.48009145036160455	
0.07864848037310353	0.04859104017261897	0.0	0.04500199684640369	0.1596365043083511	
0.0	0.33438093531128665	0.4992590931825293	1.468618545865505	0.0720436900744829	
0.0	0.058246117599416745	0.17912836384544534	0.2596742069186398	0.2653340366070785	
0.1958663660451349	0.2701881499198491	0.14002982281711865	0.6141457906611143	0.6947808330800596	
0.0	0.0	0.0	0.0	0.0	
0.33416876413177654	0.48667058810620994	0.3663753290907246	0.6871030186327397	1.2702066695199798	
0.0	0.15609226373988405	0.1918113950485202	0.16704423329192566	0.0011508827332181385	
0.21235393458089608	0.8795818729296648	0.30140102395596735	0.6655333126195502	1.1474474004283184	
3.109604641447014	4.849914386633624	0.767197869939827	0.0	1.437592456497216	
0.481335464822189	0.0	0.0	0.39486401688966355	0.30735453596667905	
0.032036625364600134	0.3036120794965487	1.2349271626098517	0.8128671705985898	0.13157798010623942	
1.8254846307411492	5.1904792794373575	0.29274465735304595	0.0	0.7760430984848566	
0.2681871720794593	0.4442897379442909	0.46352656342334714	0.2143445140182354	0.6289291906754725	
0.0	0.5288766470993018	0.0	0.30453650492616247	0.10666547716700575	
0.022095033420024602	0.002724487694807506	1.0726750379978736	0.027297241799155252	0.525943176905883	
2.3580124722926317	2.229379467240465	1.7412854789169971	0.0	2.297091486858146	
0.14839155950739955	0.43094327082116546	0.9372536594592371	0.6525520018487122	1.0044065377973543	
0.834159221799245	0.7135537407539085	0.7389544159904241	0.3984352046694401	0.08504469964839122	
0.0	0.0	0.0	0.27973599155856554	0.3343737771660765	
0.36144674387871584	1.8177710670181535	1.0045411132778828	0.35932827238920656	0.32576890020974525	
0.5817100135480979	0.3728867291148249	0.3336926152474195	0.29798754366185903	0.12836372570483445	
2.2633959190788544	1.8349589308675731	1.54187115037472	2.286560931321245	0.3982932134002514	
0.14947177995109237	0.35423793785136654	0.2562504181610608	0.6292205232917498	0.4584800135254157	
0.35476403694975056	0.37491048726253656	0.1656083406992532	0.8631788862291889	1.186000367047268	
0.0	0.1631467440479139	0.2715227066262174	1.1273764104843629	0.22620671695298009	
0.01065334571250964	0.26910598071720626	0.5896794693150487	0.2707438681093835	0.8226043214159642	
0.1735285458929565	5.28936611902997E-6	0.10523679244178079	0.14172475766504017	0.4471230244546379	
4.637334491164954E-6	0.005969268069308088	0.5223519619834481	1.6438660955922189	0.6328227225320273	
0.35030562482167604	0.5125122514550031	0.3136897875029406	0.2968569249714286	0.3932615892064585	
0.0	0.5484502447322169	0.13069713676138417	0.1483443889607044	0.0	
0.0	0.0	0.0	0.0	0.0	
1.4332821253895556	0.5670873268580989	0.40535046159334664	0.05276326841988715	1.3801030851570004	
0.1797041361069222	0.17685298430182295	0.6985421011968649	0.770499539872149	0.31824400673033915	
0.0	0.0	0.0	0.0	0.0	
0.6307394913936578	0.4436522388928096	0.0	0.1772482490354604	0.0	
3.42759625770966	2.785132100938371	2.9958321519874582	2.615835249937176	1.510812631420673	
0.16394896554826333	0.044394524582023115	0.18856161155571688	1.741979137083127	0.0	
0.8147186322970281	1.2063447866243395	0.7211081732277167	0.7012337820405007	0.8095247816884588	
0.5376184604612535	0.5208427131768265	0.6165870891005005	0.4475637488286354	1.2575014329816339	
0.0	0.0	0.0	0.0	0.0	
0.0	0.0	0.6838848549485887	0.0	2.703753642613542	
0.0	1.3277070074376138	0.0	0.0	4.059543961725957	
0.0	0.0	0.09450350408728055	0.5630768484925678	0.15938308232952353	
0.0013539044430316437	0.2689763208550791	0.7531028944727043	0.15703839112352544	0.4224302904415766	
0.0	0.8445864146102048	0.3303798804275773	0.9092680764686261	0.6040347401631785	
0.0	0.0	0.0	0.0	0.0	
0.9388625733789275	0.0	0.6697211244161919	0.4542293182491001	0.0	
0.549034901174758	0.0	0.367959178819229	1.014778437691693	0.44234608179304374	
0.27770994827327167	0.19193849492651177	0.4539706267676341	0.16881767084768437	1.1748647003549202	
0.0	0.27742768106273646	0.01548774385440792	0.8902340514613225	0.38128030526780615	
0.3984731407071614	0.15301055092069005	0.057222973918875465	0.3862987052345642	0.22217080958579496	
0.3317193745833415	0.15436740112356045	0.48268982946996203	1.0047979024946774	0.4660858674885462	
0.29800876325362097	0.004488488489408388	0.0	0.17861749613160305	0.4788742697955634	
0.04052620026526017	0.41952698605851224	0.0016408580858335937	0.6795801139224218	0.8054495504273796	
0.08259229404939135	0.4587777380176411	0.4994367693230172	0.0	0.4812540541412884	
0.4826756764622321	0.8871759501916173	0.5598388362173867	0.10699600369338434	0.35348471056096076	
0.20708620367195663	0.6974486045270062	0.09348221783999938	0.45900785560500773	0.23280719715365694	
0.22069890089207936	0.012236717620294765	0.11446113306020547	0.5350851992103789	0.3747077004398089	
0.15251192941547548	0.650211545115739	0.4435725721939287	0.44859622310348396	0.2882164121666058	
0.6053652132800611	0.0	0.0	0.360540246406483	0.0	
1.2268038697715224	0.303901747834435	0.14035719157288087	0.1149954076292589	0.5317529089239189	
1.2443334676229545	2.163335512690371	0.1714085578039943	0.5943398142094135	0.4364535511780183	
0.20275985194614235	0.20654419059002574	0.38990394271317064	0.24539515133905515	0.06635001143941102	
0.7085265733670478	0.0	0.7548578713738552	0.6215542086294947	0.002917508545235406	
0.6155454752096524	0.8937749377453871	0.904771485080772	0.6938495576095185	0.12053759801914193	
0.46779433727106545	2.0876432358778714	0.0	0.23400183265885002	0.05812441139426795	
0.10473976690668779	0.2669563598602463	0.3104704929581882	0.37413489446379744	0.7329555640536971	
0.0	0.0	0.42589449412863956	0.0	0.2853775267360126	
0.0	0.0	0.0	0.0	0.0	
0.0	0.0	0.4808611822932888	0.6524358246219228	1.0277700701770474	
0.0	1.3161104017772476	0.1006551456570677	0.2789961586684543	0.40849288858731364	
0.4332496665553309	0.6886181875684478	0.6003111455052168	0.6500069904138678	0.6877619415323227	
0.28350218201159333	0.2898422221837313	0.00618106459919616	0.10651388912769029	0.2532909809418042	
0.5942902988771026	0.7634641621599983	0.3263462386534538	0.1109191193825077	0.9970816953839818	
0.2207673793826341	0.08678632748606895	0.21652442470811908	0.34531416848726226	1.19621065404654	
0.6320087323999745	0.2024221147121855	0.592722780594636	0.5070797056993132	0.0	
0.4780368467739509	0.6093763181932611	0.4149724577182843	0.7257156141958733	0.49881025664256384	
0.0	0.6695020030031275	0.3626350423535392	0.6767012416320032	0.9513978874652439	
5.76024473555687E-7	0.0	1.7546289759005225	0.46745180800777936	0.5905978779438483	
0.06470916013440234	0.0	0.0	0.002604148828795677	4.374031569475435	
0.1640738349074761	0.5436675069990512	0.28142834882253975	0.7772309141695461	0.8579963163386389	
1.0357979188474487	3.1384478396245705	0.0	0.5416900220349982	0.018184508685599253	
0.9918042762406356	0.22975179368794346	0.0	0.8750780277991196	1.8144285390247483	
0.4547114260973648	0.9050764686215247	0.15755412368896934	0.1959602386902289	0.1043954939739914	
0.0	0.0	0.0	0.0	0.0	
0.9454005097523868	1.2658537926554627	0.5269726992854011	0.4340654787706664	0.718247792758011	
0.06006652466643297	0.0	0.08121488722982494	0.8239264578182398	0.7688726983850913	
0.49372950711403313	0.4174892042565256	0.2532816047439827	0.3508134972204863	0.3734541119513311	
0.0	0.0	0.0	0.0	0.0	
0.2599049579878514	0.08804935649466117	0.6714839756572273	0.0	0.0	
0.0	0.14241545345645767	0.1615499915032733	0.4176746899231806	0.928514019110653	
0.566889518965411	0.3719898521591065	0.48137589735882663	1.1098651997745892	0.40135694971077585	
0.0	0.2788895154742943	0.796957481993559	0.010625184944101751	0.5647852163194758	
0.6816856871926035	0.18609814388977006	2.4332795470694213E-4	0.9422500964654698	0.42806352604870085	
0.31154273348718386	0.2877436286043391	0.3452453152228052	0.0	0.5510934148137284	
0.05544731211731049	0.32505219312419265	0.37444048322785595	0.532603695303097	0.4390325166215096	
1.803806190688377	6.201556738381169	3.253567641383615	9.235510765408515	0.5787044715031142	
0.7023154136747028	1.5136252704449353	1.1851231712133083	0.7775909874659761	0.086730280991735	
1.4372101817955905	0.04426024465488085	0.25929522702731506	0.4894507348135221	0.09659172085002803	
4.676882618923858	4.448299844301763	4.284350809345689	4.477039625137884	3.8907314042335597	
0.14122403420024104	0.935270556490579	0.0	0.0	6.63762119007409E-7	
0.0	0.0	0.1831271654988241	0.4596223755455306	1.1118441321256967	
0.3293337682060228	0.0	0.0	0.718850473245857	0.4438182217951964	
0.0	0.0	0.0	0.0	0.0	
0.4881904938826265	0.08067943795834011	0.4987951856026784	0.3787420712387603	0.24075171687521082	
0.27009120292205996	0.7505087441431347	0.6877555282711671	0.5273594911708795	0.240886992392393	
0.2744096142080439	0.22645610132022267	0.39951080865656285	0.16619822734844755	0.6223964664975715	
0.7195445526211637	2.5985794883359503	0.10834500604718883	0.32282032766617064	0.03566536727897164	
0.6837016756217538	0.4134453622589695	0.27649635440839865	0.02589871698568423	1.7964373711089536	
0.46300439900138135	0.21258700655604976	0.1366677484578189	1.399289286453663	0.04419568005363113	
0.6165331473547278	0.4525132095969423	0.9382995472622554	0.5932926429507631	0.18381767953078051	
0.1059913189403874	0.07911269220336506	0.17240563678231244	0.0397369027559054	0.5081662415393403	
0.3300949785296666	0.291424884875839	0.22659268344396688	0.6192051362969342	0.5756319008308785	
0.22047299526589684	0.23821701071994672	0.32256357422052123	0.6412359604655727	0.7789980225813897	
0.022710170514668837	0.1731630770577011	0.4415519488250832	0.8944527343623018	1.8031225736251948	
9.268275091740503E-6	0.3240670648704713	0.06664207711279431	0.26867154921035374	0.08174310362393634	
0.40601012698588956	1.2956634343098283	0.6263859657819556	1.0817950534330962	0.0536901182520458	
1.3860479683930373	2.162765157296704	1.974573300542641	0.35462468102579575	1.6460945294102136	
0.10541339971680556	0.6713487124001482	0.7160082702834775	0.3211036685981904	1.2335170798718622	
0.0442642898726838	0.0321059180096757	0.34189679565036246	0.11625468456384491	0.4495334429290076	
0.16626201745784222	0.2604565898507229	0.2604544279475274	0.2615605493846241	0.2782963826175222	
0.5220504180106174	0.0	0.10905910375498616	0.4202486297356308	0.8204102191569783	
0.0	0.49853331610480994	0.8743349071954277	0.46169582330862946	0.543316347169145	
0.5369169929993935	0.3023917688072407	0.12367283422693004	0.5590406435538933	0.023834087080211046	
0.0	0.006789694898781163	0.6125901709863778	0.6673466817687607	0.05367073600918598	
0.0	0.5677150527249452	0.0	0.7685544880714046	0.8340790157724686	
0.0	0.0	0.0	0.0	0.0	
0.921434336250548	0.30164956806058746	0.5670501751942797	0.5408240518660914	0.13819464144261814	
0.7104766229183498	1.246819198017884	0.5237088778774044	0.001357477504031126	0.3602188631501433	
0.13286568464106105	0.9351235189850111	0.29057911117027907	0.20238044971661337	0.07263679773276786	
0.5442610218384891	0.46222791488452347	0.0	0.5513404347109032	0.5616973167784783	
0.3389409400824077	0.20226926339830809	0.5241635303442769	0.4061394964403197	0.0023398952635770333	
0.10671118811710509	0.17944334269220977	0.3142756042681292	0.6290938349663804	1.1329942114561418	
0.679388738871186	0.29222462460088805	0.6069479179076182	0.08399787117335486	0.39946975107715027	
0.3653952076501393	0.8986880956913915	0.6340787080240011	0.9015008439871955	0.8050601883872148	
0.44653620691192286	0.0	0.7445475154689184	1.072194448500384	0.07127268226327849	
0.08165697391776267	0.0	0.27414123509011157	1.1625419634154521	0.8919331762836659	
1.318399732473297	0.0	0.0	3.1159728729037877	0.0	
0.4582154089626847	0.8722535861293107	0.8980349833494028	1.221803860701506	0.6503938362783804	
0.08028601692919192	0.5266803680664203	0.5950736898507318	0.0	1.244815857728251	
0.0	0.0	0.0	0.766013395523768	0.1657317799833438	
2.530779938688604E-6	0.6984155115803453	0.3841164302236361	0.11101506863880627	1.8222552683119697	
0.13466917869552422	0.47316774541539286	0.998153884756001	0.6389635412582819	0.9938565417526755	
0.0	0.23324738851924975	0.4263953701244816	0.03445197932160759	0.2698435424645204	
0.09779879621782862	2.2878104597553835E-4	0.050579630145758496	1.049718004050195	0.04544033237703005	
0.39959338982156917	0.2618492025580181	0.33511870882178746	0.2714328252229365	0.8434570984098468	
0.3100195564577282	1.526579520208774	6.227120682669811E-6	0.4614780126396779	0.33674709082047843	
0.49670316704906353	0.279445825704582	1.6883792079882172	0.33239151067036676	0.8410606938376477	
0.0	0.1323403659205713	0.0	0.8785723114194678	0.4783355005866515	
0.11697426302867116	0.4898863185271076	0.7071931631697472	0.295645074288988	0.2343445597420939	
0.23220774417587017	0.28470835955111456	0.2226442286219316	0.8675719030253202	1.1890665110620218	
0.0	0.5063146662317882	0.0	0.3961099404575815	0.36249052883684274	
0.0	0.0	0.0	0.0	0.0	
4.46411052280306	3.783983123023742	3.988247504143848	4.338309574082788	2.4949851074788354	
0.3892876983119131	0.41506842364704016	0.0486637219399214	0.5593378830470924	0.5644304330434408	
0.3291009099493639	1.6745031055757722	0.0	0.5251422411253688	0.44929174086047186	
0.0	0.0	0.0	0.0	0.0	
0.426658816835332	0.7506892069239142	0.03488170601167614	0.5795046892705369	0.8408344068222232	
0.2688187897890495	0.4450290003818458	0.3156108613282248	0.010088449742816379	0.5067553839424216	
0.3545021109833233	0.586373735087756	0.13052251632578787	0.48344634969513034	0.7449400600407448	
0.08087696294768967	0.2745816919543063	0.003098445005812319	0.6842054756850114	1.06231814142652	
0.0	0.41242464635590426	0.7614739856346674	0.4378685882242239	1.78042135653085	
0.26360522850042545	0.40445050434624613	1.0483420099529195	0.27515278937001036	0.6181359114077436	
0.09915003784129511	0.06987661674131812	0.056049001306741605	0.5512000438153146	0.492784862784548	
0.0	0.14695986459950705	0.5170484314240713	0.0	1.3140099281403481	
0.0	0.0	0.0	0.0	0.0	
1.024293581440877	0.3541324885652407	0.9275895677496945	0.4260278587384969	0.5274545658816213	
0.27624272266662986	0.3054234590802642	0.565099869181194	0.7104011286265604	0.542475413185338	
1.0347236790844296	0.3749101243100681	0.009733587750832414	0.35749303193293536	0.0	
0.0	0.3720928197880688	0.38483441691490583	0.5014233378596832	0.16134085859613215	
0.018575033169572715	0.01541692488249108	0.6316546418709287	0.27881691306595213	0.9079314118862101	
0.0	0.12639047519961738	0.6894694632980025	0.23163199150929964	0.9036959521670876	
0.6542067043930282	0.24814416088436717	0.16305488829765188	0.06494964206228057	0.31831198815406986	
0.23277236357955497	0.6400184506004145	0.25681147759129275	0.29264265803413375	0.44778924262704256	
0.11468244944618228	0.9385806302504996	0.47297523778059575	0.9063292338675419	0.4893085034253728	
3.995356894042763	4.27716377708542	4.126227877343716	3.9149798909088735	2.553122101772898	
0.032455883055974924	0.18159586534818778	0.013728670716420492	0.929707907419826	1.3006589882485164	
0.2596499262024444	0.2580214660268361	0.0	1.350055023863835	0.5484009124688916	
0.040705552715403444	0.2044311595015629	0.2969986514774325	0.2544722558172112	1.3378899293634468	
0.00816380839373621	0.6148219466896099	0.06209686353727751	0.6826332336676239	0.00771695768966128	
0.11083523082632964	0.7434824417811715	0.16807212254474194	1.082028686275097	0.9484647655861075	
0.7075890104798856	0.6426890828596048	0.7666025934232071	1.1701956273765142	0.6031950181308843	
0.23338141332841517	0.7428198366771275	0.7529410991172777	0.4281788959545581	0.800167045191575	
1.0860645458909532E-6	0.011100359839683507	0.5629737166469817	0.5853294759677915	8.86187908668607E-4	
0.49333573036415873	0.45413888883748116	0.35290066285846083	0.2869377853829794	0.10991345180811382	
0.0	0.6036062111349522	0.3361183864910892	0.7991153538122184	1.3088499840884829	
0.3657191279415164	0.4692117854815244	0.0	0.457014630379493	0.4257701305045481	
0.5834196807254147	0.7931188262997977	0.008157789938204828	0.11429590734670238	0.6773384903262684	
0.009464024839939028	0.0	0.33389053639176164	0.32289827480895666	0.23133219352596196	
0.8202955598799591	0.787516341980999	0.04551499570427881	0.604130309632589	0.6715498809317094	
0.1615702482949162	0.09322118219526124	0.7414489960848645	0.5284255025702037	0.33348804446462454	
0.6910777607663505	0.44302002046009475	0.7320879068501837	0.48004294899548144	0.8451082872769706	
0.0	0.9436082079282156	0.0	0.0616518778918895	0.4619236508307036	
0.0	0.06969167103587394	0.6535110319710425	0.562867196245593	0.8256860574139031	
0.42936699718588295	0.0	0.0	0.00114275756007295	0.0	
0.3912495924498988	0.4616693002441296	0.15593827352082779	0.8320126800474771	1.2875969988159086	
0.011936466932434503	0.3049641985165079	0.39492754242541744	0.49562442252271405	0.01907361321039815	
0.14466539529408026	1.0128810421106675	0.24257073978246904	1.0151592905678035	0.7336970330185943	
0.3554847316217098	0.36402293711545025	0.3900076914841007	0.17868749004483706	0.5004198253771056	
0.817356364365241	0.09336858489532	0.2959004552764312	0.17944432618333334	0.17103475971017598	
0.0188375052961327	0.7297833176198985	0.7451409468060246	0.6124325728638226	0.13263964710637197	
0.10261299726072962	0.6835213949225807	0.28204419596094216	0.4740846037922921	0.6323053054357127	
1.193808075194189	0.6759371167592035	0.21462454750444626	0.49225872606106175	0.5431247074422433	
0.0	0.5729213575753126	0.4931494156307594	0.6639280736719758	0.45839246777735637	
0.7130321220201287	0.5702886852303409	0.6509000365778639	0.6845776733575418	0.15149933839850893	
0.0	0.0	0.0	0.0	0.0	
0.48577487292390004	0.049426111858564895	0.5279146237157425	0.2381838022565916	0.49656318846208747	
0.09720527508088454	0.9123656536251877	1.1030222720391576	0.13967335725238433	0.3436735411785584	
0.13756204400942637	3.7399416112579824	0.023485736448934737	0.5289989127563224	0.32456370509421456	
0.0	0.23930938126866838	0.7286032347551104	0.6022774180093479	0.026365791268198744	
0.5123913571263983	0.6581403343981835	0.7550004370274167	0.32294978109184735	1.4875891973417175	
1.1858890520108147	0.6986956472406517	0.0323711659099121	0.9211276721481626	0.04844126697050551	
0.0	1.4958999427967488	0.0	0.20736033786411318	0.21211934430064183	
0.0904416203099259	0.04439912181069636	0.36721221503595997	0.3438206417862192	0.2285702874734184	
0.03742535280852297	0.6865519695624286	0.3872782879406615	0.6221674033631236	0.04586830757616242	
0.8569295412946017	1.1113120923413156	0.19145246046613176	0.3840513184649364	0.5752141297854105	
0.4923999004098439	1.1047338170786376	0.013051929761107696	0.5261816403743206	0.6669867468553012	
0.0	0.0	0.23302714651481046	0.25958361856061185	1.0861313709926776	
0.18129540246260395	0.28079662368311253	0.412270943517845	0.14869731187287608	0.42203165859329533	
0.18033267252923035	0.29808178393827073	0.47688134020395806	0.48502256540293065	0.47658006681236176	
0.2568264413470887	0.558114015224503	0.11906405146287957	0.5662170438895231	0.5278316669323225	
0.26985499361620735	0.41665036397472344	0.5487968303056604	0.6926078286250031	0.9503449605628522	
0.22397820295739035	0.830345136380071	0.5779096891729024	1.4328564640838217	0.7996888135981454	
0.5848862525657071	0.4890115412136984	0.4723743349886274	0.6081272622789884	0.36894630504123416	
0.390424643771782	0.4070378147783248	0.19790972364323342	0.2761377892483594	0.8339003145888513	
0.07891247678620432	0.4436135692446745	0.3091011342633736	0.42314216165011453	1.076190124909273	
0.3545271499387965	0.9335565790243359	0.4529070216690623	0.41579204585960333	0.40239346533536746	
0.4298543139886073	0.3924304517088336	0.31410267121165614	0.7802963443463119	0.2737488990380644	
0.022339147835048992	0.6495614256608301	0.753760013792699	0.5997826517523548	0.33015102494702536	
0.0	0.3077750289688408	0.4558362360452767	0.669354737161263	0.7502870264737077	
0.0	0.7752900640334673	0.9431525945887289	0.5888336398953022	0.54471998154763	
0.0	1.2429221499074667	0.0	0.0	0.0016614323413149572	
0.15424907994432938	1.0964730182908056	0.4707399313285435	0.0	0.6340840272141548	
0.23935813441550788	0.0	0.043273049319647955	0.4471500145044977	1.1071916103595418	
0.423155642410293	1.2101252184890474	0.0	0.5112917720100313	0.5256434904530141	
0.34241859103347266	0.1296311788099502	0.49677715864578387	0.19545260859607552	0.4658311259799161	
0.0	0.1925581541586837	0.22622131771521004	0.5576996301367402	0.9430837659705337	
0.0	1.3192466844892379	0.28204778403247605	0.2756667315263254	0.9556945375284602	
0.5908637359305621	0.7073833778828513	0.09731424374053006	0.1838510184470406	0.9469361366030843	
0.22580451026750117	0.9264393386398403	0.6421601463161882	0.4808538561102864	0.202285485970802	
0.09136679930247715	0.14811472761471864	0.4434399473832797	0.45759711199911146	0.07794402462305387	
0.20666708471310102	0.8001189398336844	0.5436868304590033	0.3842667353018544	0.11336619425502696	
8.072651670778192E-5	0.33377984609008526	0.5828002064001556	0.6339007143456605	0.03904115531992595	
0.0	0.8654875489175995	0.0	0.013707040277121154	1.1691811982161076	
0.6704851974772346	1.1312282003009781	0.11692206332340623	0.7194862440104803	1.440665995594894	
0.0	0.0	0.0	0.0	0.0	
1.6967577167219185E-5	0.23211035987424966	0.2279255026672147	0.22024226179638182	1.745364576420217	
0.3551923605162192	0.9044777702471171	0.6235931680892502	0.1494513346067185	0.44314496290846844	
0.0	1.1797141678043157	0.2714319767119634	0.058762599974273126	0.624764905249855	
0.0	0.5651535238080956	0.4018200602721552	0.739122986610614	0.1057433203936019	
0.0	0.2582674085281362	0.0	0.6243756019371872	0.8220716272279649	
0.15987712391724776	0.19150476143645598	0.3647585194985948	0.375051412161934	0.1560001624032617	
2.158236033995624	0.7580159253667281	0.7470348749415296	2.1639263124781425	0.7599020954347973	
0.0	6.903363065695817E-4	0.07519871785365172	0.2330292155426041	2.4585086156728857	
0.5076651844877762	0.0	0.6217087858474446	1.113027043389467	0.07166834382587997	
0.0	0.542602608358586	0.2299511597812138	0.9359514965049301	0.47964688037562125	
0.29865889668005685	0.5633518214724395	0.47962346626562635	1.1258642947544983	0.9963590126014913	
0.35709472907877926	0.36388851584248455	0.5834601542495588	0.34764591574456427	0.4945947830144484	
0.0	3.209523087308848E-8	0.3081946488935389	0.2771197943945208	0.522978336606396	
0.0	0.9737302593943563	0.0	0.4390408676028603	0.38969567931441007	
1.7741694701531279	1.5500392205304618	0.7017519855257623	1.053570608348611	0.4558492227765734	
0.0	0.5940243547649856	0.46231253787394516	1.4452749352401006	0.0	
0.31124413143509644	0.07108997756183415	0.15696915681266618	0.3497996910046237	0.47512570067281285	
0.0	0.0	0.0	0.0	0.0	
0.24799312852948813	0.49925938976670464	0.5665724948440979	0.714763084629506	0.19428058582701566	
0.4304686315118767	1.3808166830326083	0.1535364204868979	0.5462679872146458	0.38903380657977565	
0.05617445883123463	0.5670965444943884	0.5156452791538916	0.006711450079099896	0.7647719886202596	
0.057364174433097964	0.014254044701161374	0.5066324082808449	0.9178195156562154	0.523092449630203	
0.34231734122955193	0.5839240624615608	0.3323911553449209	0.7368644574572116	0.6077271066321338	
0.1958248895078589	0.3974166967831437	0.5181346153555443	0.19970529762875613	0.11894234169933712	
0.05884696064246277	0.47570362037234337	7.435346176142774E-5	1.1131456011741123	2.393241100495286	
1.018589386540929	0.4997825168767184	0.5733936092433689	0.40842832867352424	0.3393898639665858	
13.017871943368485	12.024714097716062	12.281041559991577	13.273026291319376	10.85881980856454	
0.5151093287250684	0.4310917751515423	0.23931951980807878	0.776607171178842	0.20119232400688697	
0.25428266353979584	0.4560823383045151	0.15768382325530195	0.0	0.632162905360569	
0.0	0.1318990012047555	0.06532219416872105	0.5435784978674868	1.2595056428663725	
0.7094815432687925	0.7189497342619566	0.34184634355925325	0.6709288153747391	0.424493469622521	
0.08138279950698325	0.00869294506737167	0.009200182656810088	0.41152226255671887	0.3248348637326037	
0.2901240551634443	0.323565020887826	0.0	1.0846584868168205	4.369133620817773	
0.8915244375511961	0.46346086919286955	0.0831677654092588	0.3653711146952638	0.41516991667949915	
0.02162767015755714	0.3517468919864445	2.1947483859534965E-7	0.7712264215546977	0.619817806191806	
0.307506601541623	1.6340307910332168	1.5192683279201709	0.7669612342948707	1.3006736984196905	
0.7650101669093207	0.6060243974466288	0.3300839933794319	0.2525511474557553	0.10653274541218923	
0.18239906239382078	0.3008409416356567	0.49140274169672865	0.0	0.7004983096031465	
0.0	0.07780758656117731	0.6094801616303983	0.08427177003720678	0.0	
0.6079386618589566	0.8423458446742005	0.3072030039742346	0.5707008071850617	0.31935621961400407	
0.37469490904031055	0.5434030153194528	0.3145323097667707	0.5127478134294635	0.23059143247062866	
0.0723532742116635	0.058103145773682745	0.0	0.7789214945763415	0.40991662584957556	
1.42365299902392	0.9723816147592295	1.014155802202718	0.8672518702947578	1.4102049192420432	
0.5762903619410957	0.45707459117844534	0.0	1.247675599910054	1.2668970564730095	
0.45276352046111024	0.4084900265374551	0.06619481994467853	0.022117065954111115	1.1827373072554674	
0.005165560085487451	0.0	0.0	0.7200889496585032	0.6928110009038623	
0.8866085699348375	0.3378621310327226	0.31444889289675737	0.8958513605204697	0.055633032524627195	
0.5761847316928373	0.9184329306948088	0.7004672512627441	0.3739615315703894	0.0	
0.38292640146517914	0.12567114943104124	0.22689926685774509	0.5073314876981417	0.47636268780478686	
0.0	0.1626840004854741	0.30744364074110186	0.4150315408382199	0.12124802518626976	
0.43069239239601287	0.07157346120448226	0.5213780360443789	0.009260811961709147	0.030932401853279688	
0.6116759526193574	0.32014882278128387	0.5980641207954526	0.018680630439580376	0.5310545985108998	
0.0	0.0704016203718656	0.0	0.7556740055750366	1.457513185548797	
0.4985694473174676	0.0	0.7154745033637243	0.4625957650299547	0.21909946208705544	
0.5815273805723733	0.39503897554874445	0.0	0.8207738827452213	1.2172144876308677	
0.0	0.03630347123782536	0.3887838262883724	0.5060688072452253	0.3508493813251119	
0.0	0.0	0.0	0.0	0.0	
0.82505680510858	2.044322480175053	0.7010287193382452	3.632821551448563	0.0	
0.13432822024645732	1.2483971621722625	2.31689880136262	0.31201996263531623	0.6796665406230947	
0.37103870555575025	0.3664243076373274	0.45862229088606743	0.3913673543628999	0.415963949350718	
0.011530074662198242	0.21312656750387235	0.650366475230733	0.14684348452018678	0.5028518332360801	
0.36349344757297225	0.06368047504997015	0.49473212528771193	1.9406119796971164	0.0	
0.0	0.2967823360901376	1.1513093097241809E-6	0.3034846882718573	1.4008836737335493	
0.21254627154610106	0.35032735910649765	0.5594428636101838	0.4071759218101149	0.27716640988617547	
0.0	0.0	0.0	0.0	0.0	
0.627393085817498	2.2006209312160188	0.26529195393746513	1.0980994483734312	0.014673868305891229	
0.5825213120542452	1.4368561265735116	0.0	0.7077053911271238	0.9237790688918053	
0.11121728866897627	0.040018891742271724	0.8002265570697449	0.6228759619834521	0.18616643285210716	
0.18246863006768937	0.5614197641621034	0.21926328705103432	0.528162555944301	0.20744509998946126	
0.35723388316588206	0.30992849008285944	0.58232441175135	0.46921523673443993	1.4898714318650057	
0.2263413577040495	1.3765336236182437	0.0	0.21915033851170812	0.048184726134164545	
0.19688184096668318	0.5088994785520757	0.15716737623667937	0.4876300268525755	0.1822146074457206	
0.2264593964561819	0.32745059913345076	0.4747880665940348	0.29041317110177645	1.5889315882461719	
0.0	0.658382290522969	0.0	0.8729660831573502	0.919817180625827	
0.9065727534488133	0.0	0.4664062003345453	1.4341427636429964	0.40606488366620924	
0.0	0.2296150233556621	0.0	0.5683120329804496	0.4731889829484768	
0.6991262714503264	0.0	0.0	0.3038975191935737	0.0	
0.07531971203927179	0.2051245920622847	0.00973643843356738	0.1374125392612167	0.15508348660757845	
0.0	0.3837736356772435	0.0	0.4492857169740105	0.1476470774084739	
0.0	0.1014553596941105	0.21587697292474867	0.5732472199041705	0.7227094704960283	
0.1697076650180927	0.42939079430608246	0.5642024613112925	0.0	0.23811582391053934	
0.45850135339200054	0.3153132610839604	0.5841867913727385	0.9256298378852617	0.6782151328807198	
0.32429137194476076	0.40387684585898487	0.4447227899898191	0.23262906908414166	0.4668304628084242	
0.7651611733293409	0.6806777236773912	0.37777591501323676	0.9834789711128535	1.43044575589168	
0.1645605877845782	0.7062052199079338	0.44526146754198703	0.13185240395055078	0.25462863148290765	
0.0	0.41905921842339966	0.4381573480029535	0.2212627673441396	0.2839053487212118	
0.0	0.0	0.0	0.0	0.0	
0.0	0.9266010983491699	0.3312909995890943	0.2637850948242168	0.1950217068587238	
0.0	0.3962608591190228	0.9676845804636426	0.7303621955713663	0.462261189791127	
0.0	0.8404510115658198	0.5557752136973843	0.04651652272582802	1.4207283743343477	
0.5405947319056399	0.12934114735014698	0.2888266989987107	0.504372514106275	0.5231463331086477	
0.0	0.9423602420646424	0.3194984613791067	0.5199975455404195	0.0	
0.14125976802993354	0.5026346954113605	0.13668690779403914	0.5618871086910575	0.12235082710283632	
0.28274383121599284	0.7791572585244961	0.5940041552559985	0.5014835941777447	1.1094859128847787	
0.0	0.21080801907656055	0.025912078224597544	0.0	1.5261424881567351	
0.9840034476905896	0.4372384745304148	0.09184941868119734	0.8453838515185026	0.469751927122417	
9.751004901740135	9.400791281884496	9.045477959144348	10.182906967970462	7.853182523661335	
0.19119510113671145	0.38493135211805796	0.25079059768051454	1.2090168962357208	0.08655578636006497	
0.15894776990202952	0.5141794704990207	0.0	0.42960548910402435	0.3189922817212989	
0.7506390708415894	0.969355222040737	0.6854427826269303	0.5116221532909785	0.7440368252080073	
0.29602468145921185	0.5047149598425522	0.349696873641199	0.06698772023451949	0.6266987385278251	
0.050696263958128096	0.37764249875887107	0.5437238350814152	0.6898065639508689	1.1392254222317844	
0.9769040848890088	0.30806849129055763	0.6793960760472015	1.1132042714787447	0.4326836425829602	
0.0	0.4809959294482769	0.7382557478521746	0.3763138374044958	0.9035298144575844	
0.30524628743949683	0.12839805166922763	0.24204693744937297	0.5839036119901942	0.7322414812793995	
0.5495315807404167	0.7534013422881581	0.0	0.0	1.3214172769373709	
2.3319530710436633E-6	0.44169329941775815	0.4192330650509644	0.3970851646249029	1.3102936071709808	
0.0	0.0	0.0	0.0	0.0	
0.13394183112688862	0.9076650474087851	0.15306232129560557	0.676041503802259	0.933904066222777	
0.5343126478055988	0.005994821320517463	0.06818809940591933	0.5426375246442692	0.2821434956276532	
0.2743533891183565	0.5413834337623753	0.7545470623921012	0.0	0.4898862200962093	
0.2693649074684381	0.4431943932567632	0.2350293021375285	0.4822459090115651	0.04801765829760207	
0.0	0.8567423241086184	0.7731115471024336	0.06913920782257721	0.45740270908433633	
0.41753390212688246	0.6193212883615455	0.27710054180698274	0.0	0.0	
0.41690370372052626	0.3362472606243968	0.26524085747575077	0.6729491902904481	0.6537698200027365	
0.0	0.15538934358727058	0.2869725003073927	0.2387899324957769	0.9024234556568491	
0.0	0.5772325475856616	0.4508118997809375	0.9490935004594958	0.7489861836235839	
0.7131751492683309	0.0	0.15885627752562653	0.5707702028181582	0.010694229014820865	
0.743927274767463	0.0025510768069663993	0.0018822851687609846	0.37213890589353915	0.805699819177719	
0.0039014965425235686	0.3950458157158446	0.41967816156990395	0.018056283346892944	0.35369971545165424	
0.42908963200938893	2.007841522292473	0.2062640151646168	0.015827585370173453	1.0725144071035244	
0.8962147294575503	2.3876487303082725	0.2915897881501668	1.3089621946044607	0.7992903051872726	
0.0	0.0	0.0	0.0	0.0	
0.25462998463137015	0.6194503713492322	0.46477879006531153	0.4325954681381823	0.43930522754366774	
0.22778430623631393	0.39768428244997023	0.4592237977541509	0.7518943501001079	0.5656160888963119	
0.0	0.6163874392403306	0.0	0.8835598605966105	0.46339403862195516	
0.0	2.2436772850857429E-7	1.0780116657172172	0.5321066115331493	0.6092551189697353	
0.22691300666298791	0.08232136656829943	0.24640770258372616	0.3283239999932394	0.47133382429485843	
0.47932588852865415	0.4504741268094498	0.27641348861089177	0.37874517071740055	0.8361196557691528	
0.3050820444842322	0.0	0.0	0.0	3.828706862729219	
0.10375380108303749	0.004328944983272054	0.5006439424884139	0.47983041386880504	0.22522330130596865	
0.9196871507320473	0.2690831533012223	0.2542574238224378	0.43112375596999253	0.3173841069151779	
0.16069580472884293	0.22681731405241964	0.0957636019315296	0.46095514529350884	0.17400577351171562	
0.3057330478319937	1.0593036326188414	0.16440422468745078	0.7395209180678909	0.37411394012700844	
0.0	0.0	0.0	0.0	0.0	
0.0	0.46296616935914636	0.1483883445440092	0.2823137500558121	1.7714355011609257	
0.14950375283317416	0.2958575416598364	0.5529598276807478	0.25151841777278905	0.34395571907037226	
0.0	0.0	0.0	0.0	0.0	
0.004582005338356283	0.5315886443169167	0.375583227355601	0.3175773314942678	1.476777532155201	
0.0	0.03545645638766507	0.05320664234128018	0.2864634484626129	1.0727058023891525	
0.0	0.34339203741531854	0.552324538473617	1.1281438306490887	0.5436287643208425	
0.34643370697918635	4.727572582618277	0.0	0.532073483481283	0.07983073674572162	
0.13060999927668895	0.06614547424337498	0.5499979452597824	0.43153537109561646	0.0697571676445457	
