0.27679932221402864	0.029205823578580602	0.3002072944935343	0.1296652738347848	0.03702572840890007	
0.014922936985697001	0.27056534529290677	0.28152560693142026	0.14577269343118548	1.59525344543422	
0.0	0.0	0.0	0.0	0.0	
0.0	0.0	0.0	0.0	0.0	
0.0	0.0	0.0	0.0	0.0	
0.0	0.0	0.0	0.0	0.0	
0.0	0.0	0.17317218766153744	0.04144242715125058	3.0606560063382307	
0.0	0.0	0.0	0.0	0.0	
0.0	0.3175464948006303	0.5519438757920803	0.5141177458300089	1.6215321890526093	
0.0	1.5718900484296632	0.27001266559004294	1.1169856962598708	0.37978117512777626	
0.5254223799897392	3.430570879980733	0.42367991425654455	1.0902650072171922	0.695067470866899	
0.0	0.7871288913261856	1.4084387015821187	0.1916887803467042	1.5681608012386172	
0.5727972849185935	0.7743323651750013	0.8107811290012373	0.1613432295472163	1.0013694677834222	
0.0	0.0	0.0	0.0	0.0	
0.0	0.0	0.0	0.0	0.0	
0.0	0.01412743990141632	2.166480723014578	1.684296144737542	1.201563177148819	
0.0	0.8113325084868942	1.7008775485396135E-4	0.6295767641662237	1.8477934672647427	
0.0	0.40519451480954777	0.6546942574336729	0.9100988857916926	0.9493328780961335	
0.0	0.07509174696824648	0.7920328279179649	0.49791290635308416	0.6129201747146724	
0.0	0.0	0.0	0.0	0.0	
0.0	0.0	0.0	0.0	0.0	
0.01678186440617228	0.34155138486618664	0.34710517245680367	1.2568252822767025	0.5802273680290894	
0.0	0.018556041795816235	0.0	0.28113048231142446	0.7312113149789365	
2.1211818544987715E-7	0.7556176424183041	1.263455586408159	0.6045371286386465	1.0276492129784247	
0.0	0.37862123495703914	0.0	0.022898373909237605	1.8019507329445925	
0.0	0.0	0.0	0.0	0.0	
0.005318356178471627	1.0855315017940834	0.0	0.695023725248055	1.2374012531134595	
3.069849835290508	5.270537651333216	1.2119037172472111	0.0	1.4095880748487044	
0.0	0.0	0.0	0.0	0.0	
0.4814413688953435	2.141814452214544	0.0	0.4342561398995023	0.45287412939413146	
0.0	0.0	0.0	0.0	0.0	
0.13322212606326056	0.7610900648593598	0.33332549413393636	0.4539236552515745	0.8661472192400949	
0.4424102439772532	0.9088692487654525	0.2042595264451828	0.27919847210199056	1.5702269095972778	
0.8909079490822573	0.6805190342108162	0.7598517667977268	0.8668521781786462	0.1365698082662677	
0.0	0.0	0.0	0.0	0.0	
0.5512769998852656	0.39647765040960603	0.23064766869650702	0.5785268856086603	2.466991710284013	
0.0	0.0	0.0	0.0	0.0	
0.0	0.0	0.0	0.8157908865425122	0.784063082103867	
0.0	0.0	0.0	0.0	0.0	
0.0	0.0	0.0	0.0	0.0	
0.0	0.0	0.0	0.0	0.0	
0.0	1.9292077491471182	0.17465635626273118	1.769747226150585	0.9191310045170314	
1.4507429690197946	3.967865913300865	0.15158667684085236	0.5464006003994679	0.6728406141015557	
0.0	0.0	0.0	0.0	0.0	
0.0	0.2508270407026317	0.9804046016532417	0.9208642046531634	1.0119350140292245	
0.0	0.0	0.0	0.0	0.0	
0.4979152916483018	0.9668993266030095	0.3337980510503745	0.8442631267795089	0.0	
0.0	0.9748270077302587	0.559321248344986	0.7466511775141251	1.6527199668393522	
0.4225451133289486	0.1279803231922901	0.06759572534340344	0.3777473587557267	0.5670503335217154	
1.9034152668218088E-7	0.19519602178239048	0.19325818091417446	1.1582287403814122	0.8246127135239584	
0.09150461437743845	0.6361381348890406	0.02951863490112547	0.12827739482769857	1.0886014656534126	
0.028805793748294846	0.7293719120625429	0.7447870245545237	0.10152752767574058	1.603507827317574	
0.0	0.30976850065635236	0.24596175886847685	0.16319206148422274	1.1977582082000549	
0.0	0.0	0.0	0.23615030428429504	0.5778237411220977	
0.0	0.26035249454067383	0.4105424345476843	0.23504605590902755	0.051168982787388594	
0.523601774543123	0.3681799837746591	0.5885205380388681	1.024566803437467	0.9913432723772794	
0.08291881233378184	0.5118349104690555	0.1556574696813439	0.10959208416690751	0.1809407109075485	
0.3201036537362973	0.46711937930432224	7.017885705436427E-7	1.0858342258211697	0.9289651406321909	
0.5620959926267917	0.30872502210988045	0.22729833504798921	0.9140903410748155	0.5419678764713427	
0.02757349559748741	0.0	1.814180816881181	0.9957021125859512	0.3622884014549041	
0.0	0.3042899411800372	0.22352897684163758	0.9008260199876494	0.584898552422961	
0.6453150860251071	0.7616331391437492	0.1737644101401359	0.028977704550983193	2.8191379622148687	
4.747991869623523	6.449091183336877	2.5540415421960185	0.0	4.052815457227927	
0.5404689242516824	0.1370806734888434	0.4687440648776948	1.1363267994356856	0.15658521848096343	
0.7208092698813556	0.5284076176603012	0.6315490619977511	0.5604001952966132	1.4177841369477566	
0.19494538483823928	1.031110486922248	0.36794970169027486	0.4669137692106685	0.9982854386141177	
0.34566890492608676	2.977640285310533E-4	0.012405144884567879	0.972022883088819	0.2021406508645716	
0.0	0.0	0.0	0.0	0.0	
0.0	0.0	0.0	0.0	0.0	
1.2807066924372508	1.4200302845516348	1.0358626726230404	1.12513039911484	0.37406235766077806	
0.0	0.2644724305480252	0.0	0.4161320112326307	0.38949478892742295	
0.44554681476232416	0.6280926994256343	0.246212109866324	0.0	1.5475669606878488	
0.18024654915135566	1.00318741753721	0.854242232066821	0.2647301381257891	2.601513776386572	
0.0	0.0	0.0	0.0	0.0	
0.0	0.0	0.0	0.0	0.0	
0.0	0.0	1.9212486009380054	0.17774457155264503	0.5553649589145166	
0.25183428293245735	0.0025943796970234333	0.8927262625961704	0.25593885679293643	0.36370054870417773	
0.4536314198210647	0.39370762409217835	0.672556200670953	0.1906954346158505	0.5110552350715531	
0.07172594408595798	0.3724189326072215	0.004391509706500693	0.4844971334942935	1.2591142028392568	
0.32078223818480023	0.6950917588914791	0.15847559740984538	0.5208282746355837	0.7450861324119388	
0.0	0.0	0.0	0.0	0.0	
0.6515240066451197	0.008489826406236113	0.16429422436596225	0.5443222874231792	1.10310039659726	
0.15060127203734744	1.1459054373851971	0.33321182961357565	0.611537284807726	0.3529901834118936	
0.0	0.0	0.5884748459667086	1.9734963053712278	0.0	
0.0	0.0	0.0	0.0	0.0	
0.0	0.6735331799500095	0.0	0.4236767611938421	1.5106676513896136	
0.4112202618801657	0.7480775818773845	0.36991213706208276	0.16297678260301668	1.1643396853469017	
0.0	0.45090943141204987	0.1694429299189646	0.8309536658941865	0.24908237692356403	
1.424456976637564	1.441178039972204	2.1327594538926116	0.2511858958595292	0.4624488178672258	
0.0	0.23330036644098703	0.014305286570675384	0.6954168064656189	0.314545682584957	
0.006702192871059207	0.07162889396379259	0.08470435801745752	0.10590535409221041	0.598840363937152	
4.534242784088935	7.87787317937619	0.788849359381388	0.0	1.6061379338664004	
0.0	0.0	0.0	0.0	0.0	
8.291522566984463E-5	0.5671035409779857	0.006139277775714762	0.23662322877494335	1.1109583874959137	
8.173022535442459E-4	0.31483206286690096	0.20053140989312282	0.6591951908299609	2.872150057850668	
0.33845620622632305	0.4253549808050959	0.22835629616684786	0.2930348972912572	0.7111685317369144	
0.0	1.154810588423357	0.08028575550699275	1.092508032643531	0.6934437619559948	
0.14699681703261125	0.7592965764338877	0.29595922984567075	0.35964529675515544	0.4586096815161417	
0.9006702091971012	0.22061046464301742	1.1752738279095991	0.8323466380942454	0.9170890166207118	
0.0	0.180169127734238	0.0	1.4286354409300437	0.44693195269623315	
0.01729311567864914	0.2695240126948714	0.6623251452679796	0.03659257884592148	1.2401588130936443	
1.588272856983368	2.768300987913352	2.609524001783568	0.8632095943038032	0.6456962978598281	
0.0310055377105183	0.029454631374405894	0.6523087652012968	1.0168849506319515	1.4308024304186835	
0.3973304165421328	0.4631986370984222	0.47329410965941976	0.3247930472926485	1.5527422707411804	
0.4782803741512375	0.9529787503701793	0.712866835696505	0.6630941301740462	2.0357459735420727	
0.09255347579865207	0.045874865481384926	0.002549441628126574	0.9981323302849353	0.1327727744328997	
0.0	0.0	0.0	0.0	0.0	
1.4630382930059467	1.125019129003027	0.5880406324389673	1.105175487878846	0.0	
0.004375618877560921	1.5333075832665906	0.7881187691497556	0.44107054684160313	0.3756381246867527	
0.0	0.0	0.0	0.0	0.0	
0.0	0.3698853941692152	0.0	0.6062540879571475	1.638162309498171	
0.22712281790229089	0.2998781150215137	0.32464358919017683	0.39196127477828213	1.4350808573683738	
0.4548694742201459	0.9430676492853453	0.6330661113024569	0.2586252418940422	1.3764730284240219	
0.012128092648237885	0.08718023608400965	0.6509256906116524	0.4845719519186808	0.0448404616876565	
0.0	1.2534914139448643	0.0	0.07488459323562598	1.2709522779996532	
0.8489715457124976	0.3288183656625772	0.22703152924008968	1.6012441137988276	1.032377907851927	
0.22620903723702657	0.03760343467028063	0.45399195788322405	0.0	0.7407224852790345	
0.36845589188326255	0.5501329421984271	0.36928323158676224	0.7047009204163213	1.0807482760118148	
0.0	0.0	0.0	0.0	0.0	
0.4263881523076121	0.14065974089505717	0.4991568868028449	0.5557247460620802	0.8654930841027304	
0.9811134089463291	0.7786120805253375	1.057264986474329	0.2763242472346099	0.0025576643238005505	
0.0	0.3476411793021409	0.7850419165459734	0.6676054349557742	0.26592298162423295	
0.6047044097904263	0.4125747118611747	0.699542134988994	0.33711794697969777	0.4994020261751891	
0.0	0.7656985941463266	0.643083177077121	1.1358175021721901	1.0405433846865189	
0.0	0.39453585598995833	0.0	1.1221582029649795	0.6302149150744975	
0.40766737916396306	0.45883243181351246	0.6202398690964337	1.1497995878344167	0.9421002305357878	
0.25382362732419067	0.36133226931684426	0.7086882395233306	0.5465387851202054	1.852366379796811	
0.2524956888864625	1.0014836788672676	0.32567626686401724	0.8522074035549653	1.83553185497431	
0.18441973764251618	0.09530033508255172	0.13693194423207927	0.7812868951161325	1.197499581657912	
0.4144592134817194	0.0	0.004492810272334606	0.28068280158422054	0.29824698069553834	
0.07511432495863804	0.6305124571686728	0.0	0.7975297849390812	0.6554832052483601	
0.1462590051851574	0.5928652975404762	0.043028728084240166	0.46347715990738886	0.5588540456365005	
1.4034595562900265	1.5813372546072055	0.46034775412791834	1.0948438955727717	0.04735219262597249	
0.26567550357981506	0.2298916431269097	0.6640236846107501	1.3730576286351202E-6	0.296604001423582	
0.10479985669779109	0.37405607937531454	0.5001989885824674	0.3654011325727611	0.46895080227500513	
0.6283763170824999	0.575732714116078	0.32327977822619025	0.7221965750773469	0.5971502885823856	
0.24289101105430672	0.02870653497863074	1.2719332652162578	1.1727941845175542	0.644936650925011	
0.0	0.0	0.0	0.0	0.0	
4.442506876426407E-8	0.012990148551461609	0.37283476488442246	0.4920734999281512	1.5515875877892373	
0.6053353453251425	0.027453311924762448	0.24888392907629342	0.5553431274605434	0.1693980149684288	
0.4368065043285264	0.5677419757178052	0.4949692994296696	0.4910480721488855	0.5312939717855899	
0.39201164033484487	0.317332397661316	0.8263840549884318	0.7103220278015032	1.191231112782125	
0.6781309880421409	1.5814130043737271	0.10580989599241507	0.33727403239177495	0.5407143031711255	
0.09107536651223117	0.24115744535553646	0.6095162523743325	0.6096578277011089	0.6389492006885835	
0.08920307034539869	0.0	0.0	0.06759802015766733	2.5761680808637437	
0.0	0.10728687934627913	0.18810602210092559	0.7140613721616959	0.43947277180604116	
0.41735503029530907	0.8916742635390957	0.46846581078116883	0.7742602970132472	0.6894350420804064	
0.0	0.6998369875911611	0.018458574716475946	0.45474150518000656	1.1576792816762167	
0.7043765639275696	0.2552391869209002	6.424463246769339E-10	0.3991761755237308	1.343920690761474	
0.03807051740300487	0.13534595992028214	0.5348557006733439	0.5077601124663843	1.4460524500604588	
0.029674336399174318	0.3392703063715756	0.47579703726265193	0.7613938386693929	0.7009277819189633	
0.3165454384189259	0.22881379421003153	0.4426762316973303	0.37463078140912587	0.4668176966649876	
0.009373964880232968	0.20511067611413394	0.1751670786568878	0.391683250488384	0.7787506082885856	
0.13610570212679823	0.5261501019771845	0.0	0.22343999874980502	1.1256678247514265	
0.0	0.0	0.0	0.0	0.0	
0.0	0.0	0.0	0.0	0.0	
0.4492095565701014	0.0	0.7743335501893278	0.9717824583274168	0.3495444136742144	
0.3926933101867125	0.0	0.0	1.1036118144292077	0.8280232386531203	
0.5608264762193639	0.0	0.5308947928887057	1.5675271061518272	2.7992976937042594E-5	
0.0	0.7672789826267983	1.8768545594903633E-4	1.0226768917658395	1.3344887848045743	
0.4867076023744995	0.7011349356251155	0.5177571174021166	0.0	0.18353221138874812	
0.36711362886847076	1.3331895635458455	0.30069587981773244	0.6362148771807986	0.0	
0.0	0.3173814120883796	0.02590561364616487	0.7814258676004577	1.5471357119978877	
0.0	0.042901911317221104	0.5754180172436568	0.123092333647209	2.002021510037057	
0.642808690847314	0.6679651775173456	0.8455328614808079	0.41971349149784104	1.1548000420969862	
0.322505411615251	0.9454367082596973	0.2861644624643915	1.0270741099422906	0.36287122928013776	
0.0	2.105816124933675E-6	1.5844564653718074	0.6183200703352838	0.3253395652867738	
0.0	0.0	0.0	0.0	0.0	
0.9876091599867931	1.189882202697239	0.40214755614148345	0.09967194697278313	1.5339456093358945	
0.18005890150661222	0.39501691922683274	0.1969049889881484	0.13925782796807554	0.439971255037418	
0.0	0.0	0.0	0.0	0.0	
0.6586693768049644	0.09098326673884931	0.1393589126269938	1.566331183992684	0.3941401180095366	
0.0	0.4569874790126779	0.5080151518657661	0.6172784075312553	1.4964446717269908	
0.0	0.0	0.0	0.0	0.0	
0.0	2.6899963776077715	1.4747350972339144	0.36909562972579524	9.041507503681278E-5	
0.0	0.27676243659685107	0.5289298134488666	0.0	0.0	
0.5353782661970694	0.7576065682741427	0.0	1.3367975211116354	1.4430170150769972	
0.17147686380980617	1.3773266775746917	0.0	0.2864087136943652	2.353949317182553	
0.5021586418514713	0.15621487442929055	0.5526957317743346	0.7742279457691643	0.8294988809445036	
4.800599865047814E-4	0.0	0.0	0.6168194589760528	0.8563030373372997	
0.0	0.0	0.0	0.0	0.0	
0.17598375775924113	0.21487821918209357	1.643673100957445E-4	0.3337089118288412	7.48697455700378E-5	
0.15321813158712483	0.9104234787021371	1.0326701995572434	0.28088375830257406	0.4363780261100025	
0.28981410298900717	0.22572885626501663	0.3138491964446562	0.22734373628675844	0.44075604257502476	
0.0	0.5703859826487176	0.49884388471197133	0.7819492953389857	1.689217438251141	
0.3382565039112011	1.336314469274114	0.0	0.40213226623328846	4.236180250951763	
5.046862432720792E-6	0.12446980558522486	0.06507898452075696	0.17315194203257833	0.7735696682094669	
0.0	0.0	0.0	0.0	0.0	
0.187600235682843	0.9616659427698858	3.6332621988110996E-6	0.07216985193823827	1.144923131170595	
0.5606322189510914	1.7070607093609143	0.7813673139201979	0.4598981754780506	1.2668962899738585	
1.0773080204431265	0.8031333614330375	0.4564796034877796	0.7599273059082415	0.3548104699376963	
0.06558377301009631	0.9754555462646656	0.0032512496426105385	0.18327412898914708	0.4986004841334048	
0.0	0.02283775840591879	0.292157536108508	0.49931637299168075	1.104760427557176	
0.0	0.6800223057295738	0.0	1.0526240110116416	0.607736014819108	
0.0	0.1591105504963716	1.118361310832408	0.1145059908351825	1.5326194375271176	
0.20747687258094205	0.854055250657992	0.45283562190070814	1.385074419960133	1.5151357267493144	
0.18402725683888324	0.2381041397740049	0.3262501903115064	0.47871604218596936	0.8942557409953377	
0.12548574164950727	0.5006673266611886	0.5743873864966708	2.0760012107479232E-7	0.152108534119085	
0.03438594499238545	0.20667268519402862	0.10647392831960047	0.11448397784331132	0.60854247566767	
0.0	0.005787355556120261	0.01934714429773505	0.6054146285120552	0.0430509993948279	
0.0	0.0	0.0	0.0	0.0	
0.0	0.0	0.0	0.0	0.0	
0.63255919158781	0.011819949232392405	0.22233379747268436	0.7008523486383432	0.7849739905323686	
3.802148604059235	4.415910900841147	3.555159616043425	0.0	4.6062482752954415	
2.737213653871177E-7	0.2899804628860576	0.31187465695074296	0.4499943841347817	0.9212404275959865	
0.13140449923424702	0.7736886190606522	0.4984374654432417	1.0486669202115153	0.07584959196142961	
0.21662366542243283	1.0243904646561421	0.2938819645812028	0.4867582099006494	0.3570330156092457	
0.4653607110876818	1.074399230887228	0.37510794560185123	0.9610427649198862	0.9954872116528725	
0.0	0.29881190525335466	0.17305545498123723	0.6729485433157975	1.1417305059144003	
0.2299441511100782	0.696394700117086	0.0	0.25570347981113206	0.14345878612132035	
0.0	0.0	0.0	0.0	0.0	
0.32113621245886775	2.5741697807456276	0.45843212451834664	0.49893305201113786	0.0	
0.9843832192094373	0.1416439680212235	0.1482889962376477	0.6982850719248157	0.6914485559889403	
0.470163004355032	0.15359632670977263	0.0	0.06417926576307151	0.7088025350509447	
0.0	0.021176191562285937	0.21710133362000025	0.31822668988371466	1.0761751065094334	
0.0	0.0	0.0	0.0	0.0	
0.41830451256848705	0.017694698846519252	0.8035597086802243	0.7064291139373109	0.18450489602127873	
0.3504748694687395	0.6024603561798181	0.0614908334273953	1.1408144804464382	2.0237276006888756	
0.0	0.18490135903536056	0.0	0.5686396113654637	1.1614500939976498	
0.4692048193375922	0.5204623517633739	0.3854336206396209	1.4479346578405958	0.5505725602774661	
0.5267171321367241	0.11043620472140654	0.45707085805158465	0.5263347215027642	0.037465543272980704	
0.0	0.5500403604798286	0.26211465120101335	0.26328374950714617	0.28003885294899966	
0.4511495029587973	0.48086604831243024	0.6671288524951003	0.0	0.1817700775427498	
0.8651762612121427	2.781497990324911	0.20193903860812606	0.28271494959736865	0.5944533966374049	
8.080518371181667E-4	0.6488917445399753	0.47883248379814913	0.8851025369352054	1.4271261694391706	
0.2708088054918439	0.9018040144689619	0.09747063263485269	0.010355931150065478	0.45325260053680616	
0.0	0.682101042574257	0.0	0.6920745625075724	1.4055515728726904	
0.23041123495836868	0.2896605485511495	0.3098521028449741	1.259337985078771	0.830601555455995	
0.0	0.7077266075992823	0.4210035736385274	0.0	1.913034725826057	
0.0	0.0	0.0	0.0	0.0	
0.4681588613995415	0.2928633914223075	0.3638104544462965	0.3637893590706512	0.5204319400529582	
0.0	0.0	0.0	0.0	0.0	
0.5034593535481922	0.0	0.19475383067706187	0.18619570412945158	0.2858940412667957	
0.0	2.8765852255258344	0.0	0.7908905361264171	0.4901107564002358	
0.0	0.0	0.0	0.6526054834287991	0.47726555725217	
0.0	0.0	0.0	0.0	0.0	
0.622791619407856	0.4805660594164987	0.6062743425126141	0.6707900017085499	0.48906762156636774	
0.2342094982792641	0.6381432567922659	0.5969232914752512	0.5676478509509638	0.3542458158272476	
0.41975920419711027	0.0	0.35790779515942533	0.4363054657316266	1.663165060830689	
0.17826969224171538	0.5105008402337284	0.3145071105484892	0.0899739903748837	0.33012621893984806	
0.0	0.8639724293816428	0.053072839462589325	1.3723728921817542	0.7899425885983509	
0.0	0.1071759896215074	0.0	0.6905175581701636	0.36129937517120064	
0.0	0.0	0.0	0.0	5.769983745893255	
0.6006270536982433	0.27921308281775603	0.20158990357243928	0.5427501425275596	0.22574664153760593	
0.0	0.0	0.0	0.36914710179581445	1.5968293545388381	
0.3347697505840635	0.6172987613660964	1.223290300626634	0.41822624281541104	2.8570705383502797	
0.0	0.4375432538947401	0.06885348048278096	1.6868816298122995	1.086727627261858	
0.0012357132854085196	0.7000439975054503	0.17952214205642583	0.44212660263462855	1.779835812709718	
0.2062693693413604	0.04484292659679969	0.3634202863376027	0.3262505074811626	0.08018385412326394	
0.0	0.7407206429188323	0.3316807364153456	0.9088920060767662	0.0	
0.3806739345625517	0.1339725107120573	0.2165703378513585	0.4958073321842475	0.7112367746727145	
0.1636556282368288	0.012131121006165192	0.4657079444425331	0.2910883376720317	0.328727336410787	
0.08749473993882763	0.15925172397909082	0.04314788888195109	0.6928890367599437	1.3965713033708056	
0.6901395558756379	0.29487067743899237	0.2733028846848228	0.7433276869482232	0.2629757820058278	
0.07992468635776445	0.07935609544343325	0.5747826272929669	0.201213634114104	0.5746222592226932	
1.2231833716334544	1.828640061169323	0.5915370051777672	3.1967455333936385	0.0	
0.5173845613480108	0.19529194896853627	0.2724216210983766	0.8686310275201428	0.25994934279267284	
0.06333323243492217	0.2965427647098267	0.14029379397762737	0.4720679137302623	0.9577509288391027	
0.11689129849579617	0.11374327829248229	0.862013521897358	1.5004823880237625	0.2805662439464794	
0.2210815425290874	0.08005895313847672	0.40178455097096527	0.3639874812123587	0.5337001457576674	
0.25999699640745005	0.7206203408528464	0.1607508164964508	0.20098067204255707	0.741445799634189	
1.4092758799152971	1.6364651127299958	1.2747433999602165	1.5436653806523184	0.13480198310963099	
0.1959401856129428	0.4871003623926956	0.5065812384969312	0.24183312153376926	0.1993447934275253	
0.6886555993789283	0.34006496790606816	0.06134081357746544	0.46545172136092594	0.3895398298812058	
0.0	0.0	0.0	0.0	0.0	
0.2274908639502359	0.2745671652984575	0.6988663947979675	0.2985334781706323	0.5122061920046506	
0.12705102642652621	0.37397924087752116	0.09291022736989644	0.23885780752738503	0.895052557555577	
1.294643667554813	2.8819175182187	1.280652700824218	0.0	1.646138311662364	
0.04464227133739701	1.0667896878640881	0.7694514860452791	0.470374651460265	0.5821363625503319	
0.4661366057885061	0.20104927016724145	0.0	0.18917478859829653	0.2990850859742051	
0.024257677969576938	0.5016438858279793	0.3041996565899188	0.38145309834706637	0.346559715941992	
0.0	0.010357556575693573	0.01606759907384166	0.019697868972489083	1.122886548676836	
0.21901273661240583	0.7253818411429672	0.04798279669592021	0.1487446304677123	0.2661261825289067	
0.7445686060461126	0.8288478125180774	0.8872933611662214	0.0	0.9532799285109452	
0.28882609213907445	0.8369532129286392	0.5977113347942677	0.7383035522839826	0.30025561069769924	
0.0	1.428518036654695	0.0	0.32649537213878255	1.0666595332875768	
0.6470093275836987	0.3508632479951969	0.6192824209023441	0.45986907761252965	0.09526168525187464	
4.273060313838382	4.714028634332548	4.599342362778385	0.0	6.013296279353607	
0.0	0.0	0.0	0.008506732740825472	5.382726621946569	
1.0038133045761233	0.911068706732136	0.9354831261548892	0.4969498418826729	0.02582890237212695	
0.0	0.0	0.0	0.5144277434783433	1.3081998240764443	
0.0	3.6622683469667066	1.8071735654128762	0.0	4.468266440224254	
0.8312982868006161	0.007454330560225595	0.0	0.6125458009195102	0.24989512267820488	
0.0	0.20402059807313352	0.4375234790784715	0.6443536814531101	0.5037224360932577	
0.4442136176507547	0.9439279587304474	0.0	0.0016792931018624058	0.009738473133853004	
0.0	0.2922860492554045	0.6211339451062826	0.13582940943946917	0.23970932635552325	
0.0	0.0	0.025592122233279332	0.7519869823745301	3.03119636703254	
0.0	0.0	0.0	0.0	0.0	
0.0	0.9501020738997629	1.4984577142405981	0.5339019994492029	1.355982379448203	
0.18785307815282268	0.04465604124328826	0.2764877331444555	0.5320016299256533	0.8649476893176877	
0.34782393903910663	0.4114710594250765	0.6091293292163332	0.22143550798658754	0.3381452498880974	
0.43416724663270817	0.2257093716288489	0.41963913554933935	0.6618299666770849	0.6771222853258843	
1.7985352862671706	0.5241688648714838	0.5193915465653604	0.8138330435392387	1.84025092253937	
0.0	0.9189960823735628	0.37931800985318187	0.5323968928386016	1.3358518254572178	
0.4207119031793998	0.29565543416226037	0.4887457430583226	0.2523007647738721	0.5295408905808361	
0.05283214098494617	0.30608170246610417	0.42468331740259474	0.008694515978428154	0.29722357412104544	
0.3962050515229285	0.9507457244431962	0.7484737830246909	0.6585598907779383	1.4368856685302853	
0.6529619023820562	0.0	0.29574803987127624	0.24420666020619353	0.796452848317254	
0.0	0.0	3.563363905485464	0.2194688031847206	0.7621513278957526	
0.5283439420048314	0.0	0.01019248408564835	0.3293679685475114	1.548415859335509	
0.6442339054192956	0.0	0.4625387900258391	0.6908149233485658	1.3236444274657742	
0.34792649744447823	0.8451266477927357	0.8901018418187394	0.9201376407487765	0.7964387583936574	
0.7529387841106507	0.31908612831098015	1.102715318385501	1.0175174761205446	0.08330896622506279	
0.45619349327503783	0.26071171009625815	0.27029285198588376	0.2009487139526555	0.6381349974673676	
0.28621775515093495	0.8787271300464256	1.5145898704358356	0.2583097446363545	1.6217607580531805	
0.02026564452495312	0.0874397159833141	0.08024853683092385	0.4452174711039185	1.034535451652756	
0.0	0.06582941533198713	0.023299565836749643	0.40936386814322384	4.288979054240048	
0.16048330814345146	1.071431641769543	1.0421306443412077	0.23054350717849428	0.8577786041781247	
0.0185566876954073	0.09973100225472846	0.7367020837254146	0.46930819470577056	0.6945040868951609	
0.37279341205009786	0.0	1.130090132496326	0.7300861343632612	0.5966600621937226	
0.0	0.0	0.0	0.0	0.0	
0.0	0.0	0.019042185286874846	0.23709463109103127	1.234511851946315	
0.10794212774685326	3.8011721784537225E-8	2.0441181380104014	0.9920862979452558	0.5863438613818154	
0.5139411755575976	0.45690723576496534	0.0	1.2452854543154155	1.7799764391858015	
0.0	0.0	0.0	0.0	0.0	
0.0	0.0	0.0	0.0	0.0	
0.35136232433254716	0.32664756862981914	0.0	0.7340288911097779	0.7995405287807164	
0.20756532007542497	0.9140560206138928	0.43050174332631985	0.3224084726769709	0.5348502187147242	
0.0	0.00660717910565644	0.6736833828436237	0.08961065105040622	0.9768948783685952	
0.0	0.2885084783620103	0.165196461485289	0.3355036584140113	0.041454664383705105	
0.5014202606600151	0.3557997091965396	0.22284352752068418	0.3987768524104344	0.34022977286471034	
0.01942766075598134	0.8756191400599658	0.0	0.1744077525199277	1.8246020856229272	
0.42539147765883834	0.3973733173333014	0.7986589305001995	6.199799831265006E-4	1.0784265495645162	
0.09686748900839974	0.6122172949534804	0.2072381477172459	0.46575110983973655	1.486754302032952	
0.0	0.4066485177039116	0.5536337243312912	0.39135271463752586	2.2541281873489933	
0.7563067279728646	0.4948342958472101	0.20424458707938994	0.5208163342612472	0.9192442428276125	
0.008281000362201389	0.057181981994157395	0.18259494380834454	0.593613486183295	1.3478626175971675	
0.0	0.23808597753677951	0.4272904146288671	0.0	0.5726440952350497	
0.7705731843622806	1.0323772292465028	0.17289800123308302	0.08772974494293213	1.072772426242614	
0.9871905067946712	2.3489524715673133	0.22077929378777036	0.2531458316758232	0.472321806729708	
0.0	0.0	0.0	0.0	0.0	
0.29155577068191946	1.8616443815016421	2.3961613988499527E-4	0.17820393837126433	0.740139019396607	
0.09774724462349024	1.4158568780867296	0.5060433787590416	0.6844362939995652	1.0536305103694477	
0.0	0.055344061420563535	0.682062423028096	0.5707771953084445	1.176554756489883	
0.08999971554691452	0.48913230353205656	0.16836388126091736	0.23733445078552762	0.6076716919227423	
0.2415933572806107	0.039397170070529626	0.8861183938759569	0.2744206088577364	0.20490829317312592	
0.0	0.0	0.0	0.0	0.0	
0.0	0.6077439063674562	0.043441990924642106	0.31690331192203613	1.3887128286473536	
0.6070729419280876	0.22646196788947562	0.07367576699572875	0.20138520359832943	0.36532483147589173	
0.6310729477463691	0.6304765378678058	0.30584530928029546	0.1894479300297099	0.47169523082047665	
0.11896847786581008	0.28801304914158316	0.0025413303574743995	1.3472366916423557	0.006444787229364442	
0.0	0.0	0.0	0.0	0.0	
0.21148158477598042	0.2353603585865618	0.5037552502695649	0.40568921331961755	0.1820130295054182	
0.47185945021805736	0.9415479646494862	0.20265526194341027	0.05665055930016432	0.3293795883014817	
0.3082811065467754	0.9543258272690023	0.8228925271741012	0.59158067189959	0.2951232037395432	
0.0	0.0	0.0	0.25822766209179954	1.7911229337803463	
0.3347946904765339	0.8184425969741124	0.3534064209512099	0.05880787930653564	0.0	
0.0	0.2756007857179897	0.02378239304653568	0.1475544348383645	4.092939845374276	
0.0	0.0	0.0	0.0	0.0	
0.0	0.12780896269086217	0.028932032175397856	0.6453853842154686	0.46175975459834934	
0.3595273689749935	0.19496858650340598	0.0	0.872477715897913	1.9037332791509376	
0.00254984953848887	0.7426279134306579	0.285329972000399	0.04840930160338317	0.7400646562741926	
0.2581682754763874	0.255088354408469	0.23125632722329206	0.3106026651560252	0.31967308561944985	
0.7974134385514525	0.026245534640656966	0.0	0.26969033976730494	0.2114973285168137	
0.45128348457317063	1.354557098984011	0.16401515533609348	0.46555777953464544	0.5503718229860957	
0.2822388398599799	0.5253453973129912	0.0	0.5094689540970377	0.22495707282311553	
0.731978033309273	0.5439697931517534	0.7661178246522713	1.0013252768008998	0.06615389538758167	
0.0	0.7846590675065995	0.29996132780051804	0.5190060512153901	0.0	
0.0	0.0	0.3885497301978505	0.25137833662032266	1.0537027783749688	
0.0782697497848102	0.13871525133569929	0.3598562556031403	0.3376359114559217	0.7382469189334524	
0.23627470291678412	0.22450653363192724	0.6764568052578881	0.15337052079200145	0.20070097064275705	
0.0	0.27282688271532113	0.4201446135187537	0.4004420934642108	0.3835620045708641	
0.4392548336158085	0.001641015976187901	0.11554403911473264	0.6669653740588778	0.12325385924198025	
0.03780490149014608	0.6500708596351338	0.6834478813946392	0.03381003059253823	1.1372870941675988	
0.38587254327269366	0.37033151214291365	1.407330472008574	2.0185419338684714	1.103316973665502	
0.0883151401153674	1.5996024063573047	0.3366820854839898	0.6717124261360209	0.47855033993710233	
0.0	0.0	2.4319222021339715	0.11344199853798607	0.5905714185043156	
0.328475195363165	0.0	0.32392324986692866	0.45225696697749973	0.32398246887032134	
0.0	0.0	0.0	0.0	0.0	
0.7374711676383028	0.8576156939086685	0.9875723608408238	0.4344497691768378	1.176797496971552	
0.015040107926593035	0.1837558145596599	0.2948810718751758	0.13904458510856227	0.6660040613040681	
0.0	0.0	0.0	0.0	0.0	
0.12664870773980647	0.5013110329048444	0.7167022608770922	0.38426905890837754	0.3098048619234847	
0.840037313828291	0.3433941447833594	0.0	0.8814549173738964	0.18663387382745053	
0.0	0.33158665894930867	0.1514765491289133	0.3018766215789339	0.8673180397058724	
0.2830734504372158	0.003920986851758177	2.2769416751369147E-6	0.4506476530614844	1.2513173268086608	
0.2535203712940281	0.5245701152357515	0.4291286594559657	0.5549773328758382	0.16940026042918208	
0.19065025353263443	0.484764699572782	0.15893351162971417	0.4822871715868527	0.6521424995135885	
0.19047865027636152	0.693572417637586	0.8047957701458869	0.4647542293845025	0.2245320199980365	
0.41625874514164696	0.24910287506181208	0.41159866256995287	1.0630031404607265	1.2883138342132041	
0.09265376453046548	0.6801620678781963	0.0	0.3349054592579404	0.5928059921179631	
0.0	1.8544893162276739	0.14756961745248362	0.5254551340358345	6.79587518588593E-7	
0.13726304062916142	0.2052690594797756	0.13828649489393763	0.1786743782960124	0.0	
0.0	0.16270220305594982	0.748706045149458	0.5841597998023822	0.15872537599382402	
0.1314235819889502	0.6513158594383635	0.6096640692870184	0.6324995541857606	0.22306006469837858	
0.09263496033876721	0.521628258210004	0.9813172391155627	0.7095073767938705	0.6934248346637077	
0.4600366121327425	3.9183484207437266E-4	0.0	0.2949685044724608	0.5403000555667509	
0.0	0.0	0.0	0.3368669737877764	4.456138956991032	
0.03988222157520922	0.08331729540408603	5.682154499638942E-7	0.2863448618140719	1.1193331317777906	
0.7323232447479656	0.24078112045112657	0.666822074718485	0.26192442798179383	0.44798092059481404	
0.1682292699592366	0.5523563006372364	0.4119347959959292	0.8179553451896895	0.41572636495723614	
0.0	0.0	0.0	0.0	0.0	
0.14723463549317606	0.9129421699456681	1.05248261362706	0.26636095357565315	0.6174309799898275	
0.0	0.5793401137354671	0.5987032542677893	0.43576966987769084	0.0	
0.0	0.0	0.0	0.0	0.0	
0.8065775575161483	0.5699958130433923	0.1565205406652814	0.32051847312874115	0.6613683797684156	
0.11882747722799514	2.323972420155129	0.3328392238467407	0.3261688758735105	0.10090296394210484	
0.0	0.0	0.0	0.0	3.9931510220125865	
0.3878459406426596	0.9817813013443086	0.9314994487183247	0.24920014446135322	2.040318111700358	
0.03332690043361835	0.3584982945726844	0.35758137675038143	0.3312899398513013	0.6164510747602495	
0.3667311487473004	2.549270322258046	0.33340740574816213	0.2641595514772382	2.6374185896750553	
0.34804424495518493	0.47670676565572284	0.11150490145577857	0.6358668217606339	0.07093212411725897	
0.934287301992863	0.0995317204870285	0.1028179305813956	0.26937471835322463	0.4490762294939012	
0.5338995635136261	0.4256657902743549	0.614723153347211	1.1657886588953008	0.40898232939191465	
0.29165661940439347	0.4383588041721656	0.24426880452256836	0.5604547813757457	0.7810090238355865	
1.0814162252973676	0.8920061329161566	0.27713745471145396	1.1179969781632793	0.0	
0.0	0.4447280141276174	0.0	0.5496252471147629	0.9827459431990047	
0.8905463435431378	0.35062839240996485	0.7519566389239495	0.7074631717413113	0.3773195224422522	
0.029594630122042866	0.8248629889877773	0.23522800651064305	1.0319620411408603	0.895855599832088	
0.40624901831103094	0.11716538813157447	0.35892306222319853	0.34261060149851724	0.0	
0.0	0.25366680544553255	0.34746743092853755	0.37623404900026436	0.3095343955838264	
1.0639817172499546	0.1390714620661207	0.0	0.2782699489570617	0.9863232459778244	
0.0403058139733694	0.38111120281623434	0.023497345442358476	0.8464800781409781	2.300398842283319	
1.4363406545262405	0.11036072127317902	0.304096125651612	0.5536086092155714	0.22614370003905684	
0.0	0.030278344876677757	0.36923764960137295	0.5455232970335169	1.18542106931972	
0.08069784224885043	1.1460049705905635	0.0	0.15417701090748606	3.5422192985103984	
0.6923022640106483	0.8902810402046301	0.5875786414691809	0.31811469021334604	0.08263279830871156	
0.11242444467232882	0.9690712629660876	0.2538302229645353	0.5441719558478384	0.2366651385139817	
0.34687547342710273	0.0	0.5226799750325789	0.6589357036922872	0.22283526316509691	
0.09323368860312194	0.0	0.0036573093891357515	0.4863597454005685	1.7408307860373278	
0.1430479745435912	0.42410302533923744	0.40921851826741973	0.042670025005744454	1.1761305518389726	
0.0051595946355683705	2.193442088336982E-6	0.7037013031491608	0.2852444953815293	1.3489849889871455	
0.0	0.0	0.0	0.0	0.0	
0.18514672214707484	0.05506685125377412	0.02125263455895564	0.7265524315761647	1.0134441154944043	
2.2029189239635714	1.6574667941786292	1.7756586106568533	2.2790450453295352	0.386780701769501	
1.9487027508198435E-5	0.21039581245252076	0.0	0.2878998383806801	1.082361629997201	
0.637126489074782	0.6582757847899414	0.2756019295204842	0.8199413510712025	1.755019087045451	
0.21235819895444785	0.4714577829550619	0.4176679661457905	0.1861422703495868	0.6300418909574808	
0.5711837789782708	0.5059758376619146	0.5497564350102982	0.0	0.06483926903893404	
0.08781483301469005	1.6478538879484108	0.3580488838504662	0.14255092036253464	3.985448364500674	
0.37145727272625634	0.0	0.9684814930350031	0.386772939404557	0.593274922512994	
0.0	0.0	0.0	0.0	0.0	
0.0	0.9871517272655879	0.0	0.36722417836515286	1.7411617104070025	
0.0	0.0	0.0	0.0	0.0	
0.5122092505474466	0.3048993732623044	0.40284139568393024	0.13158398230887952	0.0	
0.0	0.7442156351791697	0.587944541649648	0.297885543449667	0.1967081898329429	
0.42523493390576395	0.1384315692589911	0.7896818491781931	0.22258648437644135	0.6326945445256876	
0.34333788953146216	0.4844071295708099	0.32596673798029513	0.4440053005630139	1.5379227782752594	
0.529443297119433	0.5661850272364741	0.0	0.49512320798743836	0.42816471839683273	
0.26408838006588015	0.11596363093611647	0.057189102753604386	0.0	0.3239472011379757	
0.0	0.0	0.0	0.0	0.0	
0.007599174179424879	0.27168801989075925	0.0	0.16712872555585917	3.474229907679188	
0.0	0.17646793989466777	0.0084785293676549	0.34532233631029585	0.2885060434916479	
0.0	0.0	0.0	0.0	0.0	
0.47002540924228814	0.09649068875566708	0.825853330868699	0.37577560470305704	0.7477382479939169	
0.0	0.0	0.27777606585558995	0.7406090590448686	0.05099016252542624	
0.6025363037949807	0.455107837309836	0.5183350993981756	1.4886326254949696	0.00615638112585931	
0.1630982679161581	0.0	0.8475042196959085	0.0	0.21996156457644803	
0.536053948197889	0.3138959782243259	0.25913669656916644	0.27030244201188197	0.4596921369989649	
0.0	0.7911537857461458	0.622195370492678	8.442881571932188E-7	0.0	
0.035479760389339275	0.34826447221879875	0.25746098993790706	0.3780281441431628	0.4513818293716994	
0.0	0.0	0.0	0.0	0.0	
0.7911837132098378	0.26386267487482834	1.1233963018325275	0.6720830181235598	0.2754259831218531	
0.0	0.0	0.0	0.0	0.0	
1.312890144015031	1.4867817181540113	0.7390797236163069	0.0	0.9347429588964848	
0.8715689349025841	1.724987359191982	0.16803077614012218	0.41291149162576807	0.12589843189120828	
0.11254207178983927	0.07880186457904417	0.6998476327325475	0.3505215200708068	0.9007857505911093	
0.0	0.0	0.0	0.0	0.0	
3.012019986952969	2.917628684708963	3.0556406704374637	2.080588261761346	2.529221020647766	
0.0	0.34818248059298446	0.5419496527506359	0.0	0.7438903950114801	
0.7439746588402507	0.27820311833518974	0.7832401555723475	0.6591987643747078	0.006902993196984161	
0.4102984062422365	0.22732483230372894	0.4134562863583937	0.5451155631837669	0.3872594548986905	
6.230502208156858	3.3276461187194326	1.3659911117850454	2.300032713044042	3.3795806290873647	
5.556414130910377E-4	0.2618841107015701	0.018802129560049362	0.8412575184953817	1.2572634551471074	
0.7317196095814438	1.7912739016795953	0.725643972721002	0.17463121395665337	0.6851560995368499	
0.0	0.0	0.0	0.0	0.0	
0.14968167251121656	0.05305038035372919	0.24125803550243757	0.4721908028777425	0.04589530815036962	
0.27556243550003795	0.3634065363928939	0.0	0.5523193004961596	0.7785205795923146	
1.770756379148165	1.6175542424160234	1.4566854666097464	1.3539221332047826	0.10140292324136968	
0.262019946578402	0.3523229213123079	0.12309491700518989	0.22171911623929685	0.7998739177360884	
0.432827815944042	0.5265316486019697	0.7177403866202794	0.31864706650221347	0.4591706281649961	
0.0	0.37304956150565943	0.7259130666212262	0.24564712312113465	0.1402356072632348	
0.7281967636845758	0.3145515018213476	0.4760195037135401	0.889925435957455	0.0338007374346357	
0.10912681998805444	1.934014720083908	0.003325132233112152	0.4230322519852275	0.2652866972572653	
0.9146944895012791	0.7989039477296517	0.304032683520124	1.0026248379283647	0.0	
0.8992038781323505	0.9643327051936841	0.4440582814645025	1.0076270649636934	1.5235204632554011	
0.41114908928657234	0.4038969162692377	0.0	0.8010440603174785	1.1756913282716441	
0.0	0.08633187378207363	1.7410049060173067	0.47263247316216944	0.5899744989605215	
0.688114085929681	0.07305129696173569	0.6140901683387412	1.05726926593888	0.8986238917121372	
0.3143127581238786	1.2835326339076183	0.6537924818899815	0.08888581524270461	0.05887469888403014	
1.6714721694816612	0.0	0.39560646535082766	0.5186631778235454	0.053233599841931246	
0.26493645333150073	0.18992284482421365	0.4328008475861946	0.18238771408203508	0.12107481923060627	
0.07164297823283618	0.5044085959833858	0.07351318193198488	0.05393088830280808	0.05375842467980148	
0.3763567365238308	0.40736445568478813	0.0	0.32525556385437354	0.6358726329832061	
0.0492129767264686	1.7245648996558043	0.8816751236859579	0.9813486700256202	0.4650256821617519	
0.6448090751995001	0.2927639383103909	0.7570586534388106	0.132750781427539	0.26456817846825137	
0.40442775325030256	0.7018817493854973	0.36964480297149677	0.8594544092506695	0.48792285117818235	
1.2797765899884435	1.2517593097368251	1.678177515181168	0.20979960308177542	7.811085038033713E-6	
0.0	0.0	0.0	0.0	0.0	
0.565099681652058	2.6275152929640027	0.0	0.22188416779845077	2.4470981669191714	
1.4241790468436477	0.5158557937498272	0.0	1.0151076583817442	0.5266069599398892	
0.569998492488861	0.6244658675905744	0.3219044315299532	0.22542381689517715	0.4143921967990666	
0.0	0.0	0.0	0.0	0.0	
0.8903239777770843	0.0	0.6060992833203821	1.7668194361767988	0.3417036452258039	
0.19924130063932832	0.3232739575013596	0.0	0.0	0.6759199302630183	
0.14241975727038325	0.11387055596491452	0.19329312500021556	0.3365168117215059	0.8117991106256716	
0.0	0.4655939889635081	0.28641055805843346	0.7764480900220823	0.41825474126568596	
0.07353528463900859	0.02877709183085267	0.21440009139860816	0.35230057739560455	0.8318781690824681	
0.09133906982353628	0.41301496030015505	0.15941497178171865	0.38622381505120457	0.6139943770584694	
0.2759898211379603	0.07550254156847197	0.8707693424516173	0.6381938377726651	0.30191789820692333	
0.14635011161996928	0.3948522320179852	0.2685924648560604	0.5395287141347312	0.08439193754364717	
0.0	0.26323697084844194	0.0	0.16922277965328864	0.39222533923835	
0.2606150001462996	0.9163837916627039	0.17742513793129172	0.038455715547571524	0.3022229866637462	
0.04232436502557272	0.6016695760798627	0.4568780795158094	0.0	0.3273598147764112	
0.0	0.7078995179104141	0.814951509021344	0.49694855720478426	0.0735010771544006	
0.2877744057795682	0.47191279437058037	0.1393005413218115	0.1356272800438836	1.586526597058001	
0.641613414524473	0.38642316121610637	0.4436611541241282	0.6605214726581426	0.5803785576230505	
0.6565994107817644	0.03926840181825129	0.28450555362018926	0.9750574653433163	0.7739877075511981	
0.23466194553503508	0.0	0.4942145944638209	0.10458629591341485	0.2170493822550773	
0.2525319692076588	0.09572410702412527	0.19654748915930176	0.18875297573192804	0.549116677535854	
0.0	0.0	0.0	0.2564588361918696	0.007407252153112968	
0.5423665227371531	0.5068675138528358	0.7666759263510043	0.2775302077158945	1.5735480370564685	
0.26603637370903843	0.17432806575657409	0.44787452517850695	0.42253484591688967	0.10179787307773601	
0.0	0.0	0.0	0.0	0.0	
0.47004896205837166	1.1491914689113423	0.5873032442472637	1.1645810129586693	0.21946591282621591	
0.0	0.23624605959053266	0.13409641506565315	0.6983141842680943	0.2235892087993788	
0.008135903343404156	0.7595856469528439	0.0	3.932129901108335E-4	1.1838667514601862	
0.47368718174245716	1.1879161372937406	0.6211568758579972	0.546216212503383	1.1241296424760645	
0.0	0.46753795011568916	0.07468372361337819	0.09283440752359771	1.0458349717653608	
0.6855430690003048	0.26808961026615236	0.6184478903977447	1.1262328485323843	1.1686086505188855	
0.13493878908577944	1.285563403551185	0.24253524920908195	0.8011076145354771	0.1768091744268372	
0.0	0.0	0.0	0.0	0.0	
0.49239676077915173	0.5100326202213706	0.0	0.0	1.210150508838158	
0.6429485749413859	0.0	0.0	0.7903023081032845	0.5154178494230077	
0.3614071500887373	0.0	0.15002011971586635	0.006027273120846748	0.15236481743711272	
0.05777984741393153	0.410341457860735	0.11196442396379383	0.1968601779940091	1.3177239737214816	
0.0	0.31638566022696335	0.4558410630323679	0.9048543834820826	0.19235829897025655	
0.0	0.0	0.0	0.0	0.0	
0.7000435294925523	0.7023042338360891	0.4824471759809853	0.35973012955521977	0.3853035139168817	
0.0	0.4520523098310431	0.0	0.4421771010282054	0.5851558389209148	
1.2065829504533594	0.150548174402217	0.4540481581271175	0.5180796958591394	0.20741600786473655	
0.20443588174456273	0.48379184149170446	0.8261798676346269	0.23742316448940753	0.30169220233069866	
0.3111420724152868	0.7887084656705596	0.15749148986283548	0.9616516894689683	0.5736576625222657	
0.0	0.0	0.0	0.0	0.0	
0.2965070747477735	0.0	0.13595926142788747	0.8749355034793361	1.2358381910339187	
0.2648248117211111	0.6245894108457858	0.3455756799140166	0.5883373603718994	0.45072664137284074	
0.5292489818014137	0.6993278824827623	0.0	0.1504087988998072	0.5982444909540593	
0.0	0.5980845197432002	0.44880211857321045	0.9190272028183674	0.6273563606803917	
0.5285820083065632	0.7096850120565138	0.0	0.7042647022593934	0.0	
0.8858963692057705	0.007195360986787557	0.45246709683029585	0.8320192706668077	0.37827621099174513	
1.1821610343215956	0.5994822853432504	0.6051815120485383	4.33676488711646E-6	0.9605262395482815	
0.3172898968921841	0.45739848248207454	0.0	0.09512433456226224	0.3119140515506235	
1.0412584715885205	0.5860849815248302	0.7699645972839474	0.46445739248490026	0.20597843788863962	
0.3559748261777935	0.0	0.4673486203953675	0.5706852302005129	0.5686203585678901	
0.0	0.0	0.0	0.0	0.0	
1.2087495775636539	1.07625260430561	0.0	0.6983945722505227	0.6153725325420695	
3.6242630682767603	6.250121743649674	0.30150929873000765	0.0	1.5694178205016172	
0.02824284343596658	0.529386303459101	0.5271698091803071	0.07295425660102646	0.3383843139105651	
0.0	0.4509963691707204	0.431775238956584	0.8583140401046208	0.6658291691115698	
0.5251809638261314	0.13794061601084726	0.6708864217315719	0.7449567388871875	0.3524418722385679	
0.6379391435959733	0.1735297154375748	0.006881349881490206	0.4393382201617573	0.1864458994235467	
0.0	0.0	0.0	0.0	0.0	
0.8944527592158208	1.1845809232646682	0.0919013941897981	0.34881722918633645	0.6813569179972543	
0.2537966487590364	0.13989218587234126	0.12747593132900592	0.28672969302289514	0.27097602200320214	
0.06538720974520744	0.4011848760196422	0.3247067062030245	0.05618951444915776	0.19145005261066889	
0.0	0.0	0.0	0.2061640017217921	0.0	
0.011133135095446669	0.20897297095324305	0.3021737831733197	0.5242075748869128	1.1724914787840917	
0.0	0.2553826403992601	0.14236223274105247	0.18912308474635497	5.284459553124219	
0.11667024237294894	2.937039963004562	0.9585145853168732	0.0	2.9395875929788353	
0.2653078243640822	0.9989563681963366	0.48889309715432194	0.277280859552285	0.42533550567122597	
3.4047257615287894	3.869736423633987	3.927643664893493	0.0	5.816243101298903	
0.5416762152576778	0.16108535650446332	0.18293447118851425	0.6409978144592193	0.26410373684610267	
0.2874887907507954	0.17740023944625866	0.7609263917128335	0.2819705555898009	0.0	
0.3437569429008846	0.027808947553614422	0.0	0.4858437787956426	1.0769605441003849	
0.0	0.0	0.0	0.0	0.0	
0.18992907902539596	0.9091454595947283	0.23191960847368717	0.35038331875040124	2.3649899891091954	
0.0	0.0	0.0	0.0	0.0	
0.16446353920810663	0.185865588265533	0.01296902572781492	1.2162510654575795	0.04519488395324079	
0.07863362298544843	1.0631630284846065	0.08861757782657714	0.5210750932396171	0.1732152176578292	
0.0	0.2645095537345899	0.3327811350014562	0.7757260908357029	1.1782860343932826	
0.0	0.0	0.0	0.0	0.0	
0.0	0.6164713043434393	0.6356374197265726	0.1873475196183263	0.8474036717943141	
0.0	1.3851099165424956	0.46386191088914835	0.8924593111151569	0.8655888736302386	
0.5055453474675323	0.2306168282415597	0.1428528435218053	0.45439550918843075	0.028359212191737287	
1.5559858918332479	3.9587728629575385	0.7033230614692269	0.0	1.0507604009045621	
0.21225906743720122	0.033805186491001414	2.911081966340553E-6	0.2975560151786227	0.43050569068157235	
0.7160566857360536	0.008604332450585363	0.012171947959008023	0.8039547672525987	1.1873828834586166	
0.40015209371961696	1.9517726805977906	0.0	0.26642416563162036	1.2798090100139548	
0.36845271013337266	0.0	0.39733480699789125	1.0429550652428645	0.6445990002076722	
0.7218295344515039	0.0	0.27447911200738234	0.9444696599694122	0.0	
0.0	0.10023075924425452	0.03090749664566825	0.849734608373233	0.15450909903582022	
0.0	0.0	0.0	0.0	0.0	
0.6449077857605379	0.0	0.0	0.47459163804002125	0.46988096686877334	
0.0	0.14848398291824558	0.43837274291740136	0.3063354519157733	0.11769461586879669	
0.36808323051003317	0.5822999899603621	0.4602067349278254	0.15178186540435382	0.2219142827612185	
0.43760874109979053	0.36374761058780125	0.33026278809563653	0.3844005500719495	1.20916117163632	
1.0742401032699258	1.0510173464893031	0.06901395774030698	0.9377402552239154	0.8834708923244946	
0.0	0.33715108523249454	0.09781593458006105	0.34097154949813013	0.501237418827515	
0.3188899511314637	0.17274453873212509	0.35383640370069475	0.41371684577031553	0.21873737962727677	
0.08209620126247595	0.4048881505106245	0.4504336327533579	1.0337468289486365	0.9877100222136032	
1.5685057251013426	1.170809578692688	1.4115851376240514	0.4238774894406264	0.9982766785456866	
0.03797676869356238	0.21454627315434538	0.17572143899365122	0.8799474599137473	1.0001142448085927	
0.0	0.06448792389605253	0.41595800145190265	0.48195728121540937	1.0355880137662765	
0.2885785486108625	0.29346174388705437	0.0	0.4662287002332962	0.753222704348516	
0.1847704244005058	0.1309692975240635	0.09685241955003762	0.2854585204039398	0.09347293538996598	
0.0	0.0	0.0	0.0	0.0	
5.012325080333701	6.806482706618548	5.356699777959899	1.9271022445010986	0.0	
0.36492794115747973	0.21650543644751766	0.06342414061535269	0.19917945579590804	0.39964322503926425	
0.00687325906402671	1.5262348960224302E-7	0.6715004443889506	0.0736576284708834	0.9352019744678874	
0.6266571880563846	0.8934974495734704	0.9486029771200983	0.19395390333644158	0.6171575548639884	
0.0	0.0	0.0	0.0	0.0	
0.8077473472789847	0.24462306932371256	0.09203103657884171	0.6027149063409266	1.161769615545855	
0.22680727760761232	7.36104919945683E-4	0.3689319959374202	0.3664452073760856	0.7030120661603824	
0.0	0.0	0.37802982956874887	0.034585655641030964	1.076900264615145	
0.46463528047908176	0.309582015124903	0.0	0.42587427090750396	0.45305037994172154	
0.9260142805634878	0.0	0.3869564078596491	0.8388073517462026	0.0	
0.0	0.0	0.18210315563572357	0.014733864788933817	0.7461659241549534	
0.13876594624659153	0.010788354381904057	0.538425893427423	0.6797888002054041	0.17257503605242752	
0.4237434451956559	0.30683706908321606	0.10339521364855404	0.7122504564800695	0.3783876784998166	
0.0	0.31048464696653627	0.459442234882123	0.500985617498519	0.8889522981473746	
0.8377650636085402	0.5721897704280244	0.03358555264901115	0.2874581393532741	0.48008755981149753	
0.0786494859833171	0.04858808522082575	0.0	0.04500554819573317	0.15963789270351555	
0.0	0.33438167677341657	0.49924746755364185	1.4686203975627785	0.07203845736412676	
0.0	0.058248840792468594	0.179127119575779	0.25967420659547824	0.26533275701058856	
0.19586584774955984	0.2701858216275855	0.1400316864620422	0.6141499223466798	0.6947850023892167	
0.0	0.0	0.0	0.0	0.0	
0.33416376913477525	0.48666413149314935	0.36637464323026997	0.6870894900974388	1.2701913647795873	
0.0	0.1560832773917645	0.19180729703458857	0.16704918214781464	0.0011466810800716484	
0.21236587551322728	0.8795834281505691	0.3014049752898722	0.6655364921175071	1.1474442299088212	
3.1096008790754475	4.849909683250651	0.7672011698516736	0.0	1.437596233996802	
0.48132958279604876	0.0	0.0	0.394872662423204	0.3073604891336553	
0.03203134248995774	0.3036121702059614	1.2349242188769427	0.8128604002776559	0.13157329951376714	
1.825483802703661	5.190474318078935	0.29274751597512944	0.0	0.7760488712353384	
0.26818851724050585	0.44428558892817027	0.4635238565230002	0.21433624591776493	0.6289255483636275	
0.0	0.5288783936689658	0.0	0.304535449664183	0.1066678486924488	
0.022093329180013707	0.00272701530354201	1.0726783682879795	0.027296895771268884	0.5259391184428801	
2.358009175376769	2.2293818009711814	1.7412898251085485	0.0	2.2971009499847233	
0.14839145776479742	0.4309468190426608	0.9372565123228617	0.6525533986169624	1.0044018362191414	
0.8341600359112932	0.713557467240824	0.7389535290810393	0.398428353652144	0.08504282155418613	
0.0	0.0	0.0	0.27973780776967255	0.3343769936231016	
0.3614461016707157	1.8177743954355974	1.0045382218778873	0.3593209059335571	0.325765487250467	
0.5817084014450825	0.37288733285761577	0.3336838933647357	0.29799102639148634	0.1283663881676216	
2.2633956928672854	1.8349700374824773	1.5418728876656083	2.2865699166943383	0.3983049131514085	
0.14946665247345214	0.3542276222589119	0.25624075641442734	0.6292150724973993	0.45846940579344814	
0.35476276175563976	0.3749118920715171	0.16560847781069396	0.863183408083817	1.185999201275403	
0.0	0.16314521878304028	0.2715240560823663	1.1273751817838162	0.226207262235458	
0.010653733125973907	0.26910423157952623	0.5896829128395848	0.2707447775067181	0.8226010645373687	
0.173521917909965	2.939967365585729E-6	0.10524102390478252	0.14171359062568215	0.4471216410692485	
2.7054730337236424E-6	0.00596509538154495	0.5223449168785169	1.6438591285030197	0.6328150800570577	
0.3503069843864047	0.5125115063869055	0.31369280121112975	0.2968555041487693	0.39326120090073535	
0.0	0.548448701803718	0.13069202313909603	0.14832921451602527	0.0	
0.0	0.0	0.0	0.0	0.0	
1.433283428951873	0.5670807211632523	0.4053478803758851	0.05274280261414632	1.3801007859394494	
0.17970138617844528	0.17684692124773993	0.6985251976686738	0.7704904016286747	0.3182176659367962	
0.0	0.0	0.0	0.0	0.0	
0.6307432996177963	0.4436536431802424	0.0	0.1772466105856488	0.0	
3.427592444201231	2.7851385547773244	2.9958331552622024	2.615862742019347	1.51082661001878	
0.1639636553365808	0.044397357234872634	0.1885619134873312	1.7419951862907825	0.0	
0.8147209494431766	1.2063511134120768	0.7211124637970383	0.7012368208851469	0.8095283396038717	
0.5376166714301123	0.5208410704197062	0.6165810388366411	0.4475595933309325	1.2574981762918702	
0.0	0.0	0.0	0.0	0.0	
0.0	0.0	0.6838757863686405	0.0	2.703751591818555	
0.0	1.3277062995291695	0.0	0.0	4.059541383089162	
0.0	0.0	0.0945089178603877	0.5630770832539479	0.15938560527734896	
0.001353286453698222	0.2689750429294221	0.7530984155505017	0.15703140410877175	0.42242566871351644	
0.0	0.8445854921627111	0.33037648330431413	0.9092564997360201	0.6040267746368331	
0.0	0.0	0.0	0.0	0.0	
0.9388629353894832	0.0	0.6697251445278781	0.4542317050413928	0.0	
0.5490380347490825	0.0	0.3679606165724707	1.014775627309148	0.44234820125532054	
0.2777073407517068	0.19193854052729165	0.4539652954164517	0.16881329124773845	1.174855799021316	
0.0	0.2774285007380758	0.01549457959562729	0.8902351073889726	0.3812791140713402	
0.3984743842727022	0.15300900097453574	0.057212740919688004	0.3862978058911214	0.2221626886074423	
0.33171274986330374	0.15436251346148822	0.48268388576564736	1.0047887109695097	0.4660763915109585	
0.2980074316546804	0.004491941955920591	0.0	0.1786120018490762	0.47887593906216264	
0.040528095603506516	0.4195266091162883	0.0016409265716551052	0.67958271322113	0.8054493419373692	
0.08259004392887087	0.4587728673286826	0.49943903042813215	0.0	0.48125459547425825	
0.48267503095604597	0.8871589911457104	0.5598287829937754	0.10698597697702276	0.3534647756116671	
0.20709194764433345	0.6974546526541975	0.09348823050607961	0.4589985789377441	0.2328069377476271	
0.22069519702665044	0.012233759192363481	0.11445452998762612	0.5350761716794904	0.3747026791805702	
0.15251049833353186	0.6502041141166898	0.4435675746841017	0.44859805843741013	0.28821422583489426	
0.6053574433894611	0.0	0.0	0.3605503450243083	0.0	
1.2267971728826252	0.30390475119913035	0.14035595548888066	0.11499896223744277	0.5317547195483086	
1.2443318423765395	2.163335193152867	0.171409785207159	0.5943396360287596	0.4364513353731528	
0.20276087310086574	0.20653932707954364	0.38989840440532364	0.2453958524870846	0.0663501881927695	
0.7085293028909097	0.0	0.754865995260195	0.6215583096624258	0.0029244624604589306	
0.6155456677760144	0.8937728504519473	0.9047593333256247	0.6938286254846295	0.12052874775714874	
0.4677893508971787	2.08764017291829	0.0	0.2339955699110205	0.05812102323581601	
0.10473966012276457	0.2669572151620776	0.3104728942289546	0.3741351111214877	0.7329498206990751	
0.0	0.0	0.4258988135200774	0.0	0.28538151647548016	
0.0	0.0	0.0	0.0	0.0	
0.0	0.0	0.48085944332485214	0.6524325361330438	1.0277685776990875	
0.0	1.3161041874382335	0.1006516647852665	0.278988952571065	0.4084880699561276	
0.43325225223360814	0.6886129134461357	0.6003123036873715	0.6500125544648638	0.6877624840911607	
0.2835002276852155	0.2898330847262731	0.006175176601519196	0.10650020601226115	0.2532856245080074	
0.5942911760073328	0.7634678856926032	0.3263460232163456	0.11091311066269055	0.9970771332395727	
0.22076806117729142	0.08678891812719504	0.21652655876963522	0.34531951534634986	1.1962195355956111	
0.6320082095940527	0.20242642757441837	0.5927217950757125	0.5070826296877715	0.0	
0.47803764564119544	0.609379736108499	0.41497572526149973	0.7257268778829034	0.49881218433192076	
0.0	0.669499296000226	0.36263540670842354	0.6767015173692681	0.9513934301567566	
1.9291130698410638E-7	0.0	1.754626883161481	0.46744005746126105	0.5905885179427093	
0.06471109170680152	0.0	0.0	0.0026144610886741117	4.374028656290955	
0.16407241193762823	0.5436646674534273	0.28142562392770404	0.777222606567925	0.8579895482158991	
1.0358003332982835	3.138451206171747	0.0	0.5416751613867636	0.018171639093511292	
0.9917975173582944	0.22975280615823787	0.0	0.8750802984998323	1.8144250851384793	
0.45470095430971963	0.9050756049197973	0.15755379643433406	0.1959494134698173	0.10439094076314408	
0.0	0.0	0.0	0.0	0.0	
0.9453996815165943	1.2658544139655439	0.5269757349137448	0.4340634472331365	0.718247457166248	
0.060067332989589856	0.0	0.08121443930432853	0.8239271816013504	0.7688725355761286	
0.4937307622866679	0.41749236914386956	0.25328423768648844	0.3508146555023345	0.3734536982168628	
0.0	0.0	0.0	0.0	0.0	
0.25990399032898687	0.08805652545143224	0.6714813841175394	0.0	0.0	
0.0	0.14242190576312824	0.161555221995251	0.4176781729865203	0.9285138836313158	
0.5668897658851879	0.37199351975734446	0.48137702385324677	1.1098665262879612	0.40136386438556493	
0.0	0.27889097355790393	0.7969628034179392	0.010629391241781614	0.5647913888102326	
0.6816906006994599	0.18610252725603743	2.4126940393204115E-4	0.942254904121215	0.4280667451721544	
0.31153864771753537	0.28774057750636267	0.34524370071524296	0.0	0.5510937226335737	
0.05544716387468472	0.32505411645894494	0.3744406066996751	0.5326031630600302	0.43903354737177863	
1.8038072136371015	6.201557592475673	3.253576762519486	9.235525687741069	0.5787258806842762	
0.7023163167675964	1.5136265552587047	1.1851221308320643	0.777588667818584	0.08672806735170739	
1.437206415864979	0.04425976750157461	0.25929499141188866	0.48944528797395565	0.0965787493561074	
4.676886828717629	4.448299828653752	4.2843519616437655	4.477051030179444	3.8907379290580932	
0.1412168844584853	0.9352712560693788	0.0	0.0	1.1224270118761001E-7	
0.0	0.0	0.1831285206781854	0.45961644877887753	1.1118408067341894	
0.32933468709245334	0.0	0.0	0.7188577684118413	0.4438261236665233	
0.0	0.0	0.0	0.0	0.0	
0.48818942975834667	0.08067621343692329	0.49879030202671176	0.3787380137960686	0.24074892366871897	
0.27009133943924357	0.7504972938637932	0.6877505219981969	0.5273562186244336	0.24088404877366829	
0.2744090891563524	0.22644836731665954	0.3995040637550192	0.1661932349206848	0.6223932985822264	
0.7195435492689055	2.598574433038446	0.10833881535334004	0.3228076059144105	0.03565840412381363	
0.683698464865639	0.4134494967464006	0.27649669463261345	0.025899942906959	1.7964393774676752	
0.46300432921824014	0.21258863261580432	0.13666272875452537	1.3992825012444972	0.044189474422785584	
0.616528291310819	0.4525062670644436	0.9382960867489011	0.5932872592676016	0.18381600234616982	
0.1059915370996213	0.07910762088713001	0.17240808189538243	0.03973893005502507	0.5081645947298247	
0.3300942816223773	0.29142659072421245	0.22659338174750077	0.6191986050116379	0.5756254502431839	
0.22047550316068731	0.23821795023462083	0.32256442041188665	0.6412367166688694	0.7789997108156712	
0.022705139977226625	0.17316244283510904	0.4415460598279203	0.8944476591281788	1.803114223638847	
5.615833965235163E-6	0.3240650838478983	0.06664180084375214	0.26867326443563894	0.08173939282003219	
0.4060149103187385	1.2956627027219023	0.6263933983746443	1.0817979928625585	0.05369241938392809	
1.3860508460362164	2.162767677625221	1.9745783677015216	0.35464821570146193	1.6461020589417164	
0.10541612451636832	0.6713427353223168	0.7160024934298949	0.3211042462923684	1.233512980989304	
0.04426896099105649	0.03210421485038143	0.3418965589532483	0.11623977079473873	0.44952843016549243	
0.16626054539723115	0.2604549247146532	0.26045575523247083	0.2615579665481395	0.2782899696544323	
0.522051395422248	0.0	0.10906102203317972	0.42025554201250376	0.8204107623480481	
0.0	0.4985277888530133	0.874326516249225	0.46168724948262696	0.5433104313688824	
0.5369149923605566	0.3023895843910928	0.12366528140448976	0.5590343067727346	0.02383387602753201	
0.0	0.006789083836956859	0.6125909245349651	0.6673214949783254	0.05366775372077689	
0.0	0.5677142170483289	0.0	0.7685631787114542	0.8340749482036937	
0.0	0.0	0.0	0.0	0.0	
0.9214316542976689	0.3016514070423024	0.567047246638506	0.5408314531749644	0.13819543573722456	
0.7104755906560416	1.2468159073733296	0.5237099628059401	0.001354041186427797	0.3602187263172647	
0.13287388566930244	0.935118291148332	0.29058007502105854	0.2023696758765681	0.07263660746032273	
0.5442604441234776	0.4622333986583157	0.0	0.5513529561009872	0.5617008527631749	
0.3389407600594806	0.202271332714331	0.5241621550141082	0.40612480355673436	0.0023382564991126596	
0.1067128176928	0.17944408044741808	0.31427428448515166	0.6290913244655181	1.1329884324054658	
0.6793803374640601	0.2922208109096726	0.606937894886041	0.08399521825874337	0.3994677460165394	
0.3653948940624774	0.8986825195285015	0.6340740143272577	0.9014893766808897	0.8050539832773386	
0.44653804822187415	0.0	0.7445495214273122	1.072187292697493	0.07126710558451127	
0.08165357083272833	0.0	0.2741463619697091	1.1625376769989093	0.8919263147984996	
1.3183995092007286	0.0	0.0	3.1159926238610667	0.0	
0.45821898951014484	0.8722593124261185	0.8980396896699129	1.2218052136856252	0.6503984530092406	
0.08028652425550344	0.5266816873192619	0.5950732873643676	0.0	1.2448188441310921	
0.0	0.0	0.0	0.7660146583323538	0.16573658730689989	
1.276661751130914E-6	0.698406987170837	0.3841126780893575	0.1110090237357915	1.822248340348108	
0.13467143079094912	0.4731729242621059	0.9981551399881584	0.638959625319107	0.9938600645350562	
0.0	0.2332425195683474	0.42639697754538003	0.034453694767991	0.26983842769551414	
0.09779874498441413	2.2864310262692055E-4	0.05058169375485263	1.0497184218459366	0.04543631733431029	
0.3995888771419769	0.2618477329781802	0.33511169339850344	0.2714008745657255	0.8434392764216776	
0.3100151838548231	1.526574247092349	6.091014800603012E-6	0.46146639627428376	0.33674017589870586	
0.4967005542586907	0.2794414142045042	1.6883771124503746	0.3323871624694675	0.8410559842599685	
0.0	0.13234332422420197	0.0	0.8785746787457357	0.4783385535009418	
0.11697825577386868	0.4898945453714855	0.7071987148110008	0.2956439948504803	0.2343482001985965	
0.23220495824221768	0.284706393510765	0.22264248977908302	0.8675694073201754	1.1890645836982694	
0.0	0.5063135687360659	0.0	0.3961125743348032	0.36249216481582974	
0.0	0.0	0.0	0.0	0.0	
4.46411043037717	3.7839871479098113	3.988250613751418	4.338322540036384	2.4949969562336394	
0.3892807285636626	0.4150654809361056	0.04866533204144394	0.5593380164275048	0.5644306839836287	
0.3291028425644295	1.6745012271628714	0.0	0.5251346515466289	0.4492895096950063	
0.0	0.0	0.0	0.0	0.0	
0.4266603114746565	0.7506862349294944	0.034879098329608414	0.5794956476111192	0.8408341460570935	
0.2688168926343251	0.4450265760097368	0.31560893293892656	0.010092828137249528	0.5067525587180123	
0.3545036520413651	0.5863693669254516	0.13052659451434534	0.4834410294193287	0.7449352609273874	
0.0808775026296044	0.27457735719989834	0.0030938835097723064	0.684203385403909	1.0623154538901118	
0.0	0.4124214190618582	0.761471469771017	0.43786577406622107	1.7804188213590284	
0.2635988468572516	0.4044475066688224	1.0483286971612427	0.27514380606385225	0.6181232261330604	
0.09914929413806693	0.06987901909516939	0.05604891797837779	0.5512034355508195	0.49278534917062194	
0.0	0.14696077171148045	0.5170533789153673	0.0	1.3140083232708455	
0.0	0.0	0.0	0.0	0.0	
1.0242879447665845	0.35413429775724187	0.9275763676503894	0.4260227216277708	0.5274484080864269	
0.2762444957555692	0.305424918697956	0.5651043924654698	0.7104034514724255	0.5424763361977071	
1.0347193043329752	0.3749120059334957	0.009733700037623269	0.35749875970050615	0.0	
0.0	0.37210340596810604	0.38483474115027533	0.5014198644413734	0.16134226465221824	
0.018574157267544803	0.015415546461494744	0.6316500918751468	0.27881261075972813	0.9079299464563563	
0.0	0.12639373468857687	0.6894742512408967	0.23163294173117963	0.9036949927303319	
0.6542067919852029	0.24814408045807904	0.16305583083880362	0.06494513209561009	0.3183068345863494	
0.232776772020419	0.6400228739720795	0.25680121533508327	0.29264160932938	0.44778564891927825	
0.11468450319775784	0.93857090700085	0.47296674736206706	0.9063141974045118	0.4892913150904548	
3.995356493027083	4.277169548521064	4.126230080771638	3.9149984126750668	2.553135331871382	
0.03245667275687685	0.18159707536200065	0.013734756356334848	0.9297058529548873	1.3006568285591362	
0.25965865837644336	0.25801858784899573	0.0	1.350056552816182	0.5484123017266476	
0.04071015773559616	0.20443707728192642	0.2969999984587692	0.2544680929796489	1.3378860065172742	
0.008168156995449859	0.6148151245580611	0.062090544675897745	0.6826159981117306	0.007707279418034073	
0.11083239560600708	0.7434790547299762	0.16807093001104131	1.0820294666320878	0.948454975752399	
0.7075926224105212	0.6426898754510787	0.7666051607968688	1.1701977325396893	0.6031970645275081	
0.23338159440375195	0.7428209851272348	0.7529402104854993	0.4281711142119836	0.8001666478600145	
3.587391018410472E-7	0.011095485286956577	0.5629718874654241	0.5853148507126378	8.847036434135032E-4	
0.49332965826456543	0.4541314927094093	0.35290137943663363	0.28693322564778373	0.10990582537068133	
0.0	0.6036049803838337	0.3361236307848511	0.7991132011287243	1.3088511065812187	
0.36571116199641956	0.4692109891819532	0.0	0.4570030504322758	0.42575934483804523	
0.583419322113335	0.7931165692650378	0.00815205311382199	0.1142800372699859	0.6773287174551821	
0.009462055343897978	0.0	0.333887017881166	0.32290122191880766	0.23133244249699916	
0.8202876008063423	0.787514204924437	0.04551316315328151	0.6041227508404267	0.6715372190579509	
0.1615703215822478	0.0932186697852688	0.7414475044855422	0.5284158375828758	0.3334865769123718	
0.6910738532328421	0.443020312539686	0.7320883465299449	0.4800377398287746	0.8451005225860391	
0.0	0.9436055743453065	0.0	0.06164641393543849	0.4619227303572988	
0.0	0.06969249699622174	0.6535135939649882	0.5628669233482979	0.8256836950977446	
0.4293528399211386	0.0	0.0	0.0011461975073506572	0.0	
0.3912520740348555	0.46166695333564467	0.15593695298011	0.8320051772388403	1.2875923424317348	
0.011943365668075922	0.3049658534419629	0.39492746242674037	0.4956184049711618	0.01907317009507103	
0.14466542012132264	1.0128758259723458	0.24256377926847242	1.0151460350608181	0.733684850816381	
0.3554838847217659	0.36401773442078705	0.38999861023274107	0.17868090079597204	0.500417272396338	
0.8173555946242189	0.09336942569312644	0.2959018755144617	0.179444237319678	0.17103128667003115	
0.018837311045368017	0.7297841547302178	0.7451401422847944	0.6124361403085062	0.13264173392353912	
0.1026115039065337	0.6835048929348372	0.2820438817052273	0.47407847980628337	0.6323027719440559	
1.1938096377830894	0.6759373764078185	0.21462426069252247	0.49224599161902677	0.5431232523973838	
0.0	0.5729267139263271	0.49315551248308054	0.6639316505105187	0.4583949259403524	
0.7130289736036207	0.5702868176166129	0.6508977224344911	0.684578803204592	0.15150075233037374	
0.0	0.0	0.0	0.0	0.0	
0.4857730274004402	0.04942745289471917	0.527908130550619	0.23818711415714813	0.4965599760513705	
0.0972062862700348	0.9123639873631942	1.103007559077582	0.13967668814819173	0.3436691685100434	
0.1375622297071381	3.7399368286970764	0.023484443298068265	0.5289923147126672	0.32455774217172323	
0.0	0.2393061960510626	0.7285949736645696	0.602265714637061	0.026368114667583934	
0.5123880043922627	0.6581358233633402	0.7549999874740808	0.3229514857891497	1.4875874267935665	
1.185885977657085	0.6986970566153518	0.0323753113633208	0.921127673676406	0.04844316014013382	
0.0	1.495896257438001	0.0	0.2073488030399841	0.2121160750942266	
0.09044348891865603	0.04439690336133394	0.36721418048307486	0.34381901874534715	0.22856923820080355	
0.03742609426928349	0.68655432765666	0.3872864939546847	0.622167047202503	0.04587135836505619	
0.8569269992587197	1.1113126473289376	0.19145303379906048	0.3840500673062389	0.5752117351949557	
0.4924012414548168	1.1047347181514544	0.013059633535355657	0.526193621032372	0.6669933204359005	
0.0	0.0	0.23302649158905783	0.2595836004628635	1.0861325565216333	
0.18129836204860766	0.2807930990799438	0.4122701471467046	0.14869648635219246	0.42203814153066543	
0.1803401745324174	0.2980840814668792	0.4768797228364121	0.48502537982219396	0.47658483091630954	
0.2568356252681157	0.5581159340922811	0.11907000926243375	0.5662238271408212	0.5278336741486734	
0.2698543552359833	0.4166478334813152	0.5487968491646147	0.6926075141809315	0.9503411800210324	
0.2239830062483574	0.83034039181748	0.5779097429106511	1.432845119201928	0.7996636289661198	
0.5848827373134424	0.48900483226965946	0.4723746967482268	0.6081319908358472	0.36894718877134436	
0.39041870693498265	0.40703711765989203	0.1978960712268378	0.276137449286712	0.8338938682437324	
0.0789142141326697	0.4436154617434743	0.3091043934892609	0.42314137337034735	1.0761892855000301	
0.3545235185699482	0.9335507430745956	0.45290618839111063	0.4157845453198945	0.4023832056948989	
0.42985677838916997	0.39242890766376304	0.3141021388567874	0.780296925466821	0.27374779686387624	
0.022336440653027263	0.6495536372674655	0.7537500170516399	0.5997749863250478	0.33014150330077596	
0.0	0.3077781969861563	0.4558359141143702	0.6693549512372452	0.7502812695311026	
0.0	0.7752901074204243	0.9431521147146407	0.5888346262793943	0.5447226504349071	
0.0	1.2429129328273794	0.0	0.0	0.0016596716641414783	
0.15426148496873618	1.0964723199137267	0.4707502208211808	0.0	0.6340892303723371	
0.23934904139116647	0.0	0.043274098746785845	0.44714723785092464	1.1071887010697536	
0.4231552628188608	1.210123316420749	0.0	0.5112853203218877	0.525641100582571	
0.34242148751347	0.1296324311600785	0.49678602253482457	0.19546112201935287	0.465835608382697	
0.0	0.19256033031066552	0.22622082131660312	0.5577053732779577	0.9430780645729842	
0.0	1.3192488033942917	0.28204886179463634	0.27566436577844894	0.9556949770598637	
0.5908557118967314	0.7073733612900079	0.0973121581371848	0.1838416269212512	0.9469255425698173	
0.22580505124012423	0.9264323883488299	0.6421567221565347	0.480845822251391	0.20228377938152511	
0.09136730552525149	0.14811423705820778	0.44343882903043363	0.457598214792707	0.07794402372894522	
0.20666683846613187	0.8001119979169663	0.5436919096349554	0.38427003473485083	0.11336847314945442	
8.153249963462505E-5	0.33378128414760055	0.5828006252769397	0.6339028290972889	0.03904258549117214	
0.0	0.865481738972196	0.0	0.01370524020880041	1.1691729102189066	
0.6704775113544341	1.1312257968560193	0.11692199322056523	0.7194873339738791	1.4406616958200238	
0.0	0.0	0.0	0.0	0.0	
1.6119910827509314E-5	0.23210947401178775	0.22792498313143728	0.2202413989058026	1.7453620573478517	
0.3551816078727155	0.9044622286734852	0.6235852275340398	0.1494338328059944	0.4431322683638106	
0.0	1.179701774865169	0.271425256349732	0.0587559117857679	0.6247548198981253	
0.0	0.5651528293473344	0.40182033781039606	0.7391246352711067	0.10574577850813292	
0.0	0.2582734638156062	0.0	0.6243790870728523	0.8220715576727534	
0.15987719164822065	0.19150233913545509	0.36475648432068863	0.37504971488371386	0.15599464008046854	
2.1582407671400854	0.7580187932508957	0.7470377779764019	2.163930400593538	0.759904424872011	
0.0	6.916589300055496E-4	0.0751989282108091	0.2330323069752773	2.4585049770988836	
0.5076654540412623	0.0	0.6217100667709647	1.113031177995044	0.0716693445514234	
0.0	0.5425984186906786	0.22994933188047026	0.9359466717970036	0.47964199236807864	
0.2986614251759972	0.5633502584571806	0.4796223225997649	1.1258662111635334	0.9963546607232913	
0.3570941940423396	0.36388708690210503	0.5834609886871357	0.3476408721194855	0.4945951651071426	
0.0	0.0	0.30819386033954627	0.27711477175358923	0.5229744855551184	
0.0	0.9737340009658154	0.0	0.43904036653729805	0.3897006803625469	
1.7741694707872988	1.5500474868007106	0.7017839757249105	1.0535859613456453	0.4558716069985215	
0.0	0.594026467021305	0.4623131158555016	1.4452781969629307	0.0	
0.31124168170085986	0.07109407601135313	0.15696550620125188	0.3497972714040459	0.47512159638755985	
0.0	0.0	0.0	0.0	0.0	
0.24799411654886216	0.4992606084091733	0.5665715801691006	0.7147624591454352	0.1942830539559056	
0.4304688364692099	1.38081412715015	0.15353822281312868	0.5462618270935574	0.3890316443937265	
0.05617872516847076	0.5670939666442096	0.5156295673103775	0.006703445079058782	0.7647706910595861	
0.05736386850849195	0.014253676778796107	0.5066262963672346	0.9178004815485814	0.5230807931779257	
0.34231592012482964	0.583921339794311	0.332388914157708	0.7368541137155965	0.6077199187787762	
0.1958239977033336	0.3974136831484071	0.5181257174451119	0.19970401735095142	0.11894105356111291	
0.05884629510320929	0.4757022091719372	7.222374574707233E-5	1.1131401291163974	2.393233311863642	
1.0185855882904395	0.4997832471334638	0.5733871934252677	0.4084251042394811	0.33938901415602357	
13.017860968742268	12.024710030877602	12.281032361493025	13.273027816915597	10.85882437260302	
0.515108444319897	0.4310943258602359	0.2393204961741391	0.7766043029901717	0.20119433816015378	
0.25428048698071637	0.45608471506665316	0.15768683656267363	0.0	0.6321590580400582	
0.0	0.1318964531214939	0.06531624497586189	0.543573134791412	1.2594987399215232	
0.7094688314888061	0.7189518137524806	0.34184471985535786	0.6709179868543739	0.4244894175734519	
0.08138239236489686	0.00868957301276956	0.0091977056702132	0.4115251914071003	0.32483060336377534	
0.29012816655139917	0.32356563028997676	0.0	1.0846628084490273	4.369128922343766	
0.8915185132174089	0.46346116092295225	0.0831697313075892	0.36536734328486736	0.4151617994889309	
0.02162294550996787	0.35174598527472006	1.048003359160149E-7	0.7712264726600745	0.6198134594964905	
0.3075132995211315	1.6340335631712066	1.519269640885593	0.7669654072330547	1.300675062709296	
0.7650071828481092	0.6060204561275171	0.3300829826865787	0.2525503344956906	0.10652794016220056	
0.18239948357249952	0.3008362273394235	0.49140752265508386	0.0	0.7004985349102333	
0.0	0.07780615031070931	0.609481354620185	0.08427597013387628	0.0	
0.6079381550209012	0.8423437854856214	0.30720189494486483	0.5707019753659764	0.31935226981084663	
0.3746966273031618	0.5433956229736691	0.3145285424549748	0.512745411830375	0.23059275647908736	
0.07235064392757824	0.05810309985010065	0.0	0.778917210525018	0.4099124786986786	
1.4236627436684939	0.9723977315611728	1.0141692105062277	0.8672640561932776	1.4102156971371858	
0.5762874039042245	0.45707326665888964	0.0	1.2476820107428674	1.266896920582275	
0.4527576899515805	0.40849182603710416	0.06619652548774041	0.022116719286022216	1.1827317965544275	
0.005166314509172387	0.0	0.0	0.7200939124556319	0.6928078575867835	
0.8866041768142363	0.33785347886715844	0.3144451900047726	0.8958361533961815	0.05562532505261758	
0.576184397523399	0.9184324224561353	0.7004655190178656	0.3739608267595311	0.0	
0.38292320256034934	0.12566971435672936	0.22689742181665726	0.5073337811721693	0.47636014399345805	
0.0	0.1626857966020654	0.30744182473748993	0.4150305148147708	0.12124969854788971	
0.4306907173019143	0.07157145410274166	0.5213774206131713	0.00927770182389322	0.030931561560050034	
0.6116733667112436	0.32014463801399673	0.5980555891480653	0.018674705807706186	0.5310532419523767	
0.0	0.07040070784652348	0.0	0.7556764860621458	1.4575073004271901	
0.4985737644389777	0.0	0.7154759092514452	0.4625905365871633	0.21910187427160926	
0.581523012067736	0.39503741041379004	0.0	0.8207695185593031	1.217207941183783	
0.0	0.03630450345105647	0.38877462644555627	0.5060608730583739	0.3508430605787545	
0.0	0.0	0.0	0.0	0.0	
0.8250576804015465	2.044322768378768	0.7010318468330585	3.6328306933869743	0.0	
0.134325966701584	1.2483935648704747	2.3168951409492315	0.3119959869487225	0.6796581777840949	
0.3710419663106131	0.36641176968215056	0.458618236851087	0.3913596022593285	0.41595304360206453	
0.0115318960408438	0.21312562020313952	0.650366678599283	0.14684079838581593	0.5028535453493956	
0.36349549989582636	0.06368156302163851	0.4947344343751049	1.9406157126337988	0.0	
0.0	0.29678030418756024	6.837441048681574E-7	0.30348506356726285	1.4008806361390924	
0.21254275361409541	0.35033135104298757	0.559444276780326	0.4071760543886523	0.2771608942309483	
0.0	0.0	0.0	0.0	0.0	
0.6273897237831199	2.2006251441293827	0.2652958492071735	1.0981076735626727	0.014676497709655172	
0.5825228554420911	1.4368585205177984	0.0	0.7076981171489126	0.9237757329494392	
0.11121730219081043	0.040017196015856696	0.8002230331918307	0.6228722000668393	0.18616736191280026	
0.18247418938849527	0.5614195830697409	0.21926336073248945	0.5281600928424472	0.2074494633135236	
0.35723341996492014	0.3099286252254995	0.5823312507629298	0.4692217808492992	1.489868602637376	
0.22634409669492875	1.376530812378091	0.0	0.21914576823856208	0.04818687878440688	
0.19688072808358384	0.5088933975271307	0.1571737966131612	0.4876235946313033	0.18221255211123857	
0.22646075016489592	0.3274487292228478	0.47478160218238646	0.29041390931045113	1.5889277305981677	
0.0	0.6583845130010435	0.0	0.8729649402908108	0.9198161683993504	
0.9065709865852031	0.0	0.4664105228782463	1.4341437202950877	0.40607153071810403	
0.0	0.2296140234297767	0.0	0.5683204539427698	0.4731889492440396	
0.6991289880112741	0.0	0.0	0.3038960829547864	0.0	
0.07531794665051761	0.20511988822460217	0.009733719288788035	0.13740644323250936	0.1550812908065214	
0.0	0.3837805593701474	0.0	0.4492849911777031	0.14764822262082525	
0.0	0.10146291638422118	0.2158758509378215	0.5732416291111683	0.7227053733449412	
0.16970882255824365	0.4293919214437176	0.5642007894259001	0.0	0.23811427249176373	
0.45850248431879553	0.31531467920987966	0.5841919779004526	0.9256268837234348	0.6782148184685024	
0.3242893009354664	0.40388143136588944	0.44472507020462493	0.23262388968029718	0.46682584062926563	
0.7651583525626015	0.6806744214697814	0.3777753017593705	0.9834754957535977	1.4304408545758502	
0.16456186829456593	0.7062061580327774	0.44525779400136234	0.13184953712332967	0.254625793426264	
0.0	0.4190587887922348	0.4381596929031389	0.22126092853544793	0.2839053596199636	
0.0	0.0	0.0	0.0	0.0	
0.0	0.9265986356580197	0.33128556210579246	0.2637804684228524	0.1950176792972312	
0.0	0.39626142154246274	0.9676856611048866	0.7303670209012174	0.4622646902612876	
0.0	0.8404525195652781	0.5557746901164559	0.04651791342892445	1.4207254254387895	
0.540590278232949	0.12934514428232918	0.2888286238665691	0.5043689742918966	0.5231472746453342	
0.0	0.9423606975173122	0.3195020115203284	0.5200005656261311	0.0	
0.1412632753780131	0.5026320100295534	0.1366897616489455	0.5618807241710285	0.12235716649986578	
0.28273112245119925	0.7791493705094317	0.5939884707275186	0.501466704357795	1.1094678207378432	
0.0	0.21081400885816967	0.02591419205585268	0.0	1.5261429188410707	
0.9839988503848194	0.437237039874753	0.09184900370690732	0.8453784350819398	0.4697400566598361	
9.750993341503332	9.400786370375352	9.045466969243922	10.182905593489382	7.853184364525285	
0.19119498771344384	0.3849295815913036	0.25078851216550496	1.209005107299649	0.08654878173740428	
0.1589513154144513	0.5141815707854652	0.0	0.42961093067945855	0.31899309673917897	
0.7506390270301466	0.9693516403404012	0.6854416020198933	0.5116219733708838	0.744035329705387	
0.29602422616744933	0.5047173837442179	0.34969748594412153	0.06699976965813653	0.6267014805629461	
0.05069139009148332	0.37763636010401397	0.5437160591482613	0.6897932884462368	1.1392098733273583	
0.9769022220947747	0.3080614583971138	0.6793969754421636	1.1132081890866312	0.4326895483242485	
0.0	0.48099548522179486	0.7382542951758018	0.3763090949421107	0.9035309587596874	
0.30523934217829063	0.12839911641502985	0.2420466210246075	0.5838990984696372	0.7322341312318805	
0.5495340224611605	0.753406070106213	0.0	0.0	1.321417757609668	
2.3163022901594055E-6	0.4416880734656994	0.4192319351830612	0.3970878100241715	1.3102910543449457	
0.0	0.0	0.0	0.0	0.0	
0.1339417501889562	0.907662824554891	0.1530568249798729	0.6760268263183065	0.9338904586575164	
0.5343098067102398	0.005993764199722111	0.06818890353556559	0.5426362534352879	0.2821395852872836	
0.27435335436799185	0.5413867462115985	0.7545448325838797	0.0	0.48989385816336245	
0.26935798915011394	0.4431993889489746	0.2350280810856753	0.4822490027451554	0.048016470955612116	
0.0	0.8567328935359049	0.7731018777063492	0.06913690195445872	0.4573980882272019	
0.4175340836508948	0.6193248792782682	0.27710069662772235	0.0	0.0	
0.416900995796214	0.33624526542820077	0.265234308222149	0.6729376910920108	0.6537620117800409	
0.0	0.15539557456757622	0.2869695037017215	0.23879476059237228	0.9024314835840388	
0.0	0.5772282760929134	0.45081250038818904	0.9490772659086865	0.7489849078068387	
0.7131688577859226	0.0	0.1588549787847929	0.5707655947334073	0.010693238381397407	
0.7439201940365108	0.002547885958412685	0.001879313247645212	0.3721119886976929	0.8056879162633411	
0.0039033520728488256	0.3950419397909608	0.4196786642427179	0.018057195248891808	0.35370186790492253	
0.4290882689609442	2.0078382404485913	0.20626414121834705	0.01582173719287829	1.0725122730745782	
0.8962156414966082	2.3876488919882624	0.2915893921739094	1.3089653872906284	0.7992939768180503	
0.0	0.0	0.0	0.0	0.0	
0.25462953492906626	0.6194481375036085	0.46477422516400557	0.4325938064122781	0.43929786416722005	
0.22778515844005612	0.3976832786234618	0.4592275742012508	0.7519031005050673	0.5656150382591686	
0.0	0.6163825099455601	0.0	0.8835585331867045	0.4633929191347561	
0.0	4.9764520021489645E-8	1.078012055075849	0.5320913398063204	0.6092464779593099	
0.22691108242508107	0.08232364541184081	0.24640605392696496	0.32832293248079797	0.47133855753997195	
0.47932583694664366	0.45047818283243324	0.27639538983604856	0.3787305900612889	0.8361056783441132	
0.305081538714538	0.0	0.0	0.0	3.828705596823144	
0.10375308450505454	0.004329645273369302	0.500640186068315	0.479823471795643	0.22522333441868292	
0.9196841663725966	0.2690801980727185	0.2542548255415609	0.43112663618015995	0.3173850933980301	
0.16069456114494576	0.22681266078978282	0.0957601842390885	0.4609511634553505	0.1739997730137881	
0.30573077485267736	1.0593031299387712	0.16439901453445815	0.7395064783069376	0.3741002477145871	
0.0	0.0	0.0	0.0	0.0	
0.0	0.46296169146025273	0.14838799404555855	0.28231734287700605	1.7714324184026142	
0.14950328388571232	0.2958559272798872	0.5529554997344267	0.2515156700805664	0.34395387639249486	
0.0	0.0	0.0	0.0	0.0	
0.004580316753105238	0.531582336190143	0.3755820713598491	0.3175704125956999	1.4767715440055207	
0.0	0.03545737574005553	0.053204684861961775	0.2864625820054024	1.0727069928630866	
0.0	0.3433922321682715	0.5523293711233557	1.1281390558120188	0.5436213443068859	
0.346432433819204	4.727564525418329	0.0	0.5320588501859267	0.07981845447879891	
0.13062066126159216	0.06614968161821043	0.5499954472106385	0.4315325014191051	0.0697464939767436	
