0.0	0.0	0.782435751455337	1.8020226596793587	0.0	0.0	0.8956599788842968	0.0	0.0	0.6123857262329697	
1.718197581551298	0.8374955914317509	0.7077164629990583	0.0	0.5344646496156312	0.0	0.0	0.07248437222821749	2.0282140756391205	0.0	
0.0	0.5806780992387418	0.0	0.0	0.0	0.0	0.0	0.5075259675606283	0.0	0.0	
0.0	0.28362420430509805	0.0	0.0	0.0	0.0	1.6800284718867657	0.0	0.0	0.0	
0.0	0.0	1.4175299530067267	0.0	0.0	0.0	0.0	1.5926582085044845	1.8628703965873654	0.544976979266734	
0.0	0.0	2.316640765671602	0.0	0.0	1.1765703705730126	0.0	0.0	0.0	0.0	
0.0	0.0	0.0	0.0	0.0	0.0	0.0	4.744532752573586	2.2149862540890313	0.0	
0.0	0.0	0.0	0.0	0.4301633084141919	0.0	0.0	1.888721290073417	0.0	0.2614840866417387	
0.0	0.7712211061999282	0.0	0.41150005278671237	0.0	0.0	0.0	1.3365730040403467	0.0	0.09369287914723808	
0.9184359750851546	0.0	0.7115652667664234	0.0	0.0	0.6041621382353589	0.0	2.7430088472755862	0.0	0.17653715647589377	
0.0	0.0	0.7055180710374311	0.0	0.0	0.0	0.0	6.948664638372436	1.2424582771049268	0.04728829776156934	
0.0	0.0	0.0	0.07475802173019966	1.0490743733144947	0.0	0.37861845202181205	1.8895784255851027	0.0	0.0	
0.0	0.0	1.7987728705351083	0.0	0.0	0.0	0.0	1.9162942335085578	6.220805431139776	1.9184422265849346	
0.7605967614080652	0.0	0.0	0.0	0.0	0.0	0.0	1.051313062979844	0.539841000246521	0.0	
0.0	0.0	0.4122563850098236	0.059082628641123194	0.0	0.0	0.0	0.6989233118993193	0.0	0.4066143586130999	
0.0	0.0	2.0626040133091204	0.1304305858997937	1.4163615180232887	0.0	0.0	1.329710132201784	3.3234895553137447	0.12016399049650775	
3.2915380000573307	0.0	0.6053271542264301	0.0	0.0	0.0	2.760328961159416	0.0	5.428687563974888	0.0	
0.0	0.3017511873345779	0.0	0.39118208613105665	4.932404448309013	0.0	0.0	0.0	0.0	0.0	
0.0	0.0	0.9751077511398647	0.13985136288104677	1.170512652321429	0.0	0.0	0.0	0.0	0.18128143929545665	
0.17105888822911813	0.28578113216380324	0.0	0.0	0.24726267475459238	0.0	0.0	0.0	0.6267006345358654	0.1445335800882655	
0.0	0.0	0.0	0.0	0.0	0.0	0.0	2.013386023689265	0.0	0.0	
0.8301018589151684	0.2755832910575626	1.681751625331265	1.6333463361243283	1.6695869572480875	0.0	0.0	1.3825635089863884	0.09645203745320449	1.0162678394244153	
0.0	1.3964880132710396	0.2531327158333754	0.0	0.0	0.0	0.0	0.008432078598157778	0.012428971079449869	0.0	
1.053693831429715	0.0	0.0	1.5381948895829534	2.901508755417682	0.0	0.19309197807528805	0.7296266508794407	0.0	0.15385712200095508	
0.0	0.0	0.0	0.0	0.6108633391761931	0.0	0.9454837548091023	1.8013894114010085	0.0	0.407001786595551	
0.0	0.0	0.7957624310667486	0.0	0.0	0.0	0.6208552571441346	1.378849914452568	2.352640544406135	0.0	
0.0	1.3173861206748523	1.08045600040756	1.477717032700713	1.2767671537307217	0.0	0.8694389270508461	0.9881686899043326	0.9830447272843688	0.6718279288244303	
0.0	0.0	3.8431346828935102	0.0	0.0	0.5083492478767911	0.280104469256794	0.0	9.31804187820808	0.19429146810597334	
0.0	0.0	0.0	0.8203480627242702	0.0	1.2641596188536461	0.0	0.8912489427993908	1.99855472722844	0.0	
2.0345952204108317	0.0	0.0	0.6610608713923624	0.6264478132068967	0.0	0.0	0.0	0.0	0.6135401411043009	
0.0	0.0	0.0	0.0	0.0	0.0	0.0	0.0	0.0	0.0	
0.9042341669068565	0.0	0.0	1.9215511268778973	0.009885049738244556	0.06308659571374162	0.0	0.0	0.0	0.435979027511442	
0.0	0.0	0.0	0.0	0.35311213470490893	0.0	0.0	3.746878068562978	0.0	0.4181859032064826	
0.08325242485565564	0.0	0.31758967867718346	0.7476552124555885	0.0	0.0	0.017509264093977246	5.4010649476876536	0.3344356614988525	0.20743498414678074	
0.0	0.0	0.0	0.0	0.0	0.0	1.8850296948189662	0.0	1.7975736988495428	0.0	
0.0	3.2158986921124715	0.0	0.0	0.0	0.0	0.0	1.5091899062378886	0.0	0.4252746567543263	
0.0	0.0	0.0	0.024515693696263885	0.0	0.0	1.828051074511954	1.025648600423813	1.8477078655328973	0.34852359980163233	
0.0	0.0	0.0	0.5990481784171258	0.0	0.8321599396320295	0.23504594439077048	0.7044090093954016	1.3044961091132914	1.304231629651791	
0.0	0.0	0.0	0.0	0.0	0.0	0.0	2.459071720436664	0.0	0.0	
0.0311664003061111	0.4659063660019029	0.6541294501894741	0.36455323965042524	0.0	0.0	0.0	0.7712378513253332	0.0	0.0	
0.0	0.0	0.0	0.0	0.0	0.8663614330164343	0.35939511461985285	3.3529178839653877	0.0	0.0	
0.0	0.0	3.056096059910369	0.4156458449703107	5.0329045807138995	0.0	0.0	2.3875107482278795	0.0	0.16427630437049284	
0.9557999689287677	0.11790905347422558	0.0	0.7967253969153897	0.38715599553421115	0.0	0.0	1.6786408856006054	0.0	0.7398424521720186	
1.9097187422560569	0.0	0.0	0.0	0.0	1.4178218528591502	0.0	0.0	0.0	0.2547928513630167	
0.5424061744563631	0.0	0.03740062796260846	0.0	1.0660408309748999	0.0	9.020143054530646	0.0	1.0873782658706361	0.5167203241803924	
0.0	0.0	0.0	0.0	0.0	0.11431277772663848	0.0	0.0	1.4302556637357897	0.0	
0.0	1.3641845930646115	0.0	0.0	0.0	0.0	0.0	1.4685984887219912	0.0	0.0	
0.0	0.0	0.0	3.032050783000026	3.4552399461047725	0.0	0.0	0.0	0.0	0.4944909245671603	
0.8064404400846471	0.0	0.19073780332197818	0.0	0.9381989822850665	0.1155622674886085	0.0	0.0	0.0	0.07103192180248101	
0.3592110890121669	1.447425261780924	0.0	0.9221660658599963	0.12321041690280446	1.8480712283636846	0.0	0.0	0.0	0.0	
0.0	0.681424331250471	1.247232079846864	0.0	0.0	0.0	0.0	1.7069785039742196	2.2736611859618376	0.23265189563181374	
1.5187669933074928	0.0	0.0	0.0	0.0	2.4753804787159717	0.0	0.23094524323766047	2.549783946482404	0.0	
1.203220570248871	0.0	0.9061977385635074	0.0	0.4146679482180878	0.0	0.0	0.5498229353866574	0.0	0.49752772165087017	
0.2881393090029299	0.0	0.0	0.4165717284650259	0.0	0.0	0.0	0.0	3.9021984222460833	0.0	
0.47926868479354123	0.6668695290483181	0.0	0.6134917443291827	0.0	0.0	0.0	1.1487326079042226	0.0	0.0	
0.5243250775805832	0.2958268428290823	0.0	0.9135582063206503	1.4306714126847129	3.2034408562561616	0.16103648315018376	0.786601430557714	0.0	0.7851825728259808	
0.981709027469833	0.0	0.0	0.0	0.0	0.0	0.0	0.7755239352959385	0.0	0.0	
0.0	2.365237591844532	0.0	0.0	0.0	0.0	0.0	0.0	0.3660504278175841	0.02919279088596216	
0.1737745652364149	8.594463610244133E-4	0.0	0.8650574043818182	0.0	0.8676031350604014	0.0	1.3711053634805892	0.0	0.0	
0.0	0.0	0.0	0.0	1.725957027450983	0.0	0.0	2.369081741531748	0.0	0.0	
2.9859796000299386	0.0	0.6870159732115978	0.0	1.6390067726117827	0.10516414036239187	0.0	0.31984545904399786	0.0	0.0	
0.8307827285266672	0.0	0.0	0.0	0.11966465920804575	0.0	0.0	0.7073882514045584	2.5421283726778596	1.8591515893285628	
0.8213768802684023	0.0	0.0	0.0	0.07532923807016968	0.0	0.0	3.911529706691322	0.0	0.029959196696281453	
0.0	0.0	1.5952043251991115	0.0	0.0	1.899274261704056	0.0	0.0	0.0	1.5148735195484606	
0.0	0.07008587097796395	0.0	2.3045874153632306	1.1771282112882873	0.0	0.0	0.0	0.0	0.3015348504404787	
0.0	0.0	0.06897271180260665	0.0	0.0	0.0	0.0	1.752460202588855	3.118091795966072	0.0	
1.544436066886496	0.0	1.349117915037729	0.0	0.0	0.0	0.17088192242684883	0.0	1.8031388957084427	1.29878912142682	
0.058409846379752495	0.0	0.0	0.6179856979617585	0.06784328885428192	0.0	0.0	0.0	0.0	0.0	
0.0	0.0	0.0	0.5019909765061904	1.4663152354090268	0.04490239068977848	0.0	0.0	0.0	0.0	
0.0	0.02346192551784107	0.0	1.3721034379570831	0.0	1.376635112896711	1.9072682853015042	0.0	0.0	1.366289846082052	
0.20530613311878448	0.0	0.7228761321269883	0.0	2.16283226893601	0.010750674067735243	0.0	0.0	0.0	0.2833407261089326	
0.0	0.0	0.0	0.0	0.0	0.0	4.582666043988868	0.0	0.0	0.0	
0.004098220713443937	0.0	0.9322454082903956	0.0	0.0	0.07173046043808662	0.01444174139758114	0.0	2.2094466811848723	0.4249866546059912	
0.0	0.0	0.39555461153804516	0.25271670723389	0.0	0.0	0.0	1.083059757358221	0.0	0.44437119810870906	
0.0	0.8555000263976197	0.0	0.0	0.0	0.0	0.5515146655771005	0.6559672910770314	0.0	0.0	
0.0	0.0	0.0	0.0	0.0	0.0	3.50928607861801	0.37574825394414435	0.0	0.0	
0.0	0.0	0.0	0.8509325848071448	1.0585768951765557	0.0	0.0	0.0	0.0	0.0	
1.4914886341720808	0.0	0.0	0.0	0.8511755558220055	0.18124247332150017	2.225550979511291E-4	1.0569100947917647	0.0	0.0	
0.06517943829875425	1.568718523525922	0.14434910055505648	0.10760447509883302	1.2716996628724042	0.0	0.31917588374600514	0.01150274831910494	0.43136754535500915	0.0	
0.0	0.10630061884924323	0.0	0.0	0.0	1.601200311878383	2.1120673239438297	0.0	0.0	0.35812039999778256	
0.0	0.0	0.0	0.0	0.0	0.0	0.0	1.43113884246937	0.0	0.0	
1.384198532957386	1.0781942124195232	0.0	0.0	1.0757030282292996	0.629846118304229	1.5933805446816807	0.0	1.0988883701007606	0.2265140772039573	
0.0	0.4651225239175517	2.4668911289674966	0.0	0.0	0.0	0.0	0.5002188688261802	0.4694911484972002	0.3924355715586947	
0.0	2.8985968014226295	0.4901238237574431	0.0	3.551526587453816	1.1290642178786898	0.0	0.0	0.0	0.0	
0.0	0.0	0.0	1.466458182724059	0.0	0.0	0.0	0.02134356134653819	0.0	0.0	
1.9861662481599005	0.0	0.0	0.0	1.9934204326840042	0.0	0.0	0.31707881279442274	0.0	0.0	
0.0	0.7816387845943935	0.0	1.7359106981705659	0.0	0.6663832046492477	0.8536032499152537	0.0	0.12595172086327122	0.0	
0.9177675372035895	0.0	0.0	0.024108520865681562	0.07636565615170854	1.3895585901360017	2.426498734748618	0.3905764435206994	0.4793174989082313	0.6771401939444236	
0.6242227694357239	0.0	0.4603024712535791	0.7546090348083265	0.8471965986852517	0.0	0.0	0.4198571020436847	0.0	0.0761006910212676	
0.0	1.0603554534770177	0.0	0.0	0.3525395889284789	1.0553191941138533	0.45181099172261363	0.0526112827387995	3.2538171945999474	0.0	
0.7685967847085027	0.0	0.0	0.4475732165670702	0.0	0.0	0.0	1.4895027158982714	0.0	0.0	
0.0	0.0	2.416560850440182	0.22243082862979008	0.0	0.0	0.0	0.0	0.0	0.0	
0.0	0.0	0.0	0.0	0.0	0.0	0.0	2.8352390855286695	0.21748093470302524	0.0	
0.6573879427774338	0.0	0.0	0.6093293353828362	0.0	0.0	1.472482669503059	0.713042369554958	0.0	0.0	
0.0	1.9324957958894327	0.0	0.0	2.2736521951290336	0.0	1.5387298303019925	2.3345473832973878	0.0	0.0	
0.0	0.5316306887222833	0.0973212455154817	0.0	1.1071697804367346	0.06267875788771424	0.0	0.11025016485809772	0.7913493717877225	0.7695823643848961	
0.8048777683544251	0.5683386436602929	0.9180450234707027	3.5198880924382987	0.5342718831785086	1.1759815312887467	0.0	0.045846948400260615	0.0	0.0	
0.0	0.0	0.0	0.0	0.0	0.0	0.0	2.2941017250504445	0.0	0.0	
0.6455201916863557	1.4567205639908398	0.0	0.0	2.9180236840546896	0.0	0.07282710340216547	0.0	0.0	0.0	
0.0	0.0	0.0	3.726807065866403	0.0	0.0	0.0	0.0	0.0	0.7840188435647962	
0.0	0.0	0.0	0.6837096876661428	0.0	0.0	0.0	1.3026956807490309	1.5057969741332897	0.121177030362509	
0.0	0.023355876381875973	0.0	0.0	0.0	0.0	0.0	2.062631793170987	0.022073467432965083	0.030578765627298703	
0.3512106615353917	0.0	0.0	0.764310251228566	0.0	1.88759713821714	0.0	3.4005699428244482	0.45070892713035543	0.0	
0.0	0.0	0.0	2.860753246711428	0.0	0.0	0.2022058696932151	0.4938024688268532	0.016444005312184186	0.0	
0.0	0.0	0.0	1.2073893447268385	4.370139834594077	1.620248079941379	0.5780868935734437	2.043395846917803	0.0	0.4179177805620358	
0.0	2.0920991331278125	0.2988961550244924	0.0	1.3817008873868988	0.0	0.1233129403104064	0.1801617045537554	0.9004219569415536	0.0	
0.0	1.4785490790269311	0.0	0.0	0.0	0.0	0.0	0.0	0.0	0.04302699651356687	
0.0	0.0	0.0	0.0	0.0	4.1578749459152045	0.0	0.0	0.0	0.0	
0.0	0.0	0.0	0.0	0.0	1.1765187482558115	6.581052224615741E-4	2.875203271684558	0.14631121381743206	0.0	
0.0	0.9400344034837004	0.0	0.0	0.03429609718121494	0.0	0.0	0.7736428090832769	0.0	0.08515186721464879	
0.6929152580843301	0.0	1.1050283097784128	0.19066012908331018	0.6053849363144069	0.0	0.0	0.0	2.2300550486539166	0.9379363501983747	
0.0	0.0	0.0	2.8264115613232246	0.0	0.0	0.8674063706882971	0.0	0.0	0.0	
1.4928337974257795	0.322780790238774	0.0	0.0	0.0	0.0	0.0	1.5846853260002354	0.0	0.257371068271527	
0.5842780922755235	0.0	1.1605586030952602	0.0	0.2612473277937127	1.2378991666350436	0.0	0.6375282552695926	0.0970873886513964	0.0	
0.0	0.0	2.246811667688502	0.2549725040359068	0.0	2.9706676930838882	0.0	0.0	2.3570770440185784	0.9917077361364585	
0.0	0.7507868219192715	0.0	0.8732131629584003	0.957961767328141	0.0	0.0	1.5936739757028315	0.0	0.0	
0.0	0.0	4.73911515029198	0.0	0.0	0.0	0.0	0.0	0.0	0.8703683088743678	
0.0	1.6570905312654263	0.006263921479264887	1.3997950084284634	0.0	0.7930805093326279	0.0	3.1204907902304786	0.0	0.0	
0.0	2.398054341365889	0.0	0.0	0.0	0.0	0.0	0.0	0.0	0.12807589463581026	
1.7123932522918652	1.8995168032720884	0.8777677797436026	0.0	0.13046417657638879	0.0	0.0	0.5779938242370545	0.0	0.4913112189111929	
0.0	0.0	5.29958692655949	0.0	0.0	0.0	0.0	0.0	0.0	0.0	
0.0	0.0	0.0	0.0	1.5537854682546774	0.0	0.0	0.35805174190209754	0.0	0.0	
0.01870717608991314	0.0	0.0	0.0	0.0	0.03292862587062657	0.012539670915948573	1.5331218821656987	1.130874003789523	0.6054565731707199	
0.0	0.0	0.0	1.5515805382304741	1.6728092831571193	2.1016713113752914	3.998333618552686E-5	1.188327332267803	0.0	2.6946349244354155	
0.0	2.1458408941090537	0.0	0.0	0.0	0.0	0.200571738600259	1.0311829744444052	0.7363196912463159	1.5234538797984778	
0.23678273471848882	0.0	0.7032431183902342	0.0	2.8446391579317316	0.0	0.0	0.0	0.0	0.03948121008857662	
0.0	0.25761539977958975	0.0	2.4159136069978326	0.0	0.5491245116803457	0.0	0.0	0.0	1.1612265915642537	
0.0	3.332519535166028	0.0	0.0	0.7545693818749607	0.0	0.0	0.0	0.0	0.6395188828813346	
0.0	0.9824100251208607	0.0	0.0	0.0	0.0	0.940534763826143	0.0	0.0	0.35669170771659225	
0.0	0.0	0.0	1.2875624398013366	0.0	0.0	0.0	1.0367528022798114	0.0	0.033735664799545775	
0.0	0.6951576048472796	0.0	1.3192688278024578	3.663761262661495	2.6783652240156592	0.0	0.0	0.0	0.38398233943706256	
0.09236742439316066	0.0	0.0	0.0	0.0	0.0	0.0	3.4902491316556565	0.5851961103723053	0.29527089811460716	
2.1102034352731613	0.2270496452991813	0.0	2.0422184820469558	0.08875926776185009	0.43162517523726035	0.05042536034413683	0.0	0.2557923865635825	1.1077427338063248	
0.0	0.0	0.0	0.5389174952117888	0.7349520395532831	0.0	0.0	0.0	0.9065685534847766	0.0	
0.0	0.36529979572617166	0.0	0.0	0.8478249016460768	0.0	0.0	0.0	1.6711890974524684	0.11610101313080068	
0.0	0.0	1.0849611231855198	0.0	0.8023005100173237	1.189371333444421	0.0	0.0	0.0	0.0	
2.956515844727638	0.0	0.07085774334044258	0.655482801504921	1.1175474932628846	0.0	0.0	1.5739873674987184	0.0	0.0	
0.3511123771383698	0.0	0.0	0.0	0.0	0.0	0.8122975342905658	0.0	0.0	0.0	
0.0	0.0	0.9153347885558684	0.580065584316419	0.37967772440378655	2.492990528316652	0.3674799256378932	0.0	1.6559228921871945	0.0	
0.0	2.2196854626227096	0.8775685933904576	0.4271135582333004	0.0	0.0	0.0	0.0	0.0	1.9125037653239327	
0.0	0.0	1.0561121492278067	0.0	0.0	0.004050197893881831	0.6371192128415669	0.0	1.120624747454394	0.0	
0.0	0.0	0.0	1.2868045082348991	0.8884830482761987	0.01589722864120366	0.21654851983584036	1.292999621756487	0.002159514874387853	0.32532601962091595	
0.05191292331680296	0.65884977790987	0.0	1.747983564989507	0.0	0.34254339416113194	0.0	0.3297568281723101	0.0	0.09574028583933575	
1.1951131502988572	0.8341845690077853	0.0	0.03594479211270421	0.7974367628451782	0.0	0.0	0.7475201109074543	0.0	2.09305411205111	
0.0	0.0	0.0	0.16246714459952274	0.0	0.8784840242054535	1.9557246142702884	0.0	0.0	0.0	
2.0562169957703555	1.6735803563224878	0.0	0.13663755492922072	0.0	0.0	0.0	0.040087442715201316	0.0	0.0	
0.0	0.25591607229423735	0.0	0.0	0.0	1.8249833321932736	0.0	1.2348416177318398	0.0	4.080194149041978	
0.0	0.7437859279856831	0.0	2.9645499715196437	0.0	0.0	0.0	0.0	0.0	0.04627018375941615	
0.6929860435839722	0.0	0.0	0.0	3.4465499878995125	0.0	0.6358487850294284	0.0	0.0	0.0	
2.4299305120040837	0.0	0.0	0.0	1.0769902599075722	0.0	0.0	0.42053466774278037	0.7307379762607631	0.0	
0.0	1.7766418241598592	0.0	0.08314155344908178	0.0	0.0	2.178570968446574	0.0	0.0	0.0	
0.0	1.4749293524718659	0.0	0.15623731810499186	0.0	0.07138845575389484	0.0	1.0170146977285366	0.0	0.0	
0.0	1.298905081459565	0.0	0.714262703917593	0.0	0.0	0.0	0.0	1.9040223382721773	0.0	
0.0	0.0	0.0	0.47737562154751256	0.9985245440384869	0.0	0.021251140451245435	0.0	0.7113664809324622	0.0	
0.4782711134676552	0.0	0.0	0.8977252036612937	0.0	0.0	0.0	0.0	0.0	0.0	
0.5351907773671281	0.0	0.0	0.0	0.7985720201715806	0.0	0.0	0.0	0.0	0.0	
0.0	0.0	0.0	1.5243530719671288	0.0	0.774008495309253	0.5529364952106579	0.0	0.0	0.0	
0.0	0.0	0.0	0.6526532103971576	0.0	0.29504640292583595	0.16959157983055317	3.6919639223213854	0.0	0.0	
0.6716524532337942	2.818674488887271	1.0550303557935687	0.15808264326256188	0.8055514167142586	0.04004368865271084	0.805829137732248	0.0	0.0	0.0	
0.41687272121654084	0.3044706674390387	1.0095853025333512	0.0	1.293601751964664	0.0	0.001405617861465542	0.8795000321943819	1.9855419870104827	0.7089233509773423	
0.0	0.0	1.125836522388511	0.0	0.0	0.0	0.0	2.961204235434098	0.0	0.0	
0.3331674746242816	0.0	0.0	0.0	1.9478688415294718	0.0	0.0	1.2930973616272015	0.0	0.13046058010967074	
0.05890167911202937	0.0	0.0	0.0	0.7003324806930671	0.0	0.05191398720277166	4.9543437311206135	3.1486476414605824	0.703276045170421	
1.0669920709977014	0.0	0.0	0.0	1.2676690877885255	0.0	0.0	2.1500112294597815	3.846777432396672	0.24637575072076384	
0.0	0.0	0.0	1.3547316076414655	0.7976559399660983	0.6216081486242777	0.0	0.11513405295417842	0.03679646057088665	0.45677122758357264	
0.0	0.0	0.0	0.0	2.1572093590229615	0.6409220953892258	0.0	0.0	0.6099560372853237	0.0	
0.0	0.8287333529736531	0.0	1.6490708968756138	0.0	0.0	0.0	0.0	0.0	0.0	
1.4093824545440357	0.0	0.0	0.21923601258608713	0.0	0.0	0.0	0.0	0.0	0.0	
0.0878360117393523	0.0	0.12660869765041022	0.10423710153404173	0.10423860709874178	0.517194738400875	0.0	0.0	2.522456025100352	0.9004526795268614	
0.0	0.0	0.0	0.0	0.8453912251338652	0.7872576932602373	0.0	0.0	0.9489712523602671	0.0	
0.16488567045018557	0.0	0.0	0.6418243253620037	0.0	0.0	0.0	0.0	0.0	0.0	
0.0	0.4669332523451444	0.4388221932607283	0.6886960673598871	0.06157976192677702	1.496953622744529	0.0	0.0	0.0	2.0216415380558597	
0.0	0.0	0.0	0.0	0.0	0.0	0.0	4.673525269203465	3.0976655291183586	0.46368144041375275	
0.0	0.0	0.0	0.0	1.755876906598752	0.0	0.0	0.0	0.0	0.0	
0.890647423939822	0.0	0.0	0.10386663934519749	2.8576601709516662	0.0	0.0	0.017032031223663903	0.0	0.7885239871452463	
0.0	0.0	0.0	0.0	0.0	0.0	0.8486646817005558	0.0	0.7320876817383665	0.0	
0.0	2.8468418736716194	0.0	0.611312997660086	3.6932504931345056	0.7098147004432847	1.0777496490691192	0.5096226370887781	0.0	0.0	
0.0	0.0	0.0	0.0	0.0	0.26944383743476646	0.0	0.0	4.8217862686716995	0.34532510255505605	
0.0	0.0	0.0	0.0	0.0	0.0	0.0	3.463960077697434	0.0	0.0	
0.0	2.213287879952485	1.3947707885000435	0.0	0.23600974939856528	0.001942568753871932	0.0	0.0	0.0	0.0	
0.007778879927857244	0.0	0.38307000712274686	0.0	0.0	0.0	0.0	0.0	0.0	0.0	
0.0	1.5565242588445034	0.0	0.0	0.0	0.0	0.0	0.0	0.0	0.0	
0.29200544936887957	0.0	0.0	0.0	0.3530136378224092	0.0	1.1513156874221186	1.4068147457558589	0.0	0.14166367104860605	
0.0	0.0	0.0	0.0	2.317822756064835	0.0	0.0	0.0	0.0	0.0	
0.0	2.714449334740998	2.2692447864884566	0.0	2.9310142728789232	0.0	1.289374377241039	0.0	0.0	0.0	
1.342746886244763	0.0	0.0	0.0	1.8495780568830882	0.0	0.0	0.06711423808844502	0.0	0.0	
0.0	0.0	0.03132317216122226	0.0	3.745080149904643	0.0	0.01855323603839167	0.0	0.008868581632619608	0.0	
0.0	0.0	0.0	0.7329174552203452	0.0	0.0	0.0	0.0	0.6054411853208789	0.0	
0.0	2.1420699164237584E-4	0.0	0.0	4.507297184125009	0.0	0.0	0.143927077265017	0.0	0.0	
0.0	0.16882293717512795	0.0	0.0	0.49633752205541776	3.456151593580469	0.0	0.2960838229155411	0.0	0.00436764113237028	
0.0	0.7486717362301213	0.0	0.0	0.8095389865244765	0.4584588543734311	0.0	0.0	4.2586567233247505	0.06403654560948069	
0.0	2.4911958640217864	0.0	0.9043332870838988	0.2504262369502062	0.0	0.0	0.0	0.0	0.46501592672085473	
0.0	1.2223629874574484	0.0	1.0575944710858027	0.0	0.0	0.0	1.6298664585362526	0.0	0.17576478407730442	
0.25668599887210825	0.0	4.370801873459564	0.0	0.0	0.4756556577026059	0.0	0.0	5.039666025716755	0.5949760138571843	
0.7208427208458772	0.0	0.0	0.0	0.0	0.0	0.7385465052277363	3.4118131212018383	0.0	0.0	
0.0	1.6837587519150767	0.0	0.0	4.044958630323524	0.2350706853800239	0.0	2.9160875393945886	0.0	0.18126073553180663	
0.124888620590407	0.0	1.2543268677890398	1.3708205094865886	0.4565467026596002	0.0	0.0	1.3975021669413368	0.0	0.0	
0.0	0.0	0.0	0.0	1.9776742290536633	0.0	0.9691130784541582	0.34866928765053307	0.45809835455771053	0.17386156476540246	
0.0	0.0	1.1128346966565814	0.0	0.0	0.0	0.0	0.0	0.0	0.6296301007642379	
0.5145812291286008	0.0	0.0	0.5626279423768579	0.11049375996585387	0.0	0.0	0.5047444398056439	0.0	0.3423052152908295	
0.0	0.0	0.0	0.0	1.7465149891924843	0.0	0.0	1.4382678150683668	0.0	0.0	
0.16060993920854294	0.0	1.4321496575998343	0.0	1.2984591185604502	0.38320844200626264	0.0	0.0	0.0	0.0	
0.0	2.1736616085609195	1.8366872637871798	0.7706357405720902	0.0	0.0	1.482426617245973	0.0	0.3742169371498635	0.0	
0.0	0.0	0.0	0.0	0.0	0.0	0.0	0.0	3.775604202491203	0.501515415524622	
0.7448985541183039	0.015012493666541699	0.0	0.4724383846184593	0.0	0.0	4.419985611907376	0.020267009663266302	0.03579513820118791	0.0	
0.0	0.0	0.0	0.0	0.0	1.4815855067496229	2.979147759829365	0.37086424322889683	0.0	0.22229267385064044	
0.0	0.0	0.0	0.18863858264934763	0.0	1.4611794483759226	0.0	0.0	2.191957999835437	0.0	
3.466641234218325	0.0	0.0	0.0	0.31491288514864735	0.0	0.0	0.09070854567443581	0.0	0.030404392800464537	
0.0	0.0	0.0	0.0	3.6281801496816075	0.0	0.0	0.4459174534569542	0.0	0.0	
0.0	0.0	0.0	1.6384090866084238	0.0	0.0	0.0	0.1669910392814235	0.0	0.8975360369202667	
0.0	0.6475200915962046	0.0	0.0	0.07682403421405572	0.0	1.2981627219531	0.3034445687427113	0.009804506179105704	0.06730903899864785	
0.5292034557482025	0.0	1.3621049003254166	0.0	4.498480895976379	0.0	0.0	0.0	0.0	0.14557422582989626	
1.2857431703780937	3.0370279852090083	0.0	0.0	0.0	0.0	0.0	0.0	0.10864897006289406	0.0	
0.0	0.0	0.0	0.0	0.0	2.8887285220783596	0.0	0.5331291564069933	0.0	0.031115386125096484	
0.0	0.0	3.1890575898242424	0.853366246142399	0.0	0.0	0.0	0.0	1.2969799727811486	0.01390967281021254	
0.0	1.494425344947994	0.0	0.0	0.0	0.0	0.0	2.0850722223747966	0.0	0.0	
0.0	1.302358304723692	0.0	0.0	0.0	0.4305450061022157	0.0	0.20773033782635408	0.0	0.0	
2.1378353180189356	0.0	0.0	0.0	2.8894257835634334	3.104673593767656	0.6203548961746017	0.0	0.0	0.18140065394044708	
0.0	0.0	0.0	0.0	0.0	0.0	0.0	0.0	0.0	5.111644931356498	
0.0	0.0	1.009838640241962	1.279575321782376	0.0	0.447430408849507	0.0	0.0	0.0	1.6557720646416694	
0.0	0.0	0.49129309508998975	0.1446213848377082	0.393559788281185	0.0	0.0	0.0	0.0	1.6293324255245474	
0.0	0.0	0.0	0.0	0.7756060505064177	0.2721581638866975	1.3657108488676568	0.5262676129433447	0.6910540138989981	0.005224910342554491	
0.0	0.0	0.0	0.0	2.217833327607514	0.0	0.7755097361873292	0.0	0.0	0.0	
1.9188853144729305	0.0	0.0	1.1729524514939154	0.0	0.0	0.2678308668938371	0.0	0.0	0.0	
0.0	0.0	0.0	0.9073433337647755	2.7137829772445707	1.3295705128207678	0.0	0.0	0.0	1.0117470933084949	
0.0	0.09854283456411535	0.0	0.0	1.1483238733048762	0.0	1.8570763893218003	0.02488820322352335	0.0	0.7151668593961449	
0.0	0.0	0.0	0.0	0.0	0.0	3.1329776026025358	0.0	3.4230569978209884	0.0	
1.5231821860483925	0.6701007952479451	0.0	0.0	2.5083868231239945	0.19284552562428717	1.2559419773119291	0.0	0.6327296786419809	0.9020851253000098	
0.0	0.7400280160937882	1.1910248799682002	0.36704368190335795	0.0	0.8640664439647244	0.0	0.0	0.07578025167391966	0.0	
0.03442707095328799	0.0	0.4594109940314449	0.0	0.5441303514310762	0.0	0.0	0.0	0.9948513854501672	0.0	
0.0	0.23058003143588404	0.0	0.0	0.0	0.0	0.19800503220324828	1.9803645315765734	0.0	0.0	
0.0	0.0	2.4250752079008815	0.5634533344630933	0.0	0.0	0.0	0.0	0.0	0.0	
0.0	0.0	0.0	0.0	0.4371025251218856	1.4919239989897146	0.4181605916233307	0.0	0.0	0.0	
2.3883794668869074	0.0	0.0	1.078168994921395	0.0	0.0	0.0	0.0	0.0	0.0	
0.0	0.0	0.4017793929329262	0.7504166986630406	0.0	1.4531377951295514	0.0	0.0	0.0	0.0	
0.0	0.1460428130672763	0.0	0.0	0.0	0.0	0.0	0.0	0.0	0.5254110155220328	
0.0	0.0	0.0	0.0	2.3407756116753173	0.0	2.010846116465483	0.0	1.1559410613560226	0.0	
1.6125936700418373	0.0	0.0	1.0284875445628736	0.0	0.0	0.0	0.19334970677279312	0.0	0.0	
1.2984611870546052	0.0	1.2779964393995151	0.0	0.5193825770863268	0.0	1.0910534060762023	0.0	0.0	1.7582192807798684	
0.0	0.0	0.995525499917341	0.32116206467258646	0.0	0.0	0.8696313428196537	0.0	0.3614771055446729	0.0	
0.009408310148125534	0.0	0.0	0.8218552435909939	0.3401012465709175	1.6199916427076653	1.1806840056344265	0.047786140167033545	0.9737961267565911	4.191080907175358	
2.9896393087432536	1.910028897037018	0.0	0.7503085787651473	0.591353877651574	0.9432611472866931	0.0	0.0	0.0	0.0	
0.0	0.0	0.0	0.0	0.0	0.6982878877103715	0.0	4.08936717740845	0.0	0.2431225757696039	
0.015884916569714514	0.0	0.0	0.41312798903173065	1.307311904447059	0.0	0.27489357182986274	0.0	0.0	0.23232675040147877	
0.0	1.6937157458975247	0.0	0.49598477664591245	0.0	0.0	0.0	0.0	0.004063244830634971	2.376005612066181	
0.0	2.128210539758493	0.0	0.0	0.0	1.4442768031164575	0.0	0.0	0.0	0.6926560756548488	
0.0	0.0	0.0	0.0	0.0	0.0	0.0	3.3144174507622086	1.0846088782038341	0.3989916845509027	
2.1003815381850646	0.3922107737382871	0.0	0.0	1.8732883357654304	0.0	0.0	0.08050953149131627	0.0	0.0	
0.0	0.0	0.5361159074659022	0.0	0.0	0.8409699888746723	0.0	0.021438772044400815	0.0	0.0	
0.4843193850655518	0.0	0.0	1.1476247530833366	0.0	1.1084210686192728	0.0	0.0	0.0	0.0	
1.3903432903031006	0.0	0.0	0.0	0.0	0.01714922534635763	0.0	0.0	0.8385263320337829	0.0	
0.0	0.0	0.0	0.6889724443678475	0.21902309279237175	0.0	0.0	0.0	1.2224942317293617	0.0	
0.0	2.352484692003484	0.0	0.0	0.0	0.0	0.0	0.3138027216338356	0.0	1.4972799213403787	
0.0	0.0	0.0	0.0	0.0	1.0576752303208283	0.0	0.0	0.7948519117226092	0.0	
0.044483775083503964	0.23486140972292696	0.1996874491911807	0.0	1.1986364307014947	0.23792715311798274	0.0	2.7161925544353025	0.0	0.0021640833425722403	
0.0	0.9704021293715045	0.0	0.06557634281173917	0.0	0.0	2.9260845624660665	0.0	0.06376370057278578	2.895219565051863	
0.0	0.8877720181297957	0.0	0.244304812725546	0.533353406426762	0.05987860616547663	0.0	0.0	2.2934764828062972	1.7887213075072839	
0.0	0.0	0.30213263769248005	0.21668840026549685	0.19880316794678007	0.0	0.0	0.0	1.8667667204104768	0.24619668534649683	
1.0162652482239536	0.0	0.7234575802533305	1.7578847961392854	0.0	0.0	0.0	3.0625365016653436	0.0	0.0	
1.830401143928526	0.5133667229860092	0.0	0.6781751537090518	0.739839294414907	0.0	0.0	0.18104301784956534	0.0	0.0	
0.8405176109486453	0.0	0.2131177304299151	0.0	0.018327358116483033	2.5921195968671316	0.0	0.0	0.0	0.46428481342018385	
0.0	0.0	0.0	0.0	0.0	0.0	0.0	1.3947160375091272	0.0	0.0	
0.0	0.0	0.0	0.0	0.0	0.0	0.0	1.4874152570698687	0.0	0.0	
1.3130585525708045	0.33792210231546427	0.0	0.0	3.5921590546439024	0.3287966550481621	0.0	1.4415000259060928	0.0	0.0	
0.0	0.0	0.0	1.7940362592368357	0.0	0.0	0.0	0.0	0.0	0.0	
0.0	0.0	0.0	0.0	0.0	1.315384123221284	0.0	0.032359197473485084	0.0	2.3819719025448594	
0.0	0.0	0.0	0.0	0.0	0.33631026710005407	0.0	0.0	0.0	0.31481941369096844	
0.0	0.0	1.0090433963560683	0.0	0.0	0.0	0.0	3.428295228172339	1.5730883648600757	0.0	
0.012977036474701841	0.0	0.0	1.0321969809332738	1.8034276306703774	0.0	1.3786602840103483	0.0	0.0	0.0	
0.0	0.0	0.0	0.0	1.7129359472676815	0.0	0.0	0.0	0.0	0.0	
0.0	0.0	0.0	0.0	0.0	0.0	2.3258736665165234	0.0	0.0	0.0	
0.0	0.0	0.0	0.41363183128371833	0.559052383009836	0.0	0.0	0.0	2.4426641864573977	0.0	
0.0	0.06874917912163411	0.0	0.27822766713914004	0.6836356990519211	0.012572387311859754	0.389915112431944	0.0	0.0	0.0017952002014734719	
0.0	0.0	0.0	0.0	0.0	0.0	0.0	0.0	0.0	4.061684067690475	
0.34061675594051777	0.0	7.190627058175336	0.0	0.0	0.0	0.0	0.0	0.3369276746948586	0.0	
0.0	0.0	0.0	0.0	3.043059988869388	0.4019635652968557	1.3895613106518105	0.0	0.0	0.27371061624992515	
0.8624711612595607	0.0	0.40406252351502286	1.574485590986719	0.1560693721260401	0.026289697514398018	0.0	0.0	0.0	0.0	
0.0	0.5558583881380414	0.0	0.0	0.0	0.0	0.0	1.799382448386552	0.0	0.5021340023215504	
1.6060613272676147	0.0	0.0	0.0	0.24913684925913726	0.0	0.0	1.085947464618439	0.3730206328216588	0.0	
0.0	0.0	0.0	0.0	0.0	1.8129811105751683	0.0	0.0	0.0	0.6611197935417585	
0.0	1.7311464871645028	0.0	0.0	0.0	0.0	2.5306319346770216	0.0	0.5550695331847331	0.0	
0.0	0.0	0.0	0.0	0.0	1.8752959012577908	0.18439347620853924	1.3953341135071164	0.0	0.0	
0.0	2.1639454632071864	0.0	0.0	1.6278240558841803	0.2671455642345573	0.0	0.0	1.3896755778114003	0.0	
0.0	0.0	4.067006608552279	0.4465219373326652	0.0	0.421259956001568	0.0	0.10902996562515407	0.9282744408894342	0.23352587032313665	
0.0	0.0	0.0	0.0	0.007498915679059609	0.0	0.0	0.0	2.14624063223986	0.0	
0.0	0.0	0.5341249990060649	0.0	0.0	0.8912980965226025	0.0	0.0	0.7786710557004393	0.0	
3.0073122418204217	0.0	0.0	0.0	0.0	0.0	0.0	4.403369309820372	0.0	0.0	
0.0	0.6250125833148233	0.0	0.22768033863784912	0.0	0.0	0.1386081343919758	0.0	0.0	0.18787405175418265	
1.7521795012041297	0.0	1.4722286383569347	0.44261570711144377	0.0	0.0	0.0	0.7013644545335632	1.2161432395276883	0.6843273574509318	
0.0	0.0	0.0	1.0204229959611226	0.0	0.0	0.0	3.4644305154591257	0.0	0.0	
0.0	1.2027569552946675	0.0	0.0	0.0	0.0	0.5029006812466366	0.0	1.9121460429440267	1.255716736179959	
0.0	2.083611205508035	0.0	0.1489811738532508	0.0	1.2956515477687955	0.26372520742219924	0.0	0.0	1.6092749984107337	
0.0	0.0	0.1063990077580027	2.286263197186278	0.0	0.0	0.0	1.720474553174065	0.0	0.0	
0.0	1.6738785446061961	0.0	0.3079649471276221	0.0	0.0	2.3297254389614483	0.0	0.0	0.0	
0.41819531920292374	0.0	0.5325668671337076	0.0	1.2008179934022634	0.0	0.0	0.7061467871939792	0.11828147739700182	0.34211419403145144	
0.3408064548548621	0.0	0.0	0.0	0.0	0.0	0.07903043552909236	0.0	0.0	2.249087833704095	
0.0	2.554068583918039	0.0	0.0	0.968439155818318	0.0	1.9996923057093334	3.4914522800519845	0.7163557126656144	0.0	
0.0	0.06161846569778996	0.0	0.6534042536517244	0.0	1.7882029575896765	0.24434756066956967	0.0	0.0	0.0	
0.0	3.5813962085611353	0.0	0.0	0.0	0.0	0.0	0.0	0.0	0.0	
1.9741650278543208	0.38022625005570165	0.0	0.0	1.863786300965852	0.0	0.20854934174133768	0.6029305702666788	2.8479522756796984	0.4379993997788481	
0.9044860325675821	0.8512088789426124	0.11573831767113774	0.008658533982860414	0.7905298012046237	0.872687159515207	0.259232430097907	0.049146941422891485	0.0	0.5084043408195279	
0.0	0.2830147871188327	0.0	1.3260794632015227	0.5506348279562786	0.7602784122753694	0.01108666080535742	0.0	0.005545655935714171	0.4642123763832967	
0.12366214051236919	0.0	0.0	0.0	0.0	0.004944325187349676	0.0	3.2094267360659616	1.6507599123532943	0.0	
0.09790262320588013	0.0	0.0	0.20859284632393238	0.7598520008591559	0.5780841463480351	0.0	0.0	0.0	0.20792114838880055	
1.21658945766598	0.0	0.0	0.0	0.0	1.360159194975241	1.7629384125036573	0.0	0.0	0.0	
0.33279132328913086	1.7772051273336489	3.612706152646326	0.8975915900600622	0.0	0.0	0.8421763743842761	0.0	0.0	0.0	
0.0	0.30959004606770457	3.7718946290539965	0.0	2.5190612239016246	0.0	0.0	5.624064110317381	1.5277408352021777	0.1963859822954284	
0.5535849169325155	0.0	0.0	0.0	0.044277177500217604	0.0	2.818957612192736	0.0	0.6181345465916949	0.0	
0.0	0.7663794903400445	0.5455907711692557	3.6983425255207427	1.5525486211976418	0.4765540317596776	0.0	0.0	0.0	0.5563467014519201	
0.40172190355290316	1.5960452614181972	0.0	0.0	1.0897546372269304	0.0	0.38917563311146836	0.0	0.0	1.3273059200222455	
0.0	0.0	0.0	0.0	0.0	0.0	0.0	2.653395418411027	0.751797560916922	0.0	
0.0	0.0	0.0	0.0	0.0	0.0	0.0	0.7433501298152528	1.2316106906659992	0.0	
0.0	0.04304465781017913	0.0	0.919245372900799	0.0	0.0	0.0	3.2497917966399212	0.0	0.0	
0.1325975709060059	2.0311418853759715	0.0	0.0	1.7086618458263985	1.5640092933590688	0.9818186404177379	0.0	0.0	0.21388950647885008	
0.0	0.0	0.0	0.0	0.0	0.0	0.0	0.0	2.486535716658401	0.0	
0.0	0.0	0.0	0.0	0.0	0.0	0.0	0.0	0.0	0.0	
0.0	0.0	0.0	0.018786774656276616	0.0	0.0	0.35972675894567735	0.0	2.054815644678534	0.15918323946589943	
0.0	0.0	0.0	0.0	4.490292485212759	0.0	0.0	0.0	0.0	0.26217412805112256	
0.06981102587676286	0.0	0.0	0.9647141645273352	0.0	0.0	3.8448279832010526	0.0	0.0	0.018091313472710063	
1.2206246926655882	0.0	0.0	0.6522829780622406	0.0	0.0	0.0	0.0	0.0	0.0	
2.276117957809757	0.0	0.0	0.4198785911974906	1.6167826255616986	0.0	0.0	1.6675831704317194	0.0	0.0	
2.4444343015232524	0.0	0.0	0.2454001243587333	0.0	2.06576219613641	0.3462556005625452	0.0	0.0	0.14303924037044655	
0.7689854851722859	0.0	0.5490736725523268	0.0	0.2381668135562768	0.0	0.892584826564695	0.0	0.0	0.27882963743136163	
0.0	0.0	0.0	1.4238400758689693	2.799609056187992	0.06239719158611684	1.8566216956894934	0.4718346654756683	0.4706152079258181	0.934715498355847	
0.0	0.0	2.2480313857041017	0.0	0.0	0.0	0.37624783103897064	1.0445287454978485	3.7077098313109995	0.470663650339229	
3.813899957476049	6.775979632481317E-4	0.0	0.0	0.0	0.0	0.0715765915055963	0.0	0.0	0.0	
0.0	0.6253982597157692	0.0	0.2263702523192476	0.0	0.0	0.0	0.5498354519972432	2.266297709605733	1.0897087492247148	
0.0	0.0	0.0	0.0	0.0	0.0	2.324370391047636	0.0	0.7139766245316272	0.41870298169619624	
0.166103886635278	0.0	0.0	0.0	0.0	3.2087458285386994	0.0	0.0	0.0	0.0	
1.137755814315829	0.0	2.955895248285441	0.8826453744752873	0.22687485952234204	0.0	0.0	0.07399417795734657	0.0	0.0	
0.0	0.0	0.0	0.0	0.0	0.0	2.2753711741717932	0.0	0.05615792837124886	2.3415886580731198	
2.07033688584805	0.0	0.48045846970563727	0.0	1.3537213966013202	0.0	0.0	0.0	0.35880055203507505	0.0	
0.0	0.4601422184997039	0.0	0.0	1.2899684290127917	1.1279648406164857	0.0	2.572646715517567	0.0	0.09440628521865997	
0.8378707769699677	0.07519598068621308	0.06940191838509205	2.851255831760715	1.536724121356331	0.0	0.4386352825700568	0.0	0.09527775808341901	0.0	
0.3839048131537893	0.16918409327328193	0.0	0.0	0.0	0.0	0.0	1.165257527137555	0.8731538964819439	0.1581724636792311	
0.0	0.0	0.0	0.0	0.35246757209462604	0.0	0.0	0.69196496815475	0.0	3.288803058328086	
0.0	0.0	0.0	0.0	1.070013257499166	0.0	0.0	0.9399159451485221	0.0	0.22224192463844805	
0.0	0.0	0.0	1.2911300067945015	3.778580579673621	0.0	0.9932075931963472	0.0	0.0	0.012588876223884361	
0.0	0.4028895340990035	0.0	0.05696775514799871	0.0	0.0	0.0	1.2398269208594188	0.0	0.0	
0.0	0.9020834134471716	0.17989365963762527	0.3238756464420236	0.4383299918990752	0.0	0.0	0.0	1.5291614362893777	0.0	
0.33567350611432517	1.6419916895049134	0.0	0.47500557328039167	0.5123888327078527	0.0688736975326486	0.2757878975681979	0.0	0.0	0.960781548635037	
0.0	0.0	0.04019641419852798	0.0	0.0	0.0	0.0	0.0	1.9635266742656627	0.0	
0.0	0.4167457653630035	0.0	0.0	2.2181612547301732	0.35782762732337153	0.7341386679380371	0.0	0.0	0.09471398656628288	
0.0	0.0	0.0	0.0	0.0	0.0	0.0	1.8276075868803772	0.0	1.0246385279404773	
2.5126066802803297	0.20481286149209812	0.8176279805888904	0.7173392286612853	4.510841872037624	0.0	1.3002874608227908	0.0	0.7720950036294933	0.23371438823761254	
0.6621590952835007	0.5353386695231481	1.2840339910209138	1.3267416575769833	0.246216514976818	0.0	0.0	0.6080406341605252	1.6208689194337422	0.0	
0.0	0.0	0.0	0.0	1.7463980639973247	0.0	0.0	0.0	0.0	0.0	
0.0	0.0	0.0	0.0	0.0	0.0	0.0	1.2932191552396353	2.1607349105730953	0.5681295218967762	
0.043612310304908024	0.0	0.0	0.0	0.0	0.0	0.2001341549031603	0.31422609285455416	0.4045599966970933	0.0	
1.8537479496678257	0.0	0.0	0.0	1.201845950357404	0.0	0.01556168707068175	1.61272905710734	0.0	0.5416837026536203	
0.12763583459126446	0.0	0.0	0.0	0.0	0.8870612782337279	0.0	3.351629612830455	0.0	0.0	
1.2260740023007781	0.0	0.0	0.20135349412227388	0.0	0.31470472767546775	0.0	0.0	0.3953695846334451	0.5673540818384876	
0.31239837225346706	0.07753197866273404	1.2088749780997223	0.08755755517262626	1.1079601042170224	0.0	0.0	1.4421649576392268	0.19594784833474618	0.0	
0.25452870254966065	0.0	1.6195195887128087	0.0	0.0	0.0	0.0	0.0	1.4184848286277192	2.500894899277908	
2.3793864174854997	0.0	0.0	1.4904120094105782	0.0	0.3912308561035243	1.4511320639528975	0.3071688524784308	0.7874542949516559	0.0	
0.0	0.0	0.6452767833940674	0.0	0.0	0.0	0.0	1.2162739560773763	0.0	0.0	
2.9872085889283473	0.06307405977974097	0.0	0.0	0.0	0.0	0.0	0.10215570196841106	0.0	1.3397827495762418	
0.0	0.0	0.0	0.0	1.7913680024774625	0.5265695198366116	0.0	0.0	0.0	0.0	
1.7107750480506985	0.0	0.0	0.0	0.0	0.0	0.2802596384756711	1.249097845978198	0.0	0.0	
0.0	0.11944724911436394	0.0	3.3396484487588576	0.3077959154985517	0.0	0.0	0.0	0.45038327473173984	0.0	
0.14862213603697577	1.4050405818176797	0.0	0.0	0.0	0.06388551477534524	0.01577495265400572	0.0	0.0	0.006511012653343448	
0.0	0.10783673961424552	0.0	0.0	0.0	0.0	2.9509821045517417	0.0	0.0	0.07958923411301512	
0.10939300081158668	2.856296641767294	0.5432874428055353	0.8064032702696848	0.0	0.0	0.0	0.0	0.0	0.9305413230902286	
0.0	0.0	0.0	0.0	0.25178668782046554	0.0	1.892265592421356	0.0	0.0	0.6299575899407315	
0.0	0.0	0.0	5.8397260426347986	1.986204433739437	0.0	0.20872634643771906	0.0	0.0	2.7272966597303743	
2.006487129899591	0.5090426300394046	0.0	2.2090477944423026	0.0	0.0	0.0	0.5277712267378861	0.0	0.8085486898609059	
0.0	0.3832757403426778	0.0	1.0278086588587598	0.0	0.0	1.1427604870023846	0.0	0.0	0.0	
0.0	0.0	0.0	2.322858689329443	0.0	0.0	0.0	0.0	0.0	0.0	
0.0	1.3681880269898306	0.0	0.0	0.0	0.0	0.0	0.0	0.0	0.1384326109015986	
0.0	0.511253933959582	1.4369790406216056	0.0	0.7609930753663345	0.8163745228785922	0.0	0.9396496164549697	0.0	0.0	
0.0	0.9198494806225914	0.0	0.0	0.3134980483142445	0.0	0.0	0.28491825777295166	0.0	0.12064013083141491	
0.0	0.0	0.7295301996085545	0.42174418817470155	0.9897100238175551	0.17045965601634014	0.0	0.0	0.0	0.35007353164339267	
0.0	0.0	0.0	0.0	0.0	1.5935801573696893	0.0	0.5830629832634289	0.0	1.5374856532615593	
0.0	0.0	0.04311793340209133	0.0	2.7353727571983106	0.0	0.0	0.0	0.0	0.0	
1.0489644569153567	0.49208108952535207	0.0	0.0	0.0	0.0	0.0	0.0	0.8076737058721108	0.5085628130997937	
2.4202979823561446	0.0	0.0	0.0	0.4983682100967806	0.0	0.0	0.0	0.0	1.576627791102455	
1.8881185597123458	0.0	0.0	0.2449342058691718	0.4239446942969516	0.0	0.0	0.0	0.0	0.0582389348467743	
2.037056836693665	0.0	1.094014712899818	0.0	0.6980988011259294	0.0	0.15502167207129453	0.6238708505672214	0.0	0.0	
0.0	0.0	0.014230217395062354	0.6578430827869969	3.6080941872877976	0.0	0.0	0.0	0.0	0.0	
0.0	0.0	0.0	1.9129942098359252	0.0	0.3186901531847692	0.006573622640611542	2.5019757206054187	0.0	0.0	
1.4441241087705292	0.8328710692741466	0.0	0.0	0.0	0.0	0.0	0.0	0.0	0.9199669626646017	
0.0	0.0	0.0	1.2460487689077628	2.615653094679049	0.0	0.0	0.0	0.0	0.0	
0.2847314806292119	0.07538694719164021	0.0	0.0	0.0	0.0	0.0	0.7236454504416605	0.0	0.0	
0.0	2.412454574374249	0.0	1.553029952908187	0.0	0.0	0.0	0.0	0.0	0.0	
0.14150128660288336	0.86742332518036	0.6208095244408537	0.1532730931867453	1.1454540513112763	0.0	0.8725132540460763	1.9798288139546751	0.33258809139039874	0.0	
0.05558951028189375	0.03202123851821329	0.0	0.0	1.6640971370059905	0.7812235436815763	1.267710296008199	1.5948980446210024	0.006151195827927436	0.0	
0.0	0.0	1.1123552220799986	0.0	0.0	0.0	0.0	0.0	0.0	0.23167141112916098	
0.0	0.0	0.0	1.3427428749306336	1.0444085619526948	0.0	1.1279202119265088	0.0	0.42822905192025507	1.7813947972488289	
0.0	1.7422581800893193	0.3071572034005389	0.46071727952451963	1.0895341439836757	0.0	0.36355719997697	0.0	0.0	0.6502246777077291	
0.0	0.0	0.028156799388540186	0.0	2.129791768541219	0.0	1.0658422338647648	0.0	0.0	0.4048938662140092	
0.0	2.2509671211428874	0.0	1.5721275876281011	0.2683831415314011	0.3556522040310287	0.16763125424561606	0.0	0.16417711093254705	3.096645422653554	
0.0	0.0	0.0	0.0	0.0	0.0	1.5533894400591342	0.0	0.0	0.18552789065733766	
1.435110705925217	1.5354877759740035	0.0	0.0	0.0	0.0	0.0	0.0	0.0	1.0763819937951336	
0.0	0.0	0.0	0.0	0.0	0.0	0.0	0.31941412132704694	0.0	3.0087434140938996	
0.0	0.0	0.0	1.0388026213660508	0.02668624532951764	0.9583721758183612	0.2768891237651362	0.2599809294951424	0.0	0.0	
2.2717355955171494	0.0	0.0	0.17192027748099797	0.0	0.5455750408086987	0.0	0.0	0.0	0.0	
0.0	0.16933581555878227	0.0	3.0075897481990124	0.15862264534255568	0.8217343430868326	0.0	1.1269140516502163	0.0	0.8175869402711352	
0.0	0.0	0.0	0.0	0.0	0.05242439851161372	0.0	0.956103067480743	0.4182183848502185	1.4507060500206177	
0.0	0.0	3.626180754119974	0.0	0.0	0.0	0.0	1.805090042256766	0.9959585759730738	0.8713684706258302	
1.8175887064913145	0.0	0.0	0.0	0.0	0.0	0.38284029805529335	0.0	0.0	0.0	
2.1542249253972616	0.0	0.12618292766430117	1.1990710085968523	1.3271994185424054	1.7817049563233334	1.171176850155999	0.0	0.0	0.0	
0.0	0.0	0.0	0.5799991352438814	0.0	0.3008682452843633	0.0	0.0	2.0581789134205373	0.0	
0.2439831869779622	1.9075280558212289	0.5799579185432548	0.0	0.0	0.0	0.0	0.0	0.024980810940742445	0.0	
0.0	0.7040767416989906	0.0	0.5950353810770748	0.0	1.8816385997456957	0.0	0.0	0.0	0.0	
0.0	1.3182491839471788	0.0	0.0	0.33294955682957017	1.2131667781097137	0.04010988105751967	0.11903707321782561	0.0	0.7079930140138881	
0.0	1.3868152697303797	0.0	1.0765132224335223	0.0	0.0	0.0	0.27981639518669393	0.0	0.3238210209318163	
0.0	1.733797401863142	0.0	0.0	0.0	0.0	0.0	0.22779254043263703	0.25509862310127346	0.0	
0.8878587062158887	0.0	2.257744294701325	0.9213167658690303	0.10786820349253987	0.4143340348398478	0.0	0.26249818748936	0.0	0.0	
0.0	0.7039759260957	0.0	0.13329657015781798	4.553334693305695	0.0	0.271800512973743	0.24728202095496382	0.0	0.24393496037891527	
0.0	0.0	0.18248893546335623	0.0	0.0	0.2962443220788991	0.0	0.8843661258913771	0.0	0.5861405289477292	
0.0	0.0	0.0	0.7912966144793	2.659098480724425	0.6438957780755279	0.0	0.0	0.0	0.0	
3.719513598392221	0.0	0.0	0.0	2.7225094750642986	0.0	0.3667779063996345	0.0	0.1864030209152403	0.0	
1.6022939166463614	0.0	0.0	0.0	0.0	0.0	0.0	0.9934271892923504	2.018528825436113	0.0	
0.4052262538542972	0.0	0.7205982536152193	0.0	0.0	1.4921598051615796	1.0764290216677497	0.0	0.0	0.0	
0.0	0.0	2.868210436539269	1.9279290649171001	0.0	0.0	0.0	0.5401660833336875	0.0	2.499238974902547	
0.0	0.7374066415525936	0.0	0.0	0.0	0.0	0.8503779188830006	0.7445098467656284	2.0106799619493785	1.093288096753021	
0.0	0.0	0.0	0.0	2.97141023053493	0.0	0.0	1.2958792944377597	0.0	0.0	
0.05250177553721623	0.3647211384838326	0.0	1.1811404473108784	0.0	0.0	2.58408301463852	0.0	0.0	0.0	
0.9231336849144265	0.0	0.0	0.0	0.0	0.9044721929818101	0.16273933245079691	0.0	0.0	0.0	
3.0648971421382045	0.0	0.0	0.0	1.4525515387547283	0.0	1.4266549392582322	0.0	0.0	0.0	
0.0	1.66340627976396	0.0	0.0	0.0	0.0	0.0	0.050952136741734405	0.3433406539445019	0.28286536075670066	
0.0	0.0	0.0	0.07128910740853853	0.0	0.0	1.8753894097721084	0.0	0.0	1.5222206132470897	
0.709173795532567	0.0	0.0	0.0	0.0	0.0	0.0	0.0	0.0	0.20669696747001629	
0.02813114257246961	0.38146793447718463	0.0	0.0	3.5302552318737646	0.0	0.8217205895621214	0.28217027597434474	1.064347901001756	1.180525251035276	
0.0	0.0	1.3719156600367322	0.0	0.9821971342655709	0.0	0.0	0.0	0.0	0.0	
0.0	0.1280756336196539	0.0	0.0	0.0	0.0	1.1689077219309758	0.0	0.0	0.513413459964314	
0.0	0.0	0.0	0.0	0.0	2.3665832228551116	0.0	0.0	0.0	1.5731911856645455	
0.0	0.0	0.20241693464448182	0.0	0.8224191214981663	0.0	0.8145313864378888	0.0	0.27567671952495126	1.0486912470293708	
0.0	0.0	0.0	0.0	0.0	0.0	0.0	0.0	3.9848515470926196	0.0	
0.34083683004999843	0.4854481385629227	0.0	0.0	1.7749438253838508	0.0	2.8869576737140106	0.0	2.3458124669903535	0.0	
0.0	0.0	0.0	0.0	0.0	0.0	4.767034977433968	0.0	0.0	0.0	
0.0	0.0	0.0	0.0	0.0	0.0	0.11382849567684884	1.329636534663551	1.339594061405244	0.14918136924131842	
0.0	0.0	0.0	0.0	0.0	0.0	0.0	3.2469099849774317	4.364187789056856	0.0	
0.0	0.9950805369005026	0.0	0.0	0.0	0.0	0.0	0.0	0.0	0.2619182530125984	
0.0	0.03792370107225454	0.0	0.0	0.5506969697376768	0.0	0.0	0.1256941664063756	0.0	0.0	
2.0319829174626505	0.0	0.3249689138004785	0.009896486679512024	0.45637428399704244	0.6083673655907688	1.6269849867599702	0.0	1.2759563580126259	0.0	
0.0	0.0	0.0	0.0	0.0	1.0178426305957988	0.6115375486586776	0.0	0.0	0.0	
0.0	0.0	0.0	0.21257964894739428	1.9799381851333742	0.5032745427877371	0.04157645345771787	0.09983125674991519	0.33056732085828	0.39317304397316716	
0.4668177392653992	0.0	0.0	0.0	0.0	1.0278189500621426	0.0	0.0	1.823279330255769	0.13273851715900856	
0.2277602317766394	0.0	0.5634917076528548	0.0	0.0	0.0	0.0	0.0	0.0	0.0	
0.0	0.625188142444277	0.0	0.0	0.0	0.0	0.6433863270928188	0.0	0.0	0.0	
0.0	0.0	3.6855744316185013	0.0	0.9661753437197081	0.0	0.0	0.0	0.0	0.0	
0.0	0.0	0.0	0.0	0.0	0.0	0.0	0.0	0.7570962926511071	1.431743398769994	
0.0	0.0	0.0	0.0	0.0	0.0	0.0	0.0	0.0	0.0	
0.0	0.0	0.0	0.0	0.0	0.0	1.084091322730369	0.0	2.2557674147691844	0.0	
1.6249837882220672	0.0	0.0	0.0	0.17431280705140825	0.0	0.0	2.0643375435377176	0.0	0.0	
0.0	0.28391363904919525	0.0	0.21957049654030628	1.14949690543624	0.9881495308431635	0.9459345670962058	0.051036150241288526	2.089653657593061	1.672437930631879	
0.0	0.0	0.0	0.0	0.0	0.0	2.344160451080411	0.0	0.0	0.0	
0.8810415453086943	0.0	0.0	0.0	0.0	0.0	0.0	0.0	0.0	1.1866751103107185	
0.4027737369807515	0.0	0.9389024814049967	0.0	0.0	0.0	1.0017722934155293	0.0	1.1056216205363907	0.0	
0.47398563551099204	0.5769959542683704	0.0	0.2409536813235501	0.0	0.0	0.4726375473979051	0.5778738726623014	0.0	0.624253660385158	
0.6056514348935244	0.0	0.22615986672735183	0.36735375896933004	0.0028161885787373834	0.0	0.03972023328049243	0.0	0.25986987287027374	0.3017838215323187	
0.0	0.0	0.0	0.0	0.0	2.8669159439094103	0.0	0.0	0.0	0.7830980932799794	
0.0	0.0	0.0	0.0	0.0	0.0	0.0	3.301056478937769	0.0	0.0	
1.5843154248805846	0.0	0.0	0.0	0.0	0.0	0.0	0.0	0.0	0.4487401695532551	
0.4611966812380197	0.0	4.102139099720077	0.0	0.10204442405406833	0.0	0.0	0.07553400052003827	0.0	0.0	
0.37474825520744287	0.5949412411966443	0.0	0.03357484768803107	1.8049855107823896	0.0	0.0	0.0	0.06959396157048328	0.5431073982445087	
0.0	0.738013226052776	0.0	1.8011452679465898	0.12060211557054855	0.9388094185877707	0.0	0.0	0.5968292190034674	0.0	
0.0	0.5518668545710127	0.0	0.2709318304601808	0.008752545575152081	0.0	0.0	0.08048797830475267	0.0	0.0	
0.3797069413361176	0.0	0.0	0.0	0.6855028430810914	0.0	0.0	0.0	0.0	0.2613298204840343	
0.0	0.0	2.363983780464077	0.0	0.0	0.0	0.0	1.7785579695500136	0.0	1.1370447217834425	
0.04909421652860116	0.0	0.009271057912730911	0.0	0.0	1.986135300393777	0.0	0.0	0.0	0.6094709169882454	
0.0	2.2288706015134903	4.197594552743474	2.4334274974473975	1.2818447497282017	1.4710390210610613	0.0	0.0	1.195617430255848	0.0	
0.0	3.0389306463617403	0.0	0.48795845683397837	0.7025725897391413	0.4353038567557321	2.4228332832811	0.0	0.0	0.0	
0.0	0.0	0.0	0.0	1.7062847857541241	0.0	0.0	1.846531326727746	0.0	0.0	
0.0	0.0	0.0	0.0	0.0	0.0	0.0	0.0	0.0	1.3809729763682024	
0.0	0.0	0.0	0.0	0.26250818000656106	0.0	0.0	0.0	0.0	1.114279304943935	
0.0	0.0	0.0	0.0	1.6793468777921752	0.0	0.0	2.463555817186109	0.0	0.0	
0.0	0.5374920557120242	0.0	0.0	0.0	0.14361050331474712	1.011665797228396	0.0	0.0	0.0	
0.0	0.5456861582019541	0.0	0.0	0.0	0.0	0.0	1.3912969079603177	0.0	0.0	
1.0644089115101414	0.0	0.0	0.0	0.4862778167031219	0.7262287561961133	0.0	0.0	0.0	0.2381135818323057	
0.0	0.0	0.0	0.051951288693579664	0.44310262349716445	0.0	0.0	0.0	0.0	2.9293274542125993	
0.0	0.8080409143913657	0.0	0.5513429821869855	0.0	2.253225107226641	0.0	0.0	0.0	0.0	
0.0	0.0	0.6847223925230765	2.4443545017386215	0.0	0.6479704426481347	0.0	0.3765130028232596	0.0	0.0	
0.0	0.0	0.0	0.0	0.0	0.0	0.0	0.8400424726949616	0.0	0.0	
0.0	0.0	1.8978069205974453	0.41876146159877015	1.120148002572342	1.5546901322889426	0.0	0.0	0.0	0.8876626826696159	
1.1108252267190213	0.0	2.892819463002899	0.0	0.0	0.0	0.0	0.0	1.2786241900706827	0.0	
0.0	2.421796688082268	0.0	0.04400415773206126	0.9499815801524342	0.0	0.0	1.7015333163721782	0.0	0.0016831582192543537	
0.0	0.0	0.0	0.0	0.0	1.8093515651863008	1.8493788153133979	1.5853058758216458	0.0	0.0	
0.6919099659412133	0.0	0.0	0.0	0.014572525504932685	0.0	1.5115061115445312	3.0315576159700206	1.5617927652107393	0.0	
3.026078162067573	0.4714961192449762	0.17751551173538352	0.0	1.6638269788361628	0.04563802530827955	0.0	0.4452320652345484	0.4791318828278042	0.14255607685544944	
0.0	0.0	0.0	0.0	6.341276376057033E-4	0.0	0.0	0.0	0.8387732279287048	0.7457463820658571	
0.0	0.0	0.0	0.0	0.0	1.4969625366779147	1.1381299043273454	0.0	0.0	0.0	
0.08496590152581207	0.0	0.0	0.7157559582768394	0.0	0.0	0.3369597393702738	0.7662699873608899	0.49992836357433923	0.46592419198963053	
0.0	0.0	0.0	0.0	1.9344805160986758	0.0	0.0	3.754202492222365	0.0	0.0	
0.0	0.0	0.0	0.0	1.7894225176738354	0.0	1.283485123879455	0.0	2.066382825416498	0.5314826940222381	
0.0	1.208051284938578	0.012546870793705207	0.0	0.0	0.0	1.1737318791842006	0.06441234010451008	0.2554526836330765	0.0	
0.0	1.2477764828117075	0.0	0.0	0.0	1.397380130393015	0.0	0.0	0.0	0.0	
0.0	0.055161072151592196	0.0	0.08862517055072348	0.0	0.0	0.0	0.0	0.0	0.7494235533141058	
1.0115929261156507	0.8392681009233426	0.0	0.9171260596230539	0.0	0.0	2.0082237333170263	0.0	0.0	0.0	
0.7604274702265004	0.0	0.0	0.0	0.0	0.0	1.0427767157775691	0.0	2.884428088516462	0.02079356813596911	
0.0	0.0	0.0	1.5014918003530766	0.7916007860260041	0.16069585820770232	0.0	1.3994744734270603	0.0	0.0	
0.0	0.0	0.0	0.0	1.732164444166934	0.0	0.0	0.0	0.0	0.0	
0.0	0.8696496326499711	0.0	0.615818349023757	0.8556444528219975	1.7912109547879544	0.0	0.0	0.0	0.05777639871067322	
0.0	0.0	0.0	0.0	0.0	2.2226012885278585	0.0	0.0	0.0	0.0	
0.0	0.0	0.9758955327323191	0.0	0.558442555643893	0.205614951290574	0.0	0.0	0.6717774876188919	0.4939581507649475	
0.0	0.8314673793083638	0.0	0.0	1.0064031048290882	1.9432414477891475	0.0	0.0	0.0	0.0	
0.0	1.223232279149632	0.0	0.662558784302851	0.0	0.0	0.8367773526773402	0.0	0.0	0.0	
0.7196410088798928	1.2142974746533313	0.0	0.0	0.0	0.0	0.8732510594047291	0.002189079296091167	0.3885451404986249	0.0	
0.0	0.5964333697928261	0.5234093983549627	0.40331240912217725	0.8108970112579694	0.0	0.9995032933233341	1.1564372076247955	0.2488488497649029	0.0	
0.0	0.0	0.0	0.18178243907338137	0.0	0.0	0.01048757750017467	1.3415724346729996	0.0	0.16028062774116936	
0.0	0.0	0.0	0.6538318040274635	0.0	0.0	0.0	0.0	0.0	0.5163823233903868	
2.61317094010373	0.0	0.0	0.0	0.0	0.531255655944132	0.0	0.17587951631747586	0.0	0.0	
0.0	0.0	0.39628375257761067	1.0720124954582568	0.0	0.892091056096964	0.0	0.0	0.0	0.42908585988301395	
0.062041215098189245	1.0339642459491158	1.3937361516461615	0.5986265942876104	0.0	0.0	0.0	1.455969809433347	0.2692355318839636	0.0	
1.565017993632229	0.7035773471542808	0.0	0.0	0.0	0.0	0.0	0.6693929709718875	0.0	0.0	
0.06227857385383788	0.7004415875733544	0.06107312646600801	2.841740260616618	0.14079167908573048	0.0987749131422764	0.0	0.0	0.0	0.0	
0.0	0.22722456843684236	0.0	4.087983556306518	0.0	0.8746330165636123	0.0	0.0	0.0	0.9099125831388435	
0.0	0.0	0.0	0.6307501742967823	0.0	0.0	0.0	0.1286243693805631	0.0	1.0281595908679413	
0.0	0.0	0.0	1.3897151046705587	0.0	0.0	0.0	0.5886227152425404	0.0	0.0	
0.4169462154724784	0.0	0.4807636799342713	0.0	0.0	0.0	0.0	0.0	0.0	0.0	
0.0	0.0	0.0	0.0	0.0	0.0	1.3056684171883397	0.5515057495748933	1.5915200581191713	0.0	
0.0	0.0	1.1298188060013077	0.0	0.4928401159621456	0.0	0.0	0.705790267094849	0.0	0.0	
0.0	0.0	0.0	0.0	0.0	0.0	0.0	1.0751754737288648	0.0	0.0	
0.5259525983497435	0.006178085110810895	0.0	1.7353679657565455	0.0	0.08928247193091432	1.9678496730147796	0.5814602985683863	0.023578930937920857	0.2669650059492303	
0.0	0.19694493596539148	0.0	2.398022905784754	0.0	0.0	0.0	0.0	0.0	0.0	
0.0	0.7768521604972649	0.0	0.0	0.0	1.484595967914898	0.0	0.06707930740308027	0.0	0.22444765671819986	
0.0	0.0	2.9147830494221187	0.0	0.0	0.0	1.1766101225716157	0.03367150693042119	2.8274833294975608	0.0	
0.0	1.4761547746913493	0.0	0.0	0.7328279548756981	0.1632538751426187	0.0	0.0	0.0	0.44078428882033194	
1.4457802578019785	2.3225254802193684	0.0	1.2092000074079958	0.0	0.0	2.040581792314677	0.0	0.0	1.8293204536419454	
2.0537834952541685	0.0	0.0	0.0	1.1945020710384981	0.0	1.196077429068824	0.0	1.2404018859743886	0.0	
0.0	0.791714997460816	0.0	0.0	0.0	0.0	0.0	0.0	0.0	0.0	
0.4829430956607349	0.0	0.6155503466900966	0.0	0.0	1.165209103084324	0.0	0.0	0.0	0.4282139953453949	
2.58055273927525	0.0	0.0	0.0	0.0	1.343274883703945	0.0	0.0	0.44976895811128514	0.0	
0.0	0.0	0.0	0.0	0.0	0.0	1.4472850964066482	0.0	0.0	0.0	
0.0	0.0	1.5644627775803797	0.0	0.0	0.0	0.8296268852037365	0.0	0.33901794408265995	0.39226303820990105	
0.0	0.0	0.0	0.0	0.0	0.0	0.9144008244628364	0.0	2.448788649412803	0.0	
0.0	0.0	0.0	0.0	1.258747519522749	0.0	0.0	2.4522040489731856	0.0	0.0	
0.0	0.0	0.0	0.06684848347872492	1.5283013395996314	0.0	0.0	0.0	0.0	0.2700917823201844	
0.0	0.0	0.0	1.7328732388787054	0.0	0.0	0.0	0.0	0.0	1.0869182145945624	
0.4804612360202375	0.0	0.0	0.0	0.0	0.12937860388074193	0.3118502068425919	0.647994011908468	3.013812595302472	1.6964235248160144	
0.32935901293953984	2.3922526727476017	0.0	0.0	0.0	0.4970971492891394	0.0	0.0	0.0	0.0	
0.0	1.0112919204644075	0.0	0.0	1.4470110944135761	2.8133682748738407	1.1106409500108154	0.0	0.0	0.0	
0.0	0.0	0.0	0.0	0.0	1.0509986142515277	0.26423808774687274	2.474758929150275	0.2801484238092661	0.0	
0.0	0.0	0.0	0.0	0.9227488689973146	2.0768455636396874	0.0	0.0	0.0	2.9685004212190047	
0.0	0.0	1.444981410871914	0.0	1.094772238203367	0.0	0.0	2.3513028852811715	0.0	0.0	
0.0	0.0	0.11935693028955173	0.6268914503112618	0.0	1.1764374284667554	1.276803973002602	0.0	0.250584276223546	0.0	
0.0	0.0	0.0	0.0	0.0	0.0	1.0734226520702208	3.735463179559277	0.0	2.259037989435928	
0.0	0.0	0.0	0.0	0.0	0.0	0.0	3.6189172464084733	0.0	0.0	
2.6493597839156706	0.9639034876841045	0.0	0.0	1.2923790696183133	0.5634633407346273	0.6250489744551831	0.00664302122575898	0.3941946168774365	0.0	
0.0	0.0	0.0	0.0	0.0	0.0	0.0	3.2432563269829084	0.0	0.0	
0.0	0.0	0.0	0.0	0.0	0.0	0.0	0.8581063799173622	1.5441369937103357	0.0	
0.0	0.772140993856005	0.0	0.0	2.43084672373307	0.0	0.6430138132313711	2.3206338407159186	0.0	0.0	
0.0	0.0	0.0	0.0	2.8963952404143027	0.0	0.0	0.0	0.0	0.0	
0.0	0.11962343768864021	0.0	0.0	3.403638214133396	0.0	0.0	0.0	0.0	0.0	
1.7204496495547656	0.0	0.0	0.0	0.0	0.6626039628073639	0.0	0.3235325820552469	0.9921846354020716	0.0	
6.791697516236704	0.0	0.0	0.0	0.0	0.0	0.0	0.0	0.0	0.0	
0.0	0.0	0.0	0.0	1.045091346385213	0.5108168091559705	0.0	0.2852493670559445	0.0	0.24372147642306644	
0.0	0.5517729461608096	0.0	0.0	2.564796284985432	0.0	1.3680431336522312	0.0	1.8297605400273609	0.11993716533815296	
1.633998446960577	0.0535380572753774	0.9090259329569961	0.0	0.1349867899759608	0.0	0.6909385108718439	2.4893679402368125	0.0	0.0	
0.0	0.0	0.0	0.0	1.5927445219686727	0.0	0.0	0.0	0.0	2.1862659396185196	
0.0	2.365898104175976	0.0	0.0	0.0	0.0	0.0	0.0	0.0	0.0	
0.6183411747659043	0.7826143844488974	0.4635459960780774	0.5191403021608325	0.5445270358536086	0.06899008152315661	0.0	0.7889348421477976	0.8566047381742796	0.0	
0.0	0.8423402605791646	0.0	0.0	0.5713493605783745	0.0	0.0	0.0	0.0	0.0	
0.0	0.0	0.0	0.0	1.3111871986091883	0.0	0.0	0.871361233413527	0.06854413452439853	0.0	
0.0	0.0	0.0	0.0	1.126507776169027	0.0	0.0	0.0	0.0	0.0	
0.45474273464733145	0.0	0.0	0.0	0.0	0.0	0.0	1.4088153283204237	2.5567293738927352	0.0	
0.0	0.20723966700974739	0.21418638799947315	0.0	0.0	0.21422395043056047	0.0	5.28663627755918	0.0	0.38785706829125444	
0.8877279049658926	0.0	0.08747613260088505	0.0	0.0	0.0	0.0	1.867716400968518	1.8528351532257308	0.4510280508644583	
0.0	0.0	0.0	0.0	0.0	0.6498345469051947	0.7428078364283435	1.1943661569507693	0.0	0.0	
1.8497998856712927	0.0	0.0	0.0	0.7599770250735313	0.3696131946472171	0.12668349015732472	0.0	0.0	0.0	
0.0	0.0	0.0	0.0	0.0	0.022359264204982333	0.0	0.5116044792504968	1.5753234166047492	0.43679147054930517	
0.0	0.9191640978483961	0.0	1.037594745460248	0.0	0.0	0.0	0.0	0.4855345966995723	0.0	
2.99446872765163	0.0	0.0	0.0	0.0	0.0	0.0	0.10651983488547333	0.0	0.0	
0.0	0.0	0.0	0.0	0.0	0.0	0.0	0.0	0.0	0.0	
0.0	0.0	2.7820576665059664	0.0	0.0	0.0	0.0	1.0309379977573239	5.438333031030844	0.2239922126335535	
0.0	0.19486786231979134	0.0	0.0	0.0	0.0	0.16504804802439452	0.0	0.0	1.2641506120770747	
0.0	0.7502520652714116	0.0	1.6272507434128538	2.2178649169223688	0.7326688971215318	0.3273088420375441	0.0	0.23440811121257368	0.0	
0.4531816780506067	0.0	0.0	0.0	0.0	3.051215621872479	0.34873025944369135	0.18892237344495297	2.321860113224005	0.8469291758773176	
0.7770463338816089	0.0	0.0	0.0	0.0	0.0	0.0	1.5452679358020718	0.9268890236682223	0.1696263765165219	
0.0	0.0	0.0	0.0	0.0	0.0	0.0	0.0	0.0	0.0	
1.5354333075505158	0.0	0.0	0.0	0.0	0.0	0.0	0.8199278849338636	0.0	0.0	
1.684944139753339	0.0	0.10162351763446265	0.8946482007134238	2.0047446386350734	0.0	0.0	0.0	0.0	0.11817576083871047	
1.2448606240689781	0.0	0.0	0.0	0.0	0.0	0.0	0.7880253535199109	0.0	0.0	
0.4232710947380195	0.0	0.07966049023247504	0.212206717007866	0.0	0.0	0.0	2.804031467283541	0.0	0.0	
0.0	0.16327598153389677	0.0	0.0	0.0	0.0	0.0	0.0	0.0	0.7997078343302304	
1.9238440416833211	0.0	0.0	2.3959473450513777	0.0	0.0	0.28473666747956317	0.1801195776396035	0.0	0.0	
0.0	0.0	2.1209513519100036	1.9705223859135361	0.0	0.0	0.0	0.0	3.1131190619344826	1.1554436955049339	
0.0	0.0	0.0	2.548165739606604	0.8791428725281085	0.0	0.0	0.0	0.9090189745503686	0.8840674193999216	
0.0	1.1121769732485651	0.0	0.0	0.0	0.0	0.0	0.0	0.20285348196210704	0.0	
0.0	9.756151632509018E-4	0.0	1.0739416365488907	0.1610523196750922	0.0	0.03908480329069554	1.9050173039460887	0.0	1.0080385256366795	
0.0	0.0	0.0	1.2381900205342493	0.0	0.0	0.0	0.0	0.0	0.14023255531988407	
2.6012090603812714	0.0	0.0	0.0	0.0	0.0	0.0	0.22996898384844305	0.0	0.0	
0.9898571142915438	0.0	0.0	0.0	0.0	0.0	0.44693430330471623	0.0	1.6830821956737796	0.0	
0.0	0.0	0.05289031785661141	0.008325517447135	0.0	0.0	0.07276636423953972	2.0628599135961734	0.0	0.20953405415757417	
0.0	0.0	0.0	0.0	3.132257303670154	0.0	0.0	2.6467842169203677	0.0	0.0	
0.0	0.11641081585511262	0.0	0.0	0.33358137407110583	1.9366739317717625	1.8922175293749528	0.07372076209700833	0.0	1.129800933123976	
0.0	0.4577350235941475	0.0	0.0	0.0	0.3185051225595277	0.0	0.0	1.2597740263152584	0.7405255650650626	
0.0	0.0	0.0	0.0	0.0	0.5644135382916963	0.0	0.36070763087928676	0.0	0.0	
0.0	0.4738445350227421	0.0	0.853090838106222	1.6879351840479866	0.0	0.35273802749132127	1.575315000590903	0.0	0.0	
2.660050702714505	0.0	0.4759365106043902	0.0	2.86338194173446	0.12852941358422576	0.6225048269698714	0.0	0.0	0.0	
0.0	0.9887364947590659	0.0	0.0	0.4337549141718932	0.0	1.8411297580142219	0.37763294974305295	0.031657885608091615	0.971999437604678	
0.0	0.5554068730047882	2.373297647313451	0.32615099454210755	0.0	0.0	1.0229191859443585	0.0	0.0	0.0	
0.0	1.4736891870913151	0.0	0.38797217376322474	0.0	0.5388717562832356	0.0	0.3911218333819243	0.0	0.1443490296057554	
0.0	0.3640427393388145	0.0	0.0	0.04209397560379372	0.0	0.017287702636834674	0.6232631382054656	0.0	0.09843964782073192	
0.347869806807677	0.0	0.0	1.564932289234677	0.0	0.0	0.0	0.3044407927097138	0.0	0.021774273139839838	
0.3222306198092835	0.0	0.0	0.0	1.822123715263123	0.0	0.0	2.146841776951382	2.030821097871565	1.0217819694221055	
0.0	0.0	0.3411897747842981	0.0	1.3669753040989168	0.0	0.0	0.0	0.0	0.0	
0.0	0.0	0.0	0.0	0.5885345768622371	0.0	0.0	0.0	0.6805496027346165	0.4133703206025608	
0.0	0.0	0.019497300709335544	0.3774491933351503	1.7007122809856208	0.12835249592480963	1.1625815934579313	0.0	0.44166252860283206	0.20568878303999294	
0.0	0.0	0.0	0.0	1.3896093429696315	0.0	0.0	0.0	0.0	0.0	
0.0	0.953449995814735	0.0	0.0	0.0	2.1860739457607874	0.0	0.07343094791116189	0.0015693961650726992	0.0	
0.0	0.0	0.0	0.1460090829162971	0.0	1.7991639976822755	1.8067230508372998	0.0	1.0013050398711094	0.0	
0.0	0.0	0.0	0.0	0.0	0.0	1.0226751470635187	0.0	0.0	1.5573984529964329	
0.0	0.0	0.0	0.0	0.0	0.9045960657326424	0.0	0.0	1.8570980239550392	0.0	
0.0	0.0	0.0	0.0	3.010386597814025	0.0	0.0	0.0	0.0	0.1484654713523727	
0.0	0.0	0.2784505518682266	0.0	0.0	0.0	0.0	1.131772013078156	0.0	0.0	
0.8483098400031804	0.0	0.0	0.0	0.7086302116691844	0.0	1.1893082008170244	0.0	0.0	0.0	
0.0	0.0	0.0	0.0	0.0	0.0	0.0	4.065199241203632	2.403323338941982	0.14161007692845676	
0.0	0.5772092977902137	0.0	0.0	0.6449644947675384	0.0	1.7098238399191097	0.0	0.0	0.0	
0.2836512922871416	0.0	0.0	1.6741234031107604	0.0	0.0	0.0	0.0	0.0	0.0	
0.0	0.0	0.0	0.0	0.923815306145726	0.0	0.0	0.0	0.0	0.0	
0.0	0.17483688761733868	0.0	0.0	0.0	0.0	1.6345158536077926	0.0	0.528505380619728	3.361224283368266	
0.014512772223829948	1.5712937766710573	0.0	0.0	0.0	0.0	0.0	0.0	0.0	0.0	
0.0	1.0571091250914155	0.0	0.0	0.0	0.2081474458826715	0.0	0.0	0.0	0.06946346331787487	
0.0	0.0	0.0	0.0	0.5761919289415521	1.1507946432598672	0.0	2.439761338737216	0.0	0.0	
1.0784128568770392	3.9889415475263177	0.0	0.0	2.6028454981770146	0.0	1.6877645911600938	0.0	1.2626798804486332	0.0	
0.0	0.0	0.6593739103165847	0.0	0.0	0.0	0.0	0.009043650515967956	0.4590411206484338	0.0	
0.0	0.0	0.0	0.36120850342072075	1.119622913012375	2.819902309778181	0.0	0.0	2.0275599634210186	0.0	
1.935347305490769	0.0	0.0	0.0	0.0	0.0	0.0	0.38722491819094657	0.0	0.0	
0.0	0.0	0.0	0.0	0.0	2.7890334502310883	0.0	0.0	0.0	0.0	
1.834268919988403	1.4610320109271342	1.1020095036569257	0.0	0.0	0.0	0.0	0.45215492212255665	0.045223695895837655	0.0	
0.2549921061226412	0.0	2.419401094562371	0.11473873459606244	0.0	1.244676524274054	0.0	0.0	0.0	0.0	
0.618948464689337	0.0	0.0	2.0682052718584654	0.2963584217519164	0.0	0.20549774294274314	0.03783713786934343	0.0	0.11371768739835664	
0.0	0.0	1.3851512667588184	0.0	0.0	0.0	0.0	0.0	0.0	0.0	
0.0	0.0	0.0	0.0	1.9482045926112486	0.0	0.0	0.0	0.0	0.0	
0.06087929379545128	0.0	0.0020346504370450207	0.1374483395463087	0.6797380220041818	0.0	0.0	1.425725355242219	0.5738194029046297	0.02386948134199645	
2.5881856583511995	0.03491378911613788	0.0	0.0	0.28520461776256756	0.0	0.0	3.177343720345869	0.0	0.6024705088966293	
0.0	0.0	0.0	0.37827781141698297	0.0	0.0	0.0	3.6862001621514096	0.0	0.0	
0.0	0.0	1.066656187542185	0.0	0.0	0.0	0.0	0.0	0.0	0.0	
0.0	0.0	0.0	0.0	1.6052626807273103	0.0	0.0	2.437694553359024	0.0	0.0	
0.0	0.0	0.0	0.0	0.3801802249566115	0.0	0.2697692808154765	2.2397877172579133	0.0	0.0	
0.0	0.0	0.0	0.0	0.0	0.0	0.0	0.04195931086940347	2.6379538058372938	0.0	
0.0	1.2435342442487665	0.0	0.800979394811899	0.5536413229213012	0.0	0.0	1.5279267116952153	0.0	0.0	
0.0	0.42927522292244663	0.0	0.0	2.413533728054371	0.0	0.0	1.5833551454819428	0.7278293212452864	0.2260480003687446	
0.5932959406958248	0.3736771070741165	0.16223386217931376	0.6664309163373573	1.166308319414579	0.0	0.0	1.8879340148755734	0.0	0.0	
0.5467761790388218	0.3942962471865599	0.002292042454084785	0.003134664608597643	0.0	0.8860763847327882	0.0	0.0	0.005235434055820042	0.18339459888975068	
0.0	0.0	0.0	0.0	0.9480806767374297	0.0	1.0371220416669387	0.0	0.0	0.0	
1.1644829897214939	0.0	0.0	0.0	3.9651064552966124	0.4044118417232794	1.9585801147631432	0.0	1.4672673107427614	0.5877761858489408	
0.0	1.5229401496613513	0.0	0.0	0.0	0.0	0.0	0.0	0.0	1.7200868364325554	
0.0	0.20547587487288957	0.2665111299548468	0.0	0.0	1.2555314149328556	0.0	0.0	0.0	0.0	
0.0	0.0	0.0	0.0	0.0	0.0	0.0	0.0	0.0	2.2027923099300106	
0.7402875956666741	0.0	0.0	0.0	0.0	0.0	0.0	3.5388590323590043	0.0	0.0	
3.4384627277727993	0.0	0.0	0.0	0.0	0.0	0.9421472431384162	0.0	0.0	0.0	
1.306516678082148	0.0	0.0	0.0	0.20308624877075304	1.3680848454145529	0.0	0.0	0.5576331761169255	0.0	
0.0	0.0	0.0	0.0	2.546341034713814	0.0	0.0	0.0	0.0	0.0	
0.0	1.7068669352913275	0.0	0.0	0.0	0.0	0.8547149077458056	0.0	3.940223157396062	0.46403570561281765	
0.8290682489145335	0.0	0.0	0.31933314693325154	0.5662119162990426	0.6792797709747206	0.0	0.0	0.0	0.0	
2.006959154062224	1.8241642839885401	0.0	0.0	0.0	1.2432142725228346	0.32692254589921316	0.5334803719293337	0.0	2.7038696050101882	
0.21261080163630747	0.0	0.0	0.0	1.069891562771442	0.05176366151008076	0.435595563614679	2.578939529549159	0.0	1.5998456361662536	
0.0	1.5018654408553571	0.0	0.0	0.3801579950652548	0.4679621932369974	0.0	0.0	0.0	0.0	
0.0	0.0	0.876247855094377	0.5143186599780794	0.3834337851721334	0.7777868099486592	3.258992486554552	0.0	0.0	0.0	
0.0	0.8685234657711262	0.0	0.28453674690514835	0.0	0.0	1.6920942546881501	1.2988305136850955	0.625407574282355	0.0	
0.0	0.0	0.0	0.0	0.0	0.45036053584218794	0.0	0.46553086073177524	0.0	0.0	
0.0	0.0	0.0	0.17064652678116138	0.0	1.2384098512772885	0.8398848530468376	0.0	1.0384940589609721	0.0	
0.34423468801296464	2.7206946005911536	0.9621666604694321	0.06919894903444114	1.7109956607863748	0.0	0.0	0.21363290093663417	0.0	0.4170984373498595	
0.6590768818942538	0.0	0.0	0.0	0.0	0.0	2.1857046406545897	0.0	0.9482132282235718	0.0	
0.884278861763314	0.0	0.0	0.49608978228126066	0.0	0.6918774977474427	0.0	0.0	0.0	0.6711082351261388	
0.0	0.0	0.0	4.555227449651044	0.0	0.0	0.0	0.0	0.0	0.0	
0.0	2.72843485248885	0.0	0.0	0.0	0.0	0.0	0.7736499854586005	0.0	1.1055693658694568	
0.0	0.0	2.961807192778699	0.0	0.0	0.6922429175893862	1.3452628801495723	0.0	0.0	0.0	
0.0	0.0	0.0	0.18613672877148682	1.1094833605067056	1.1358004888050117	0.0	0.0	0.3754529095715373	0.09039282259812922	
0.9126482747432345	0.0	0.8093732346407791	2.183572094746961	0.0	0.0	0.0	0.0	2.7425459915444947	0.0	
0.0	0.9780598828608021	0.0	0.0	0.0	0.0	0.0	0.0	0.0	0.0	
0.0	0.21382014027921395	0.0	0.0	0.0	0.0	0.0	1.454988693715275	1.3820364263068037	0.3776935932713453	
1.5906783353380198	0.0	0.0	0.0	0.0	0.0	0.0	3.046159955465461	0.6092212129515663	0.0	
0.0	0.058232760412168114	1.0676395200878988	0.016359173686538483	3.1905979909109594	0.0	0.0	1.276361006274201	0.06219553843233307	0.3377867305703537	
2.9224302354198	0.0	0.0	1.7287519448680488	0.0	0.0	0.0	0.0	0.0	0.0	
0.4574639622494001	0.5076887074181956	0.023853589994261303	0.00850822891724608	0.0	0.0	0.0	2.3282774687965397	0.08530906534050628	0.0	
0.35537542425642604	0.0	0.691551496921814	0.0	0.0	0.0	2.485211657515182	0.0	0.0	0.0	
0.0	0.0	0.0	0.0	0.8011371700336606	0.18968980073485897	0.0	0.0	0.0	0.0	
0.0	0.0	0.0	0.24662067546210642	0.0	0.7324905459324629	0.0	2.359432888300416	0.0	0.015289379852844853	
0.4638442626247543	0.0	2.7443754788532284	0.0	0.0	0.0	0.0	0.016472753448598325	1.5363877318660966	0.3318670564479775	
0.0	0.0	0.0	0.0	0.0	0.0	0.0	0.0	0.0	2.1972209092409614	
0.0	0.0	0.0	0.0	0.2297539565358493	0.0	0.0	1.3334996999478332	0.0	0.0	
0.0	0.0	0.0	0.0	3.1810910595309956	0.0	0.0	2.6502258117389577	0.5755273328359399	0.0	
0.6885548806476551	0.0	0.0	0.0	1.381160692558987	0.0	0.0	0.0	0.0	0.0	
0.3059283867084671	1.4942457535290306	0.0	0.2863655887932083	0.0	0.0	0.0	0.6600748598908638	0.0	1.4231809905340387	
0.0	0.0	0.0	0.0	0.0	0.0	0.0	1.559543605280823	0.0	0.0	
0.0	0.0	0.7584008312410193	0.0	0.0	0.0	0.0	0.0	0.585667763438154	0.227261019710156	
0.0	0.0	0.0	2.777948895303265	0.0	1.11109296682644	0.0	0.0	0.0	0.0	
0.0	0.0	1.5428969453339407	0.0	1.309626277032245	2.791294256955191	0.0	0.0	0.0	0.0	
0.0	0.7454407087186514	0.0	0.0	0.29178155656891563	0.5772322694463188	0.0	0.6121277729962195	0.0	0.1942830237295809	
0.0	0.0	0.0	0.0	0.0	0.0	0.0	0.0	1.2688163273351691	0.0	
0.0	0.0	1.2474096724915926	0.0	0.0	0.0	0.3651323886196452	0.7365207783616936	0.6541118512335491	0.8814044074551918	
0.0	0.0	0.0	0.0	0.1354508585582628	0.0	0.0	0.05742962631306719	0.2912285458280766	1.7517785229178133	
0.0	0.0	0.0	0.0	0.0	0.0	0.0	2.73091593477732	0.0	0.0	
0.0	0.3319137585619055	0.0	1.3570444731015872	0.9055515003314298	0.3648828018368439	0.6168675313096125	0.0	0.0	0.0	
0.0	0.0	2.4623699091861733	0.0	0.2332597955606528	0.0	0.0	0.11361848857228748	0.4088709383882553	0.7122794974040333	
0.2394548341587018	0.0	0.39896896631145523	0.2425961766151476	0.04733115624971949	0.0	1.7409604273353183	0.9323197359500159	0.9340635366403367	0.7507129082218097	
0.0	1.2195406252877246	0.0	0.0	0.0	0.0	2.566883356105367	2.307590162732651	0.0	0.0	
0.0	0.0	0.8217485134456237	3.7139929806566774	0.0	0.035937007071898674	0.2908581114442534	0.0	0.0	0.0	
0.0	0.6948615765155008	0.0	0.0	0.0	0.0	0.0	3.2642092659017132	0.0	1.226465112913308	
2.3164954350859857	2.0438535138151805	0.0	0.0	0.0	1.4529000167263966	1.5783781315067589	0.0	0.0	0.0	
0.0	0.0	0.0	0.0	3.859299843453979	0.1710636925014229	0.0	0.0	0.0	0.7449503718689068	
0.0	0.5332028834918965	0.0	0.0	0.0	0.0	0.0	0.0	0.0	0.07728577657758892	
0.894688685346149	0.0	0.0	0.0	1.2694064141190826	0.0	0.0	0.0	0.0	0.0	
0.0	0.5839338308999538	0.22333307320317897	0.0	0.0	0.0	0.002949592606445572	1.278927956650017	1.3875925616952702	0.0	
0.0	0.0	0.0	0.0	0.0	0.0	0.0	2.0780783996965946	0.006256652041228973	0.0	
0.9327341842290199	0.0	0.0	0.0	0.0	0.0	0.0	0.43082775762956627	0.0	0.0	
0.4307128115066769	0.0	1.6884767047549492	0.0	0.0	0.0	0.0	0.0	0.34400745240345143	0.0	
0.004406959859607431	0.06480432855664385	0.7866362077628192	0.0	0.0	0.0	1.3612129130026225	0.2833957499056503	0.0	0.0	
0.0	0.8794161842392791	0.2840410258686986	0.0	0.0	0.15280901067708172	0.0	0.6629534955002684	0.0	0.0	
0.0	0.0	0.0	0.0	0.0	0.0	1.660203922683625	0.790272001382378	0.0	0.08974298869561526	
0.0	0.0	0.0	0.0	1.3003681571975523	0.0	0.0	3.1278867978692957	0.016256040273416608	0.0	
0.0	0.0	0.9596932184062049	0.0	2.329251264399377	0.0	0.0	0.0	0.0	0.13020734069608814	
0.0	0.3087382652317908	0.05248962302801379	1.6144281015005564	0.0	0.7751270799879696	0.0	0.0	0.0	0.026997236726241266	
0.04735080152044799	1.842696869557194	0.07921604847186464	1.7437415508135334	0.3005716252843033	1.0418662806679093	2.019005326897499	0.8382073831175254	0.0	1.773512539757864	
0.4673620461421842	0.0	0.0	1.7326943374263206	0.0	0.0	0.585497267945275	0.19890265105227634	1.3760734251502946	0.0	
2.15370765143701	0.0	0.0	0.0	0.0	0.0	0.0	0.0	0.0	0.5849726534534799	
0.0	0.0	0.6700536849135893	0.0	0.0	0.0	0.2289566278420347	1.7769527350514853	0.0	0.2840452105265341	
0.0	0.9491325790772303	0.0	0.0	0.7925080481861083	0.0	0.0	0.0	0.0	0.0	
0.0	0.5793902557596524	0.3538216799988508	0.122475942529097	0.0	0.0	0.0	1.7717090067063666	0.0	0.016120124529020213	
0.0	0.0	0.0	0.0	0.0	0.0	0.0	0.4835101130910151	0.0	1.8749827696229937	
0.0	0.0	0.0	0.0	0.0	0.6567721330017199	0.0	0.0	0.0	0.0	
0.0	0.0	2.3225134503960763	0.0	0.0	0.0	0.0	0.0	0.0	0.0	
0.0	0.0	1.1590204633308936	0.0	0.7552381622830157	0.0	0.0	0.7726072734573233	0.20184362183455234	0.0	
0.8529581150576115	0.0	0.0	0.0	2.3184495825772284	1.004806148195593	0.0	0.0	0.0	0.0	
0.22501957719323348	0.0	0.10826738495922084	1.9729221435847553	0.0	0.0	0.0	0.19880104512839553	0.0	0.0	
0.0	0.0	0.0	0.0	0.0	0.0	1.8966129330646293	1.1968624822381495	0.0	0.0	
0.5021711328443662	1.8737558818606148	0.0	0.0	1.306422640141064	0.0	0.0	0.0	0.0	2.2851683688271915	
0.0	0.0	1.8624370602012206	0.0	1.061394833850869	0.45632190768945013	0.0	0.0	0.0	1.07219745266048	
0.0	0.0	0.0	0.0	0.0	0.0	1.2580730578848198	0.0	0.0	0.2528136359593366	
0.0	0.35414436796412174	0.0	1.490181157092361	0.0	0.3882639043022307	0.0	0.6877877090476424	0.0	0.44037130978828964	
0.0	0.1900436882724071	0.0	0.0	0.0	1.7859151083941276	0.0	1.6144742130860823	0.0	0.0	
0.2428030928259322	1.7944463344347887	0.01245627837324181	0.0	1.2254244657151685	0.004049704565019314	0.004812010217788835	0.0	1.0222937074367118	4.227010638881204	
0.0	0.0	0.0	0.0	0.0	0.0	0.0	1.165237316338724	0.0	0.0	
0.0	0.0	1.9173643709159267	0.08164389783339582	0.0	2.1795368777173603	0.0	0.0	0.0	0.0	
0.0	0.0	0.0	0.09032055880029444	0.5259180763585503	0.0	2.001762806683808	0.0	0.0	0.0	
0.0	0.0	0.0	0.0	0.0	0.0	2.3160960993913555	1.6066198150237103	0.0	0.40767349075451326	
0.9737658190392664	0.0	0.0	0.0	0.0	0.0	0.695435805689446	0.0	0.0	0.0	
0.20859518458002885	0.054512689618405545	0.0	0.6781944848818376	0.6133278382828997	0.0	0.0	0.18154725015628073	0.0	0.33430163650504524	
0.713988868079979	0.0	0.0	1.1654019138551626	0.0	1.8568148814570817	0.0	0.0	0.0	0.0	
1.4267081815124676	3.001536630666096	1.0968777271921373	0.0	0.0	0.0	0.5913373529517328	0.0	0.0	0.0	
0.0	0.0	0.0	0.0	0.44476614553550486	0.0	0.8840545332210789	0.0	0.1680361681695691	0.8969881846309486	
0.9430150833123853	0.0	1.3072090318279133	0.0	1.2503235311146252	0.0	0.0	0.0	0.0	0.0	
0.3888319938676987	0.5812469763017087	0.0	0.2512628747773936	0.0	0.0	0.0	0.0	3.4589088402529393	0.0	
0.0	0.0	1.009215548819135	0.0	0.0	1.250396873963003	0.0	0.0	0.0	0.0	
0.0	0.0	2.1349552306935924	0.0	0.0	0.46585293933662636	0.0	0.0	1.0461347295980654	0.40448224759187484	
0.6981540411375501	0.0	0.0	0.0	0.8639272048947491	0.0	0.0	0.0	0.0	0.6258292989802485	
2.0105748691438277	0.0	0.0	0.0	0.0	0.0	0.0	0.12899520450922367	0.0	0.0	
0.9117242716198415	0.07923258120150523	0.0	0.0	0.0	0.0	0.03832007185700556	1.2672877327493457	0.0	0.1705803689913776	
0.0	0.0	0.0	0.0	1.6136779125628498	0.0	0.0	2.0899947322419354	0.0	0.0	
0.0	2.5155927346470692	0.0	0.4655504448464078	0.0	0.578539476431944	0.0	0.0	0.0	0.0	
0.0	0.0	1.8291826877697162	0.0	0.0	0.6908965757238515	0.0	0.0	0.0	0.0	
0.6097893990008806	1.6972849973090303	0.0	1.231642775630227	1.4055571334968442	0.4775308050146644	0.0	1.8342599213433841	0.0	0.0	
0.0	0.0	0.0	0.0	2.0356613343468775	0.0	0.0	0.0	1.4652326754794336	1.634673669735447	
1.3447486420055919	0.0	0.0	0.0	0.0	0.7574841451908781	0.0	0.34754762660209026	0.0	3.2861862763067036	
0.8793200397811457	0.0	0.0	0.0	1.0889503926095223	0.19878736614194945	0.9515405034638845	0.0	0.0	0.0	
0.0	0.0	0.24258729798726697	0.07737540155353437	0.3562182485764368	0.4453228473633599	2.548043248647403	0.0	0.5400923962426626	0.0	
1.458699951350231	0.0	0.1146056855058144	1.4741876756174184	0.0	0.0	0.0	0.0	0.0	0.0	
0.0	3.060778825880018	0.0	0.0	0.0	0.0	0.0	0.0	0.0	0.0	
0.48281669582362857	0.0	0.0	0.04950495340060625	0.0	0.42877391279220434	0.0	0.0	0.0	1.104862884457498	
0.0	0.0	0.0	0.0	0.0	0.0	0.0	3.28985728394574	0.0	0.0	
0.0	0.852502494120257	0.0	0.9362030297856125	0.0	0.0	0.0	0.0	0.0	0.0	
0.0	0.39618433477460374	0.0	0.0	1.86994629271775	0.0	0.0	0.0	0.5778931776859302	2.9585679367405566	
0.0	1.4327942909158824	0.0	0.8291477426236689	0.0	0.1473398956100314	0.014560347009228307	0.08165799515568221	0.0	1.878007151836517	
1.8663404465075006	0.0	2.5014051678702285	0.0	0.0	0.0	0.0	0.0	0.0	2.0679598908202337	
0.0	0.31694632055636396	0.02066358558746033	0.10331767184245247	0.0	0.0	0.503272374629102	3.491069846239327	0.0	0.4245588065148851	
2.39320755369796	1.6533835317848808	0.0	0.0	0.6755244272328562	0.0	0.0	0.09864325584347494	0.0	0.0	
1.6801329935105724	0.0	0.0	0.0	0.6926436098865794	0.0	0.0	0.0	0.0	0.0	
0.0	0.0	0.0	0.30318657662667164	0.0	0.4590525789741666	0.25408356953036293	2.972222048347062	0.0	0.0	
0.0	0.0	0.0	0.0	0.0	0.0	0.0	0.0	1.1067103482926643	2.1081864899287512	
0.0	0.0	0.0	0.0	0.0	0.0	0.0	5.035164420958919	0.0	0.0	
0.0	0.0	1.4814365891902606	0.0	0.3189389456980327	0.726898962886745	0.0	0.0	0.0	0.10804378688281133	
0.0	0.0	0.0	0.0	0.1916728776121603	0.0	0.0	0.5513335077458075	2.4895018596968987	0.0	
2.259658362044936	0.0	0.0	0.8638859844659222	0.0	0.0	0.0	0.0	0.0	0.0	
0.0	0.0	0.0	0.0	0.0	0.0	0.0	0.0	0.0	0.0	
0.0	2.219738967354436	0.0	0.0	0.24577704890942775	0.0	0.0	0.0	0.0	0.0035103341747913302	
0.0	0.3558182169043273	0.02430271278743404	0.0	1.2308832235659002	0.3615296659110395	0.0	0.0	0.0	0.4836500886327125	
0.009044225576126637	0.0	0.03381758185688203	0.0	0.0	0.017469890924664395	0.0	3.242538009532309	0.17138051308838997	0.5378319692119813	
0.0	0.0	0.0	1.0483747587363703	0.0	0.0	0.0	0.0	0.0	0.6174331774099787	
1.4242139721535887	0.0	0.01085599668590167	0.844383076615338	0.0	0.0	0.4901491950096633	0.0	1.6273810646301283	0.00995692343627149	
0.0	0.0	0.5799738899639528	1.2433274797212346	0.0	0.2728085672320662	1.4240412822860844	0.0	1.9698714399743842	3.051400546575479	
0.0	0.023381775447431266	0.0	0.0	0.0	0.0	0.0	0.0	0.0	4.679555085151005	
0.0	0.0	0.0	1.2391891526286167	0.0	0.0	0.0	0.20056417437713475	0.0	0.22071095271958824	
3.6119577552234574	0.0	0.0	0.0	0.0	0.0	0.0	0.0	0.0	0.0	
0.0	0.05672403203751135	2.983700183078415	1.5759429238060818	0.05311093145354071	0.0	0.05347174978692507	0.020295539694981872	0.0	0.348616625406101	
0.0	0.0	0.0	0.39490631082685257	2.3509864917083596	1.7417437053005107	0.0	0.0	0.7853227768784061	0.0	
0.0	0.0	1.9614135821055207	0.0	0.0	0.0	0.0	0.0	0.0	0.0	
0.0	0.0	0.0	0.0	0.6503191983627502	0.0	1.694160917751392	0.0	0.0	0.0	
1.6799059869556028	1.416044606127962	0.0	0.0	0.1400721843246377	0.0	0.0	0.0	0.0	0.0	
0.0	0.0	0.0	0.6434297294247162	0.0	0.0	2.8979937531811104	0.007058739182088858	0.19118255995394748	0.0	
0.855260106391295	0.0	0.0	0.0	0.7353387738452293	0.7387159543152212	0.0	0.0	0.0	0.0463047854165579	
1.6313990317806621	0.0	0.0	0.0	0.0	0.0	0.0	0.0	0.0	0.049015516082424215	
1.942961586037958	0.0	0.0	0.0	2.175976199179063	0.0	0.562901860897473	0.3921972292699331	0.05001280108443161	0.004452861228502053	
0.0	0.0	0.0	0.0	0.5098583006300405	0.0	0.004250634139089538	2.434140481304232	0.0	0.0	
0.0	0.5869664703991923	0.26659386070155666	1.3679338811894495	0.0	2.899635724594148	0.0	0.0	0.0	0.0	
0.0	0.0	0.0	1.8281491885947583	0.38760526177725096	0.0	0.0	0.0	0.8437305339528838	0.0	
0.0	0.0	0.0	0.0	0.0	0.0	1.0678167020020881	2.5322048439179947	0.0	0.4156890061161848	
0.9081373807750333	0.4674059701757451	0.0	0.0	2.8337952377339306	0.0	0.4067391188577848	0.0	0.8459111273597859	0.0	
0.5978389686616792	2.16993728002844	0.0	3.4655795251739763	0.0	0.19378338174387286	0.5110423667694495	0.0	0.0	0.0	
0.0	0.0	0.0	0.0	3.6158598114490417	0.6776442126673616	0.07988811019977002	0.0	0.0	2.59353722209668	
0.0	0.0	0.0	0.0	0.0	1.4624571400440811	0.0	0.0	1.5968028904523397	0.0	
0.0	0.0	0.0	0.0	2.903615633379998	0.0	0.0	0.0	0.0	0.0	
0.0	0.0	0.0	0.8125515221105482	1.0437004619612178	0.24106017837255406	0.0	0.0	0.0	0.44913272810438776	
1.4683382550988768	0.0	0.0	1.7617482276176357	0.0	0.0	0.0	0.0	0.0	0.10688587542067472	
0.9831216171689856	0.0	0.0	0.0	0.3937483607361166	1.3940640196661682	0.0	0.0	0.0	0.006999003443311551	
0.0	1.0647435087348582	0.0	0.0	0.0	0.0	0.0	1.6973585383870413	0.0	0.0	
0.0	0.0	0.0	0.0	0.0	0.0	1.4917350293426945	1.2798044920697298	0.0	0.0	
3.6718853646281584	0.0	0.0	0.0	0.5124826832766424	0.0	0.0	0.0	0.0	0.0	
0.868167957318676	0.0	1.6988438046667285	0.07097185017026578	0.0	0.0	0.0	0.0	0.0	0.0	
0.0	0.0	0.0	0.0	0.0	0.5153338085390136	0.6119873213632927	0.97149520434256	0.7810794333574409	0.18892862636801366	
0.9283705232225364	0.0	0.0	0.27616306510006994	0.0	0.0	0.0	0.0	0.39487360377086456	0.0	
0.0	0.0	0.0	0.24938420561411634	0.0	1.833328407359364	1.2263585486227118	0.0	0.0	0.7429654613748198	
0.0	0.0	0.0	1.2739749072612188	0.0	0.0	0.2278737057468827	0.0	0.0	0.0	
0.2496374105519356	0.0	0.0	0.0	1.1336658556363615	0.06815231521240299	0.02272492883778128	1.8853143400277341	0.0	0.4881645867804291	
0.0	0.0	0.0	0.0	2.895238654729096	0.0	0.0	0.0	0.0	0.0	
0.0	0.0	0.0	2.0858181298831093	2.5918255416423186	0.0	0.0	0.0	0.0	0.29150433077908733	
0.0	0.0	0.0627386230898195	0.10742081863054244	0.0	0.0	0.0	0.4934888429934904	1.8538700995806001	0.0	
0.0	0.0	0.0	2.0985732532398975	0.12562964746772776	0.0	1.0299374254137248	0.0	0.0	0.0	
2.110303147949867	0.0	0.0	0.24449832479862055	0.4568080366541503	0.443039676161435	0.41163784300313444	0.0	0.0	0.0	
0.4847716079510785	0.0	0.0	0.2988073139605693	0.455106049704309	1.5756526175958798	0.0	0.2756988319323741	1.9640142599303696	0.0	
0.0	0.35625423822429597	0.0	0.0	1.9908390581666346	0.27503665105786995	0.0	1.099033710868675	1.2545868006296799	0.24391251502488528	
0.0	0.87974115137777	0.0	0.0	2.867659935072399	0.0	0.0	0.0	0.0	0.8357390459778304	
0.0	0.3719932899911139	0.0	0.0	2.9185903840575524	0.0	0.0	0.0	0.0	0.8152587682567434	
0.0	0.0	0.0	0.5384787009116199	0.0	2.3634877726096417	0.0	0.0	0.0	0.0	
0.5903423910513085	1.0829250057350175	0.0	0.0	0.0	0.0	0.9892172897314551	0.0	0.0	1.1208836619404403	
0.2960261976837941	0.0	0.0	3.4472373529306206	0.0	0.9123892189886201	0.9863519391861002	0.0	0.0	0.0	
0.0	0.0	0.0	2.6254366791677843	0.0	0.0	0.0	0.0	0.9897816147201189	0.0	
0.0	0.0	0.0	0.0	0.0	0.0	0.0	0.0	0.8414734483542059	5.773551536878824	
0.0	0.0	0.0	0.0	0.0	0.0	0.3326649213218885	0.0	4.428471699031727	0.9037223552126983	
0.0	3.9084634036678203	0.0	0.03796212952567064	0.0	0.0	0.0	0.0	0.0	0.0	
0.0	0.0	0.007257617154422001	2.6961855591032933	0.0	0.0	0.0	0.0	0.0	0.0	
0.0	0.0	0.0	0.8123392364148198	0.0	0.0	0.0	0.5138867096613482	0.636367253075829	0.0	
0.5125246515065032	0.0	0.0	0.9319185849912165	0.07311605021327891	0.0	0.0	1.2589958805275767	0.0	0.0	
0.0	1.70225988325319	0.0	0.0	0.0	0.0	0.1829802868461543	0.0	3.488597536034544	0.0	
0.0	0.0	0.0	0.0	0.0	1.3379127509147424	0.10675235765532998	0.0	0.5541376566287418	0.7836004251523093	
1.8011129302179245	0.0	0.8393915816714174	1.146405994006669	0.0	0.9227107033824182	0.0	0.0	0.2306450647143964	0.1801870014745044	
0.0	0.0	0.0	0.0	0.0	1.4989251913730472	0.0	0.3086510505215064	0.0	0.0	
0.0	0.0	0.1580239100227759	0.0	0.0	0.7825228172781608	1.3261696692020855	0.0	0.0	0.32770627207087044	
0.0	0.0	0.0	0.7604277853109565	0.0	1.3059721998833267	0.0	0.0	0.0	0.18465613566141667	
0.0	0.0	0.0	1.113622830632888	2.9460103605685513	0.4795282392369284	0.0	0.0	1.106610601081669	0.48196402126781873	
1.7890749205229786	0.742264609877426	0.0	0.0	0.0	0.0	0.0	4.616357261761229	0.0	0.0	
0.6707558609656511	0.0	0.0	0.0	0.0	0.3143889559986684	0.0	0.0	0.0	0.5198784362224178	
1.8029199511621152	0.0	0.5283075241521753	0.24803978462599333	1.5324843527347924	0.0	0.2668452851664143	0.0	1.3867145080888887	0.0	
0.18932947578468093	1.1423947523689693	0.0	0.7875275122382401	0.573814436521184	0.0	0.0	0.0	0.0	0.0	
2.788394756860297	0.0	0.0	0.9308366878707297	0.0	0.0	0.0	0.0	0.0	0.2952598349822366	
0.0	3.20361340704196	0.0	0.5879259403390812	1.3473346379241147	0.0	0.0	0.0	0.0	1.1266397359415217	
0.0	1.9335422706351646	0.0	0.0	0.0	0.0	0.36916645287689126	1.3700788810467708	0.5782104412312109	0.6135751329097291	
0.0	0.0	0.0	0.0	4.326272057500907	1.1137036738304893	0.0	0.0	0.0	0.0	
0.0	1.2607107488193507	0.0	0.0	0.20412293554612687	0.0	0.0	0.0	0.0	0.40646435954475446	
1.5451374183118078	0.0	0.0466243928464413	0.8008874760398192	2.945220095506944	0.0	1.1499983182869278	0.0	0.0	0.0	
0.0	0.2893166192048393	0.0	0.0	0.0	0.0	0.0	0.0	0.0	4.7645649304238855	
0.43552782974175697	0.0	0.0	0.0	2.1104341135957507	0.3676582756021728	0.0	0.0	4.03003184994189	0.0	
2.2531937815980996	0.0	0.0	2.778195482759688	0.0	0.0	0.0	0.0	0.0	0.0	
0.0	0.0	0.0	0.0	1.1551041084854443	0.0	0.0	0.42456257281432497	0.0	0.0	
0.44767443375742355	0.0	0.0	1.2390960426238167	2.8220848342122244	0.0	0.0	0.20984860090469282	0.0	0.057002154940778406	
0.0	0.0	1.035130119338753	0.0	2.6517741330180793	0.0	0.0	0.0	0.0	0.8990555868687853	
0.0	0.9698368296288729	0.0	0.3138999629080271	0.0	0.43733373742351295	0.33763742275731323	0.0	1.515189839996077	6.7947949678622255	
0.7692061611372065	0.0	0.0	0.0	0.7849433874599203	0.04545847563229447	0.0	1.8512045713740035	0.0	0.0	
0.1394391625346657	0.07908817961938852	0.0	0.0	1.5831300895216307	0.0	0.0	0.6386741177502065	0.0	0.0	
0.179346811508227	0.0	0.0	0.0	0.0	2.4507431875568955	0.0	0.0	0.0	0.0	
0.0	0.0	0.0	0.0	0.0	0.0	0.6287776827292637	3.4541363357153316	0.0	0.0	
0.0	2.7949596033202684	0.0	0.0	0.0	0.0	0.22244436451596505	0.41374465817758094	0.0	0.43036713683530603	
0.6637553628727224	0.0	0.0	0.0	0.6642882607267544	0.0	1.4021396597168505	0.0	2.8955635939118998	0.5009487834520103	
0.0	1.5695435225376138	0.0	0.0	0.0	0.0	0.0	0.0	0.0	0.06661310683084343	
0.0	0.0	0.0	0.0	0.0	0.0	0.0	0.23456226153126625	1.6727461683411677	1.2821188005079516	
0.0	0.0	0.709180274703497	0.2227594161126551	0.0010555657277378856	1.0259566298666905	0.3734119713344295	1.0758339324285817	0.3910404301549445	0.19090734662845327	
0.69679149765404	0.0	0.0628440224001204	0.358148103823249	0.2829409711601811	0.0	0.0	0.0	1.5749739428093075	0.8874913661332704	
4.450651921458094	0.0	0.0	0.0	0.0	0.043729747889182095	0.0	0.0	0.29890283086126634	0.0	
0.0	1.2840687083966353	0.053490431713046266	0.012585370244226436	0.48032395246478693	0.0	0.5608650850869101	0.31993345811619633	1.2053299985919443	0.3809817046475487	
0.4775491929514288	0.0	0.0	0.0	0.0	0.0	0.0	0.3001255924221958	0.0	1.4883202618115479	
0.20117367282699564	1.593792758545923	0.0	0.0	2.4479914818262403	0.0	0.0	0.017648217200788636	0.00994793725708227	0.5688864024577881	
1.1875944839987205	0.039731564935978264	0.0	0.009723414076659238	1.505829720688736	0.0	0.29796731236033197	0.0	1.3041495327052555	0.0	
0.012093901568829248	0.0	0.5303231069137098	1.0049939461538857	1.0361974681015687	1.551035033527161	0.6793007288054855	0.10548825489205921	0.0	0.08518880258877924	
0.0	1.9134472994574656	0.08920227275203821	0.0	2.809182198003629	0.0	0.0	0.0	0.0	0.0	
0.0	0.0	0.0	0.0	4.045710936849164	0.0	0.5668570760380476	1.9009292737307548	0.09334082411381976	0.0	
0.3320349496145005	0.773940610587911	0.8615096570948044	0.7494696263381097	0.6483749772927468	0.0	0.15148786932575653	0.0	0.0	0.0	
0.0	0.0	1.0273454080048379	0.0	0.43184051549097885	0.0	0.06672274036738693	0.0	0.12953321920250302	0.0	
1.6896280442741767	0.0	0.0	0.4016237227543942	0.0	0.0	0.0	0.0	0.0	0.0	
0.0	0.0	0.0	0.0	2.3685861535968438	0.0	0.0	0.0	0.0	0.0	
0.0	4.931803323657653	0.0	0.0	0.0	0.0	0.0	0.0	0.0	0.0	
0.0	0.052700568571055165	0.9721789311099016	0.29163959241049564	0.0	0.0	0.0	0.5602832934266513	0.0	0.0	
0.9980223419690242	0.0	4.086605231815234	0.0	0.0	0.0	0.0	0.237814322249385	0.0	0.0	
0.0	0.0	0.0	0.6803544651840296	0.0	0.0	0.3723786241990727	0.6777234238222639	0.9341522133450715	0.801415692374475	
2.8622592473133652	0.0	0.054213802856181374	0.7025165710736019	0.2989574094612752	0.0	0.0	0.0	0.0	0.0	
1.0947266690617163	0.0	0.4786080810102686	0.8492990735753996	2.2019159520823313	0.0	0.0	0.0	0.0	0.0	
0.0	1.4011843372603527	0.0	0.0	0.6792574831957465	0.0	0.8337334278208076	2.023810657255985	0.0	0.0	
0.0	0.0	0.0	1.9793713339568417	0.16178504172552574	0.6032608272357209	2.8541069144398996	0.0	0.0	0.0	
0.0	0.0	0.0	0.0	0.0	0.0	0.9824489155731189	1.2864117798365096	0.0	0.0	
0.0	1.1327327561625948	0.0	2.237732413020539	0.2690710835827498	0.0	0.0	2.744110770599896	0.0	0.008152909054801177	
1.954099049205683	0.05629397413447783	0.0	0.22983750862469593	0.013469839320135932	0.0	0.30501134290062343	0.3696293431478013	1.0286433305176135	0.13456185201998788	
0.4022464859908195	0.0	0.0	0.0	0.0	0.5653358555938405	0.13199234599845355	0.0	1.332231907643001	0.5469224737308218	
0.43534278785034386	0.0	0.05173766175420416	1.6496508740473586	0.0	0.7029682221872898	0.4503100634294083	0.0	0.0	0.0	
0.0	0.18225560744447075	0.0	0.0	1.6468938131684612	0.0	0.0	0.9718556745053298	0.0	0.2156030035550856	
1.8429238717341265	0.0	0.0	0.0	0.021143912668677437	0.9458390308917733	3.5336124374568856	0.0	0.0	0.0	
0.16908151366179866	0.0	0.0	0.0	1.0135629743352448	0.0	0.0	1.6152318830607337	0.0	0.5595850070430197	
0.0	0.0	0.014284180951194096	0.0	0.4383870145393071	0.0	0.3655388675109096	0.0	1.8895180236151108	0.0	
0.0	0.0	2.768243759108278	2.816370934493551	0.0	0.0	1.907108310660727	0.8766170202097229	0.33656660710544806	1.3255030329916007	
0.23678428189053716	0.0	0.0	0.0	0.0	0.0	1.5079272530179504	1.4127838197806128	1.2746969431774544	0.0	
0.0	0.0	0.0	0.0	1.0459143264587716	0.0	0.0	0.0	0.0	1.9712719652521171	
0.0	1.1572926390771556	0.0	0.6731458169254886	0.0	0.0	2.2077368615290265	1.1738781707281047	0.0	0.0	
0.0	1.0684621116288833	0.06022348583582127	0.0	0.6342652695534269	0.0	0.0	1.1432104526795928	0.0	0.17014006260086872	
0.0	0.0	0.0	0.0	0.0	1.3165409821585308	0.0	0.0	0.0	0.521592345827993	
0.0	0.0	0.8163731056370936	0.48672693392336497	0.0	0.0	0.1660030163942137	0.0	0.0	0.0	
0.0	0.0	0.0	0.0	0.0	0.0	0.0	0.46297353971931093	0.734013010928718	2.081947943990121	
0.0	0.0	0.055755491441103665	2.5631770498848416	0.547300536119474	0.0	0.0	0.0	0.2858903067885339	0.0	
0.0	0.5855322741859825	0.0	0.0	0.0	1.8013631670048307	0.0	0.0	0.0	1.2527802441540414	
0.9906721020166664	0.0	2.334029531954071	0.0	0.844389453497645	0.0	0.0	0.0	1.1463636138323114	0.0	
0.0	0.0	0.0	0.0	2.1632687665979162	2.222454468574238	0.0	0.0	0.0	0.6995455895847336	
0.0	0.0	0.0	0.0	0.0	0.0	2.4961096073166953	0.0	0.0	0.0	
0.0	1.7316580382259281	0.0	0.7744220546424267	0.0	0.0	0.08798770824494867	0.0	0.0	1.3481793121872445	
0.0	0.0	0.0	0.0	0.0	0.0	0.0	5.634971122904063	0.0	0.16757975479744014	
0.0	0.019477603477617116	0.0	0.0	0.0645698462649032	2.267505549502428	0.0	2.3182306230229908	0.643291165739958	0.0	
0.5173217675976943	0.06805274547216193	0.0	1.073835146976988	0.0	0.0	0.0	0.6909172439306653	0.0	0.4451022377450571	
0.0	0.0	0.0	0.0	1.4993746820713738	0.0	0.0	0.0	0.0	0.0	
0.7039551078735472	0.0	0.0	0.0	0.0	0.0	0.0	0.0	0.8578541991643884	0.0	
0.006335224946272142	0.0	0.0	0.0	0.0	0.0	0.0	1.7756741918731946	0.2635357122411821	0.0	
0.0	3.6522405788302894	0.0	0.0	0.04168190040654442	0.0	0.1081584820901949	0.0	0.0	1.2639183697684646	
0.0	0.0	0.0	0.0	0.31172525142479285	0.0	0.0	4.581758416545813	0.879194588617827	0.0	
0.13616575431804784	0.0	0.0	0.0	0.2527453859397913	2.1776226671353363	1.771250366845776	0.0	0.0	0.0	
0.0	2.798595987806613	0.4825363505530993	0.0	0.0	0.653877760584181	0.0	0.0	0.0	0.0	
0.0	0.0	0.0	0.0	0.0	0.0	0.0	2.028521938644243	0.0	0.0	
0.0	0.0	0.0	0.0	0.34101194141551816	0.0	3.458280383657264	0.0	0.0	0.656566390050902	
1.4011850456914532	2.7195638681782315	0.9897903147390443	0.5006995266634429	0.1848386691704294	0.0	0.0	0.0	0.0	0.0	
0.0	0.0	0.0	0.0	0.0	0.0	0.023584893666018382	0.7834741599314782	2.709945449427877	0.33512454969790245	
0.0	0.0	0.0	0.12600710777973928	2.4035531627743603	0.0	0.0	0.0	0.0	0.0	
0.0	0.07266471895386942	0.3323650044529198	0.10892351377459711	0.9488603223105461	0.0	0.0847613668664493	3.809747454134136	0.0	0.0023103536253828044	
0.0	0.0	0.0	0.0	0.0	0.0	0.0	1.0906887415986333	0.6836390949171578	0.6262921577273851	
0.0	0.0	0.0	0.0	0.0	0.0	1.2505098398463328	0.003337769776221109	0.0	0.0	
0.0	0.0	0.0	2.745329128095522	0.0	0.0	0.0	0.0	0.0	0.0	
0.407332067079439	0.0	0.0	0.8261107739542612	1.0940325861883913	0.0	0.0	0.0	0.0	0.26697740357205546	
0.0	0.0	0.0	0.06296483149626843	0.0	0.0	0.8173675918361172	5.385072303270566	2.3282087935242455	0.2861496163982705	
1.689203574119149	0.6639737487209815	0.0	0.0	0.5420497426637036	0.0	0.0	0.0	0.0	0.0	
0.0	0.0	1.7705397063013417	1.006135861963869	0.7367690813503339	0.0	0.0	0.0	0.0	0.0	
0.0	0.0	0.0	0.0	0.0	0.0	2.3262935395077773	0.0	0.0	1.0358363117222003	
0.0	0.0	0.0	1.5397628737364488	0.0	0.0	0.0	0.0	0.0	0.0	
0.0	4.25491121397807	0.0	0.0	2.4365056236082037	0.0	0.0	0.0	0.0	0.0	
0.0	0.0	0.0	0.0	0.0	0.0	0.0	2.569148556822295	1.8249903770059928	0.18283726254312016	
0.0	0.6172679263590154	2.0119805023276247	1.6125912556347057	0.0	0.0	0.0	0.1379461096956645	0.0	0.0	
0.0	0.0	0.0	2.4051361241739424	0.8358862752382304	0.0	0.0	0.0	0.0	0.0	
0.0	0.0	0.0	0.0	0.0	0.0	0.25778225043336456	0.3631684518076973	0.0	1.4938659490006958	
0.0	0.0	1.3889965135798676	0.0	0.0	0.0	0.0	0.0	0.0	0.0	
0.0	0.0	0.547408573615549	0.0	0.0	0.0	0.0	0.0	0.20486839727796255	0.09662181808403147	
0.9892202113285986	0.0	0.0	0.0	0.9718213681592617	0.0	0.0	0.0	0.0	0.0	
0.0	0.0	0.0	0.0	0.0	0.025485083635774224	0.46511938788540913	2.1998543439492533	0.0	0.0	
0.0	0.0	1.0025004800447954E-4	0.0	0.0	0.0	1.3643056549493822	0.0	1.8464963021386434	0.05450945329675381	
0.0	2.2606295189101986	0.0	0.0	0.0	0.23578868916627005	0.0	0.0	0.0	0.06443394216659068	
2.1441641170672407	0.0	0.0	0.0	0.0	0.0	0.0	2.0194055820138157	0.10527925014828855	0.07083823639245919	
0.0	0.40854265476501955	0.28104586855416236	0.0	1.0154034645890824	0.8107507257617441	0.0	2.116020739280374	0.13790374587845305	0.44818475598229807	
0.0	0.0	0.0	0.0	0.0	0.0	1.107758694685871	0.6068876612853968	0.0	0.0	
0.5779907376956274	0.0	0.0	1.2640848323627478	0.0	0.0	0.6379003302200145	0.0	0.0	0.0	
0.4485795501970715	0.0	1.0006859499040484	0.0	1.3495156266390715	0.0	0.0	0.0	0.0	0.05810413648292143	
0.025320297854255526	0.16195347490025852	0.541647729135647	0.0	0.0	0.0	0.14402267085244325	0.0	1.0651701488885028	0.7199055703296512	
0.0	1.0773361497398621	0.0	0.6525012445735963	0.36120810433143535	0.0	0.0	0.0	0.0	0.0	
0.0	0.0	0.0	0.0	0.0	0.20676166882775124	3.0617328699824053	0.39554834923790866	0.0	0.26577839270099907	
0.0	0.0	0.0	0.0	0.0	0.0	0.0	0.0	3.575858872790597	0.0	
0.0	0.0	0.0	1.4168829816860895	0.0	0.0	0.0	0.0	0.0	0.0	
0.0	1.6482446901495333	0.24296687909895587	0.0	0.0	0.0	0.0	0.0	0.8269608548553884	0.0	
0.0	1.3230653298719757	0.0	0.0	0.0	0.0	0.0	1.9762510318773086	1.2601815467109323	0.0	
0.0	0.0	0.0	0.0	1.3076218006859592	0.0	0.0	0.0	0.0	0.0	
2.0072887360958473	0.5733018970086357	0.0	1.3971756380544416	0.0	0.06297706565425572	0.0	0.0	0.0	0.0	
0.0	0.0	0.0	0.0	0.0	0.0	0.0	0.0	1.667293883618232	0.0	
3.2429488916179507	0.952675573483458	0.0	0.0	0.9938464437085077	0.0	0.33546366094463975	0.8694268154715121	0.0	0.0	
0.0	0.0	0.920763923591518	0.0	0.0	0.28989296145886284	0.0	0.0	0.0	0.0	
0.0	1.1645713556182267	0.0	0.736484495431505	0.0	0.6300408718818119	0.0	0.0	0.03701516809299967	0.18906256382302625	
0.0	0.0	0.0	0.0	0.0	0.0	0.0	2.283216873958299	0.0	0.0	
0.0	2.365722076350633	0.0	0.0	0.29759956475632093	0.02154513172182687	0.05988681807380754	0.01848165992693264	0.5490779879663986	2.067112345909698	
0.0	0.0	0.0	0.0	0.0	0.4113238218191768	0.0	1.7103220549515818	0.0	0.6943376882983692	
2.041669173432168	0.0	0.0	0.0	1.183754115495592	0.0	0.2362367985223277	0.624274600540183	0.09096448981109165	0.0	
0.0	1.7394670878195961	0.8562872853845707	0.4367430875241175	0.21833062316684126	0.0	0.7516874864837376	0.0	0.0	0.0	
0.0	0.0	0.8305676036997455	0.0	0.0	1.1203610394006642	0.0	0.0	0.5956569985312233	0.0	
0.4253508477593392	1.49825160811269	0.0	0.0	0.0	0.0	2.2681993533756177	0.0	0.0	0.0	
0.0	0.0	0.0	0.0	0.0	0.0	0.0	0.0	0.0	0.0	
0.0	3.6565824493616956	0.0	0.0	0.0	0.0	1.5026933520061707	0.0	0.0	0.0	
0.0	0.9126071240102352	0.0	0.0	0.5813906655878001	1.3258770705359417	0.0	0.0	0.0	0.1702284279579493	
0.0	0.0	0.0	0.0	0.0	0.0	0.0	0.0	1.5179019533303166	0.0	
0.0	0.0	0.0	0.0	0.0	0.0	0.0	2.2603239226291665	0.0	0.0	
1.1061287304141851	2.5352819396461443	0.0	0.0	0.0	0.0	0.0	0.0	0.0	0.0	
0.0	0.0	0.0	0.0	3.056594693354699	0.0	0.0	0.0	0.0	0.0	
1.0917637675130143	0.0	0.0	1.4378668028360209	0.0	0.0	0.0	1.5917466149004642	0.0	0.0	
0.0	0.0	0.1137029277111891	0.0	0.0	0.0	0.0	1.1506463344309406	0.7037824734331257	0.18988719803696652	
0.0	2.9845644112244973	0.21825211438965758	0.0	0.0	0.009983617615945751	2.5301107433970866	5.603853888471195E-4	0.0	0.0	
0.0	0.0	1.148825969043724	0.0	0.0	0.0	0.5191111880440856	2.1453644829527647	0.0	0.0	
1.5026702817996975	0.0	0.0	0.0	0.0	0.0	2.6587316700334314	0.0	0.0	0.0	
0.0	0.0	0.0	0.0	0.5233914458567497	0.966935869949643	0.0	0.0	0.0	0.0	
1.6273745853817385	0.0	0.0	0.8988301919762246	0.0	0.0	0.0	0.0	0.0	0.6738690410875339	
4.996312069912465	0.0	1.8642975640622614	0.0	1.0443293869795487	0.0	0.0	0.0	0.0	0.0	
0.0	0.0	0.0	0.0	0.0	0.0	0.0	0.0	0.0	0.0	
3.4658582028537213	0.0	1.559776284189391	0.0	0.2542662427170206	0.0	0.0	0.0019061034285782347	0.14897287360254194	0.18050242176984133	
0.0	0.0	0.33951287364095317	0.9981457890586639	0.0	0.0	0.0	0.3503206533193942	0.0	0.709152131575409	
0.0	3.864364332421346	1.3887286219712631	0.0	0.0	0.0	0.0	0.02615351597743948	0.0	0.08122890801149761	
0.0	0.0	0.0	0.6614525813336296	0.0	0.0	0.0	0.005853152062582093	0.0	4.181405675928383	
0.0	1.3465945939579247	0.12971247462736737	0.0	0.04906727359350099	0.0	0.0	0.0	0.0	0.0	
0.0	1.114774375197648	0.0	0.26647757922676885	0.0	0.42505579223496814	1.8997078644647507	0.0	0.0	0.0	
0.3910998879536288	0.0	2.119835889019956	0.030360561730726043	0.0	0.0	0.9064406277658899	0.3494156246758395	0.10068797309340141	0.0	
0.0	0.0	0.0	0.0	2.340356825908248	0.0	0.0	0.0	0.0	0.0	
0.0	0.0	0.7045719308202898	0.0	2.5944669326097336	0.0	0.0	0.0	0.0	0.0	
2.4203380412883844	0.0	0.0	0.0	0.0	0.0	0.0	0.0	0.0	0.0	
2.587479356873062	0.0	0.0	0.0	0.0	0.0	0.0	1.0796270434192157	0.0	0.49781252002463205	
0.0	0.0	0.0	0.0	0.0	0.0	0.9107120805488023	0.8178150276655536	0.0	0.0	
0.0	0.0	0.0	0.0	0.0	0.0	2.2636444072192	0.0	0.0	0.0	
0.0	0.0	1.48106163855631	0.07936983172599389	0.0	0.21476644583550725	0.0	0.7109737270277318	0.0	0.5017036655339817	
0.0	0.0	1.0344721765382732	0.0	0.0	0.0	0.0	0.0	3.0499221876871956	0.0	
0.0	0.9738993376615377	0.0	0.0	0.9213003182146722	0.0	0.0	0.0	0.0	0.8437272819569483	
0.0	0.0	0.7527853410618721	0.7344407350366672	0.0	1.2464535661458196	0.0	0.0	0.0	0.0	
0.0	3.8443446044488483	0.0	0.0	0.0	0.0	0.0	1.5697019595246386	0.7021729084707709	1.0333914142124063	
1.869362661397722	0.4291899973726312	3.8925689975346263	0.0	0.3965507952086669	0.0	0.0	0.0	1.7977536671740277	0.0	
0.0	0.0	0.0	1.5834270540757829	0.0	0.0	0.0	0.0	0.0	0.0	
