0.0	0.0	1.4179287390673279	3.608319561584541	0.0	0.0	1.2732564274000142	0.0	0.0	0.6242317659958041	
1.9030386816058316	0.0	0.44285674099376066	0.0	0.0	0.0	0.0	0.0	2.990494307151496	0.0	
0.0	0.0	0.0	0.0	0.3033008189851689	0.0	0.0	1.004782264680784	0.0	0.0	
0.0	0.8483243192617748	0.0	0.0	0.0	0.0	2.4492827296238944	0.0	0.0	0.0	
0.0	0.0	2.059424107184957	0.0	0.0	0.4076128418141774	0.0	1.1796753947495922	3.973600072319914	0.3840778837025217	
0.0	0.0	2.353457078284861	0.0	0.0	0.3550652109105927	0.0	0.0	0.0	1.907274634328741	
0.0	0.0	0.0	0.0	0.0	0.0	0.0	4.96699240945649	3.8894024784034666	0.0	
0.0	1.3759338752393575E-8	0.0	0.0	0.805694924332823	0.24404825367329416	0.0	1.875863094350639	0.0	1.297365272453354	
0.0	2.17708276033812	0.0	1.683709344519288	0.07262966496668757	0.0	0.0	1.3494095350416853	0.0	0.0	
0.5635709469206526	0.0	0.6342149234002257	0.03676207788591855	0.0	2.5477878752309686	0.0	3.9790601009202913	0.0	0.0	
0.0	0.0	0.0	0.0	0.0	0.0	0.0	8.719057941978852	0.0	1.7194139135190032	
0.0	0.0	0.0	0.0	2.5901871108185515	0.0	0.0	4.866330617062352	0.0	0.0	
0.0	0.0	0.8215313033150503	0.0	0.0	4.879701631473047	0.0	0.3627529072431535	7.878590724523197	0.6365553278942565	
0.9580010110361378	0.0	0.0	0.0	0.0	0.583569864173224	1.5515737194353874E-8	1.8149739071551896	0.0	0.0	
0.0	2.658070784492241E-8	1.167466733920814	0.9497859713538064	0.0	0.0	0.0	0.0	0.0	1.2774943418375397	
0.0	0.1398580735499962	2.7464535251005446	0.7138051635683635	0.0	0.0	0.11070381399165091	3.148329427472162	6.273545940678398	0.9631572278171666	
3.499748014110111	0.0	0.0	0.0	0.0	0.0	2.909685992964382	0.0	10.387365458360446	0.07985384385510873	
0.0	1.3070000313988335	0.0	0.0	7.885507476991428	0.0	0.29802765036373535	0.0	0.0	0.0	
0.0	0.0	1.8082801798212953	1.0209025910715213	2.0841149666636873	0.0	0.0	0.0	0.0	0.0	
0.0	0.10754480274024758	0.0	0.0	0.01413712609280068	0.5028443848347408	0.162877232776309	0.23918011546660836	0.0	1.1059192395709576	
0.0	0.0	0.0	0.04514912731329414	0.0	0.0	0.0	3.000761915289484	0.0	0.0	
1.769179663573423	0.004639102676141778	0.5838698968651793	3.038164456121855	1.904299249522988	0.0	0.023359125818989912	1.7268436552016768	0.0	2.1726993457537813	
0.0	2.5780716720625247	0.0	0.0	0.0	0.0	0.0	0.0	1.6314594022367192E-9	0.0	
0.6160824071662027	0.015981691028085852	0.0	2.1198670049308466	3.91182655393186	0.16984382278383703	0.06021148892235823	0.7423304900939626	0.08900291550898438	2.082573008874744	
0.0	0.0	0.0	0.0	0.0	0.0	1.9885825883136814	2.2347985485148243	0.0	1.4335688634729002	
0.0	0.0	0.9978978193440492	0.0	0.0	0.0	0.5848035467799293	2.0683848372356857	2.4654889666627673	0.0	
0.29614062338142005	1.341623674585767	2.1980446698684593	2.458290377954917	1.2089714127656104	0.0	1.4166188002518292	1.673592884984412	2.114636943201227	1.502907222763496	
0.2175045119756155	2.325526167846176	1.5641991521757415	0.0	0.3066010434809881	0.4052210707476264	0.557771405438352	0.0	11.261119140776092	0.5232996249138849	
0.0042134215224686215	0.0	6.637231439503868E-4	0.6326382352935018	0.0	2.676503476667043	0.07965536144303474	1.887112179700403	2.620723399642264	0.0	
2.5277554354174177	0.0	0.0	2.8929542948718168	1.2405262829271366	0.0	0.0	0.0	0.0	0.5103201601745418	
0.0	0.0	0.0	0.0	0.0	0.0	0.0	0.0	0.0	0.0	
1.4342878942065136	0.01391697422410684	0.0	3.1410922036424127	0.0	0.0	0.0	0.3478544468159128	0.0	1.0097456334435893	
0.0	0.0827966103234975	0.0	0.0	1.6931037472365584	0.0	0.0	3.9422759147153084	0.0	0.8327355571716248	
0.0	0.00228653228534378	1.3513940138530354	1.4276669541796785	0.5195726049938748	0.062382924861758865	0.0	6.883517690338454	0.0	1.6962560452035423E-10	
0.0	0.0	0.0	0.0	0.0	0.0	3.6959573477265653	0.0	2.812489036810374	0.0	
0.0	5.907206518576231	0.0	1.0468256739273372	0.1991858677724146	0.0	0.0	1.0352705390323445	0.0	1.1972545848592209	
0.0	0.19617932679615938	0.0	0.8128718068479082	0.0	0.0022981438362690947	1.7900585826154052	0.0	3.360560119242525	1.3987346444613873	
0.0	0.0	0.0	0.0	0.3046515006861489	0.9911710684464329	0.5098414156173929	0.0	2.1174069654721137	3.5003346558928365	
0.0	0.0	0.0	0.0	0.0	0.0	0.0	2.3023876865591	0.0	0.0	
0.09058349472381387	0.45452663018538236	0.6695594385419551	0.014107263263415876	0.0	0.0	0.0	1.1905383072087445	0.0	0.0	
0.0	0.0	0.0	0.0	0.0	1.3355785877931552	0.02706360433321938	4.394809023751314	0.0	0.0	
0.0	0.0	4.332509716109141	0.9108921952422336	7.14202592802492	7.61968492645576E-4	0.0	1.7728499796239867	0.0	0.0	
1.1829106721779015	0.0	0.0	0.7093765725899912	1.601476557711285	0.0	0.0	3.560892424304615	0.0	0.7301406423690463	
3.109924209663317	0.0	1.7433259372082024E-8	0.0	0.0	3.497154712293775	0.0	0.0	0.07153860266374032	0.4852578054902103	
3.6214684216608877	0.0	0.0	0.0	2.929574221620262	0.0	12.675635177644729	0.0	4.109210678198245	0.0	
0.0	0.0	0.0	0.0	0.0	0.0	0.0	0.0	1.7731306939184723	0.0	
0.0	2.044455275665461	0.0	0.0	0.5475844234207534	0.0	0.0	1.4308319260119335	0.0	0.0	
2.841653353105121E-4	0.0	0.0	5.567255665292223	1.898916259696687	0.0	0.0	0.0	0.0	0.9874302292194358	
1.2084899891224694	0.0	1.1169009380267834	0.0	0.8919097933588124	0.397545748165929	0.0	7.224567959906777E-5	0.0	0.29366194096953174	
1.7997292524741462	2.9557818794246615	0.0	2.054305665122466	0.0	5.302405729502722	0.0	0.0	0.0	0.0	
0.0	2.3811918337839826	1.2514365664917155	0.015081453644791604	0.04031947369057154	0.07901216341151922	0.0	3.4064992491938804	4.646953001928315	1.4127435402010833	
2.498255029458857	0.0	0.0	0.0	0.0	1.968658361982358	0.048352943064595325	0.011490193942036334	4.349085065408077	0.05224695494799348	
2.2619672515677425	0.0	1.496199497922098	0.0	0.5212826988006171	0.0	0.006361121685651611	0.124238022951338	0.0	0.9019483633524141	
0.0	0.0	0.0	1.3833450597865213	0.0	0.0	0.0	0.0	5.899778193594687	0.0	
0.9468574880130505	0.5177999824907601	0.0	1.1333189309730984	0.0	0.0	0.0	1.5809810132167919	0.0	2.4245165832481187E-4	
0.0	0.0	0.0	1.4685460926627367	1.3864862830331506	5.497595262084099	0.0	1.4585201118474853	0.0	0.6791558905381517	
1.0731885397144414	0.0	0.0	0.0	0.0	0.0	0.0	1.7782392198753865	0.0	0.0	
0.0	3.249122376170502	0.0	0.0	0.0	0.0	0.0	0.0	1.0465624826471622	0.4554719545296749	
0.412191128203823	0.5102669472862231	0.0026580585697409402	0.04754526071333053	0.0	1.4455765814902146	0.0	3.449718375850378	0.0	7.928219668262183E-5	
0.0	0.0	0.0	0.0	2.605397576092047	0.0	0.0	5.386598955789151	0.0	0.0	
4.746891417311354	1.0531797837292352	0.8175733614841504	0.0	2.228325453410484	0.5489351583416774	0.0	0.0	0.0	0.0	
1.755820275917868	0.0	0.0	0.0	0.6060292002152885	0.0	0.0	0.21876681047280536	4.012270428648152	1.570106767306975	
0.7046294753838476	0.0	0.09751116661927577	0.0	0.0	0.0	0.0	7.296679480412302	0.0	0.7721997667588919	
0.0	0.0	3.9216717241951073	0.0	0.4265939834872595	3.0641731960032024	0.0	0.0	0.0	2.421525331928422	
0.0	0.0	0.0	3.0338614727889297	1.7237480303934458	0.0	0.0	0.0	0.11226314031596048	3.5581049095876183	
0.0	0.0	0.0	0.0	0.0	0.0	0.0	3.856865083697781	7.59421318741531	0.0	
1.8346893243951	0.0	2.010258537394022	0.01812335308202664	0.0	0.0	2.211441592998887	0.0	1.708106412760131	2.170177781657821	
1.6619234318446596	0.0	0.0	0.6441873107320175	0.11630139241434768	0.0	0.0	0.0	0.0	0.0	
0.834355344567719	0.0	1.698177838332736	0.9879916734653099	0.7758648824385763	0.24758795502704875	0.0	0.0	0.0	0.0	
0.0	0.3535999862293793	0.0	2.18900465757081	0.0	0.5266156941450235	3.5135533556181864	0.10586466405529443	0.0	2.2279045957969896	
0.6559843276115627	0.0	1.2269037954010271	0.0	3.715917829043188	0.0	0.0	0.0	0.0	1.9932231434851884	
0.0	0.0	0.0	0.0	0.0	0.0	4.543195415439162	0.0	0.0	0.0	
0.0	0.0	1.229230766077261	0.0	0.0	0.21958113876425026	0.3580555754958349	8.484824794909818E-9	3.058129944438678	2.2636728893493303	
0.0	0.08523817144770743	0.30666852017408747	0.7396520250131979	0.0	0.0	0.0	1.3823272146355743	0.0	1.3515649727670551	
0.0	1.0766172826854146	0.0	0.0	0.0	0.0	0.9868090808574421	1.2295642941469886	0.0	0.0	
0.04751013108153781	0.0	0.0	0.0	0.0	0.0	4.883354212450357	0.6820962504842455	0.0	0.0	
0.0	0.0	0.0	1.1824863773346037	1.5072483425225045	0.0	0.09399299699590385	0.0	0.17384962997955822	0.9895764292035952	
0.9368614077930794	0.0	0.0	0.0	2.11354836582067	1.281182796321106	1.4296698596728368	1.2265953241225014	0.0	0.0	
0.6503137663049348	1.4569351213597828	0.14053375257858947	0.1415562577427985	1.7039744673910522	0.14616910744721126	1.4009234123059024	0.3313940674718029	0.41891449758162325	0.008248528030365307	
0.0	0.2449637679929207	0.0	0.0	0.0	1.8994816495305917	2.966772604969695	0.0	0.0	2.930617385590848	
0.0	0.0	0.0	0.0	0.0	0.0	0.0	2.1079013211347095	0.0	0.0	
3.0194767907379263	0.47706463460872595	0.0	0.0	2.1013975373328675	1.2091940449924028	2.8941914838690113	0.0	1.9074959481090346	0.0	
0.0	0.36350353046301076	2.9649475317348606	0.23674278492033507	0.0	0.0	0.0	0.10040902208434306	0.0	2.545867938306043	
0.0	5.120860045121575	0.15662856636232028	0.0	6.133062691221327	0.5476449020313701	0.07436736780512948	0.0	0.0048026248459313095	0.06917659578773427	
0.0	0.0	0.0	1.3256409359815313	0.0	1.367683087058341E-7	0.0	1.8729657522341743E-8	0.0	0.0	
3.862051754473105	0.0	0.0	0.0	3.7462944554961686	0.0	0.0	2.271228117468639	0.0	0.0	
0.0	0.6025571197456884	0.0	2.250915844654269	0.0	1.5454963160679989	1.3327278225798467	0.0	0.42159115087379656	0.0	
3.3281952888784696	0.32148910890837107	0.0	0.056077640663666335	0.0	1.4863858432173898	6.816978491766242	0.10532474273395614	1.363787798411361	1.073214107782909	
0.7475489934092908	0.0	1.3565516495148073	1.2517782731850395	1.18406037443627	0.10268326106173858	0.0	1.2007045540610002	0.0	0.20705589920670378	
0.0	1.3856208484698005	0.0	0.0	0.4124818986989103	1.0447764962168564	0.8191434573390853	0.0	8.571215040092111	0.032942984365303074	
1.08555369659043	0.0	0.0	0.0	0.0	0.0	0.0	3.5340231861016975	0.0	0.0	
0.0	0.0	4.822242548128294	1.3919642693610115	0.0	0.0	0.0	0.0	0.0	0.0	
0.0	0.0	0.0	0.0	0.0	0.0	0.0	2.4197725565245953	0.5127485483181136	0.0	
0.0	0.0	0.0	2.460195135748295	0.0	0.0	1.7586235395058911	0.43298911390519396	0.0	0.5625576148351552	
0.0	2.0409816164522283	0.0	0.4453933104685891	3.598091309298134	0.0	1.5696440564200909	2.437043250035529	0.0	0.0	
0.0	1.5013939717455407	0.0	0.0	2.6925987398078024	0.6288166284986393	0.25626671701938897	0.0	1.0129866685184319	0.7653675265685266	
1.6221346489215058	1.5410655052137996	0.33601335849946057	5.496592670614195	0.08231621046635317	2.426034863329718	0.0	0.0	0.0	6.194104525504364E-6	
0.0	0.0	0.0	0.0	0.0	0.0	0.0	5.532331493089471	0.0	0.0	
1.727322016688823	1.6966795448552903	0.0	0.0	4.112783453582238	0.0	0.36984943757177335	0.0	0.0	0.0	
0.0	0.0	0.0	7.93537301860241	0.0	0.0	0.0	0.0	0.0	2.1814303083596562	
0.0	1.8020263710920104	0.0	0.8507921596122973	0.0	0.0	0.04197306712276808	0.3923751359362331	0.32547782783850454	0.5753955373517644	
0.0	0.0	0.0	0.0	0.0	0.0	0.0	3.4998718674630593	0.9019427593215377	0.0	
0.0	0.0	0.0	0.201943575314906	0.0	4.700312942734759	0.0	3.563268782266127	0.0	0.0	
0.0	0.0	0.26799313100479566	5.105090865006692	0.0	0.0	2.2721604381522877	0.2753650379273076	0.4125376313176039	0.0	
0.6041952042490656	0.0	0.0	1.1168441799258182	6.19832334025066	1.8620214658561445	0.9752852084358383	1.4198696131781894	0.0	2.4685927279670046	
0.0	1.4144965178798996	0.43678791154770225	0.0	2.349647378524376	0.0	0.53397378595188	0.553152618504542	2.737064708295594	0.6870598363470048	
0.774886981330116	1.1375190917531683	0.0	0.0	0.0	0.12590175531313802	0.0	0.0	0.0	1.2324011707585896	
0.0	0.0	0.0	0.0	0.0	5.497488017467582	0.0	0.0	0.0	0.0	
0.0	0.0	0.0	0.0	0.0	1.990515248200599	0.0	3.9658419169896884	1.3577669064878894	0.0	
0.0	0.833673339157041	0.0	0.03468055021648264	0.05238315289555441	0.0	0.0	3.58911225567002	0.0	0.07059671687803508	
3.001025538436893	0.0	0.06510206404091415	1.9040697956165988	0.0	0.0	0.0	0.0	4.375491277954532	1.3169240876192934	
0.0	0.0	0.0	7.611277624057787	0.0	0.0	0.4513556591524079	0.0	0.0	0.0	
1.9636569738111778	0.0	0.0	0.0	0.0	0.0	0.0	4.043641228477251	0.0	1.2498181491871092	
0.5099786427737092	0.0	1.8231965116333797	0.0	0.06779360291345879	1.0664269110965832	0.0	1.8597407036205107	0.0	0.0	
0.0	0.0	3.0739721356580736	1.7398824563825606	0.0	6.289804199653707	0.0	0.0	2.709430690761967	0.980933690186817	
0.0	0.8035672685550669	0.0	3.6866665481654706	0.7443756763650184	0.0	0.1884444059208149	0.9985863469402027	0.0	0.0	
0.0	0.0	5.04409261274839	0.0	0.0	0.0	0.0	0.0	0.0	3.3222186971495984	
0.0	1.7448287362964376	0.0	0.4014053670470973	0.0	1.0732611980235527	0.0	5.851045189947891	0.0	0.0	
0.0	4.318707441204267	0.0	0.0	0.0	0.0	0.02974964641507827	0.0	0.0	0.0	
2.7093376759953784	3.0807044386265074	0.5851484967322342	0.0	0.0	0.03201066215510295	0.006189221251686967	0.4359705085660595	0.0	0.7543808235589804	
0.0	0.0	8.899175268096686	0.0	0.0	0.0	0.0	0.0	0.0	0.0	
0.0	0.0	0.0	0.0	4.172965601981148	0.0	0.0	0.4649904280525335	0.0	0.0	
0.0	0.0	0.0	0.0	0.0	1.2814373627182494	1.1168287141093867	2.705914414502757	0.36804753974072074	0.0	
0.0053956894600145616	0.0	0.006255304554223953	3.3848444586046007	3.450918552016125	0.8266279384858399	0.9468489373299883	2.6290115570097625	0.03969094244787675	4.143109866316353	
0.0	1.6515844761839895	0.0	0.0	0.0	0.0	0.849171000897345	3.3820847145396797	0.302558093380866	2.2838615276214616	
0.520521926022988	0.0	0.7133361009090698	0.0	5.958924587968318	0.0	0.0	0.0	0.0	2.4768018552793425	
0.0	0.27331568844714993	0.0	5.970547695377496	0.0	0.0	0.0	0.0	0.0	0.9615938730687802	
1.4383730917728756	4.656260645862215	0.0	0.0	0.0	5.750702470467957E-10	0.0	0.11763161374873368	0.0	5.040898256621577E-4	
0.0	0.20004252650027718	0.0	0.0	0.49468855455329963	0.0	1.9319016812475407	0.0	0.0	2.462995196067758	
0.0	0.0	0.0	2.6022549005942817	0.0	0.0	0.0	1.8321780211160854	0.0	0.0	
0.0	1.1397045721087895	0.0	3.2707148890427926	3.221150355176728	4.56588456132501	0.0	0.0	0.23992246874949652	0.24009742955448765	
0.33227074763622017	0.0	0.0	0.0	0.0	0.0	0.0	6.679179225237157	1.14162937986858	0.7543190185089894	
2.6486846711614556	0.38964751849644697	0.0	1.3036195833743511	2.7855805683257544	1.7954039495704537	0.3534230765440946	0.0	0.0	0.0	
0.0	0.0	0.0	0.4060322360793802	1.0902523675795175	0.0	0.0	3.241382202925909E-9	1.7421391803019421	0.011212063660161614	
0.0	0.25905767253511286	0.0	0.0	1.6134263693194104	0.0	0.014790551753871634	4.954654996066353E-4	3.1786075464807038	0.37645629276283066	
0.0	0.0	1.0287311623780033	0.0	3.0883358199659208	2.5511139710633244	0.0	0.0	0.0	0.0	
6.548269232185239	0.0	0.3121400478184449	1.2822255190840817	1.3346654358881718	0.0	0.0	3.231632545684893	0.0	0.0	
0.0	0.0	0.0	0.0	0.0	0.0	2.0798143765857384	0.0	0.0	0.0	
0.0	0.0	2.972500088310378	0.6345648351384784	0.0	2.795797140533863	0.7388806846385372	0.0	4.157839441789377	0.0	
0.0	2.493556263368339	1.1716287728313406	0.0	0.0	0.0	0.0	0.0	0.0	3.4035321436698047	
0.0	0.0	0.7385541543802848	0.0	0.0	2.9761377888030114	0.9662578473454798	0.0	1.9745412173114985	0.0	
0.0	0.3625327602430544	0.0	2.13884676707617	0.7685749742582555	0.5621557107582217	0.0	2.3330065459365983	0.3833679733025134	0.8783245822759589	
0.0	0.4653564689368637	0.0723558190184171	3.2061515735881643	0.0	0.14141493003781738	0.0	0.03822593902168452	0.0	0.004920956271804437	
1.4414008644200833	0.8185240429086065	0.0	1.4209814021811158	1.553091618267026	0.0	0.0	0.5269985703399966	0.0	4.956581657527862	
0.0	0.0	0.0	0.5439343077835023	0.0	3.8861399426683434	0.8901307285947636	1.3370637510392494E-7	0.0	0.0	
2.305298014449108	2.921481572321214	0.0	0.005637400449404417	0.0	0.0	0.0	0.029779567360825734	0.0	0.0	
0.0	0.34643515464696456	0.5109194448304502	0.0	0.46785885238452407	3.5453026774902505	0.0	2.448790484645291	0.0	3.2867659901233535	
0.0	0.0	0.0	6.051880804530541	0.0	0.0	0.0	0.0	0.0	0.8103164017996017	
1.5271536874099036	0.0	2.6521443833649084E-8	0.0	7.899371957754639	0.29495406071380537	1.7465638573656936	0.0	0.0	0.0	
3.957037989274764	0.0	0.0	0.0	2.150779960311463	0.0	0.0	1.8512966190397395	2.309710167156139	0.0	
0.0	2.1195024778791423	0.7624383070606576	0.0	0.0	0.0	2.620105923636983	0.0	0.0	0.0	
0.0	1.5325334502361814	0.0	0.0	0.0	0.6177547414030711	0.0	1.1983975554039048	0.0	0.0	
0.0	1.5632548659784615	0.0	0.37947961640081873	0.0	0.0	0.0	0.0	5.197749191128243	0.0	
0.434411563917679	0.056666011188068396	0.0	0.24828127096395008	1.0889484828386442	0.0	2.6432644080669245	0.0	2.1477920756491073	0.0	
2.59031455738147	0.0	0.0	1.8661939729210713E-5	0.0	6.636878443911406E-8	0.0	0.0	0.0	0.0	
1.240897598574862	0.0	0.0	0.0	0.886406408515243	0.0	0.0	0.0	0.0	0.0	
0.001186990983690272	0.0	0.0	3.1285410055660035	0.0	0.8658274948866352	0.6455862391947379	0.0	0.0	0.0	
0.0	0.0	0.0	0.0	0.0	0.0	0.0	7.774854083731606	0.0	0.0	
1.8339848854604897	4.449970012587477	1.617553112732326	0.3829380397298427	1.7294056942034242	0.0	0.1007193455368289	0.0	0.0	0.0	
0.0	1.5358511407301503	1.6094448147979907	0.0	1.3112842359029118	0.0	0.28568201634003065	1.9481717040363586	2.946117565469751	2.5175646828577642	
0.0	0.0	0.6911805736461581	0.0	0.0	0.0	0.0	4.654978943837903	0.0	0.09411183435736446	
0.6200328311299257	0.46031069845808376	0.027815886513147727	0.0	2.90627752915765	0.0	0.4379305408314298	3.476257813946208	0.0	0.04987566943580193	
0.0	0.0	0.0	0.0	0.0	0.0	0.6871517790257479	9.542839246302005	3.7056218683176354	1.3596556193605258	
1.7556267380310258	0.5863874855672151	0.0	0.0	1.932078573100667	0.0	0.9354065732173246	1.3314532180612455	6.44493053231979	0.5729239079121518	
0.0	0.0	0.0	0.8729192077896049	1.2038163027008837	1.841604560000956	0.4894171585373977	0.0	0.0	0.48378019509295317	
0.23837734124741125	0.0	0.0	0.03132420630975285	3.5517613315681054	1.3564017211846555	0.0	0.0	0.9411079148425899	0.0	
0.0	2.7187108019250403	0.0	1.6603881151929853	9.306384751847624E-9	0.0	0.0	0.0	0.0	0.0	
3.0871597534183786	0.0	0.0	0.0723356164938108	0.0	0.0	0.0	0.0	0.0	0.0	
0.9637048287141844	0.0	0.6157444957453505	1.5413275145131262	0.11656125001581075	0.5767920784160462	0.08028996132741503	3.2043922398177887E-4	3.5238544501954276	1.1076142003023093	
0.0	0.0	0.0	0.0	0.7299781415864847	1.0928384752646239	0.0	0.09081801028958175	1.179164194486155	0.0	
0.38538272120365247	0.0	0.0	1.9508830232370022	0.0	0.0	0.0	0.0	0.0	0.0	
0.0	0.4575407601004842	0.6855812439260994	1.2839213440422275	0.9923583753011617	3.2422104994505663	0.0	0.0	0.0	4.271229916433359	
0.0	0.0	0.0	0.0	0.0	2.3778856191070244E-4	0.0	6.526721882291626	1.4539708056140994	0.9712488234959779	
0.0348627948196312	0.0	0.0	0.0	2.730677201589588	0.0	0.0	0.0	0.17036249454814484	0.0	
3.1406964049760155	0.019635690110700352	0.0	1.7196725538341184	5.404326148320227	0.018281619961015374	0.0	0.6226674183559232	0.0	0.8649935994617454	
0.0	0.0	0.0	0.0	0.0	0.0	1.2608098782486759	0.0	0.8318122517615285	0.0	
0.13242393307466996	3.0982653417574406	0.0	0.0	6.338918542348271	0.3598239006698228	2.647029920259495	0.5841917174125537	0.0	0.30288051412248934	
0.0	0.0	0.0	0.0	0.0	0.1159334890730763	0.0	0.0	7.373784527903075	0.6228671501248408	
0.0	0.0	0.0	0.0	0.0	0.0	0.0	5.722477172601132	0.0	0.0	
0.0	5.233828167963169	2.860103660753856	0.0	0.0	0.2305381300327528	0.0	0.0	0.0	0.11109685697599615	
0.0	0.0	0.5949450191682316	0.0	0.0	0.0	0.0	0.0	0.0	0.7421858418322274	
0.0	1.2687716809221208	0.19727955023315996	0.035848938458171775	0.0	0.0	0.0	0.0	0.0	0.0	
0.0	0.0	0.2312359975405909	0.0	1.0741684798425182	0.0	1.3141090744612778	3.300498153652825	0.0	1.0321927943738671	
0.0	0.0	0.0	0.0	6.008969996377423	0.0	0.0	0.4181296770435108	0.0	0.0	
0.0	2.403813392361634	1.589862521053899	0.0	3.795176987743284	0.0	1.839715941416386	0.0	0.0	0.0	
3.130606693583491	0.0	0.0	0.0	3.567781639537545	0.0	0.0	0.0	0.0	0.0	
0.0	0.0	0.0	0.0	7.931658553528862	0.0	0.0	0.0	0.33316385215238875	0.0	
0.0	0.0	0.0	1.0062382887222818	0.0	0.0	0.0	0.0	1.5698729534896336	0.0	
0.0	0.0	0.0	0.0	8.439442070897318	0.0	0.0	1.9321985054379287	0.0	0.0	
0.0	1.5064935492025324	0.0	0.0	0.7159717213593821	4.9326576058303315	0.0	1.0937056714465108	0.0	1.1754046104944127	
0.0	1.471914311038898	0.0	0.0	0.20850695819627776	0.04593766123160642	0.0	0.0	6.665472014795062	1.3360296025825174	
0.0	2.179923191843222	0.0	1.7897280423560793	0.8832642514509925	0.0	0.0	0.0	0.0	0.282982300181684	
0.0	0.4004754631108596	0.0	3.3891819291076444	0.0	0.0	0.0	2.376737461779496	0.0	0.1342602695552006	
0.0	0.0	7.0249518799060535	0.0	0.0	1.9069044742870491	0.0	0.0	7.53486030756111	9.393075664023072E-4	
2.2322372834903836	0.0	0.0	0.0	0.0	0.0	1.0129898778999744	4.866272842280497	0.0	0.0	
0.0	2.8070489264598812	0.0	0.0	6.213166716891843	2.405091240212113	0.0	6.5008916175191365	0.0	0.5860076075094348	
0.2593274945367035	0.24312224262811263	2.5036457556292486	0.3713566388385767	0.7959061577613902	0.0	0.0	4.230812524464839	0.0	0.0	
0.0	0.0	0.0	0.0	2.6035737905262484	0.0	1.5318961710322334	0.12355877405380476	0.561093376391711	0.016418859017159632	
0.0	0.15564722840107212	1.482179220950969	0.6739367999659106	0.0	0.5894196150299806	0.649037458542724	0.0	0.0	0.25631545073309464	
0.0	0.024872928330078342	0.0	1.3327637825687726	0.6021592502573797	0.0	0.0014035071651579151	1.369411153494371	0.0	0.6087203804213387	
0.0	0.0	0.0	0.0	1.8073575257189174	0.0	0.0	3.33810197277767	0.0	0.0	
0.0	0.0	1.1272474382919562	0.0	0.23775632065895982	1.8034831921735166	0.0	0.0	0.0	0.0	
0.0	3.851938776142901	3.033073444523051	0.0	0.0	0.6290119085941546	2.8496440936053418	0.0	0.020448437069458696	0.0	
0.0	0.02597278243889467	0.0	0.0	0.22475150476166644	0.0	0.8098041343036829	0.048750613453942424	8.607789607310615	0.5616634408812089	
1.4419790787310593	0.0	0.0	0.0	0.0	0.0033311537694137774	7.5836110221369974	0.8167734216975062	0.53452152948115	0.0	
0.0	0.0	0.3267345473894938	0.0	0.0	2.504339534990855	2.455097927560986	3.027284496230098	0.37257441585138645	0.676855836481566	
0.0	0.0	0.0	1.8862673292266976	0.0	2.7983397767658427	0.0	0.0	4.8980476516764595	0.0	
6.79154180992991	0.0	0.0	0.0	0.0	0.0	0.0	0.0	0.0	0.5048519067528792	
0.0	0.0	0.0	0.0	3.342590266288377	0.0	0.0	2.5892683293445575	0.0	0.0	
0.0	0.0	0.0	2.827833852553582	0.0	0.0	0.0	0.0	0.0	1.536724482715845	
0.0	1.067070595689202	0.0	0.15175936067998363	0.4066897068446633	0.0	1.0335103968157904	1.0344864497682682	0.9453894492396508	0.21595610736068344	
0.0	0.0	2.509059619163279	0.0	8.494252665453878	0.0	0.0	0.0	0.0	0.4216456460028866	
3.456609095013378	3.968853979726988	0.0	2.2388299570538372E-5	0.0	0.0	0.0	0.0	0.630430396790772	0.0	
0.0	0.0	0.0	0.0	0.0	5.128819016929221	0.0	1.2145621200653007	0.0	0.0	
0.4010512108480112	0.10830184677746861	4.379772532334301	2.347287238726584	0.0	0.0	0.28940863974397313	0.12217538209611155	1.811567857539957	1.0154886617780716	
0.0	0.0	0.0	0.0	0.0	0.0	0.0	2.713898171860589	0.0	0.0	
0.0	0.9289175743039544	0.0	0.0	0.0	2.5570392758730356	0.0	0.0	0.0	0.0	
2.1793123473435534	0.5412216268645043	0.0	0.07351465157468043	4.002854864060654	4.570329727922787	1.1137701704682494	0.018838176477759146	0.0	0.6030789305330209	
0.0	1.1722617203662235E-8	0.0	0.0	0.0	0.0	0.0	0.0	1.6360751698038313E-8	5.423282401342087	
0.0	0.0	0.0	2.4364872855222814	0.0	2.1917744271756763	0.0	0.35495156834335084	0.0	4.915546561096161	
0.0	0.0	0.7910760959758825	0.0	0.8132908893372647	0.0	0.0	0.0	0.0	4.362918795128142	
0.0	0.0	0.0	0.0	1.2380455672545332	0.4172646109777166	1.9355774858653412	0.22236303276500521	1.2346780447468537	0.0	
0.0	0.0	0.0	0.0	2.716124836854819	0.0	1.6330592157353567	0.0	0.0	0.0	
3.1609788898978395	0.0	0.0	2.585736234529515	0.0	0.0	2.969047548317351	0.9622830497160197	0.0	0.0	
0.0	0.0	0.0	2.575805475854364	0.9365383034642347	4.173137526280852	0.00839423822861793	0.0	0.0	1.5625214328389188	
0.0	0.0	0.0	0.0	0.0	0.0	3.988504716481994	0.0	0.0	1.1125216096067019	
0.0	0.0	0.18344545103885954	0.0	0.0	0.0	6.518830038179115	0.0	5.739477697522979	0.0	
2.4773196881458324	1.1527372241714928	0.0	0.0	4.042084839816102	0.9439109220027988	0.18991526808290277	0.0	0.7961941392365339	1.5820660921437242	
0.55556112677604	1.0712727891089113	2.365276637407213	0.8666266301354125	0.0	0.11743441780241656	0.01445880210931732	0.0	0.0	0.0	
0.0	0.0	0.07543356048322238	0.0	1.1083388235881	0.0	0.0	0.0	2.6132722138392728	0.0	
0.0	0.5273267640157611	0.0	0.0	0.0	0.0	0.0	4.748192049618304	0.0	0.0	
0.0	0.0	2.081197253167741	1.5642711544612702	0.0	0.0	0.0	0.0	0.0	0.0	
0.0	0.11010799546594185	0.0	0.11090688374696042	0.6279831192552753	2.891566451285161	0.4556515270611367	0.0	0.0	0.0	
3.346821667912725	0.0	0.0	3.049372726513658	0.0	0.0	0.0	0.0	0.0	0.0	
0.0	0.20400787069897347	2.658549315706196E-10	0.7326611157270742	0.0	3.4656987106172754	0.0	0.0	0.0	0.0	
0.0	1.1850966871564161	0.0	0.0	0.0	0.0	1.117304518451903	0.0	0.0	0.2253329317773835	
0.007442104018571493	0.0	0.0	0.0	3.6964753913889155	0.5358114967420702	1.565385850667859	0.0	1.8368056300005786	0.0	
2.709172830269314	0.0	0.0	2.8036347654852505	0.0	0.0	0.0	0.0	0.0	0.0	
0.61536759824324	0.0	1.9386343533598354	0.0	0.45899980057578843	0.6854091621607209	2.3553670439596703	0.0	0.0	3.2654989382579123	
0.0	0.0	1.1362794031795147	1.0890256665610396	0.0	0.6415669445124946	0.7628579175260706	0.0	1.0383950237681072	0.0	
2.248874652955356E-5	0.0	0.0	0.9552207204371108	0.0	3.60986584660193	1.9475052142635103	0.0	1.0971533212895344	6.712496132347596	
2.91840344787945	2.3463294849517933	0.0	0.8864664287601611	0.32320765076225483	3.116753197914559	0.0	0.0	0.0	0.1551961363563689	
0.0	0.0	0.0	0.0	0.0	2.8446110366058854	0.0	6.096400607249514	0.0	0.0	
0.0	0.0	0.0	1.248674783513908	1.131754162466097	0.0	0.6637465180477525	0.0	0.0	0.0	
0.0	1.9592914771170293	0.0	0.6623597425206877	0.0	0.0	0.0	0.0	0.0	5.968130267075469	
0.0	4.149318233067003	0.0	8.416269034643012E-10	0.0	3.0373620581359915	0.0	0.0	0.0	0.0	
1.574855318353666	0.0	0.0	0.0	0.0	0.0	3.2181005028582017E-4	5.113150863973572	1.6987722231761746	0.6911734992299124	
4.099908719682858	0.1630790166770366	0.0	0.0	3.0739645742963204	0.0	0.01415505893473226	0.28020680928584235	0.0	0.0	
0.0	0.0	1.2283916583404018	0.0	0.0	0.4969061893736678	0.0	0.36430535291502353	0.0	0.0	
1.139185415020604	0.0	0.0	1.5652237006617238	0.0	0.8170032997961049	0.0	1.9217047939463843	0.0	0.0	
1.6635266183486668	0.0	0.0	0.0	0.0	0.8133124620917282	0.0	0.0	0.48351786247733836	0.0	
0.0	0.27929550550528154	0.21247559602839	1.034444947889081	0.0	0.0	0.0	0.08029886066934074	4.024304116269418	0.0	
0.0	3.1529687437625946	0.0	0.0	0.0	0.0	0.0	0.20064692145309124	0.0	2.988040148373242	
0.6045394404279207	0.0	0.0	0.0	1.1596729830772265	3.4376763474112146	0.0	0.0	0.7239461267067134	0.0	
0.3314682327278111	0.7207381259070845	0.0	0.0	1.8201642827780742	0.6157324839385958	0.0	4.795875104344139	0.0	0.46916499938376294	
0.0	1.693658026636272	0.384674256896891	1.0901807448981078	0.25043156542814965	0.0	5.016424354963734	0.0	0.0	7.150592685965307	
0.0	0.6975807842277923	0.0	1.496664197959263	3.680131099976021E-10	0.4409804595185778	0.13438799532120554	0.0	2.4931731773999064	1.8582246502501918	
0.0	0.0	0.550801221864911	7.672604409370607E-4	0.7793854186571979	0.0	0.0	0.0	2.1714133747105167	1.7742364032944247	
1.1711046934688105	0.0	2.058163067930618	2.79871168332413	0.0	0.0	0.03684809066498232	7.8121085611707874	0.0	0.0	
1.2264011111722992	0.7804851846373904	0.0	1.8692403423609658	2.303590669637631	0.015881710149955153	0.0	0.06318338409184476	0.0	0.15730804361895248	
0.0	0.0	0.7782419084704476	0.0	0.010116487084172154	3.3695675955366506	0.0	0.0	2.6602176016569773E-10	1.3900421664164835	
0.0	0.0	0.0	0.0	0.10864133516237387	0.0	0.0	3.0774084422927825	0.0	0.0	
0.0	0.0	0.0	0.0	0.02241329489545582	0.0	0.0	2.1873511789617974	0.0	0.0	
2.188397531742461	0.0	1.0270743168515022E-7	0.0	5.537566126241703	0.0	0.0	1.81268430483939	0.0	0.0	
0.0	0.0	0.0	2.096567563179654	0.0	0.0	0.0	0.0	0.0	0.0	
0.0	0.0	0.07260922394881152	0.0	0.0	1.5382307855778983	0.0	0.007389177538708814	0.0	4.588333686908096	
0.0	0.0	0.0	0.4602767304796414	0.0	0.0	0.0	0.0	0.12387583981895871	1.6747900451933586	
1.1119331897437972	0.0	1.1911376861698055	0.0	0.0	0.0	0.0	6.105582156967443	1.0698235898370332	0.0	
0.824885174486241	0.0	0.0	0.6062285663056135	4.546623903100311	0.0	1.9390191150948408	0.0	0.0	0.0	
0.0	0.0	0.0	0.0	2.8335296239479772	0.0	0.0	0.029087947616057083	0.0	0.0	
0.0	0.0	0.0	0.0	0.0	3.4532805308405374E-8	4.515194929653628	0.0	0.0	0.0	
0.0	0.0	0.0	0.6417519874513739	0.6614630026025812	0.0	0.0	0.0	4.848610654460653	0.0	
0.0	0.0	0.0034469932110147193	0.0	2.504087347735831	0.1429018128129467	1.627215688350973	0.0	0.18289914758123682	0.0	
0.0	6.367382886705598E-4	0.0	8.785843114226634E-9	0.0	0.0	0.0	7.391353807706613E-5	0.0	6.457614081053111	
1.5561509862683778	0.10845869942245055	10.558333398360045	0.3206168685138812	0.0	0.0	0.0	0.06448579623484688	0.4400560549354844	0.0	
0.0	0.0	0.0	0.0	5.162613237403531	0.31496550981149035	0.0	0.0	0.0	1.1069303815677585	
0.33797349480704025	0.0	0.45556033964360565	2.0639101289752526	0.18325751020570233	0.0	0.0	0.0	0.7611078745681334	1.0340998666032506	
0.0	1.1552821310962529	6.164239496912241E-9	1.5579383355791554	0.0	0.0	2.237079500964789E-8	0.8135151643840083	0.0	0.29304568784625945	
3.242244944636374	0.0	0.0	0.0	0.0	0.0	0.0	2.977410764852044	0.8755221196350851	0.0011871411187444505	
0.0	0.0	0.0	0.6493758393251412	0.0	2.63438160165225	0.0	0.0	0.0	1.0809263484134943	
0.0	3.3537874670993424	0.0	0.0	0.0	0.0	3.205836641492884	0.0	2.061507980613659	0.0	
1.70662310105592	0.0	0.0	0.0	0.0	0.002132858758206418	1.0214008581267877	3.0091236355047126	0.0	0.0	
0.0	2.937903105345493	0.39202410782638286	0.0	2.748070998563371	0.0	0.0	0.03830436855136258	1.5708593007642615	0.0	
0.0	0.0	7.011857490741802	1.0872444298290094	0.0	0.9846892601343169	0.0	0.0	0.3950262973619057	0.0	
0.0	0.0	0.0	0.0	0.0	0.0	0.0	0.0	2.9867805825887084	0.0	
0.0	0.0	0.6891527448545599	0.0	0.0	1.357875939015113	0.0	0.0	2.3368652514108623	0.0	
4.724670823533238	0.0	0.0	0.0	0.0	0.0	0.0	9.020105879547796	0.0	0.579987127089925	
0.0	0.583611768762168	0.0	3.939148351591982E-8	0.0	0.0	1.4578979434555408	0.0	0.0	0.15237413053614726	
1.3762687958209752	0.0	1.9108811564907884	2.64208382054657	0.0	0.0	0.6208755799020349	0.9832010179907132	0.2816814233903045	2.444590468340248	
0.0	0.0	0.2938902895927755	0.20576760039995626	0.0	0.0	0.0	8.440120009070736	0.0	0.0	
0.0	0.9622409369813345	0.0	0.0	0.0	0.0	0.0	0.0	4.04377968606702	2.941787404187369	
0.0	3.646169224725656	0.0	0.613836810242115	0.0	2.0673594116229417	0.3885515699307052	0.0	0.0	2.545150812868009	
0.0	0.0	0.29305324128160515	3.291214234443174	0.0	0.8090074798942448	0.0	1.5037602446656124	0.0	0.0	
0.0	2.3883290060249447	0.0	0.0	0.0	0.0	3.2408784445342116	0.0	0.0	0.0	
0.2390168179566728	0.0	0.5912060682574981	0.0	1.7318673895227166	0.0	0.0	1.0300847511058153	0.0	1.4773702494050034	
1.13093372768268	0.0	0.0	0.0	0.056793220298566566	0.0	0.2795238602762231	0.0	0.0	5.420994249049298	
0.0	2.3430020000262575	0.0	0.0	0.9686699052083226	0.0	2.970837986966253	5.415912726152494	0.18596808317878946	0.6351880481254664	
0.13341326857520322	0.0	0.0	1.4568263342783698	0.016180847441062834	2.2053401961762775	0.6132023225758879	0.0	0.0	0.0	
0.0	3.942858450864778	0.0	0.0	0.0	0.0	0.0	0.16700326113783895	0.0	0.0	
4.597125600275281	0.0	0.0	0.0	3.2535942040531762	0.0	0.0	1.159640946898885	4.21090017960202	0.3875589862543837	
0.982682772609373	1.7417241716370824	0.3884711570390401	0.0	0.0	2.785996281402146	0.0069856989600577965	0.0	0.0	0.0	
0.0	0.0	0.0	2.2477470988597097	0.58431689206277	0.6972510616293842	0.0	0.0	1.0140873529316454	2.1831411883185026	
0.0	0.0	0.0	0.0	0.0	1.5532809063473634	0.0	6.374302884757381	1.5505794031674744	0.0	
0.5508696509309599	0.0	0.0	0.6475376219032687	1.7072855386175545	0.9156362644581185	0.0	0.0	0.0	1.0886521814966237	
2.955172672469574	1.4128936815744908	0.0	0.0	0.0	0.8964175668779778	2.3346693377759253	0.0	0.0	0.0	
0.010600509839983703	2.307563125803854	5.754484437077702	1.247432564832581	0.0	0.0	1.0242001158113898	0.0	0.0	0.0	
0.0	0.0	3.5272657271414314	0.0	2.518692615603354	0.0	0.03373125192024757	9.719270944131862	2.438833696987283	0.3500509231978127	
2.00611372675671	0.0	0.0	0.0	0.0	0.0	5.7328600891336015	5.907392587206203E-4	0.039983635454013684	0.013613557267510193	
0.0	0.4589714195277342	0.2291387270803165	7.278180310216785	2.836572037321592	0.5016762662961758	0.014303411634163855	0.0	0.0	1.1076314009915915	
0.0	2.6020758647277558	0.0	0.0	1.4360390663027214	0.0	1.048213474990518	0.0	0.0	2.2161477086429446	
0.01937688358970176	0.14647692284686115	0.0	0.0	0.0	0.0	0.3703430465935349	4.055690086025382	1.2308274773493726	0.17319210942211974	
0.03284780058542477	0.0	5.938188425314612E-5	0.0	0.0	0.0	0.0	1.5699259579870921	5.620954308230285	0.0	
0.0	0.0	0.0	2.502527605816765	0.0	0.0	0.22221490363435845	4.557392818239337	0.0	0.0	
0.0	3.9914391169569345	0.0	0.0	1.8782925879717975	2.6357635416072607	0.6634116648552673	0.0	0.0	0.1903704453129955	
0.0	0.0	0.0	0.0	0.0	0.0	0.0	0.0	2.1783715227742824	0.0	
0.0	0.0	0.0	0.0	0.0	0.0	0.0	0.0	0.0	0.0	
0.0	0.0	0.0014320819059516039	1.9812998645113227	0.0	0.0	0.06188314275233927	0.0	4.162993177534816	0.2592009182841934	
0.0	0.0	0.0	0.0	9.82228602754913	0.0	0.0	0.0	0.0	1.7864318690917649	
0.6708324163399971	0.0	0.0	0.38903825331673064	0.0	0.0	7.860985973511132	0.0	0.0	0.2980026609190891	
3.1458934795877083	0.0	0.0	0.36400438892467213	0.0	0.0	0.0	0.0	0.0	0.0	
3.167131115324954	0.0879191793805671	0.0	0.11823938802162523	0.6839034190129811	0.0	0.0	5.181216992050704	0.0	0.6538053353896415	
2.83359641384335	0.0	0.0	0.0	0.0	3.6287335805843925	0.0	0.0	0.0	1.70444085775184	
1.4290336240907409	0.0	0.3099586920381076	0.0	0.0	0.0	1.7925928404469431	0.0	0.0	1.3445271859710477	
0.0	0.0	0.0	0.4834617791897434	5.8133326639397085	0.24080448594466677	1.748639395908884	0.3848905647303372	1.4130097751025266	0.0	
0.0	0.0	3.4645582496109912	0.0	0.8506009197619286	0.07221073385145123	1.1692239346189794	0.5206224945586492	5.833244229376796	0.6034051956359123	
6.0704927446761765	0.0	0.0	0.0	0.0	0.3813274269703278	0.9030983583651228	0.0	0.0	0.0	
0.0	0.0	0.0	0.9186436318915931	0.0	0.0	0.0	2.194403755575827	4.101313901587138	0.7886427444191677	
0.0	0.0	0.0	0.0	0.0	0.0	5.528274757368445	0.0	1.209174015856053	0.07177834990482136	
0.25058409376903584	0.0	0.0	0.0	0.0	3.819527090323957	0.0	0.0	0.0	0.0	
0.49209741885300395	0.23620495509530634	4.8317540790708415	1.27130999009434	0.11627982388795263	0.1948428075675554	0.0	0.0	0.0	0.6454086512852297	
0.0	0.0	0.0	0.0	0.0	0.0	2.806959546882142	0.0	0.0	2.774329447486045	
3.4019869928204147	0.0	1.3090014233900296	0.0	0.9928211371303274	0.0	0.5530267274133115	0.0	0.4619866696183918	0.2969603205059793	
0.0	0.6217355646323547	0.27348271295320503	0.0	1.506439038441996	2.2884473747916756	0.0	5.121887201321964	0.0	0.8784030152392412	
1.3901684223443278	0.0	0.0	4.459751469047554	3.1260177606708717	0.0	0.0	0.0	0.0	0.0	
0.0	0.0871021966719761	0.0	0.0	0.17468579964306094	0.05041617810744314	0.0	1.9339601869830683	2.1288533916531476	0.5452258014659358	
0.0	0.0	0.0	0.0	0.002914545707877883	0.0	0.013695755217814529	2.135193518671299	0.0	4.624416015406305	
0.0	0.0	0.0	0.0	0.4773246674120914	0.0	0.0	1.3132180309285169	0.0	0.9472456899210235	
0.0	0.0	0.0	1.6758275668855571	5.6055444442267195	0.0	0.5007190427795176	0.0	0.0	1.5594137105947623	
0.0	0.20677597104244735	0.0	1.4509269872694333	0.2272157008487077	0.0	0.0	1.0379068253505088	0.0	0.0	
0.0	1.5499735841764966	1.1503748285806843	0.0	0.14589015333618796	0.14372596147628205	0.0	0.0	4.251172619456328	0.0	
0.030554677769446963	3.154329164100196	0.0	0.6237365496766115	0.5205121659093883	0.0	0.0	0.0	0.0	2.8556713545769865	
0.0	0.0	0.0	0.0	0.0	0.0	0.0	0.0	3.316758713834165	0.0	
0.0	0.39719544240490834	0.0	0.0	4.507770004915209	0.286237492363511	0.5173407902288895	0.0	0.0	0.49835804188283145	
0.0	0.0	0.0	0.0	0.0	0.1473554819779409	0.0	4.218827844609761	0.0	1.1987090953786848	
5.559438055455446	0.0	0.0	0.8381918978402149	6.650938096830077	0.3276788510204948	3.297593494031605	0.3058576279803922	0.451594296449397	0.0	
0.0	1.7586135262633595	1.4547740219418517	1.7199044019247907	1.7101428816353181	0.0	0.0	0.0	0.8872131133334566	0.0	
0.0	0.0	0.0	0.0	3.3979041455055645	0.0	0.0	1.1749149170081497E-8	0.0	0.0	
0.007827944522993886	0.0	0.010682281143177152	0.0	0.002342281426070314	0.0	0.5636388087814852	1.1063302127495778	5.710114761528776	1.5892653740559004	
0.29967948065940486	0.0	0.0	0.0	0.5999444385163019	0.0	0.0	0.347990006543751	0.295098629556882	0.0	
2.0465534885207064	0.0	0.0	0.0	0.9232798109122453	0.0	0.07570062254945113	2.0102616701695837	0.0	2.4732163939496377	
0.0	0.0	0.0	0.0	0.0	0.7602182496057829	0.0	5.627999847878264	0.0	0.0	
1.9512853273266584	0.0646746387084944	0.0	1.0705730931170492	0.0	1.2343760266491626	0.45372356320178253	0.08741228369228046	0.0	0.0	
0.2195523339268002	1.8929112114250556E-5	1.940805220908807	0.0	0.7527970802384926	0.049498289271361635	0.24611668263834943	4.081587599380356	0.0778820868570421	0.0	
0.0	0.0	2.5931917183961235	0.0	0.0	0.0	0.0	0.0	3.2521397131554104	4.848689354679523	
3.606358050554193	1.3120704551258103E-8	3.8593661998052875E-4	1.3128279474999631	0.10021872884063836	0.0	3.288375579702418	0.0	0.5257118521850955	1.6494925147150953E-8	
0.0	0.0	2.1604801745496296	0.0	0.0	0.0	0.0	1.5433092681161158	0.0	0.0	
6.713014653632088	0.6717255692937119	0.0	0.0	0.0	0.0	0.0	0.12444298001301786	0.0	2.8174456005488513	
0.0	0.15622623143099074	0.18011672778530963	0.6452326474400235	2.049109554387335	0.7287345315340146	0.0	0.0	0.0	0.0	
6.862069756570529	0.0	0.0	0.0	0.0	0.0	0.7800394397308736	0.0	0.0	0.0	
0.0	2.182924778703413	0.0	2.893102807123913	6.925738069000037E-4	0.0	0.0	0.0	0.7706411969971798	0.4681771271487526	
0.7538613213806578	1.770268460672025	0.0	0.0	0.0	0.0	0.0	0.0	0.0	0.0	
0.0	0.0	0.0022400864729851862	1.844988899327166E-5	0.0	0.0	4.2560391062258	0.0	0.0046782131055595	0.743090423038288	
0.0015482269415671224	4.285317003235395	1.811319157200109	0.9361804421443451	0.0	0.0	7.184184769564001E-9	0.0	0.0	0.04997582400423649	
0.0	0.0	0.0	0.0	0.0	0.0	3.776575978306051	0.0	0.0	0.998775336955344	
0.0	0.0	0.0	9.434113522010568	2.0888358315235473	0.0	0.0	0.0	0.0	4.579651372479748	
3.4182246459497327	0.0	0.0	2.1111598310100828	0.0	0.0	0.0	3.1441656332557186	0.0	2.848975654095434	
0.0	0.31428379056911127	0.0	3.1441996355385857	0.0	0.0	0.9598636263292744	0.0	0.0	0.0	
0.0	1.3766434318032939E-5	0.0	2.7276439171390003	0.0	0.0	0.0	9.132365594928067E-9	0.0	0.0	
6.714028890317813E-4	1.8346540810494067	0.0	0.0	0.28315620899706334	0.0	0.0	0.0	0.0	0.025530213651071845	
0.0	1.8029621158915499	1.540823496395691	0.0	0.0	1.599772582768238	0.0	1.8373112847633006	0.0	0.0	
0.0	3.28840347781555	0.0	0.0	0.0	0.0	0.0	0.0	0.0	0.0	
0.0	0.0	0.0	0.0	3.167012076020835	1.0080692401466291	0.0	0.0	0.0	0.5926195405657984	
0.0	0.0	0.0	0.0	0.0	3.4754409815102734	0.0	0.0	0.0	2.8164443987474805	
0.0	0.0	0.0	0.0	3.3308948996488215	0.0	0.0	0.003256378179499315	0.0	0.0	
2.224218666390555	1.3740493725343048	0.0	0.0	0.0	0.0	0.0	0.0	0.9589209380903336	0.11889714986487432	
4.52013655778837	0.0	0.0	0.0	0.07498849456943472	0.0	0.05027485314694783	0.0	0.0	1.7262889128650865	
4.597966235392469	0.07445767178140464	0.0	0.9451939856028976	0.36545022918147946	0.0	0.0	0.0	0.0	0.0	
4.680991641086918	0.0	1.1947393952474454	0.06187664239493847	0.21898262103595006	0.0	0.6754009641360977	0.0	0.19977384677213583	0.0	
0.0	0.0	0.0	0.4398314585196866	6.362955762023943	0.0	0.0	0.0	0.0	1.5041926541465391	
0.0	0.0	0.0	4.2474930772024075	0.0	0.5466106758151706	0.04164341748743261	7.8358349204898206	0.0	0.0	
1.460893533917967	1.0066505552505096	0.0	0.0	0.0	0.0	0.0	0.0	0.0	1.7284167091734655	
0.0	0.0	0.0	2.047746708056007	3.3310789864084613	0.4976902453159635	0.0	0.24937669946410745	0.0	0.0	
0.20077452118761532	0.35198894281512777	0.0	0.0	0.0	0.0	0.0	0.4500054435817619	0.0	0.0	
0.0	2.1729698038748255	0.0	3.5042168490149557	0.0	0.0	0.0	0.0	0.0	0.0	
0.0023225708387133604	4.08030223735712	0.20179999804815285	0.0	0.13254578680797893	0.0	0.47409092078707293	2.57363038603694	0.24392208491683778	0.005480075004177065	
0.0	0.7666478773943763	0.0	0.0	4.620081040187051	0.8732983221407351	2.56911753919086	0.054004070358867486	0.7466313177255691	0.24709744019102875	
0.0	0.0	0.0	0.0	0.0	0.0	0.0	0.0	0.0	1.9406358316714565	
0.31639456709933883	0.0	0.0	2.207305235828655	1.076092479039269	0.0	1.0847666135772296	0.0	0.557739176743778	2.555666914596071	
0.08560568468474042	3.535355536106402	0.0	0.0	0.6989165953926864	0.0	0.7763839663416259	0.0	0.0	0.0	
0.0	0.0	0.0	0.0	2.4041992835975132	0.0	1.9290741034610817	0.0	0.0	1.0823027163422196	
0.0	2.1409872788058553	0.0	3.660740484211369	1.3618431788445629	0.5483436998021903	0.0	0.0	0.2776494388768407	5.78369218752435	
0.0	0.0	0.0	0.0	0.0	2.249293516189599	0.09680217996780932	0.0	0.4193931933023254	0.5168638977480385	
2.175685355130127	3.323022673799912	0.0	0.0	0.0	0.0	0.0	0.0	0.0	1.1703733214716712	
0.0	0.0	0.0	0.0	0.0	0.0	0.6513883753459471	0.8480312967875234	0.0	3.7725246499532172	
0.0	0.0	0.0	1.9466728957193975	0.0	0.7514474937035112	0.24712739432453515	1.641763535382901	0.0	0.0	
4.666017973575242	0.0	0.0	1.455113242579538	0.0	0.20333987440445983	0.0	0.0	0.0	0.0	
0.0	0.3945119012565213	0.0	3.761460675477801	0.1214004668582661	0.903850029455155	0.0	1.8366023363246022	0.0	1.2652087148605313	
0.0	0.22337258449809544	0.0	1.000335119058321	0.0	0.0	0.0	3.494567977996526	0.9797133614656012	0.9227278524847177	
0.0	0.0	6.520045690346669	0.19290723696214138	0.0	0.0	0.441462738666057	1.0381461845465811	0.28477094981124007	2.4358092621696894	
2.841174479600559	0.0	0.0	0.0	0.0	0.0	0.1620109718390195	0.0	0.0	0.0	
2.229313263750245	7.686049089281393E-5	4.002167402900588E-8	3.8579415055541446	0.7453561698070678	1.9567762446745425	1.6364264094887577	0.0	1.7586369340619356E-7	0.0	
0.0	0.1880756855669163	0.0	0.5190995173741941	0.0	0.0	0.0	8.176466532328417E-9	3.817468054502523	0.0	
0.18057657116804637	1.7666675875623463	0.5475816128181765	0.0	1.2863091519192664	0.49914846476241365	0.04801742190987198	0.09782656934313652	1.164540205679136	0.0	
0.0	3.5674592834292915	0.0	0.47190368968159985	0.0	1.2702854936048313	0.0	0.0	0.0	0.0	
0.0	1.4030053710301142	0.10564260283641273	0.18984019277604852	0.0	0.4866161538143287	0.23914892520451211	0.0	0.0	2.3703981909452154	
0.0	1.7004547574040532	0.0	1.4937680966359446	0.0	0.27473861998910265	0.22906547683813203	0.23569449172605256	0.0	0.5443080151079733	
0.0	1.6515617343114908	0.0	0.0	0.0	0.0	0.07128820158688579	0.0	0.6670974759048086	0.0	
0.9199236678567659	0.0	2.865199721557474	2.282759361620103	1.1517915412939022	1.382341118586229	0.0	0.0	0.0	0.0	
0.0	0.9139742936201724	0.0	1.3369346662387687	7.204544990571438	0.0	0.0	0.0	0.0	2.2280418088075136	
0.0	1.346015237425294	0.006532179757053125	0.0	0.0	0.07395286570881666	0.0	1.1640429130116703	0.0	0.1869777038850948	
0.0	0.0	0.011401919606341827	2.5735545969900593	3.691514984291766	0.8253672739051816	0.0	0.0	0.0	0.0	
6.512263943007638	0.0	0.0	0.0	3.2940479226552424	0.00781966024018573	0.9728138722306557	0.0537606872643375	0.10780543921506575	0.0	
2.566723909263336	0.0	0.0	0.0	0.0	0.0	0.0	2.2056650524997923	4.643741009108872	0.0	
0.8549509887761665	0.0	0.4710117818205157	0.0	0.0	4.945544159965777	1.0432691049552547	0.3432300087426622	0.0	0.0	
0.0	0.0	3.945727574179718	0.0067738192326908505	0.12589965060605293	0.0	0.0	0.38658540612717823	0.0	5.6135615290814895	
0.0	1.0163969083312168	0.0	0.0	0.0	0.12932122282346675	0.695511592740583	0.8554619595744225	4.930998695343959	3.346768580613279	
0.0	0.0	0.0	0.0	4.983150869519437	0.0	0.0	3.023167238611446	0.0	0.0	
0.0	1.097988674356401	0.0	0.20470300888295132	0.0	0.0	5.6142404652018705	0.0	0.0	0.24155389182787715	
0.8447325862164045	1.872478678162089E-8	0.0	0.0	0.0	1.8751690860667327	0.0	0.0	0.0	0.0	
5.21724496287614	0.0	0.0	0.0	3.8993696359248764	0.0	0.9632600788897483	0.0	0.0	0.0	
0.0	3.995650620633479	0.0	0.0	0.0	0.0	0.0	1.0218619950962995	1.2922540369467552	0.0	
0.0	0.0	0.0	2.0634871854346755	0.0	0.0	3.251548050536794	0.0	0.0	3.2356574317072253	
0.3212350180166536	0.0	0.0	0.14329366702865734	0.0	0.0	0.0	0.25557311006604	0.0	1.219137974101312	
0.0	0.0	0.0	0.0	7.254203052439039	0.0	1.1349097041058664	1.035072338908345	0.0867421341067419	1.8105801750084731	
0.0	0.0	2.9822906406230776	0.0	1.5066886153716748	0.0	0.0	0.0	0.0	0.0	
0.0	0.0	0.0	0.0	0.0	0.0	2.2223176738161876	0.0	0.0	3.0418957362777976	
0.0	0.2803641331570704	0.0	0.0	0.0	6.083932400777208	0.04656946318495443	0.0	0.0	2.332934859352862	
0.0	0.0	0.20298124552856386	0.0	1.5137353953833528	0.0	1.6315356727965138	0.0	0.0	2.4590084254488365	
0.0	0.0	0.7505989596952273	0.0	0.0	0.0	0.0	0.12208955908386826	8.365000563669538	0.10207159271034695	
0.0	1.3047727999907643	0.0	0.0	3.067994344411619	0.0	5.678662996640201	0.0	1.3784047596438036	0.0	
0.0	0.0	0.0	0.0	0.0	0.0	6.197245562490491	0.0	0.0	0.0	
0.0	0.0	0.0	0.07699386382301848	0.0	1.453570823462528E-7	0.22269938867813452	1.5507326045070593	3.014748926897076	0.1343064383614537	
0.0	0.0	0.0	0.0	0.0	0.0	0.0	7.099226070311183	6.040457281904085	0.0	
0.0	1.824530080403944	0.0	0.0	0.0	0.0	0.0	0.0	0.0	0.0	
0.0	0.5184168479430376	0.0	0.3371278833806171	0.05798929413506819	0.0	0.0	0.0	0.0	0.0	
2.682551009147903	0.3708290908834106	0.0	0.1792552556320067	0.6833494989333565	1.2529407720288812	3.2152400593077877	0.0	0.8006935303377359	0.0	
0.0	0.0	0.0	0.0	0.0	0.6269512950271572	1.61592260588155	0.0	0.0	0.0	
0.0	6.372093017232002E-4	0.0	0.0	0.9550177094274211	0.0	0.7237796371110958	2.238511937568932	0.0	1.601935750990156	
1.9034751675083335	0.0	0.0	0.0	0.0	1.5968543613068653	0.0	0.0	1.1716551221398332	0.0	
0.17185530595216558	0.0	0.5474488268534238	0.0	0.0	0.23245716075016423	0.025096711979026538	0.0	0.0	0.0	
0.0	1.050217616595996	0.0	0.0	0.0	0.4920022623989007	0.9755910874048102	0.0	0.0	0.0	
0.0	0.0909631144013566	4.813000870601365	0.0	1.2522211172397977	0.0	0.0	0.16768381009379918	0.0	0.15316318299100473	
0.0	0.0	0.0	0.0	0.0	0.0	0.0	0.0	0.427324484872849	3.7267247076967913	
0.0	0.0	0.0	0.0	0.0	0.0	0.0	0.0	0.0	0.0	
0.0	0.0	0.0	0.0	0.0	0.0	0.0	0.0	6.393746894002014	0.0	
3.166105488022452	0.0	0.0	0.0	0.0	0.0	0.0	4.7132534193997975	0.0	0.0	
0.0	0.0	0.0	0.0	0.0	0.0	0.8027188417673321	0.0	5.321542342070558	1.8468558888220517	
0.0	0.0	0.0	0.0	0.0	0.0	3.7369292025007352	0.0	0.0	0.0	
1.0100758865523012	0.0	0.0	0.0	0.20364528053304579	0.0	0.0	0.0	0.0	1.4935488958153158	
1.2366893219516844	0.0	1.0863646930606679	0.5265789002133736	0.0	0.0	0.28219884742609974	0.0	2.044541267528739	0.0	
0.7310936162161181	0.0	0.0	0.0	0.0	0.8219771282427026	0.4144068170989235	0.8893942463343525	0.0	2.0109469998566585	
1.0253696826900967	0.29453959124170304	0.2374185339500637	1.1195725706194317	0.0	0.0	0.44968655495267423	0.0	0.7044118870608929	0.4258718562994534	
0.0	0.0	0.0	0.0	0.0	8.661454790068959	0.0	0.0	0.0	0.0	
0.0	0.0	0.0	0.0	0.0	0.0	0.0	4.638573489381251	0.0	0.0	
3.1882916623744246	0.0	0.0	0.0	0.0	0.0	0.0	0.0	0.0	0.6857186901829901	
0.0	0.0	7.248314072082035	0.0	0.0	0.0	0.0	0.0	0.0	0.0	
1.1158126931365822	0.0	0.0	0.0	5.232821475955753	0.0	0.0	0.0	1.80544909934564	0.5208480687005579	
0.0	0.0	0.0	2.869286591744164	0.0	0.9962434483555744	0.0	0.0	0.0	0.0	
0.0	0.0	0.0	1.2479843662620878	0.7709537482538625	0.0	0.0	0.0	0.0	0.0	
0.5546595255182661	0.0	0.0	0.0	0.34386774276052545	0.0	0.10217823778093606	0.0	0.0	0.8293696363032513	
0.0	0.256912110229536	2.9042099104535177	0.06473425581507522	0.0	0.0	0.0	0.8426405075457303	0.17548484685729537	2.4024986594800155	
0.6531198552584281	0.0	0.0	0.0	0.0	2.466960451995042	0.0	0.0	0.0	0.3963172987209053	
0.0	2.375358345354958	8.462708058798068	3.326240854209849	0.0	3.572274775618908	0.0	0.0	1.211989650644843	0.0	
0.0	4.692807666817323	0.0	0.0	1.545571305993873	0.12646196874885748	2.8562969581355824	0.0	0.0	0.0	
1.0431701303932306	0.0	0.0	0.0	3.0773833229193226	0.0	0.0	1.8213955601455265	0.0	0.0	
0.0	0.0	0.0	0.0	0.0	0.0	0.0	0.0	0.0	1.1406155917204022	
0.0	0.0020592066833629774	0.10685462079924044	0.010648392409200465	0.0	0.0	0.0	0.0	1.345997383672435	0.7941787445795202	
0.0	0.0	0.0	0.0	2.325683408955868	0.0	0.0	4.201056207024847	0.0	0.0	
0.0	0.0	0.0	0.0	0.0	0.0	2.0714916665710725	0.0	0.0	0.0	
0.0	0.5582319346942733	0.0	0.0	0.0	0.7497704226480434	0.0	1.4338745745340327	0.813772773371193	0.8783512027580972	
0.39581171268740856	0.0	0.0	0.0	2.0309862820177855	4.2161752637052645	0.0	0.0	0.0	0.5345593801417278	
0.0	0.0	1.3256280266263263E-8	0.06823476986545181	3.484565576917705	0.0	0.0	0.0	0.0	4.1604473917111475	
1.979599311839208E-4	1.8140382422142112	6.5582458902878205E-6	0.6706135769044137	0.10320856816915236	2.1466093919181333	0.0	6.56763711892365E-6	2.54339506500109E-8	0.07896543536287903	
0.0	0.0	0.3217020118185231	6.2226445378536885	0.0	0.0	0.0	0.0	0.0	0.0	
0.0	0.0	0.0	0.0	0.0	0.0	0.0	0.9552001301278368	0.0	0.0	
0.0	0.0	4.711556463086318	0.008921853429117716	1.6054887069615489	3.3796692043722674	0.0	0.0	0.0	3.070783033100741	
3.1103198187760412	0.0	6.741024442608811	0.0	0.0	0.0	0.0	0.0	0.7140613473774549	0.0	
0.0	3.416378202147934	0.0	0.0	0.04634312189910013	0.0	0.0	2.348333751132788	0.19106091515091234	0.005863571401513069	
0.0	0.0	0.0	0.0	0.0	2.8845140674428293	1.751125223836698	3.423087885787086	0.04288704980526037	0.0	
0.0	0.0	0.0	0.0	1.4977140663846076	0.0	5.349501956801623	6.572742960402896	1.9096380987049109	0.035802916517962205	
5.267914502906153	0.12179295675816311	0.5873060218270932	0.0	2.9797844118401806	0.0	0.0	0.0	0.5830466011769281	7.107330276398557E-5	
0.0	0.0	0.0	0.0	0.8247279276941126	0.0	0.0	0.0	0.8634349284676236	0.417517723622998	
0.0	0.19466865927906232	0.0	0.0	0.0	0.5538583429131051	3.199512634580486	0.0	0.0	0.0	
0.0	0.0	0.05062467751760314	2.893649414366885	0.0	0.0	1.7975208656362696E-10	2.3329021405018993	0.4009234542467754	0.0	
0.0	0.0	0.0	0.0	2.941859249817653	0.0	0.0	7.52071269032842	0.0	0.0	
0.0	0.0	0.0	0.0	2.994273073358677	0.0	1.75283260312388	0.0	4.876539047910577	0.0	
0.3010886135696524	2.1654570069501533	0.0	0.0	0.0	0.0	1.8425669886778462	0.0	0.030007721761094855	0.0	
0.0	1.9651411557361471	0.0	0.0	0.013549511338269402	3.4268433433696277	0.0	0.0	0.0	0.0	
0.0	0.0	0.0	0.5610097100499122	0.0	0.0	0.0	0.0	0.0	0.9068586528600938	
0.9204089801632753	2.0344849290903073	0.0	0.5564299250872186	0.0	0.0	2.7322011607210124	0.0	0.0	0.0	
1.903564050066494	0.0	0.0	0.0	0.0	0.0	0.2682613512042228	0.0	5.3555406681266025	0.24715509424198512	
0.0	0.0	0.0	4.031458457983963	1.182356949388123	0.3259596785870674	0.0	1.8856435798902111	0.0	0.0	
0.0	0.0	0.0	0.0	2.1910192467055167	0.0	0.0	0.0	0.0	0.0	
0.0	1.6873054606665283	0.0	1.3015005876591763	0.7366303888443195	2.1547181856536546	0.0	0.0	0.0	0.23027453553369864	
0.0	0.0	0.0	0.0	0.0	3.225827800172938	0.0	0.0	0.0	0.0	
0.0	0.3449562793176888	1.1026056403668971	0.09981454410566676	1.305428672746993	0.17742392519067668	0.2965401840282886	6.673628090328927E-8	0.7994132805621357	2.6586921114566904	
0.0	0.0	0.0	0.0	0.3240099929806646	4.617300885129251	0.0	0.0	0.0	0.0	
0.0	2.833951689934943	0.0	0.0	0.0	0.0	0.8299186358986913	0.0	0.0	0.0	
1.4830575229329264	1.3712443682060056	0.0	0.0	0.0	0.0	1.3030752231584448	0.0	1.7882372482147697	0.0	
0.0	0.0	0.013254098591699806	0.703238822588821	1.9268925398408943	0.0	1.0929913627104035	2.7203746446308026	7.275116633065057E-10	0.0	
0.0	0.0	0.0	0.4159266100052982	0.0	0.0	0.5907661168957299	2.1622621895714023	0.0	0.0	
0.0	0.0	0.0	0.6711744965762255	0.0	0.0	0.0	0.034852732378017795	0.0	1.946485972571545	
4.799683262800512	0.0	0.0	0.0	0.0	0.9831591657306853	0.0	0.0	0.0	0.0	
0.0	0.0	0.0	2.5656462192743534	0.0	0.16193689082474572	0.0	0.0	0.5358580871469634	1.1387052776697864	
0.022519276091432255	0.0	3.682771172974698	0.0	0.0	0.0	0.0	1.5740863873544686	0.5897330270124443	0.0	
1.2944148863594647	0.45273970171115463	0.0	0.0	0.0	0.0	0.0	2.397188799258719	0.0	1.0047722070712708	
0.41394633033723294	1.241608663153939	0.0	5.258247668899003	0.0	0.0	0.0	0.0	2.6465600614309373E-4	0.0	
0.0	0.008983384520192421	3.8287973070969343E-8	7.517916303090036	0.0	0.9910728485171542	0.09655179723062303	0.0	0.08240866020086757	2.15529397937331	
0.0	0.0	0.003825320155956498	1.1909301469160118	0.0	0.0	0.0	0.3413885174630531	0.0	1.9228301728563764	
0.0	7.963761139042322E-10	0.0	0.684707651485641	0.0	0.0	0.0	1.452025017277412	0.0	0.0	
0.5485442570540388	0.0	0.47687702116169345	0.0	0.0	0.0	0.0	0.0	0.0	0.0	
0.0	0.0	0.0	0.0	0.0	0.0	3.889258510280062	1.323688010184044	1.8044479931732922	0.0	
0.18578310777078427	0.0	1.6586345697678793	0.0	1.136418442408297	0.0	0.0	0.06939034239224318	0.0	0.0	
0.0	0.0	0.0	0.0	0.0	0.0	0.0	1.4023821567650885	0.0	0.0	
0.0	1.0497753246561081	0.0	2.4645455393368176	0.0	0.001180829011349639	4.199697905021831	1.1482674155879466	0.0	0.36293143390795013	
0.0	0.0	0.0	5.905793628079827	0.0	0.0	0.0	0.0	0.0	0.0	
0.39323564459640475	2.2449982476760164	0.0	0.0	0.0	2.9779358386728405	0.0	0.0	0.0	0.073352131475734	
0.0	0.0	3.7824767308320126	0.0	0.08160794707195401	0.0	1.2562342962507638	0.0021869146751445937	3.889168905898083	0.0	
0.0	1.8207773881687983	0.0	0.0	0.0	1.0010388171149642	0.0	0.0	0.0	1.5753707666084742	
3.448373999530129	2.952602648193083	0.0	0.643775935359292	2.5552540567660097E-4	0.0	3.108788725583809	0.0	0.0	3.63645810850619	
5.885863132263359	0.0	0.0	1.0920256037639304	0.42001214732980335	0.0	0.012717755690445538	0.0	1.9903742885577969	0.0	
0.0	1.5743923898383598	0.0	0.0	0.0	0.0	0.0	0.0	0.0	0.0	
0.0	0.0	0.0	0.0	0.0	3.6327910773333385	0.0	0.0	0.0	1.894894742102654	
1.4727098528268154	0.0	0.0	0.0	0.0	3.0438413045653268	0.0	0.0	0.0	0.0	
0.0	0.0	0.0	0.0	0.0	0.0	1.0698231309557122	0.0	0.15535533756641623	0.0	
0.0	0.0	1.507447245944588	0.0	0.0	0.0	0.9440828282141506	0.13276847771143685	0.014024521276407102	2.6528304645232432	
0.13546010418127755	0.1993923075485451	0.0	0.030485250928715003	0.0	0.0	1.4342596883923164	0.0012671168594992773	4.902122979111537	0.0029034398517921722	
0.0	0.0	0.0	0.0	1.4729713111584763	0.0	0.0	4.564769205400945	0.18184309046339467	0.0	
7.560350453461564E-4	0.0	3.069163100227682E-8	0.025937421186078037	3.5305121941842885	0.0	0.0	0.0	0.0	1.086618768955178	
0.0	0.0	0.0	3.2911785493293215	0.0	0.0	0.0	0.0	0.0	2.122284067150986	
1.4416313178420648	0.0	0.0	0.0	0.0	0.8765755950476509	0.0	0.1970212549502659	7.623115561010404	2.8407599384765883	
2.2647485735906474	1.1476845566564382	0.0	0.0	0.0	0.9453446226882913	0.0	0.0	0.0	0.0	
0.0	1.2009813680825923	0.0	0.08874888464233194	0.6136412818193969	7.461209076018267	1.070268402612832	0.0	0.0699434705931156	0.0	
0.0	0.0	0.0	0.0	0.0	2.3253811091197965	0.0	3.83327502492527	0.618265306140941	0.0	
0.0	0.2511574532229059	0.0	0.0	2.1456974116887206	5.066868765239323	0.0	0.7733225957533851	0.0	6.004091910397636	
0.0	0.0	2.213862297135075	0.0	1.8260327859528864	0.0	0.0	2.3605929787057183	0.8292548969525935	0.0	
0.0	0.0	0.3201424044155959	1.0013164966845116	0.0	2.0106954873547562	1.7946792062348227	0.0	0.10446581185420156	0.0	
0.0	0.0	0.0	0.0	0.0	0.0	0.0	6.861751213381834	0.0	2.275996641391569	
0.0	0.0	0.0	0.0	0.0	0.0	0.0	4.63565520300773	0.0	0.0	
4.2215383220651255	0.0	0.0	0.0	3.166658105370271	0.13932970551095683	1.4638465195495722	0.0	0.0	0.0	
0.0	0.0	0.0	0.0	0.0	0.0	0.0	3.4119821247404563	0.0	0.0	
0.0	0.0	0.0628342654717194	0.0	0.0	0.0	0.0	1.270311512339373	3.3744852358945283	0.0	
0.0	0.16376063875943453	0.0	0.0	2.408558895773931	0.0	2.2739816434291327	3.4988813979099866	0.0	0.0	
0.0	0.0	0.0	0.0	5.776298841308911	0.0	0.0	0.0	0.0	0.0	
0.0	0.0	0.0	0.0	7.2606702577937705	0.0	0.0	0.0	0.0	0.0	
0.6485294785334206	0.0	0.0	0.0	0.0	1.9302432057331287	5.918677478298626E-4	0.45907300566254944	3.1056069649744904	0.0	
8.552135386759316	0.0	0.0	0.0	0.0	0.0	0.0	0.0	0.0	0.0	
0.0	0.0	0.0	0.0	2.1989989220418775	1.0797458233566002	0.18391593500570577	0.6638269707417067	0.28726362080329476	0.827855190649771	
0.0	2.170918186684999	0.0	0.1051199227521231	2.703087071171562	0.0	0.0	0.2730847491602368	4.220385839368971	1.3110808199499986	
2.595796271807402	0.0	1.004703143958191	0.0	0.0	0.0	0.761969087926926	6.256625153319091	0.0	0.0	
0.0	0.0	0.0	0.0	2.3433975626702463	0.0	0.0	0.0	0.0	3.839671178453086	
0.0	1.911019896784461	0.0	0.0	0.0	0.0	0.0	0.0	0.0	0.0	
1.9815538610117827	0.0	0.8692571075665562	1.3997204403549022	1.2910326332413866	0.5891063209418135	0.0	0.9496042359318075	0.9223841609489354	0.0	
0.0	0.7915982719154476	0.0	0.025632258873240343	1.6412169939328463	0.0	0.0	0.0	0.0	0.0	
6.993100385670767E-6	0.0	0.0	0.0	0.20048408871350665	0.0	0.0	2.7474614559876023	0.0	0.0	
0.0	0.0	0.0	0.0	2.051673006883801	0.0	0.0	0.0	0.0	0.0	
2.611087325271649	0.0	0.0	0.0	0.0	0.0	0.0	2.7877303298606058	3.623133963721618	0.0	
0.0	0.0	2.4402508280453947	0.0	0.0	0.0	0.0	9.636453416479185	0.0	0.0	
1.4981190448622297	0.0	0.0	0.0	0.0	0.0	0.0	3.4387794867920687	2.5542364318623614	1.0469775347909542	
0.0	0.0	0.04461623763443718	0.0	0.0	0.18850687849928463	0.8756622528941183	3.4931959355121602	0.0	0.8949030768468189	
2.805754351790392	0.0	0.0	0.0	1.0802046704149468	0.0	0.8337710198693412	0.0	0.17946047614150068	0.0	
0.0	0.0	0.301664498126391	0.0	0.0	0.22320737503177734	0.0	0.0	3.069824397593911	1.4739521057149376	
0.0	0.07256821352996891	0.0	1.8782227522765569	0.0	0.0	0.0	0.0	1.1006343617133831	0.0	
4.638375645293422	0.014579622268971831	0.0	1.1885247227031017E-4	0.8186332363892311	0.0	0.03501130131132365	0.20508037679278454	0.0	0.0	
0.0	0.0	0.0	0.0	0.0	0.0	0.0	0.0	0.0	0.0	
0.0	0.0	2.7077745869539336	0.0	0.0	0.0	0.0	0.9031388984833194	8.33942370665125	2.461986282901498	
0.0	0.052083103549138345	0.0	0.0	0.0	0.0	0.24476094519294622	0.0	0.0	5.003848721462757	
0.0	0.0	0.0	2.4348122338434	2.8662768709126443	2.811211439709891	0.0	0.0	0.538943035693654	0.0	
0.7283283759185674	0.0	0.0	0.0	0.0	6.030035230366254	0.0	0.0	4.615025574195128	1.5393924726775787	
0.4521684254474441	2.0348882292993418	0.0	0.0	0.0	1.0608747554258693	0.0	0.4087553181934892	1.3727846367280154	0.3316389102801352	
0.0	0.0	0.0	0.0	0.0	0.0	0.0	0.0	0.0	0.0	
2.2864420780236596	0.0	2.4655605884953355	0.0	0.0	0.0	0.0	0.0	0.0	0.20805113651520188	
2.523685804176563	0.0	0.34858156215322555	2.9534692946606476	3.054917010473154	0.0	0.0	0.0	0.0	0.521359436039551	
0.5840149092897893	0.0	0.5315265613364742	0.0	0.0	0.02695298644317344	0.0	1.6006465167046713	0.0	0.0	
1.227327273620593	0.0	0.0	0.0	0.0	0.0	0.0	5.77339417473755	0.0	0.0	
0.0	0.9684328804072702	0.0	0.0	0.0	0.0	0.11212715158202866	0.0	0.0	1.0068720393082955	
4.005677029507861	0.0	0.0	3.808097066030447	0.0	0.0	0.7202458267170252	0.0	0.0	0.0	
0.0	0.0	2.565951633542448	2.184190153826698	0.0	0.0	0.0	0.0	4.662703798252863	2.1279647243821267	
0.0	0.0	0.0	5.218913317728009	0.08828253875289974	0.0	0.03845610706719292	0.0	1.6448496084940747	1.7231495140400395	
0.0	2.028518759945869	0.0	0.0	0.0	0.0	0.0	0.0	0.0	0.0	
0.0	0.15997697351801543	0.0	0.22952181779630734	0.32784111915335834	0.0	2.2558240469302517	3.1729694566531266	0.0	0.7872046660904773	
0.0	0.6482122847326005	0.0	1.2154927390049788	0.0	0.0	0.0	0.0	0.0	0.37902871481943434	
5.171939474786477	0.0	0.0	0.0	0.0	0.25768841185193037	0.0	0.8587402403709964	0.0	0.0	
0.6588479220866101	0.0	0.0	0.0	0.0	0.0	0.7148136644127759	0.0	3.7944157547422432	0.0	
0.0	0.0	0.02220125534176701	0.3758483368881704	0.0	0.0	0.16114428565586716	4.529269490690453	0.09556725194283089	1.1942420404856962	
0.0	0.0	0.0	0.0	6.372400128012778	0.0	0.0	4.6610526053619745	0.03037622492230814	0.0	
0.002931772149399458	0.0	1.2964288569169823E-8	0.0	1.0710515775405547	4.450933083353903	1.8227207690408869	0.0	0.0	1.2084676768209037	
0.0	0.0	0.0	0.0	0.0	1.0860891223929863	0.0	0.0	0.8671419652445872	1.8469180099611182	
0.0	0.8703720163568077	0.0	0.0	0.0	0.5291228749241441	0.0	0.5617045585463134	0.0	0.0	
0.0	0.32424313544933797	0.0	0.0	0.3036410690718451	0.0	2.36231984223874	4.522534427420986	0.7628612348940653	0.0	
3.432611624113542	0.0	0.0	0.0	6.960472411178151	0.7534196886046665	0.08879718159194529	0.0	0.0	0.0	
0.0	0.9487975211073657	0.0	0.0	0.42652172021063095	0.0	3.4778711256596977	2.1589871305404498	0.0	0.188502321610233	
0.0	0.11129818174385087	5.064824118551607	1.8212390867256902	0.0	0.0	1.1248444445421162	0.0	0.0	0.0	
0.0	2.8988960120983807	0.001714630507924578	0.0	0.0	0.0	0.0	0.4577990181307907	0.0	0.0	
0.0	0.0	0.0	0.0	0.5435327836148683	0.0	0.12472735502221427	2.0986673174915094	0.0	0.30912427500677453	
0.6026944678528044	0.008550372069608203	0.0	2.0275114665543015	0.0	0.0	0.0	0.03763839191125887	0.0	0.4880024450683577	
0.9353570872386072	0.0	0.0	0.0	2.57439960195937	0.0	0.0	3.625768273693701	2.6983920665109316	2.777917917671282	
0.0	0.0	2.8086553825658505	0.24887202087616098	0.5847372211184445	0.0	0.0	0.0	0.0	0.0	
0.3818263705603004	0.0	0.05378021087949155	0.008574170291798265	0.4166276015131021	0.0	0.0	0.0	1.126288789508583	0.0	
0.0	0.0	0.0	0.7093745882214575	3.347954827509629	0.0	3.3196189247348205	0.0	0.7150820557027098	0.0	
0.10532248020696958	0.0	0.02447802241822531	0.0	1.6661697587276583	0.0	0.0	0.0	0.0	0.0	
0.044319371113531424	2.5882235874698503	0.020970265779222064	0.0	0.0	4.193916244437401	0.06263854085861278	0.044200742376910004	0.04753641548460876	0.0	
0.0	0.24379505542301838	0.0	0.1334111347142034	0.6644381532351706	2.949259262096264	2.235418490050111	0.0	0.8027698621958672	0.0	
0.0	0.0	0.0	0.0	0.0	0.0	3.348417600451001	0.0	0.0	2.2500070109526225	
0.0	0.0	0.0	0.0	0.0	1.7146271087118097	0.04682960250796898	0.0	0.48513092798773394	0.9897256963738671	
9.385128333316008E-5	0.0	5.716113058545976E-6	1.3311724335535064E-8	5.337630160383973	0.0	0.013562069809621177	0.043142776602274543	2.3374298684428605E-10	0.0034164906818605957	
0.0	0.0	0.0	0.0	0.0	0.18489518489697426	0.0	3.835478238517237	0.0	0.0	
2.2350044937024105	0.0	0.0	0.0	1.167106442638146	0.0	1.6304671019128865	0.0	0.5136545185656822	0.0	
0.0	0.0	0.0	0.0	0.0	0.0	0.0	7.968185263317277	3.410033905053824	0.3227362174764327	
2.7399158750847354E-5	1.3412187742772415	0.0	0.0	2.557210195729205E-4	6.599272193648494E-8	3.3565708471808184	0.0	0.0	0.007594089215827859	
0.031331648898763796	0.0	0.0	3.2457390310477443	0.0	1.6670578959522644E-8	0.0	0.0	0.0	0.6309177486034522	
0.0	0.0	0.0028877330536140017	0.0	1.351655285591565	0.0	0.0	0.0	0.0	0.0	
0.0	0.0	0.006753903157623385	0.013983655768476266	0.0	0.0	3.4048292499236457	0.016496933364397087	0.5435420541575791	6.148311196532366	
0.03464897629971607	1.7738198456319476	0.0	0.0	0.0	0.0	0.0	0.0	0.0	0.0	
0.0	1.8972472362932113	0.0	0.0	0.0	1.108044336166743	0.0	0.0	0.0	0.0	
0.0	0.0	0.0	0.0	1.280820596435362	1.7001023982964636	0.0	2.163001115696336	0.0	0.0	
0.0	7.947643716945309	0.0	0.0	3.388795627009405	0.0	2.7909034220334505	0.0	2.6006758602189	0.2071749325441169	
0.0	0.0	0.8704622032179478	0.0	0.0	0.0	0.0	0.007019844838110094	1.0777499561484227	0.0	
0.0	0.0	0.0	0.34275635355932704	1.218268014422652	5.248495387741646	0.0	0.0	0.7390502096530203	0.0	
2.752839869326917	0.0	0.0	3.196779248148577E-8	0.0	0.0	0.0	0.5131699185715538	0.0	0.0	
0.0	0.0	0.0	0.0	0.0	2.5100985289230766	0.0	0.0	0.0	0.0	
2.2497284068398073	2.8308510397023667	1.0335526923878302	0.0	0.0	0.0	0.0	0.7306024934428775	0.0	0.0	
0.8291317473892953	0.0	5.558189113454442	0.0	0.4926026897052632	1.6420489642925329	0.0	0.0	0.0	0.13709143443925742	
0.3259460481068813	0.0	0.0	2.945493952944245	0.0	0.0	1.0804079483113467	0.09063630429856641	0.0	0.005982369619478932	
0.0	0.0	1.1300640987665809	0.0	0.0	0.0	0.0	0.0	0.0	9.648629673574453E-9	
0.0	0.0	0.0	0.0	4.79129196437812	0.0	0.06532573861126144	0.0	0.0	0.0	
0.0	0.0	0.0	0.0	0.6655529298516578	0.0	0.0	4.235100342672615	0.5138982208677715	0.0	
3.826346002824304	0.0	0.0	0.0	0.0	0.0	0.0	6.43426183609724	0.0	1.3428718726611375	
0.0	0.014812250533612608	0.0	0.6627640168122253	0.0	0.0	0.0	5.910021261591113	0.0	0.13949771739142347	
0.0	0.0	1.5042470163095438	0.0	0.0	0.0	0.0	0.0	0.0	0.0	
0.0	0.0	0.0	0.0	1.6723670439893839	0.0	0.0	5.968877016667175	0.0	0.0	
0.0	0.0	0.0	0.0	0.0	0.0	0.7305793911396585	3.4502516237030862	0.0	0.0	
0.0	0.0	0.0	0.0	0.5211342387401937	0.0	0.0	2.910541090525467	2.8501426587147387	0.0	
0.0	3.253953857219149	0.0	0.2363392463510242	1.543077871191234	0.0	0.0	1.3159334210349989	0.3738629839456132	0.4623859474809814	
0.0	0.005752513618220328	0.0	1.2461110436492907E-5	2.934501801640209	0.0	0.0	3.1938950317435726	1.0714143482646878	0.5735965854828011	
0.2598650179682957	0.0	0.0	0.0	2.481865168041591	0.0	0.0	4.485468122272455	0.0	0.0	
0.20345148548108602	0.7293318893087545	0.0	0.4043676873646899	0.0	2.3873140670597097	0.0	0.0	0.0	0.0	
0.0	0.0	0.0	0.0	1.4118370613728892	0.0	1.013713353131854	0.0	0.0	0.0	
0.0	0.0	0.0	0.0	7.80755273357858	0.0	1.7109993981523586	0.0	4.193097763153655	0.7640642397447557	
0.0	0.8408231765431637	0.0	0.0	0.0	0.0	0.0	0.0	0.0	3.6664607044847934	
0.0	0.0	1.6073655117537224	0.0	0.0	3.81866068695565	0.0	0.0	0.0	0.0	
0.0	0.0	0.0	0.0	0.0	0.0	0.8752441521543564	0.0	0.0	3.15185122884739	
1.2247927102668474	0.0	0.0	0.0	0.0	0.0015750851230611198	0.0	5.617799569284241	0.1475641101743055	0.0	
4.868960304997292	0.0	0.0	0.0	0.0	0.0	1.7969150063836963	0.0	0.0	0.0	
0.25965066104411655	0.0	0.45347794874760333	0.0	0.8205130988030954	1.1247420434237123	0.0	0.0	0.7737065125868781	0.0	
0.0	0.0	0.0	0.0	6.194026179893312	0.0	0.0	0.0	0.0	0.0	
0.0	2.310647211941512	0.0	0.0	0.0	0.0	0.0	0.0	4.989087934459574	1.4595647099294948	
1.3427840677113256	0.0	0.0	0.0	2.880321990920044	0.9046924540510062	0.0	0.0	0.0	0.0	
2.598020294177441	3.0742321809774267	0.0	0.0	0.0	0.9155877783684108	0.0	0.5445504823287961	0.0	2.2947897782323596	
0.12123392979765393	0.0	0.0	0.0	0.0	1.394204797797612	0.08397821319018986	4.572546425081249	0.0	3.6064384826598563	
0.0	2.664081860624817	0.0	0.0	1.4215260611803875	0.10727703927210587	0.0	0.0	0.0	0.0	
0.0	0.0	0.9181975168845304	3.4656450687611595E-4	1.8292963046914517	0.40838940157550474	5.520221149267174	0.0	0.0	0.0	
0.0	2.1863088259098586	0.0	0.7651543362686425	0.0	0.0	2.3843996653932242	4.855652872546457	0.2749401658195078	1.4453318624488182E-9	
0.0	0.0	0.0	0.0	0.0	0.5341967355542346	0.0	0.23415093215143237	0.0	0.0	
0.0	0.03173034166076625	0.0	1.2842716739400214E-4	0.03733514814681854	1.252871690398625	1.4313499572173962	0.0	0.24841155574851148	0.0	
0.28171565254337494	6.58620997590937	0.33453244543805555	0.3801730990173552	3.2177489559374086	0.0	0.0	0.12430135419111735	0.0	0.0	
1.2670108118852832	0.0	0.0	0.0	0.0	0.0	3.8791039960642015	0.0	1.3060317071532026	0.0	
1.5777354967777686	0.0	0.0	0.0	9.812871883912146E-8	0.4046600261609148	0.5197563246707249	0.0	0.4090562863104693	0.8289393672409915	
0.0	0.0	0.0	6.894864039798583	0.0	0.0	0.0	0.0	0.0	0.0	
0.0	2.5744756188459617	0.0	0.0	0.0	0.0	0.0	1.2359408244427061	0.0	2.341193363385039	
0.0	0.0	6.965753634744264	0.0	0.0	0.38675320418002496	2.7535772652097155	0.0	0.0	0.0	
0.0	0.0	0.0	0.0	2.485473164307391	1.3919871235275825	0.0	0.0	0.6760913210816526	0.0	
1.7533875182153225	0.0	0.0	4.578565854084194	0.002716336296079685	0.0	0.0	0.0	4.386413266641386	0.0	
0.0	0.6716316550132932	1.3190767780022248	0.0	0.03806694373814556	0.0	0.0	0.0	0.0	0.0	
0.0	1.5896113460345325	0.0	0.0	0.0	0.03274128350986062	0.0	2.565838695351945	2.9516672301478226	0.0	
3.1828378503991046	0.0	0.0	0.021955713303931496	0.0	0.0	0.0	4.7929590741827806	0.0	0.25283626767815603	
0.0	0.7839204540711916	3.3248404714262016	0.0	4.71405249472927	0.0	0.0	3.663551144418544	0.0	1.0397196879870703	
3.1140564754088755	0.0	0.3789811802221949	0.7660000880812426	0.0	0.0	0.0	0.0	0.0	0.0	
1.2061325148785658	0.5252988436901475	0.6437223399207258	0.4663959747273687	0.0	0.0	0.0	3.469335448204573	0.0	0.0	
0.0	0.0	1.8398518996278042	0.0	0.0	0.0	5.013583907445058	0.0	0.0	0.0	
0.0	0.0	0.0	0.0	0.7233713354412803	1.076516468533263	0.0	0.0	0.0	0.0	
0.0	0.030070153067557327	0.0	0.0	0.0	2.145525396081332	0.0	4.73141789462346	0.0	0.5091085791546203	
1.2715642819983883	0.0	5.345551997390246	0.0	0.0	0.0	0.11604673467256005	0.0	2.0827935333553067	0.5141233083137584	
0.0	0.0	0.0	0.0	0.0	0.0	0.0	0.0	0.0	3.966302014314455	
0.0	0.0	0.0	0.0	1.0648985301228309	0.0	0.0	1.0028025297580996	0.0	0.0	
1.0907183193742456	0.5198753676480317	0.0	0.0	6.912716575808845	0.0	1.07893653899243	6.556412065531763	1.3129331097177042	0.0	
1.4807085206685842	0.0	0.0	0.05062805457053526	2.154989383659857	0.0	0.0	0.0	0.0	0.0	
0.6299449508595961	1.9915689599141813	0.0	0.8326518574492785	0.0	0.0	0.0	0.7445890084439168	0.0	2.942199974151215	
0.0	0.0	0.0	0.0	0.0	0.0	0.0	2.819875462414742	0.0	0.0	
0.0	0.0	2.2397600881532505	0.0	0.0	0.0	0.0	0.0	2.7863478572926836	0.36696191708560333	
0.0	0.0	0.0	4.326311030099586	0.0	2.2963788191101773	0.0	0.07047219705935999	0.0	0.0	
0.0	0.0	0.6618140116916784	0.0	0.9028480669460532	4.091491072410013	0.0	0.0	0.04956000598463177	0.3102541323858565	
0.0	1.224556455731696	0.0	0.0	0.0	0.38927157282315644	0.0	0.54741189484005	0.0	1.6251804370625744	
0.0	0.0	0.0	0.0	0.0	0.0	0.0	0.0	2.0073404671411224	0.0	
0.0	0.0	2.344812435301687	0.0	0.0	0.0	1.3495568616682383	0.22351317567043766	0.3848412392939965	2.3213546428748577	
0.0	0.0	0.0	0.1743892645549138	0.8676507610245372	0.0	3.575832734166187E-4	0.08786152235209782	0.0	1.6925064205534655	
0.012483265652811453	0.0	0.0	0.0	0.0	0.0	0.0	6.23407307545754	0.0	0.0	
0.0	0.0	0.0	1.6832087093246373	3.125365736461432	1.1980157920967287	0.0	0.0	0.0	0.0	
0.0	0.05035439228587374	4.634235011565235	0.37775389933656134	0.0	0.0	0.0	0.0	0.8696546089429033	0.8611468657540845	
0.0	0.0	1.0275692899703468	0.9591775233383709	0.0	0.0	3.993355920883108	0.8254386491368862	0.0	1.2291476875884386	
0.0	1.537402501314445	0.0	9.1298387961014E-5	0.0	0.0	5.547926979816105	4.050096957008179	0.0	0.0	
0.0	0.0	0.8793916578241018	5.813953011102936	0.0	0.0	0.0	0.0	0.0	0.0	
0.0	0.0	0.0	0.0	0.0	0.0	0.32079114860674035	5.655746264848703	0.0	2.890949785299248	
3.0986985572899477	3.152923047886498	0.0	0.0	0.0	1.8329261265482846	1.491850232009759	0.0	0.0	0.0	
0.0	0.0	0.0	0.0	7.710884031620353	0.0	0.0	0.0	0.0	1.758770550396221	
0.020546213820077798	0.6617500477476372	0.0	0.0	0.0	0.0	0.0	0.0	0.0	0.7204226837498154	
2.9940592538616215	0.0	0.0	3.248057832728746E-4	2.1089118946299386	0.0	0.0	0.0	0.0	0.0	
0.0	2.2438126755285617	0.0	0.17360841760625084	0.3005585006537364	0.0	0.6079462299847914	0.0	2.4578212324375	0.0	
0.0	0.0	0.033817348312679026	0.0	0.0	0.0	0.0	5.147175792524806	0.0	0.0	
1.3197441202152895	0.0	0.0	0.0	0.0	0.0	0.0	0.0	8.928570125025635E-6	0.0	
0.4457826804747992	0.0	5.085263861730236	0.0	0.0	0.0	0.0	0.0	0.0	0.0	
0.0	0.03700674677059179	0.0	0.0	0.0	0.0	6.329813456977331	0.0	0.0	0.0	
0.0	1.0090523926217578	0.0	0.0	0.0	2.090408577936447	0.0	0.0	0.0	0.0	
0.0	0.0	0.0	0.0	0.0	0.0	1.240470409809879	0.0	0.0	1.1711294103996415	
0.0	0.0	0.0	0.0	0.01207939597789602	0.0	0.0	5.596724704920186	0.0	0.0	
0.0	0.0	1.1581125419024454	0.0	2.554712748147166	0.0	0.0	0.0	0.06615295906706309	1.198267004971083	
0.0	0.09414739500212015	0.7626715441559236	4.035713928690212	0.0	0.24958534870814925	0.0021473674199105047	0.0	0.0	0.0	
0.0	1.8278632883293162	0.0	4.065382021338011	0.30622325107940307	1.0634324322263846	2.095449382885602	1.022228547390121	0.0	2.5277808349867334	
2.1367394208403145	3.028062495081929E-8	0.0	1.509124652339163	0.1257458050726752	0.0	1.6232211809037396	0.3177551089720161	4.442063961513514	0.35744640829379104	
3.5175771211748836	0.0	0.0	0.0	0.0	0.0	0.0	0.0	0.0	1.0030983088825287	
0.0	0.0	0.2839381140725413	0.009999850519828976	0.0	0.0	0.0	3.452636317961028	0.725067544953971	0.9809491932035288	
0.0	1.1327070850688925	0.0	0.0	1.069210810404747	0.0	0.0	0.0	0.0	0.0	
0.0	2.7788280868290403	2.5119480528818676	0.7993848724695007	0.0	0.0	5.3613075506638E-9	2.198035822697284	0.0	0.0	
0.0	0.0	0.0	0.0	0.0	0.0	0.0	1.5206478251942404	0.0	1.741528872052945	
0.0	0.0	0.0	0.0	0.0	1.302745940040296	0.0	0.02812185296927933	0.0	0.0	
0.02096033478699863	0.0	3.2805332329088364	0.0	0.0	0.0	0.0	0.0	0.0	0.0	
1.1808993311559062	0.4651096910819688	0.9920652774815777	0.5360751590647149	0.088987166494742	0.0	0.0	1.3690916065596153	0.0	0.0	
0.11533680856451303	0.0	0.1000008135713667	0.0	4.23820754361874	1.4607422090087978	0.0	0.0	0.0	0.0	
0.0	0.0	0.2574379178461164	3.412677234153311	0.0	0.0	0.0	0.0	0.0	0.0	
0.0	0.0	0.0	0.0	0.0	0.0	2.8663685635366494	3.4943482453266275	0.0	0.0	
0.3156558442635248	1.4678740273903808	0.0	0.0	4.004109881869371	0.009202510705054635	0.0	0.0	0.0	5.153556400731272	
8.008075836030012E-8	0.24867017786896864	3.351086218403005	0.009463732356032149	1.3576067008280184	0.6864506838898318	0.002590181592902926	0.0	0.0	0.7355006434662307	
0.0	0.0	0.0	0.0	0.0	0.0	2.1751056501510098	0.0	0.0	0.16722454583138271	
1.6491995213340205	0.0	0.0	4.239359808048006	0.0	0.0	0.0	2.01639728653591	0.19266980580558948	0.032640165743680505	
0.0	0.0	0.0	0.0	0.0	2.7012911842370175	0.0	0.0	0.0	0.0	
0.6717790745430309	2.279163530768978	0.4657702906165877	2.703564069730098E-4	0.902895340335644	0.3432731283808013	0.8090298078033209	0.0	2.2531170331241093	5.977640625746275	
0.0	0.0	0.0	0.0	0.0	0.0	0.0	1.7531423811531184	0.0	0.0	
0.0	0.0	3.0636729012945674	1.751935407581171	0.0	3.0959745892119104	0.0	0.0	0.0	0.0	
0.0	0.0	0.0	0.0	0.4231967464898602	0.0	3.840224354009814	0.0	0.2039108743288381	0.0	
0.0	0.0	0.0	0.0	0.0	2.3710761018416315	5.525439224645014	0.5898393891288293	0.0	0.0	
0.44337563832796234	0.0	0.028231214141869396	0.2768681699552003	0.0	0.0	2.4888995639978573	0.0	0.0	0.0	
0.4908158905708221	0.0	0.0	1.9152246773109824	0.0	0.0	0.0	0.7599976441256395	0.0	0.0	
0.3093158812755209	0.0	0.0	1.4747141117255644	0.0	4.826961988077598	0.12751763700253618	0.0	0.0	0.0	
0.4376161898863203	4.215765484996147	0.4369659073140265	0.0	0.0	0.0	0.16269536935385712	0.0	0.0	0.0	
0.0	0.0	0.0	0.7153243450004867	0.4676993215802628	0.0	1.134272869759451	0.0	0.0	1.2492621617166444	
3.245120594135426	0.0	3.1468152703013637	0.0	3.213236265963288	0.0	0.0	0.0	0.0	0.05692616061857112	
0.0	0.3637824694022401	0.0	1.9881201616841815	0.0	0.0	0.0	0.0	7.824756448901714	0.0	
0.0	0.0	0.7118395477360485	0.0	0.0	2.115015521949946	0.0	0.0	0.0	0.0	
0.0	0.0	4.200106558688591	0.0	0.0	0.4937031772011144	0.0	0.0	2.9874866182103665	0.0	
1.1675799658980088	0.0	1.5559645657235106	0.0	0.0	0.0	0.0	0.0	0.0	0.5471880626118132	
3.10810730079929	0.0	0.0	0.0	0.0	0.0	0.0	1.5179662217356509	0.0	0.0	
0.8964326755566041	0.31980108063135076	0.24361774316234194	0.0	0.0	0.0	0.0	4.19841724340253	0.0	0.2129386244946563	
0.0	0.0	2.5994126102931276	0.0	0.9358474575980492	0.0	0.0	3.1703504037723493	0.0	0.0	
0.0	3.463833016195024	0.0	0.46321273429125315	0.0	0.0	0.0	0.0	0.0	0.0	
0.0	0.0	2.8094204242765626	0.0	0.0	0.39120156293619923	0.0	0.0	0.0	0.0	
1.5935140733037616	2.1241524382287698	0.2504348225343241	1.0213055743668167	1.5847677368257111	0.5597045766108882	0.0	3.5102335979363284	0.0	0.0	
0.0	0.0	0.0	0.0	2.9722246049119567	0.0	0.0	0.0	2.1274275687001483	1.3177981799744671	
2.2552737677702854	0.0	0.0	0.0	0.0	0.8959457700369343	0.0	0.0	0.0	6.39668905257595	
0.612360000259445	0.0	0.0	0.006666468002974195	2.8264047490436512	0.023687457805522748	1.175519629811508	0.0	0.13344910319383407	0.1238422458698441	
0.0	0.0	0.0	0.0	0.5786131239711824	0.6098237805195584	4.453629685666664	0.0	0.4131490680216395	0.013339774074494772	
2.371543737183241	0.06655742801126105	0.0	1.3392966280179697	0.0	0.0	0.0	0.007508653029845973	0.0	0.14180570353757455	
0.0	4.245657418786113	0.0	0.0	0.0	0.0	0.0	0.0	0.0	0.0	
0.4864736571419566	0.0	0.0	2.103796731540995	0.0	0.0	0.1852711937880173	9.617374397480097E-5	0.0	2.2310042856122028	
0.0	0.0	0.0	0.0	0.0	0.0	0.0	5.848247011160102	0.0	0.0	
0.0	1.953199870718005	0.0	1.4448200936528766	0.0	0.0	0.0	0.0	0.0	0.0	
0.0	0.0	0.0	0.0	2.882096257894569	0.0	0.0	0.0	0.30903391761682364	3.9685981328303472	
0.0	2.4892597827804166	0.0	0.17835462027859575	0.0	0.5909455883846568	0.0	0.0	0.0	4.8865646121580175	
2.452461694537008	0.0	3.8714749714915815	0.0	0.1299714136185021	0.0	0.0	0.0	0.0	2.242277394056938	
0.0	0.08855953493329251	0.9568415129480115	0.0	0.0	0.0	0.6735999178044824	6.350817629013547	0.0	1.9165949667420394	
1.8766847601388092	3.388726347142547	0.0	0.0	0.0	0.0	0.0	0.0	0.0	0.0	
3.3519647021286385	0.6982263337492088	0.0	0.0	2.1222270437189374	0.0	0.0	0.0	0.0	0.0	
0.0	0.0	0.0	0.26887864305120845	0.0	0.0	0.0	5.1277993513324	0.0	0.0	
0.0	0.0	0.0	0.0	0.0	0.0	0.1182026164019495	0.0	2.3681546856368585	2.9078215660661835	
0.0	0.0	0.0	0.0	0.0	0.0	0.0	6.226537517822401	0.0	0.0	
1.7774913713969462	0.0	0.40056627554503815	0.0	0.463905535829782	0.0	0.0	0.0	0.0	1.7305050511025308	
0.0	0.5053583364523272	0.01607610413741756	0.0	0.9129197162578485	0.0	0.0	0.2538303889003643	3.936253015870625	0.041154267839325256	
4.22497538333426	0.0	0.0	3.0114485565643516	0.0	0.0	0.0	0.0	0.0	0.0	
0.0	0.0	0.0	0.0	0.0	0.0	0.0	0.0	0.0	0.0	
0.0	4.3822770666366635	0.0	0.0	0.25372555894439164	0.0	0.0	0.0	0.0	0.0	
0.0	0.0	2.2700907013613672E-8	0.0	2.5163423354262466	1.0652373582175068	0.0	0.0	0.0	1.1119791857561647	
0.0	0.0	0.0	0.0	0.0	1.1016578897450646	0.0	3.3910196995647537	2.0527249520830315	1.1726712753595434	
3.226462275744541E-8	0.0	0.0	2.747089236221444	0.0	0.012056968357053116	0.0026082310783643882	0.01073221247635677	0.0	2.349801751682798	
2.0368512550596694	0.0	0.47557450294356435	2.54453917534707	0.0	0.0	0.3409415019423545	0.0	2.9737526625914246	0.20473218217842387	
0.0	0.0	0.8146764650160965	1.8677476556820918	0.0	0.0	3.402798146560538	7.837974097248609E-9	3.6130690921128568	5.859086152799907	
0.0	0.0	0.0	0.0	0.0	0.0	0.0	0.0	0.0	6.907742561665963	
0.0	0.0	0.0	1.8459646532677936	0.0	0.0	0.0	0.0	0.0	0.0	
6.920728240946446	0.0	0.0	0.0	0.0	0.0	0.0	0.0	0.0	0.0	
0.0	0.0	3.070356352152832	3.889530240247116	0.8766240763950732	0.0	1.2990128489407158	0.0	0.0	0.0	
0.0	0.41197021625288144	0.0	1.4215905159970328	4.051066879817355	1.2604576726583423	0.0	0.0	0.07663032018133285	0.0	
0.0	0.0	2.472666294600346	0.0	0.0	0.0	0.0	0.0	0.0	0.0	
0.0	0.0	0.0	0.0	0.8631668010476546	0.0	1.5431515596791086	0.0	0.0	0.0	
0.8376924076584024	1.780785302276637	0.3672977305033989	0.0	2.5467987631032165	0.0	0.0	0.0	0.0	0.0	
0.0	0.0	0.0	0.7839479547797159	0.0	0.0	4.703117882001023	0.6571920864473293	0.0	0.0	
0.8315972698198232	0.0	0.0	0.0	2.5302971586356344	0.687221461149345	0.0	0.0	0.0	0.0	
3.8791683998245334	0.0	0.0	0.3796246939897834	0.0	0.0	0.0	0.0	0.0	0.28952362043971547	
3.130522692550598	0.11916971041681097	0.0	0.0	4.396403686975013	3.562405583448702E-5	0.4058254400600679	1.158853653386835	1.3428555843544385	1.6025687558805037	
0.0	0.0	0.0	0.0	0.2685352415782736	0.0	4.184690897534588	2.078186287382162	0.0	0.0	
0.0	0.3283224102239057	0.0019087906531598106	2.6611656313405954	3.528297451967212E-7	7.1974814321765965	0.0	0.0	0.0	0.0	
0.0	0.0	0.0	5.52061996265997	0.0	0.0	0.0	0.0	0.0	0.0	
0.0	0.0	0.0	0.0	0.0	0.0	1.7431096382571367	4.161174898468916	0.0	1.3862163505859575	
0.0	0.7139945894683437	0.0	0.0	6.096675375562185	0.0	2.1397036929583373	0.0	0.0	0.0	
1.0581811626252375	2.236350815684066	0.0	5.773428397341982	0.0	0.3063303346681874	0.4903734748459987	0.0	0.0	0.0	
0.0	0.0	0.0	0.0	6.138190809044489	1.2072235271136633	0.0019749233819413613	0.02829010551214586	0.0	4.047455644598571	
0.0	0.0	0.0	0.0	0.0	0.0	0.0	0.0	4.243498526158468	0.0	
0.0	0.0	0.0	0.022338375297338908	6.474071482773211	0.0	0.0	0.0	0.0	0.0	
0.1244671036754413	0.0	0.0	1.0998129117851483	1.029533032916708	0.8458076624863828	0.0	0.3246191894358303	0.0	0.0	
2.2131365114352275	0.0	3.2847592115949087E-7	4.596591163181752	0.0	0.0	4.843077428571709E-9	8.961638332697106E-9	0.0	0.0	
1.3815046690226778	0.0	1.1029054788998123	0.0	0.9034023802927535	2.6383421844082124	0.0	0.0	0.0	0.0	
0.0	0.3233115645791931	0.0	1.644043299430868	0.19680671757126977	1.3372078202666473	0.34678413504814004	1.6448840726663958	0.12109070858070616	0.0	
0.0	0.0	0.0	0.0	0.0	0.0	1.8127211135212027	1.7169893784974468	0.0	0.0	
4.883215062668772	0.0	0.0	0.0	0.6764372079670828	0.0	0.0	0.0	0.0	0.0	
2.025980059127809	0.0	1.165085371631929	0.0	0.0	0.0	0.0	0.0	0.0	0.0	
0.0	1.0389932046144625E-8	0.0	0.0	0.0	3.401038993448181	0.08302685241409088	2.2760476107522973	0.6738882428739011	0.18421885969425641	
0.0	0.003434660575043348	0.0	2.8763138045348593	0.0	0.0	0.0	0.0	0.06675846643555323	0.0	
0.0	0.04899628937891071	0.0	0.09680889280944606	0.0	3.1587995959706294	2.3898964324601364	0.0	0.0	1.366820592235478	
0.0	0.0	0.0	2.073335550043878	0.0	0.0	0.0	0.0	0.0	0.0	
0.3563985694775958	0.0	0.0	0.0	0.5040083013337202	1.8541491829386847E-4	1.5934295892521817	0.9921255944381232	0.0	3.028168319189395	
0.0	0.0	0.0	0.3871137089883564	4.21436449299671	0.0	0.0	0.0	0.0	0.0	
0.0	0.0	0.0	4.5224849262360305	2.160351907694352	0.0	0.0	0.0	0.0	1.1550965780524416	
0.0	0.5542195207682203	0.44073824422088825	0.0	0.0	0.0	0.0	0.6387054390933635	2.079549464154548	0.0	
3.62806261410259E-8	0.0	0.8835280833359338	3.1935320056065293	0.17448692466157184	4.4967431075479433E-8	0.6220693609878861	0.0	0.011043974069569753	0.0	
3.1715797527318226	0.0	0.0	0.0	0.0	1.5089133361350717	1.0312022069315858	0.0	0.0	0.0	
0.10739602141567638	0.0	0.0	0.6321970962521885	1.6789096288086607	2.907191232309892	0.0	0.04675927926223146	3.2313164836219523	0.0	
0.0	0.1067909028948255	0.0	0.0	4.235650626436147	0.0	0.0	0.0	2.92763880760287	0.0	
0.0	1.3703426521650703	0.0	0.0	3.9589001997109277	0.0	0.0	0.0	0.0	0.0	
0.0	0.4125125879253172	0.0	0.0	5.1416161513590195	0.0	0.0	0.0	0.0	1.8737033047690446	
0.0	0.0	0.08629501806794186	0.6241544316500642	0.0	4.599156889842368	0.0	0.0	0.0	0.0	
0.21297169975300606	2.096760477546115	0.0	0.0	0.0	0.0	0.6083987235194366	0.0	0.0	0.9844559621013488	
1.674233949761879	0.047584745789242704	0.0	6.248565052102016	0.0	0.4891251113910425	2.6638799699913283	0.0	0.0	0.0	
0.593516338483111	0.0	0.0	3.772136019440778	0.0	0.0	0.0	0.0	0.28693086386663635	0.0	
0.0	0.0	0.0	0.0	0.0	0.0	0.0	0.0	1.7157284852416046	9.010691471859596	
0.29425036367817775	0.0	0.0	0.0	0.0	0.9381248146534114	0.7412779280301371	0.0	6.274920191619246	2.239610969619118	
0.0	3.419632258944683	0.0	0.0	0.0	0.0	0.0	0.47131616405755394	0.0	0.0	
0.0	0.0	0.0	5.9375274302089505	0.0	0.0	0.0	0.0	0.0	0.0	
0.25121570582588665	0.0	0.0	1.4860834192787953	0.0	0.0	0.10264581285536634	0.0	0.3623255015046634	0.0	
0.2905600983426492	0.0	0.0	0.565457256534142	1.2239999513545683	0.0	0.0	1.023029912733327	0.0	0.0	
0.24699603795299976	0.22146664908025693	0.0	0.0	0.010691371409808385	0.0	1.9998137864303074	0.1345551355235083	3.7906209841788776	0.0	
0.0	0.0	0.0	0.0	0.0	3.3249443467137927	0.0	0.0	1.5419916337667643	8.806431096311237E-4	
3.291161909617445	0.0	0.0	2.767578039501213	0.0	1.048490823534344	0.0	0.0	0.0	0.0	
0.0	0.0	0.0	0.0	0.0	1.078668774658486	0.0	1.2175017772255488	0.0	1.0579999497946928	
0.0	0.0	0.03785556902692016	0.0	0.0	1.6210375733606692	2.6294424082400396	0.0	0.0	0.6728808066066964	
0.0	0.0	0.19008913777633607	0.07642514944944823	0.12973433557435424	2.914437598231698	0.0	0.7407278421375992	0.0	0.02890569843947621	
0.0	0.0	0.0	0.49803221842375006	4.426551013788568	2.289965791252257	0.0	0.0	1.7889871436668636	1.0271725555789286	
6.268676335579892	2.0957328754231113	0.0	0.0	0.0	0.0	0.0	9.969637303431623	0.0	0.0	
0.8492609947005809	0.01932049833786512	0.0	0.0	0.0	1.3807908782446507	0.0	0.011335984915312663	0.0	2.023577669215777	
2.4185660684856862	0.0	0.0	0.911054958181608	3.1953512041883423	0.3670673610294534	0.0	0.0	2.22073411506932	0.0	
0.0	0.3247033955280233	0.01623014770694065	3.4147201607721254	0.0	0.0	0.0	8.776508946229606E-4	1.0231714171755288E-8	0.5780144036978275	
2.032570447751981	0.44588074231222097	0.0	1.0518933042253742	0.0	0.0	1.0443000984067057	0.0	0.0	2.283697656632776	
0.0	2.8278649675768306	0.15975367736461443	0.712865228101035	3.296432816669856	0.0	0.0	0.0	0.3323912518558421	0.048075590443137854	
0.17735988951951934	2.1353088158598443	0.7905736474209659	0.0	0.0	0.05409113270286464	0.0	2.500972864959864	0.0584445610675877	0.8827140237192843	
0.0	0.0	0.0	0.0	5.870831511891109	1.228377242855673	0.0	0.0	0.0	0.0	
0.0	2.4097026267063244	0.0	0.0	0.0	0.0	0.0	0.0	0.0	0.0	
4.468759341793402	0.0	0.0	1.8568470517074878	3.712905275624946	0.0	0.6101354486865427	0.0	0.0	0.0	
0.0	0.0	0.0	0.0	0.0	0.0	0.0	0.0	0.0	8.969042490071523	
1.2899120874027257	0.0	0.0	0.0	0.462217773868444	0.13748979116444898	0.0	0.0	8.332828092658577	0.0	
2.4404039992391513	0.0	0.0	5.108962704904666	0.0	0.0	0.0	0.0	0.0	0.0	
0.0	1.335278590927125	0.0	0.0	1.2420340443677274	0.0	0.0	0.4059351105097084	0.0	0.0	
0.0	0.0	0.0	1.5440132270605218	5.623974073607369	0.0	0.0	1.6548543576605865	0.0	0.23701486387460205	
0.0	0.0	0.4245556550175808	0.6131863472127219	4.240960131106794	1.2533335372759	0.0	0.0	0.0	0.15358907271129432	
0.0	0.0	0.0	1.3943626888391927	0.0	5.217786254788897E-9	0.0	0.0	3.7729807500553427	13.64405643091274	
2.202170197516935	0.0	0.0	0.0	0.2816501523254896	1.0422704544369734	0.0	3.9243551315022276	0.0	0.0	
0.5806252595957812	0.0	0.0	0.0	1.4710805348466574	0.0	0.0	0.9833876204257354	0.0	0.0	
0.24329488829041018	0.0	0.3247999919591073	0.0	0.0	4.193604041727697	0.0	4.33928925295246E-8	0.0	0.0	
0.0	0.0	0.0	7.038096339267014E-5	0.0	0.0	0.0	3.89647558426275	0.0	0.0	
0.0	3.7611771722116583	0.0	0.0	0.0	0.0	0.0	0.0	0.0	1.2016632293510623	
1.5771582156124633	0.0	0.0	0.018762418969082734	0.7510200626171168	0.0	2.6897931526858434	0.0	2.9240891866953342	0.9419032167652126	
0.0	2.571401890693132	0.0	0.658946169246521	0.0	0.07631175391606443	0.0	0.0	0.0	0.5806131608880951	
0.0	0.0	0.0	0.0	0.0	0.0	0.0	0.0	1.8696076437535394	2.41299455765646	
0.0	0.0	0.0	0.0	0.0	2.3729393077393466	0.07194707716642497	2.1120795486052613	2.653626046998207	0.14469516219484768	
0.0	0.007232517838818354	0.0	0.07474938748500455	0.02544955178554978	0.0	0.0	0.0	4.344355703701287	2.823607532657163	
5.826464209607487	0.0	0.0	0.0	0.0	0.0	0.0	0.0	5.196517148205002	2.8412599320917016	
0.0	3.059278647618729	0.0	0.0	0.1249615790425337	0.0	0.41401976794000167	0.0	2.5715824724003027	0.0	
1.9678954879278021	0.0	0.0	0.0	0.0	0.0	0.0	0.0	0.0	3.7148084118149254	
1.8330338482403956	1.7722194098100332	0.0	1.5724513786977528E-9	5.0866656095607885	0.0	0.0	0.7206250187292161	1.3480743561447006	0.0	
2.4819761995247673	0.8874556311233377	0.0	0.0	0.7201360896488339	0.0	0.30808118424222447	0.0	3.324876768751971	0.0	
0.0	0.0	0.6417786108958163	0.13980741260532073	0.6583292007323215	3.4296229681102033	2.2218538628384024	0.0	0.0	0.0	
0.0	2.2441407464124903	0.010276008063240688	0.0020770678025870395	6.959298318516306	0.031113723189453053	0.0	0.0	0.0	0.0	
0.0	0.65240055454971	0.0	0.1627312640952966	6.978683367552054	0.0	0.10777192410077821	3.939665081844145	0.0	0.0	
0.1558936533283873	0.834166706740804	2.47242887842888	0.16799514154510248	1.508696970445011	0.0	0.0	0.0	0.0	0.0	
0.0	0.0	1.505046462234595	0.0	0.0	0.0	0.9238546317558999	0.0	0.20841470330739922	0.0	
3.367098121613692	0.0	0.0	1.178033551101497	0.0	0.0	0.0	0.0	0.0	0.0	
0.0	0.0	0.0	0.0	4.036179958322035	0.0	0.0	0.0	0.0	0.0	
0.0	5.814957674381896	0.0	0.0	0.0	0.0	0.0	0.0	0.0	0.0	
0.0	2.03953924003801	0.0	0.0	0.0	0.0	0.0	0.24439452451210894	0.0	0.0	
0.0	0.0	7.327665713407968	0.0	0.0	0.0	0.0	0.0	0.0	0.33688039618850285	
0.0	0.08124487275380031	0.0	0.0	0.0	0.0	0.9490084663865646	1.0331968193210395	0.6233104745319832	2.384557927642702	
5.32370876748856	0.0	0.0	0.4193379618044378	0.6090688043879532	0.0	0.0	0.0	0.0	0.0	
2.2516897540603193	0.0	0.47404895654223544	1.6749095789309225	3.425453497937852	0.0	0.0	0.0	0.0	0.0	
7.270377066322057E-10	1.791104361807567	0.0	0.0	4.163040586848302	0.0	1.110115154726785	5.3951871681912005	0.0	0.0	
0.0	0.0	0.0	3.850440548993673	0.0	0.1298682128470151	4.464205757108679	0.0	0.0	0.0	
0.0	0.0	0.0	0.0	0.0	0.0	1.1182398864988687	1.9625269231491493	0.0	0.0	
0.0	0.25955837979131524	0.0	4.52575174128475	0.0	0.0	0.0	6.446837198673416	0.0	1.0376935192318968	
3.023453373363933	0.6072001507029156	0.0	0.0	0.0	0.0	0.0	1.5289827630368171	0.8857660864107016	0.0	
1.4002217206859147	0.0	0.0	0.0	0.0	1.066276338302577	0.0	0.0	1.4323608353038522	2.0739229953234997	
0.7329028579931632	0.0	0.0	2.5212645643707803	0.0	1.6457397174147308	0.0	0.0	0.0	0.0	
0.0	0.04753294536765176	0.0	0.0	4.660783550463694	0.7762752419273479	0.0	0.3805573774421152	0.4242461648218157	0.5627859268985359	
3.5818454254944263	0.0	0.0	0.0	0.0	1.1989326884284806	4.1644466629627575	0.0	0.21720019180511863	0.0	
1.5134503970932476	0.0	0.0	1.540485381591362E-4	4.356517999317965	0.001945076744049893	0.011861688109603068	4.237437566363079	0.0	0.46214827007299786	
0.0	0.7062922603927819	0.0	0.0	1.975861472911774	0.0	0.7523821544493167	0.0	1.1676817203057281	0.0	
0.0	0.0	4.893763640640757	5.690034576666257	0.0	0.0	4.06657694025743	2.455084053626986	0.0	1.0448678297768117	
0.0	0.0	0.0	0.0	0.0	0.0	2.509508107106757	0.7478898174374309	3.1495565985123126	0.0	
0.0	0.0	0.0	0.0	2.3803468433586046	0.0	0.0032009955022853664	0.0	0.0	1.2903131592648418	
0.016295045566203224	0.6425779266271947	0.0	1.6874393870961302	0.0	0.00534214231858469	4.305508156702308	1.545633051646244	0.0	0.07452306176981317	
0.0	2.714834223527795	0.0	0.0	1.287344528455269	0.0	0.0	0.3494893772608122	0.0	0.5226244818858519	
0.0	0.0	0.0	1.093692202994014	0.0	0.0	0.0	0.0	0.0	3.303935728567594	
0.0	0.0	2.4735721783667914	0.0	0.0	0.0	0.0	0.0	0.0	0.0	
0.0	0.059235321329796496	0.0	0.0	0.0	0.0	0.0	2.392362489669394	0.0	1.4265335383515945	
0.0	0.0	0.0	3.8956754449543225	0.0	0.0	0.0	0.15480606560790328	1.0666977754247564	0.0	
0.10108665638219096	1.0786863192723979	0.0	0.33737423068487643	0.0	1.0198581827088369	0.0	0.5539356772305858	0.0	4.5297802743205375	
0.0	0.0	3.6708911843049545	0.0	1.6871867656044708	0.0	0.0	0.0	3.414864978599251	0.0	
0.0	1.9596028866056052	0.0	0.0	2.452024452772804	5.954591282461514	0.0	0.0	0.0	0.0	
0.0	0.0	0.0	0.0	0.0	0.0	4.036204184013385	0.0	0.0	0.0	
0.0	0.06892647648678389	0.0	0.8134937127109607	0.0	0.0	0.6065122410034689	0.0	0.0	2.723876418066352	
0.0	0.0	0.0	0.0	0.0	0.0	0.0	4.5435906514021385	0.0	1.4443849764593877	
0.0	0.2543308686384778	5.384444158813972E-5	0.0	0.0	4.30939245681629	0.0	1.3540809435358745	0.25357194885475975	0.0	
0.5280696680503503	0.0	0.0	1.3692830611606828	0.0	0.0	0.0	2.8356661070164977	0.0	0.7339695963871895	
0.0	0.0	0.0	0.0	2.0529452123992717	0.0	0.0	0.0	0.0	0.0	
0.0	0.0	0.0	0.0	0.0	0.0	0.5356385823944321	0.0	2.500604250760864	0.0	
0.45566202244713555	0.0	0.0	0.0	0.0	0.0	0.0	2.5561056583568478	0.0	0.0	
0.07992135252546292	3.71548130130812	0.0	0.0	0.0	0.7441783497939503	0.20888789340610703	0.0	0.0	3.3536988173789215	
0.0	0.0	0.0	0.0	0.0	0.0	0.0	9.259065697823226	1.3158069714198428	0.0	
0.47189828720570415	0.0	0.0	0.0	0.0	3.600295719183939	1.7719383937394089	0.0	0.0	0.0	
0.0	5.027595874298617	0.0	0.0	0.0	0.689091821390897	0.0	0.0	0.0	0.0	
0.0	0.0	0.0	0.0	0.0	0.0	0.0	2.1573723197997072	0.0	0.0	
0.5176014312604407	0.0	0.0	0.0	0.0	0.0	6.428833510539653	0.0	0.0	2.9058551103627996	
0.16296053611049047	4.30079011033491	1.8295796461239353	1.3087637857830139	0.025577450788660028	0.0	0.0	0.0	0.0	0.0	
0.0	0.0	0.0	0.4106965870301542	0.0	0.0	4.524114678791572E-4	0.807099897935991	4.434750014531814	2.095469517471878	
0.0	0.0	0.0	0.20048042474559144	5.21118014213468	0.0	0.0	0.0	0.0	0.0	
0.0	0.039859694249363045	0.030452383884188826	0.16773801672291042	0.004418704062731258	0.0	1.0366823064281396	7.3093011938516685	1.7773385864643167E-4	0.040484522994721495	
0.0	0.0	0.0	0.0	0.0	0.0	0.012148643315810986	4.351520778075047	1.3800571050138246	0.866785431325535	
1.6477482885977752E-4	0.0	0.0	0.0	0.0	0.0	1.6714746248474301	0.0	0.0	0.0	
0.0	0.0	0.0	3.4285724340417443	0.0	0.0	0.0	0.0	0.0	0.0	
2.862593215810961	0.0	0.0052623432126271815	2.146752653136887	0.22164264596385538	0.0	0.0	0.0	0.0	0.0	
0.0	0.0	0.0	0.0	0.0	0.0	1.1015508194531412	11.162549261232316	1.9808011330304713	0.38583791697212566	
2.693496493856132	0.04857692108094293	0.014227996854068432	0.024075350101860928	1.2599669840259515	0.0	0.0	0.0	0.0	0.0	
0.0	0.0	2.031803853620148	0.1973409528214198	1.9095889169229372	0.0	0.0	0.0	0.0	0.0	
0.0	0.0	0.0	0.0	0.0	0.0	2.4141335126199657	0.0	0.0	3.5072848334433795	
0.0	0.0	0.0	2.5524316463913506	0.0	0.0	0.0	0.0	0.0	0.0	
0.0	6.005711940414351	0.0	0.0	2.85011447293849	0.0	0.0	0.0	0.0	0.002737223837401309	
0.0	0.2045137456337557	0.0	0.0	0.0	0.0	0.0	5.6447264953052025	1.7342804266844944	0.46192275177405506	
0.0	1.5031286395998507	1.8006232811507827	1.4897775911882107	0.0	0.0	0.0	1.1124486508586038	0.0	0.0	
0.0	0.0	0.0	4.859580095841388	2.387475256488539	0.0	0.0	0.0	0.0	0.0	
0.0	0.0	0.0	0.0	0.0	0.0	2.147619039779381	1.1416869971229546	0.0	2.761480959433322	
0.0	0.0	1.7297605508696206	0.0	0.0	0.0	0.0	0.0	0.0	0.0	
0.0	0.0	0.6842627997468476	0.26577930503085034	0.0	0.0	0.0	0.0	0.2296714023854912	0.1150387246234545	
0.06811396067976642	0.0	0.0	0.0	1.4910770296493148	0.0	0.0	0.0	2.0339878257847266	0.0	
0.0	0.9857012681315873	0.0	0.0	0.0	0.0	0.0	4.766043618208749	0.0	0.0	
0.0	0.0	0.0	0.0	0.0	0.0	0.22141652522874813	0.0	3.8706869286784817	1.3328526264499945	
0.0	4.605628159944281	0.0	0.0	0.0	0.6696776519801102	0.0	0.0	0.0	0.2276405091314384	
4.075898117560439	0.0	0.0	0.0	0.0	0.0	0.0	2.0280885189224507	0.0	0.20079536164865217	
0.0	0.3127849421135578	0.8800219278160298	0.0	0.0	1.5998056028257601	0.0	3.731944495119173	0.0	1.1069140417745083	
0.0	0.0	0.0	0.0	0.0	0.0	3.3271827610054414	0.0	0.0	0.0	
0.0	0.0	0.0	2.9005156701922403	0.0	0.0	0.9847541190161488	0.0	0.0	0.0	
1.8138494235103744	0.0	1.506958434312288	0.0	1.8348708554248188	0.0	0.0	0.0	0.007815069042760617	0.0	
0.0	0.952115901089398	0.5352730355146648	0.18251955680406864	0.0	0.0	1.204932300337529	0.0	4.033267200227223	0.441090392612659	
0.0	1.1086783209432092	0.0	0.8560824314174725	1.318835126714561	0.0	0.0	0.0	0.0	0.0	
0.0	0.0	0.0	0.0	0.0	0.5155637722325361	4.473491216703946	0.09495004489946836	0.0	0.3218872992417641	
0.0	0.0	0.0	0.0	0.0	0.0	0.0	1.4561550985134986	5.245084255054461	0.0	
0.7187252699830153	0.0	0.0	2.0741602967948256	0.0	0.0	0.0	0.0	0.0	0.0	
0.0	2.368830119585897	1.0726588684143343	0.0	0.0	0.0	0.0	0.0	1.2172219336787375	0.0	
0.0	2.9605480098774644	0.0	0.0	0.0	0.0	4.985007796401091E-10	4.349183398902793	2.101872397418221	0.0	
0.0	0.0	0.0	0.0	2.1875843394167047	0.0	0.0	0.0	0.20879269366956205	0.0	
5.60963065140496	0.0	0.0	1.9335795490694054	0.0	5.836549919494456E-4	0.029164364325605444	0.0	0.0	0.0	
3.728726823095045E-4	0.0	2.2950334263322265	0.0	0.0	0.0	0.03775486794914212	0.0	2.925041938223045	0.0	
8.181568706482146	0.0	0.0	0.0	1.3245599397784376	0.0	0.0	1.8985456039779658	0.0	0.0	
0.0	0.0	1.5560105726221438	0.0	0.0	0.17602897495855624	0.0	0.0	0.0	0.0	
0.04731007505596373	0.9550658922079794	0.2714323138789959	0.06419563489703926	0.0	1.317949723270865	0.0	0.0	0.6496544979479163	2.381527452541608	
0.11034393983486983	0.0	0.06674812210251393	0.029194018537078006	0.0	0.0	1.430290338673013	2.460039462474004	0.07853400223056284	0.0	
0.0	4.28398313201141	0.0	0.0	0.9533318884280952	0.0	1.069590668689439	0.0	1.2141688146815612	1.9717410404702964	
0.0	0.33642313438168997	0.0	0.0	0.0	1.7197202243353935	0.0	2.0635747985192845	0.0	0.9719122855204232	
5.319756474308666	0.0	0.0	0.0	1.9847110298030772	0.0	0.3977792869463866	0.0891437951669296	0.8196575019224285	0.0	
0.0	1.3465108722087775	0.367915498234312	1.814572069402952	0.5894005075963644	0.0	2.557997075412697	0.0	0.0	0.0	
0.0	0.0	0.9222444811503765	0.0	0.0	2.230482737848155	0.0	0.6401415608561427	1.407388442845532	0.0	
0.0	1.9428771353279812	0.0	0.0	0.0	0.7499256687255519	3.440633356145486	0.0	0.0	0.0	
0.0	0.0	0.0	0.0	0.0	0.0	0.0	0.0	0.0	0.0	
0.0	4.24465082947817	0.0	0.0	0.0	0.0	3.308355916254216	0.0	0.0	0.0	
0.0	0.9941791425157338	0.0	0.22898222380353342	0.9538988167398155	3.001381589425531	0.0	0.0	0.0	0.0	
0.0	0.0	0.0	0.0	0.0	0.0	0.0	0.0	1.9016144975946494	2.3627491131746257	
0.00418069422042204	0.0	0.0	0.0	0.0	0.0	0.0	2.4207620799246294	0.6141533889913096	0.0	
0.33979939334810133	3.5473645177137896	0.0	0.0	0.7823084818664225	0.0	0.0	0.0	0.0	0.0	
0.0	0.0	0.0	0.0	3.708506103110536	0.0	0.0	0.0	0.0	0.0	
0.0	0.0	0.0	2.654981660645908	0.0	0.0	0.0	4.086145481812001	0.0	0.0	
0.0	0.0	0.0	0.0	0.0	0.0	0.0	2.160334288765249	0.7441867483967257	0.1455404989743965	
0.0	6.1814354584627065	0.06540981052095628	0.0	0.01665720512490646	0.0	5.467158903198874	0.14997636662787917	0.23555274801234694	0.305203530297818	
0.0	0.0	1.791950957825241	0.01997910367360982	0.0	0.0	0.24681146805764984	3.677644654086605	0.0	0.0	
1.9219655144981498	0.0	0.0	0.0	0.0	0.0	4.502911215981273	0.0	0.0	0.0	
0.0	0.0	0.0	0.0	0.7152514702057686	0.8982780283877415	0.0	0.0	0.0	0.0	
2.637175298982319	0.0	0.0	0.8826476079771	0.0	0.0	0.0	0.0	0.0	1.9918405472981167	
6.184692999409402	0.0	1.1089874871168388	0.029673760860277686	0.08250913658286198	0.0	0.0	0.14944547492276228	0.27786222463716337	2.5352487360231025E-10	
0.0	0.0	0.0	0.0	0.0	0.0	0.0	0.0	0.0	0.0	
5.544129916024064	0.0	0.9797909763639667	0.0	1.2789921053155149	0.0	0.2040508206674011	0.0	0.7264689922301345	0.0	
0.0	0.0	0.05544940394421255	2.7742138936717757	0.0	0.0	0.04827237254211056	1.7435350825834393	0.0	1.0272487130081518	
0.0	4.302511034768384	1.1781806969906163	0.0	0.0	0.0	0.0	0.0	0.0	0.0	
0.0012002738122817201	0.0	0.0	1.6412464053613036	0.0	0.0	0.0	4.599702601299854E-11	0.0	4.463828647307628	
0.0	1.5522802539252083	0.0	0.0	0.0	0.7072632516988158	0.0	0.0	0.0	0.0	
0.0	2.358055304992051	0.0	0.0	0.0	0.9800506515322592	3.853690101246577	8.825361557609562E-4	0.0	0.13547662330824467	
0.6043071774117238	0.0	5.454728270705453	0.0	0.0	0.0	1.2124577407673942	0.23116382676867842	0.0	0.0	
0.0	0.0	0.0	0.0	3.0548351120038113	0.0	0.0	0.0	0.0	0.0	
0.0	0.0	1.1137762723109335	0.0	3.9405982689510233	0.0	0.0	0.0	0.0	0.0	
3.5321418013478034	0.0	0.0	0.0	0.0	0.0	0.0	0.0	0.0	0.0	
7.505503333578265	0.005311792864182106	0.0	0.0	0.0	0.0	0.0	1.0636177289442108	0.0	0.3177765120438768	
0.11429827886881416	0.0	0.0	0.0	0.0	0.0	0.8942682484189814	1.1875914070885931	0.0	0.058245562143892475	
0.0	0.0	0.0	0.0	0.0	0.0	2.844645897696352	0.0	0.0	2.3502071686722927E-4	
0.0	0.0	3.0389525985899235	0.8257492952968709	0.0	5.9425884530586295E-9	0.0	1.2694717763797938	0.0	0.10631858940943066	
0.0	0.0	1.4121805706172998	0.0	0.0	0.0	0.0	0.0	5.332607057962819	0.0	
0.0	0.8729331728213077	0.0	0.7391526745965354	0.5669846871640009	0.0	0.0	0.0	0.0	1.1473064724116537	
0.0	1.527599302329736	0.0	0.0	0.0	1.0951998376503025	1.1992270373110687	0.17314002728064817	0.0	0.0	
0.0	4.963958150030261	0.0	0.0	0.0	0.0	0.0	2.4531440393747057	0.0	2.093715622866683	
3.1557505486610267	0.0	5.104702605721373	0.0	0.6482959957588371	0.0	0.0	0.0	1.2119338367136274	0.0	
0.0	0.0	0.0	4.612404182801093	0.0	0.0	0.0	0.0	0.0	0.0	
