0.0	0.0	1.4168504216986564	3.604537969873138	0.0	0.0	1.272937994177958	0.0	0.0	0.6247986205865161	
1.9019679295950764	0.0	0.4430946089894981	0.0	0.0	0.0	0.0	0.0	2.987569244775973	0.0	
0.0	0.0	0.0	0.0	0.304070930692838	0.0	0.0	1.0047876355277963	0.0	0.0	
0.0	0.8500826502888167	0.0	0.0	0.0	0.0	2.4486107404476503	0.0	0.0	0.0	
0.0	0.0	2.0566592218983857	0.0	0.0	0.40377077158525276	0.0	1.1753784669179088	3.9688099316997496	0.382356502827881	
0.0	0.0	2.3538264889816105	0.0	0.0	0.35478815532010666	0.0	0.0	0.0	1.904648849716821	
0.0	0.0	0.0	0.0	0.0	0.0	0.0	4.96137973604327	3.884737708751071	0.0	
0.0	0.0	0.0	0.0	0.8068688170589612	0.23838983980142367	0.0	1.872836793728631	0.0	1.2977613130026942	
0.0	2.1764244542019187	0.0	1.6843091148841502	0.0695927512189769	0.0	0.0	1.3423095405702545	0.0	0.0	
0.5604377113361936	0.0	0.6338021466686774	0.036790761164128785	0.0	2.546157530667707	0.0	3.9771998691112262	0.0	0.0	
0.0	0.0	0.0	0.0	0.0	0.0	0.0	8.714641844963792	0.0	1.7210655876166039	
0.0	0.0	0.0	0.0	2.586460668621023	0.0	0.0	4.8629201399228466	0.0	0.0	
0.0	0.0	0.8191851711029445	0.0	0.0	4.866599448566481	0.0	0.3659882419187304	7.878855261850919	0.6374327688984958	
0.9593495062994061	0.0	0.0	0.0	0.0	0.5848426657546165	0.0	1.812975441424921	0.0	0.0	
0.0	0.0	1.1677398341112188	0.9503171076718346	0.0	0.0	0.0	0.0	0.0	1.276607038546574	
0.0	0.13752683491797354	2.7456870245361	0.7095931361837823	0.0	0.0	0.10971004848255511	3.142559928668635	6.2669392600533005	0.9641485185388818	
3.494735834748929	0.0	0.0	0.0	0.0	0.0	2.903480165251675	0.0	10.375959544382892	0.07532761858732442	
0.0	1.3076110620903918	0.0	0.0	7.879880198211127	0.0	0.2960091216815619	0.0	0.0	0.0	
0.0	0.0	1.8076785649710045	1.018666759765698	2.080671982368069	0.0	0.0	0.0	0.0	0.0	
0.0	0.10429622408022367	0.0	0.0	0.013692315968581094	0.4982735306197176	0.15722202314093295	0.23513922488421396	0.0	1.1067318404082123	
0.0	0.0	0.0	0.04249946745979876	0.0	0.0	0.0	2.9971137351614603	0.0	0.0	
1.765137396091842	0.004219526426870438	0.5827647912274512	3.0312596608781885	1.9018337012205113	0.0	0.02221115415597285	1.7241495894218646	0.0	2.1695369284402575	
0.0	2.5775847062785027	0.0	0.0	0.0	0.0	0.0	0.0	0.0	0.0	
0.6131145128879676	0.015225127092771162	0.0	2.117248391730767	3.9085054703206676	0.16713195213576634	0.05820557105673343	0.7403204061706037	0.08764593249028582	2.0809628400437368	
0.0	0.0	0.0	0.0	0.0	0.0	1.9877497650453793	2.2351573488351457	0.0	1.4370694096528198	
0.0	0.0	0.998963177320196	0.0	0.0	0.0	0.5834127402239122	2.0650740263675473	2.465063191365873	0.0	
0.2961271046511359	1.3424872874359686	2.19479467759744	2.4548639963900825	1.2078861110468917	0.0	1.4162237360383634	1.672661884390598	2.112875228697168	1.5011675587528128	
0.21835263422783577	2.320993988760556	1.5724765334120465	0.0	0.3053070822288831	0.4064828345080135	0.565082878262256	0.0	11.262682840638334	0.5233776271438129	
0.0032238680868555154	0.0	2.634190849885006E-4	0.6287443831774067	0.0	2.677797551024664	0.07775125285372433	1.8838936183363704	2.6186281547866304	0.0	
2.5267553630808544	0.0	0.0	2.8899227972598007	1.2423484810152805	0.0	0.0	0.0	0.0	0.5111452585642382	
0.0	0.0	0.0	0.0	0.0	0.0	0.0	0.0	0.0	0.0	
1.4342595381514622	0.01739985192163825	0.0	3.1434615884166575	0.0	0.0	0.0	0.34784593143150183	0.0	1.010396924314332	
0.0	0.07715479744300101	0.0	0.0	1.6841872430395923	0.0	0.0	3.9379021449210287	0.0	0.8313891208780942	
0.0	0.0013629203847255243	1.3501670809610686	1.424507760263989	0.5175481296013961	0.059305770956487376	0.0	6.884774320845618	0.0	0.0	
0.0	0.0	0.0	0.0	0.0	0.0	3.6916080693832543	0.0	2.8114417803810716	0.0	
0.0	5.903872421618325	0.0	1.0458750076248373	0.20142701499608742	0.0	0.0	1.0383590286989905	0.0	1.1980878667577	
0.0	0.19702257722441535	0.0	0.8118467481493141	0.0	0.004431660755367427	1.7920969523958312	0.0	3.357659118438574	1.400307433359432	
0.0	0.0	0.0	0.0	0.3053383777993057	0.9924668897821123	0.5110454250208356	0.0	2.118092779488399	3.498105665242414	
0.0	0.0	0.0	0.0	0.0	0.0	0.0	2.2999554755239733	0.0	0.0	
0.090250493398742	0.4534065412411631	0.667938698816133	0.013440811245222777	0.0	0.0	0.0	1.1889359636375547	0.0	0.0	
0.0	0.0	0.0	0.0	0.0	1.335695647904949	0.03241512066075886	4.392275181863927	0.0	0.0	
0.0	0.0	4.328780796851837	0.9046144676113114	7.137125145447193	7.63042916470534E-5	0.0	1.7703559496152683	0.0	0.0	
1.181482820391774	0.0	0.0	0.7058042084701637	1.597128768312022	0.0	0.0	3.553962555579908	0.0	0.7236022358350631	
3.1077206100744177	0.0	0.0	0.0	0.0	3.495489143537502	0.0	0.0	0.07124316118301866	0.4843752896577722	
3.6207130666859153	0.0	0.0	0.0	2.9315039183366385	0.0	12.668276719758996	0.0	4.1034082814591235	0.0	
0.0	0.0	0.0	0.0	0.0	0.0	0.0	0.0	1.7706699896425508	0.0	
0.0	2.045261586343892	0.0	0.0	0.5509226393898402	0.0	0.0	1.4339586597565135	0.0	0.0	
2.060275017721056E-5	0.0	0.0	5.557155691816246	1.8993342192538465	0.0	0.0	0.0	0.0	0.9835787966360386	
1.205436780850733	0.0	1.113655623818559	0.0	0.8928475915999758	0.3965752392491549	0.0	0.0	0.0	0.29444265809515663	
1.8050372965216337	2.956424297046125	0.0	2.0536923945770957	0.0	5.297109028007936	0.0	0.0	0.0	0.0	
0.0	2.3816525211378714	1.2472801708346546	0.015446775893523217	0.03959303167122896	0.07740365904056679	0.0	3.402998479363792	4.642229645378955	1.4140971762619137	
2.495168087798551	0.0	0.0	0.0	0.0	1.9650411103865808	0.04563050032894583	0.010393758837012036	4.344270773420583	0.051617446941292604	
2.259385623387506	0.0	1.4964360280320945	0.0	0.5234321005965462	0.0	0.0061098441880796	0.12221281621257848	0.0	0.9019388497547154	
0.0	0.0	0.0	1.3845580480466497	0.0	0.0	0.0	0.0	5.895537069915553	0.0	
0.9464179487023723	0.5182549823140499	0.0	1.132274807883648	0.0	0.0	0.0	1.5780429286680813	0.0	7.0378672883336E-5	
0.0	0.0	0.0	1.4679532542028568	1.3843139263639384	5.493492813910816	0.0	1.456535134856104	0.0	0.6764103862528351	
1.0744542980253935	0.0	0.0	0.0	0.0	0.0	0.0	1.7789400652390714	0.0	0.0	
0.0	3.2428618142694994	0.0	0.0	0.0	0.0	0.0	0.0	1.0433782294377147	0.45568320378823446	
0.4113050109748326	0.5081506080816616	0.0020150247451920264	0.04854218756902701	0.0	1.4431753103211191	0.0	3.443091333512051	0.0	0.0	
0.0	0.0	0.0	0.0	2.601227351257257	0.0	0.0	5.377932613806797	0.0	0.0	
4.744950144957453	1.0494685490791011	0.8172018214237429	0.0	2.2355089180069676	0.5507863434471624	0.0	0.0	0.0	0.0	
1.7530637708273495	0.0	0.0	0.0	0.6074404312996868	0.0	0.0	0.2200234695398456	4.009940482495336	1.5754171470145595	
0.7050022963308092	0.0	0.09847264699358252	0.0	0.0	0.0	0.0	7.286906253928026	0.0	0.7795724603757164	
0.0	0.0	3.917197427454583	0.0	0.4287100060997425	3.059608417790534	0.0	0.0	0.0	2.4201692293698693	
0.0	0.0	0.0	3.0339212371366955	1.7211550055524585	0.0	0.0	0.0	0.11118047808538883	3.5566080921637875	
0.0	0.0	0.0	0.0	0.0	0.0	0.0	3.852824217413827	7.585012081186097	0.0	
1.8335642895390916	0.0	2.0092755342383377	0.01848133868975877	0.0	0.0	2.2069669786306276	0.0	1.7061139458793688	2.1665064819751225	
1.6582891021988238	0.0	0.0	0.6432483760770283	0.11742596421435787	0.0	0.0	0.0	0.0	0.0	
0.8323779137633842	0.0	1.6939430102308979	0.9906342785271476	0.7731315023236204	0.25263024190490585	0.0	0.0	0.0	0.0	
0.0	0.35048671764764977	0.0	2.1853818425464935	0.0	0.5300399280058209	3.507538777598825	0.10422586798435243	0.0	2.2284702931747296	
0.6533427347406116	0.0	1.228098913876155	0.0	3.7150940559883603	0.0	0.0	0.0	0.0	1.9942060952300833	
0.0	0.0	0.0	0.0	0.0	0.0	4.5348227919159605	0.0	0.0	0.0	
0.0	0.0	1.228106397062127	0.0	0.0	0.21775347481138557	0.3539882394653453	0.0	3.054195917401713	2.2579147200377756	
0.0	0.08378690063993466	0.30731497601873725	0.7377799097374224	0.0	0.0	0.0	1.3824374696836583	0.0	1.3525965546346643	
0.0	1.0773238123471491	0.0	0.0	0.0	0.0	0.9856609338837304	1.226272006722437	0.0	0.0	
0.04425714659315524	0.0	0.0	0.0	0.0	0.0	4.87644312877292	0.6781220532719406	0.0	0.0	
0.0	0.0	0.0	1.1786460230007962	1.5016829452306182	0.0	0.09604710861515706	0.0	0.17226982227713492	0.9867054855540418	
0.9347211382095295	0.0	0.0	0.0	2.113154633582484	1.282384732323333	1.4323107102536399	1.22876541655507	0.0	0.0	
0.6493821848474615	1.4496017067211122	0.1362467941709403	0.13880018444457268	1.7023418097318006	0.14435782850521472	1.3997883545935772	0.32890126093964767	0.4197023076872546	0.007062105143967462	
0.0	0.24744368902937294	0.0	0.0	0.0	1.8983768733195154	2.9650900217239218	0.0	0.0	2.927557533674069	
0.0	0.0	0.0	0.0	0.0	0.0	0.0	2.104434027053494	0.0	0.0	
3.0164381465829795	0.4786445672017756	0.0	0.0	2.0995140230734783	1.2037233509342025	2.8916875630945844	0.0	1.909515829158954	0.0	
0.0	0.36414457669162115	2.965448187606591	0.23507090390605012	0.0	0.0	0.0	0.10179804858847546	0.0	2.5494705556716872	
0.0	5.11449763534346	0.15235299687865905	0.0	6.12369928252443	0.542354102013183	0.07100764036849169	0.0	0.004244006585453576	0.06538279762169799	
0.0	0.0	0.0	1.3224217830709766	0.0	0.0	0.0	0.0	0.0	0.0	
3.857383002122957	0.0	0.0	0.0	3.740321212176885	0.0	0.0	2.271325576384079	0.0	0.0	
0.0	0.5989367908934066	0.0	2.2474915838314673	0.0	1.545389191206763	1.331346108494335	0.0	0.42077160096255534	0.0	
3.3227094432222195	0.31727281250870826	0.0	0.05538798034999907	0.0	1.480417935657243	6.808467671138118	0.103787734236446	1.3639823372714412	1.0724925762826838	
0.7496337305964441	0.0	1.3538427316999428	1.2507581676807376	1.1836165223866475	0.10301017238909246	0.0	1.1978272987145204	0.0	0.20613944349518598	
0.0	1.3842089028858293	0.0	0.0	0.41183449449160814	1.0454808519741112	0.8228884126409955	0.0	8.560444940155818	0.033832067522823334	
1.0854313245806777	0.0	0.0	0.0	0.0	0.0	0.0	3.5284845298341705	0.0	0.0	
0.0	0.0	4.817491719483392	1.3934722570983296	0.0	0.0	0.0	0.0	0.0	0.0	
0.0	0.0	0.0	0.0	0.0	0.0	0.0	2.4207176966615593	0.5130208059228147	0.0	
0.0	0.0	0.0	2.4571322305329435	0.0	0.0	1.7577403891360934	0.43447176606620813	0.0	0.5673577132446898	
0.0	2.036339158920904	0.0	0.44368413717089256	3.592433428513853	0.0	1.5672381898739232	2.4331303669242192	0.0	0.0	
0.0	1.5034391065455164	0.0	0.0	2.691485560119759	0.6305436837304427	0.2566528508376583	0.0	1.0165862783920483	0.7661095223803914	
1.6187258202434565	1.5377560478633057	0.3375854666449787	5.490486664766286	0.08096647260726027	2.422725392169163	0.0	0.0	0.0	0.0	
0.0	0.0	0.0	0.0	0.0	0.0	0.0	5.527707635367618	0.0	0.0	
1.724045418912984	1.6969201276279768	0.0	0.0	4.109794914844917	0.0	0.37079424937451005	0.0	0.0	0.0	
0.0	0.0	0.0	7.927883201769684	0.0	0.0	0.0	0.0	0.0	2.179349189099088	
0.0	1.7927915085347952	0.0	0.8508080942024696	0.0	0.0	0.04080760683062621	0.3964404164705713	0.3276366776702945	0.5782851582281723	
0.0	0.0	0.0	0.0	0.0	0.0	0.0	3.4969888214183706	0.9030240559308923	0.0	
0.0	0.0	0.0	0.20333794129971966	0.0	4.6937251108446905	0.0	3.5595777227742227	0.0	0.0	
0.0	0.0	0.2684338590297373	5.10507415753024	0.0	0.0	2.2715550626959153	0.2792935708793958	0.4144943664730915	0.0	
0.6051462131050765	0.0	0.0	1.119395928072139	6.19238127783888	1.8630238425519419	0.9774092454829538	1.4223592662123694	0.0	2.467388459767021	
0.0	1.4122859962903904	0.43549299897774757	0.0	2.3440070443190217	0.0	0.5318301891331667	0.5476593840236629	2.728635420463622	0.6826587353011443	
0.772624256604466	1.134845961128798	0.0	0.0	0.0	0.1219894557571568	0.0	0.0	0.0	1.2274942550565704	
0.0	0.0	0.0	0.0	0.0	5.498857690642342	0.0	0.0	0.0	0.0	
0.0	0.0	0.0	0.0	0.0	1.9846999811243444	0.0	3.9599789935541208	1.3529680540024962	0.0	
0.0	0.8338273102700499	0.0	0.03734604018495335	0.05433502769222143	0.0	0.0	3.5848625546607438	0.0	0.07050009781829028	
2.998446531735839	0.0	0.07072643601129143	1.9049624895329693	0.0	0.0	0.0	0.0	4.3699083357967226	1.3164676568967468	
0.0	0.0	0.0	7.60421617128412	0.0	0.0	0.45610946950414194	0.0	0.0	0.0	
1.9625633041248696	0.0	0.0	0.0	0.0	0.0	0.0	4.03746017377269	0.0	1.2486189029233665	
0.5134279663741766	0.0	1.8200228145439283	0.0	0.06764177171049049	1.0655395023666256	0.0	1.8553878274033604	0.0	0.0	
0.0	0.0	3.0748019158524635	1.7376509793616643	0.0	6.281309256928417	0.0	0.0	2.709870771960094	0.9784478433015604	
0.0	0.8092289954599149	0.0	3.681761740018072	0.7434071864455857	0.0	0.19110586090911677	1.0017957660694128	0.0	0.0	
0.0	0.0	5.0380406654334795	0.0	0.0	0.0	0.0	0.0	0.0	3.3119069735534943	
0.0	1.7437548166232562	0.0	0.4025824456594691	0.0	1.0700654294552647	0.0	5.842545549806132	0.0	0.0	
0.0	4.314114753505795	0.0	0.0	0.0	0.0	0.02936630785732811	0.0	0.0	0.0	
2.701792477728097	3.078867869797511	0.5863276810088814	0.0	0.0	0.029199015783068306	0.004978476353688872	0.43357426520662334	0.0	0.7525655588324125	
0.0	0.0	8.896906976086063	0.0	0.0	0.0	0.0	0.0	0.0	0.0	
0.0	0.0	0.0	0.0	4.1743053383641024	0.0	0.0	0.4702305318155518	0.0	0.0	
0.0	0.0	0.0	0.0	0.0	1.2767150825356228	1.114887616157377	2.704406639882734	0.3679434974594725	0.0	
0.00377144109767768	0.0	0.004517251936811337	3.3793072107313504	3.4462321982337234	0.8297036539987405	0.9421178953580306	2.6267479033070327	0.034983485972088134	4.136435909856696	
0.0	1.6528980663002186	0.0	0.0	0.0	0.0	0.8507702961198721	3.37572161470657	0.30621800419794554	2.2794578207634273	
0.5189536525307559	0.0	0.7107204197648954	0.0	5.952638112858747	0.0	0.0	0.0	0.0	2.4798463665068384	
0.0	0.27402459903958803	0.0	5.961543086618116	0.0	0.0	0.0	0.0	0.0	0.9647560368732925	
1.4358374909911684	4.650753490443729	0.0	0.0	0.0	0.0	0.0	0.11742605928096704	0.0	3.9753806235872637E-5	
0.0	0.20174219463717308	0.0	0.0	0.4908764163012591	0.0	1.9318447862454777	0.0	0.0	2.4627894971215905	
0.0	0.0	0.0	2.597112763806234	0.0	0.0	0.0	1.83165771332029	0.0	0.0	
0.0	1.1343568654524825	0.0	3.2662573393859677	3.2228944985252452	4.559808376444376	0.0	0.0	0.2373079013663602	0.2415539364099277	
0.3283667022503869	0.0	0.0	0.0	0.0	0.0	0.0	6.672883369632076	1.1424033006585534	0.7600404228555168	
2.645669683520126	0.3940997741415226	0.0	1.3043038373473912	2.7850954995448354	1.7960008790319548	0.35881323492282785	0.0	0.0	0.0	
0.0	0.0	0.0	0.40528809484565564	1.0917572057714546	0.0	0.0	0.0	1.7406730503433123	0.010339767779451328	
0.0	0.2580000579406005	0.0	0.0	1.61045618206898	0.0	0.0128181496458475	3.0589346025216397E-4	3.174731129322328	0.378156475777707	
0.0	0.0	1.029566639542368	0.0	3.0867130986135516	2.5504756873281944	0.0	0.0	0.0	0.0	
6.542177497246266	0.0	0.3084979791148154	1.2808816768389855	1.3309990958506897	0.0	0.0	3.2309898105510917	0.0	0.0	
0.0	0.0	0.0	0.0	0.0	0.0	2.0797056767147364	0.0	0.0	0.0	
0.0	0.0	2.9745815091999286	0.6401308004057525	0.0	2.795985891809254	0.7438965901396277	0.0	4.157992398265068	0.0	
0.0	2.4908275355446934	1.1698382045728766	0.0	0.0	0.0	0.0	0.0	0.0	3.398978717822005	
0.0	0.0	0.7416313207807724	0.0	0.0	2.9704451216191172	0.9620256271672509	0.0	1.9726079951258526	0.0	
0.0	0.3642477281806232	0.0	2.1381737232287685	0.7702104217612545	0.5622840461770846	0.0	2.3304233416472013	0.3849590672949644	0.8802169705187197	
0.0	0.4658399832203922	0.0768311469535651	3.201471734443163	0.0	0.1445747606829933	0.0	0.03640776970823883	0.0	0.0073087312140773944	
1.4397342621787899	0.8144768503893624	0.0	1.4197696575498724	1.550803220779688	0.0	0.0	0.529218797389363	0.0	4.949772368556413	
0.0	0.0	0.0	0.5420600191237707	0.0	3.8814471169289515	0.8891889973862926	0.0	0.0	0.0	
2.298490422308844	2.9140626750208263	0.0	0.004227720355462327	0.0	0.0	0.0	0.029022655614509472	0.0	0.0	
0.0	0.35142438768876005	0.5141620547537714	0.0	0.47463883352197067	3.544553899147977	0.0	2.4462296424494197	0.0	3.2862453220408203	
0.0	0.0	0.0	6.0453608212247465	0.0	0.0	0.0	0.0	0.0	0.8106701148151126	
1.5268476470678363	0.0	0.0	0.0	7.887961735141991	0.29389660172765264	1.7447211321590597	0.0	0.0	0.0	
3.954871868291204	0.0	0.0	0.0	2.148352467946597	0.0	0.0	1.8486034480612983	2.3062264279992672	0.0	
0.0	2.119339440234301	0.756793152895579	0.0	0.0	0.0	2.6118386284739668	0.0	0.0	0.0	
0.0	1.5283105342284127	0.0	0.0	0.0	0.6175043531565347	0.0	1.1943592229816145	0.0	0.0	
0.0	1.5631626773832685	0.0	0.3774277096026741	0.0	0.0	0.0	0.0	5.1900152811647935	0.0	
0.43541223509017873	0.05838648641497211	0.0	0.2565440806918957	1.0884630980305414	0.0	2.639361546114454	0.0	2.144500861628553	0.0	
2.5793298801286313	0.0	0.0	0.0	0.0	0.0	0.0	0.0	0.0	0.0	
1.2400839994194177	0.0	0.0	0.0	0.8858127092164123	0.0	0.0	0.0	0.0	0.0	
6.690263981572281E-4	0.0	0.0	3.1252724019866243	0.0	0.8613650038144567	0.6425949860109138	0.0	0.0	0.0	
0.0	0.0	0.0	0.0	0.0	0.0	0.0	7.7654184650550615	0.0	0.0	
1.8321013143698794	4.449811847324889	1.6178002397467275	0.3867926198348027	1.7308377937807142	0.0	0.10150648851002379	0.0	0.0	0.0	
0.0	1.5377589400811262	1.6075683895983885	0.0	1.3107412169778714	0.0	0.2875025292434826	1.944470283614532	2.9446488995998825	2.5171303197250743	
0.0	0.0	0.6874722416891506	0.0	0.0	0.0	0.0	4.648805491754633	0.0	0.09225299442109781	
0.6184268652402031	0.4543881229141718	0.02707560620171766	0.0	2.9029592271115887	0.0	0.43329146843707056	3.4703944879380795	0.0	0.05007129973912658	
0.0	0.0	0.0	0.0	0.0	0.0	0.6858910546014492	9.53398229509061	3.703947234231311	1.3581631461253099	
1.7528997456843527	0.5812900730851068	0.0	0.0	1.9302850452614424	0.0	0.9309340509242661	1.3320687023022693	6.438905852780203	0.5743447002495735	
0.0	0.0	0.0	0.8715565877860972	1.200537195711404	1.84094252108013	0.491987658981708	0.0	0.0	0.4838435180222958	
0.23699591944936615	0.0	0.0	0.029238158396248017	3.5491275013108288	1.3522139928320465	0.0	0.0	0.9399710454405177	0.0	
0.0	2.712417497954748	0.0	1.6613511035339261	0.0	0.0	0.0	0.0	0.0	0.0	
3.0862805320201816	0.0	0.0	0.07680504438097559	0.0	0.0	0.0	0.0	0.0	0.0	
0.9633632024781149	0.0	0.6175086600955801	1.5417170781081126	0.1169321621325953	0.5701473910803524	0.07421583971469052	0.0	3.5167373520998657	1.1049051898215596	
0.0	0.0	0.0	0.0	0.7292274067049632	1.0949201934676938	0.0	0.09238572588291169	1.1734495358060557	0.0	
0.38601106333767066	0.0	0.0	1.9497841189553835	0.0	0.0	0.0	0.0	0.0	0.0	
0.0	0.4602120052819814	0.6876506415855865	1.2846523285929898	0.9920873827081058	3.2378346675901826	0.0	0.0	0.0	4.2658041862300005	
0.0	0.0	0.0	0.0	0.0	2.0015721237148662E-5	0.0	6.520852986780611	1.4538676694781587	0.9649695963908876	
0.03746733067755045	0.0	0.0	0.0	2.726104905460553	0.0	0.0	0.0	0.16799404489630515	0.0	
3.1414024777557086	0.019760038804329135	0.0	1.7184513953225615	5.40041058112562	0.0173458353189966	0.0	0.6213490526661871	0.0	0.8663908575236324	
0.0	0.0	0.0	0.0	0.0	0.0	1.2583165454129688	0.0	0.8318842259140532	0.0	
0.13537974589486684	3.0971061055342504	0.0	0.0	6.332293760082207	0.3589659265948507	2.6473041734560407	0.5843375850703026	0.0	0.301447369513268	
0.0	0.0	0.0	0.0	0.0	0.11122467859433749	0.0	0.0	7.365073610323472	0.6219130818742903	
0.0	0.0	0.0	0.0	0.0	0.0	0.0	5.71043371887202	0.0	0.0	
0.0	5.228900335812379	2.8616508723600864	0.0	0.0	0.23304989826658035	0.0	0.0	0.0	0.11303230708505198	
0.0	0.0	0.5994258815970467	0.0	0.0	0.0	0.0	0.0	0.0	0.7461776736424897	
0.0	1.267651395930176	0.19696391202963745	0.03780837480352914	0.0	0.0	0.0	0.0	0.0	0.0	
0.0	0.0	0.23111615043200417	0.0	1.0723816810854891	0.0	1.3141192915205873	3.3007111031608267	0.0	1.0362458280794176	
0.0	0.0	0.0	0.0	6.005311897174402	0.0	0.0	0.4161235624077185	0.0	0.0	
0.0	2.3966300806784764	1.589228828049148	0.0	3.786707827383319	0.0	1.8351995379147934	0.0	0.0	0.0	
3.1273517238559383	0.0	0.0	0.0	3.5644101405354243	0.0	0.0	0.0	0.0	0.0	
0.0	0.0	0.0	0.0	7.925132038140568	0.0	0.0	0.0	0.3376799593583369	0.0	
0.0	0.0	0.0	1.0073484952600231	0.0	0.0	0.0	0.0	1.5686299684795584	0.0	
0.0	0.0	0.0	0.0	8.433078150151971	0.0	0.0	1.930316653220622	0.0	0.0	
0.0	1.5042172292012594	0.0	0.0	0.7163123070922032	4.927895695255348	0.0	1.093941057934844	0.0	1.1743062021844082	
0.0	1.4729960986926283	0.0	0.0	0.20838784056368115	0.045226885503495316	0.0	0.0	6.658311050680543	1.3327140593017623	
0.0	2.180181962856825	0.0	1.789238158782063	0.8913246246366168	0.0	0.0	0.0	0.0	0.2812862546932091	
0.0	0.3999641167325036	0.0	3.385749816646264	0.0	0.0	0.0	2.3747219898360066	0.0	0.1322146127952163	
0.0	0.0	7.019323799093831	0.0	0.0	1.9017563967579385	0.0	0.0	7.53200570417075	3.0441579653649284E-4	
2.2300378268030028	0.0	0.0	0.0	0.0	0.0	1.0126212036643119	4.867329328924501	0.0	0.0	
0.0	2.8093658889462443	0.0	0.0	6.207930697226635	2.4059784826467623	0.0	6.494769182877768	0.0	0.5915741720448189	
0.2605881573306311	0.24383844155095405	2.499548078761519	0.37395800277153474	0.7953151860823436	0.0	0.0	4.223021572256491	0.0	0.0	
0.0	0.0	0.0	0.0	2.6011454029940366	0.0	1.5295104841414027	0.12631745555526178	0.5648395983232629	0.015531583843206393	
0.0	0.16262515211666267	1.4836914546781412	0.6727640470874526	0.0	0.5862274525158329	0.653864556749939	0.0	0.0	0.25786143221322727	
0.0	0.02397572341508394	0.0	1.3313225486492848	0.6014680252568952	0.0	0.0011530040543616972	1.3646357158411537	0.0	0.6082604037783993	
0.0	0.0	0.0	0.0	1.8061136829292206	0.0	0.0	3.3335228443658584	0.0	0.0	
0.0	0.0	1.1180229372259622	0.0	0.23427535353558587	1.8031621837970406	0.0	0.0	0.0	0.0	
0.0	3.846872565693095	3.030486426238015	0.0	0.0	0.629232297740227	2.846963572792059	0.0	0.022962250525696608	0.0	
0.0	0.0250658639038042	0.0	0.0	0.22007912806238214	0.0	0.8069470768337952	0.0478274801197532	8.596087542518182	0.556269636562266	
1.4428755810570997	0.0	0.0	0.0	0.0	0.001950165750001717	7.575907138970438	0.8175254710229694	0.5383728593845897	0.0	
0.0	0.0	0.32314245181333145	0.0	0.0	2.4987832708883437	2.4507688067202915	3.020904395738858	0.37026914479665984	0.6757953509247746	
0.0	0.0	0.0	1.8822763087453758	0.0	2.7990133629693514	0.0	0.0	4.893917342988516	0.0	
6.7846356631619065	0.0	0.0	0.0	0.0	0.0	0.0	0.0	0.0	0.5029194114492369	
0.0	0.0	0.0	0.0	3.3380731845047142	0.0	0.0	2.578026017600076	0.0	0.0	
0.0	0.0	0.0	2.823790855805241	0.0	0.0	0.0	0.0	0.0	1.533785248399167	
0.0	1.0633432094136896	0.0	0.14993561862787755	0.405168362624324	0.0	1.0351203933925388	1.031213115607325	0.9422053194953202	0.21713523675148713	
0.0	0.0	2.505742650934942	0.0	8.484319628039701	2.305540409908432E-4	0.0	0.0	0.0	0.41934485819139505	
3.452103894308351	3.970902358087121	0.0	0.0	0.0	0.0	0.0	0.0	0.6278955276163403	0.0	
0.0	0.0	0.0	0.0	0.0	5.124746871992928	0.0	1.2111030912329699	0.0	0.0	
0.3987657653889419	0.1079173505066089	4.376574514436407	2.3426219054975426	0.0	0.0	0.2880941357944924	0.1234963824557115	1.8091800965451423	1.0154285565473649	
0.0	0.0	0.0	0.0	0.0	0.0	0.0	2.7078970176848403	0.0	0.0	
0.0	0.9270942445620881	0.0	0.0	0.0	2.5523129840948693	0.0	0.0	0.0	0.0	
2.17773788299937	0.5362443746077841	0.0	0.0716612142083125	3.998972935324298	4.562481852966496	1.1102712253732605	0.018514933975244674	0.0	0.5991922288395709	
0.0	0.0	0.0	0.0	0.0	0.0	0.0	0.0	0.0	5.417133972885336	
0.0	0.0	0.0	2.4371246475019714	0.0	2.187552266094066	0.0	0.35483290328763956	0.0	4.906870152274833	
0.0	0.0	0.792677449656449	0.0	0.818679891738635	0.0	0.0	0.0	0.0	4.363783591382564	
0.0	0.0	0.0	0.0	1.2356214888917654	0.418852700102859	1.934769959061258	0.2257827032498325	1.235697629479674	0.0	
0.0	0.0	0.0	0.0	2.714495966666482	0.0	1.632569254906985	0.0	0.0	0.0	
3.1615093358022235	0.0	0.0	2.589982484244617	0.0	0.0	2.9643137388256315	0.9648495597574578	0.0	0.0	
0.0	0.0	0.0	2.5710773752747818	0.941543707158583	4.166031884263636	0.007997291172226926	0.0	0.0	1.5625520797973933	
0.0	0.0	0.0	0.0	0.0	0.0	3.983800955710409	0.0	0.0	1.1132468422519723	
0.0	0.0	0.1818207653850054	0.0	0.0	0.0	6.511380878015581	0.0	5.732900283190254	0.0	
2.4730209403590955	1.1523739271054236	0.0	0.0	4.039277853531406	0.9421799869013572	0.19014116733812494	0.0	0.7940529562544378	1.581731879789698	
0.5496281871188125	1.0729681210680126	2.3640601536998966	0.8665262934489413	0.0	0.11624462691457008	0.012453015031283357	0.0	0.0	0.0	
0.0	0.0	0.07654552024271222	0.0	1.1075945052679446	0.0	0.0	0.0	2.6091041975134663	0.0	
0.0	0.5189437060995564	0.0	0.0	0.0	0.0	0.0	4.740279912197454	0.0	0.0	
0.0	0.0	2.079216430436742	1.559691390813809	0.0	0.0	0.0	0.0	0.0	0.0	
0.0	0.10658494518911012	0.0	0.11094514118703197	0.6288739928818027	2.887351492707281	0.45656876819316955	0.0	0.0	0.0	
3.3444199918023885	0.0	0.0	3.0466837333801498	0.0	0.0	0.0	0.0	0.0	0.0	
0.0	0.20826511363158023	0.0	0.7336042607378075	0.0	3.4623220828709083	0.0	0.0	0.0	0.0	
0.0	1.1890419791004774	0.0	0.0	0.0	0.0	1.1157726797032506	0.0	0.0	0.21985277425141622	
0.006377782060236339	0.0	0.0	0.0	3.692915893268456	0.5314123955959499	1.5658234877636164	0.0	1.8313306977061772	0.0	
2.705935911486529	0.0	0.0	2.80241573562219	0.0	0.0	0.0	0.0	0.0	0.0	
0.6166804595811856	0.0	1.937720547890928	0.0	0.45869566504393067	0.6857736609992343	2.3512504288252427	0.0	0.0	3.2612571157544727	
0.0	0.0	1.1366842514655058	1.0889291230134883	0.0	0.6408965903344426	0.763533566683349	0.0	1.037979169633135	0.0	
0.0	0.0	0.0	0.9554079094023311	0.0	3.6041911966664895	1.9456989950390131	0.0	1.0967888984520306	6.705740611374387	
2.912438418715036	2.3386869794830925	0.0	0.8835521193860668	0.3227680880859241	3.1112984882318666	0.0	0.0	0.0	0.15214148186675658	
0.0	0.0	0.0	0.0	0.0	2.842081446356067	0.0	6.0908702156795975	0.0	0.0	
0.0	0.0	0.0	1.2514385070213287	1.1343818366003258	0.0	0.6637319805889932	0.0	0.0	0.0	
0.0	1.9574211253688714	0.0	0.6619963156112084	0.0	0.0	0.0	0.0	0.0	5.960410247944837	
0.0	4.148677641038548	0.0	0.0	0.0	3.032978209763787	0.0	0.0	0.0	0.0	
1.5698786512852387	0.0	0.0	0.0	0.0	0.0	6.55236913900642E-5	5.105620681110739	1.695374878486735	0.6922380616173407	
4.094972947741675	0.16346511602010502	0.0	0.0	3.0697490825734715	0.0	0.013375844228299773	0.2780068403858581	0.0	0.0	
0.0	0.0	1.2281905540157736	0.0	0.0	0.496873397136638	0.0	0.36815035836177856	0.0	0.0	
1.1349125703904264	0.0	0.0	1.5618584595308533	0.0	0.8167278211146858	0.0	1.9161605816862806	0.0	0.0	
1.6640173409240016	0.0	0.0	0.0	0.0	0.8146816690854619	0.0	0.0	0.4855177738012861	0.0	
0.0	0.27838635463302774	0.20746693887926332	1.0355518986054209	0.0	0.0	0.0	0.07880793488232272	4.021522976223306	0.0	
0.0	3.1473287524206346	0.0	0.0	0.0	0.0	0.0	0.20079215273296874	0.0	2.984066833779744	
0.6017056624647259	0.0	0.0	0.0	1.16188044685355	3.4406242490290673	0.0	0.0	0.7262554141607283	0.0	
0.3314759042326049	0.7175141266497733	0.0	0.0	1.8182334486543095	0.6139937164029695	0.0	4.789825851585401	0.0	0.46671430890156956	
0.0	1.6924435403215257	0.3836403652752317	1.0884004467371025	0.24948919926738833	0.0	5.01090565309775	0.0	0.0	7.141679826417111	
0.0	0.6985825581863895	0.0	1.4962709168577208	0.0	0.4434012901546321	0.13259541468908687	0.0	2.492570262216173	1.8570316636532107	
0.0	0.0	0.555915147970576	4.32445431747415E-4	0.7799151254113967	0.0	0.0	0.0	2.165678465519204	1.7779134063764377	
1.1709201589524196	0.0	2.057589619823235	2.7975770489732357	0.0	0.0	0.03415634343732424	7.8072063484232235	0.0	0.0	
1.2209163425943061	0.7763199206914572	0.0	1.8665356944745326	2.3013567774825763	0.014352172629535984	0.0	0.06186597827953615	0.0	0.1563260693683479	
0.0	0.0	0.7763724494499752	0.0	0.009056531768982634	3.364346733705263	0.0	0.0	0.0	1.3833124367405591	
0.0	0.0	0.0	0.0	0.1028958722091924	0.0	0.0	3.06798920194204	0.0	0.0	
0.0	0.0	0.0	0.0	0.020386943501155035	0.0	0.0	2.1869794832104295	0.0	0.0	
2.186131323018751	0.0	0.0	0.0	5.533084905676924	0.0	0.0	1.8121442017420892	0.0	0.0	
0.0	0.0	0.0	2.094156067276528	0.0	0.0	0.0	0.0	0.0	0.0	
0.0	0.0	0.07005873167408327	0.0	0.0	1.537721109022062	0.0	0.009149265703009583	0.0	4.582023739432652	
0.0	0.0	0.0	0.4570064590538308	0.0	0.0	0.0	0.0	0.12438933081888745	1.6733723581259317	
1.1150020293073748	0.0	1.194760423065736	0.0	0.0	0.0	0.0	6.100297053932443	1.073166939284838	0.0	
0.8241120609588186	0.0	0.0	0.6084347089805932	4.539941506598388	0.0	1.9388216160664138	0.0	0.0	0.0	
0.0	0.0	0.0	0.0	2.8235843521359323	0.0	0.0	0.02741614559978169	0.0	0.0	
0.0	0.0	0.0	0.0	0.0	0.0	4.5086688854003185	0.0	0.0	0.0	
0.0	0.0	0.0	0.6436128630990806	0.6666757764834463	0.0	0.0	0.0	4.841598891460791	0.0	
0.0	0.0	0.002142691554595384	0.0	2.50542599119553	0.1379902345801683	1.6250381150312136	0.0	0.17781497636807733	0.0	
0.0	2.722482938517865E-5	0.0	0.0	0.0	0.0	0.0	0.0	0.0	6.450696627887158	
1.559863752685607	0.11251569391517255	10.548703336711485	0.3236293848145337	0.0	0.0	0.0	0.06723210671214794	0.445291543579725	0.0	
0.0	0.0	0.0	0.0	5.154871239262012	0.31578118288590595	0.0	0.0	0.0	1.1110026899604935	
0.33573664809904546	0.0	0.4563534536971379	2.057347757458085	0.18038802518005653	0.0	0.0	0.0	0.7613458847462484	1.0315418399461982	
0.0	1.1507867399330056	0.0	1.5478128416546562	0.0	0.0	0.0	0.8101458133944291	0.0	0.28689775838677545	
3.236933650252873	0.0	0.0	0.0	0.0	0.0	0.0	2.9728044040811987	0.8746127515442454	3.843946995905406E-4	
0.0	0.0	0.0	0.6501222021852612	0.0	2.6291089486726955	0.0	0.0	0.0	1.0801652728039988	
0.0	3.35090159625838	0.0	0.0	0.0	0.0	3.2012976523704584	0.0	2.0592040424678797	0.0	
1.7034010028516795	0.0	0.0	0.0	0.0	0.0053828343107632706	1.0213192996677998	2.999711145063123	0.0	0.0	
0.0	2.935575184859906	0.38973899536304163	0.0	2.742531387575702	0.0	0.0	0.03871653896630279	1.5696910172390124	0.0	
0.0	0.0	7.006516874598401	1.0892739767157107	0.0	0.9842253293099346	0.0	0.0	0.3961180683881329	0.0	
0.0	0.0	0.0	0.0	0.0	0.0	0.0	0.0	2.978198066138756	0.0	
0.0	0.0	0.69542849246349	0.0	0.0	1.3555545559497681	0.0	0.0	2.3338397762385656	0.0	
4.718267517144804	0.0	0.0	0.0	0.0	0.0	0.0	9.007245379735009	0.0	0.5792133025547913	
0.0	0.5837510057952447	0.0	0.0	0.0	0.0	1.455194061615061	0.0	0.0	0.1546230556938042	
1.3779335534350319	0.0	1.9108309321769752	2.639352718892749	0.0	0.0	0.6230148605071799	0.985847097506783	0.2871033352062122	2.4411225481720207	
0.0	0.0	0.28873666067594217	0.2027940056181688	0.0	0.0	0.0	8.429020436259663	0.0	0.0	
0.0	0.9626952713563091	0.0	0.0	0.0	0.0	0.0	0.0	4.036926185465129	2.93536922442911	
0.0	3.644829605077779	0.0	0.6165121010062224	0.0	2.065927646051473	0.3928669528639661	0.0	0.0	2.5451186547601266	
0.0	0.0	0.29278867245961065	3.2849865746403712	0.0	0.8059943041523682	0.0	1.5014255506085619	0.0	0.0	
0.0	2.3875327296710833	0.0	0.0	0.0	0.0	3.241304208261699	0.0	0.0	0.0	
0.23793259293305236	0.0	0.5898035283144568	0.0	1.7265282892402596	0.0	0.0	1.0281425482203772	0.0	1.478322139658454	
1.1374632334708217	0.0	0.0	0.0	0.057059155734310266	0.0	0.2788116496511262	0.0	0.0	5.4126166326718215	
0.0	2.3381898672633277	0.0	0.0	0.9659095377620814	0.0	2.9669292738696433	5.411992385279623	0.18571090375119248	0.6334160921875072	
0.1296699592094011	0.0	0.0	1.4537223556306222	0.015682140325927886	2.2005329622435865	0.6137416321453069	0.0	0.0	0.0	
0.0	3.937207263058873	0.0	0.0	0.0	0.0	0.0	0.17347909477747145	0.0	0.0	
4.591526339532613	0.0	0.0	0.0	3.2496037858963933	0.0	0.0	1.1582729415387811	4.207084767589219	0.38587353965615995	
0.9791640230860396	1.7373784812889306	0.3869945429100692	0.0	0.0	2.7822390971742252	0.005226857314721365	0.0	0.0	0.0	
0.0	0.0	0.0	2.248303477370288	0.5861481530344428	0.6964826810276007	0.0	0.0	1.0106242389505282	2.181662907734016	
0.0	0.0	0.0	0.0	0.0	1.5518194995428003	0.0	6.366623180021968	1.5550248150641697	0.0	
0.5491138416481093	0.0	0.0	0.6472444311320064	1.7035855490918126	0.9142890765172517	0.0	0.0	0.0	1.0878162964569096	
2.954423836623081	1.4108103641696443	0.0	0.0	0.0	0.8987662138710089	2.335811190810915	0.0	0.0	0.0	
0.008427982073837381	2.2986285132931434	5.7517344593362	1.2481401432376056	0.0	0.0	1.0218028042402103	0.0	0.0	0.0	
0.0	0.0	3.527369645511101	0.0	2.5200069523557858	0.0	0.03377515605067389	9.710664983377697	2.437682400059835	0.3454921045552381	
2.003178216802155	0.0	0.0	0.0	0.0	0.0	5.725335064843654	0.0	0.03547478647038794	0.009898491940613973	
0.0	0.4589657295887394	0.22775161856157747	7.271664357916946	2.832013353475734	0.5050446698923485	0.012601356421298088	0.0	0.0	1.1061167393506433	
0.0	2.6027194471180444	0.0	0.0	1.4382173385634833	0.0	1.0503800853636354	0.0	0.0	2.216392732227668	
0.019407746043699596	0.14669429326196737	0.0	0.0	0.0	0.0	0.3657289392534307	4.054310327501779	1.2295879869085902	0.16835664768192343	
0.027728232096443622	0.0	0.0	0.0	0.0	0.0	0.0	1.5705345884084305	5.611574173490957	0.0	
0.0	0.0	0.0	2.5032861747493214	0.0	0.0	0.22521407538755986	4.551068568609711	0.0	0.0	
0.0	3.990608891465254	0.0	0.0	1.8809182160494955	2.6326135244732023	0.667978659936547	0.0	0.0	0.19239244316783582	
0.0	0.0	0.0	0.0	0.0	0.0	0.0	0.0	2.173548571517408	0.0	
0.0	0.0	0.0	0.0	0.0	0.0	0.0	0.0	0.0	0.0	
0.0	0.0	4.959040513378134E-4	1.9756298995582073	0.0	0.0	0.05590919354242843	0.0	4.152914424575007	0.2573615666239738	
0.0	0.0	0.0	0.0	9.808990632457585	0.0	0.0	0.0	0.0	1.7876503231150085	
0.6725811422622214	0.0	0.0	0.3915824053332035	0.0	0.0	7.851197885001722	0.0	0.0	0.301080763162648	
3.1389401101206684	0.0	0.0	0.36677832190587556	0.0	0.0	0.0	0.0	0.0	0.0	
3.164852584232847	0.08601705550400046	0.0	0.11857360565287307	0.684822330945493	0.0	0.0	5.175208688029167	0.0	0.6544557290085542	
2.8319734114196624	0.0	0.0	0.0	0.0	3.6263276353841096	0.0	0.0	0.0	1.7022002511694552	
1.4298272441618058	0.0	0.3088576611692915	0.0	0.0	0.0	1.7894665784930337	0.0	0.0	1.342124338116537	
0.0	0.0	0.0	0.48429224639031615	5.806500623937426	0.2437220197982581	1.7481061459723621	0.3833564473269319	1.4085385948131275	0.0	
0.0	0.0	3.462862671593165	0.0	0.8480900046699654	0.0693366256932619	1.1661059295892473	0.5248896046335116	5.829949554242342	0.6005849107285652	
6.061526759720196	0.0	0.0	0.0	0.0	0.38376458378286427	0.9090831043105574	0.0	0.0	0.0	
0.0	0.0	0.0	0.9174847625348234	0.0	0.0	0.0	2.1898975374707996	4.096980101570645	0.7867356189343188	
0.0	0.0	0.0	0.0	0.0	0.0	5.517467493921115	0.0	1.2042250312343832	0.07005131037918319	
0.24814102081337916	0.0	0.0	0.0	0.0	3.810259342437474	0.0	0.0	0.0	0.0	
0.4954910560466411	0.23797767653916982	4.825238070072186	1.2686900075987122	0.11923241704134498	0.19380536599876252	0.0	0.0	0.0	0.6435094414499037	
0.0	0.0	0.0	0.0	0.0	0.0	2.807504071890825	0.0	0.0	2.770819090995802	
3.3999476543443587	0.0	1.309166070683264	0.0	0.9944699087796145	0.0	0.5518271898460557	0.0	0.46513637357652626	0.2952248556177713	
0.0	0.6225790500125585	0.2721820671069676	0.0	1.5030316866229674	2.2872364533643945	0.0	5.115378378037781	0.0	0.8784840569014712	
1.3874019116093876	0.0	0.0	4.454999791691044	3.1210331993576306	0.0	0.0	0.0	0.0	0.0	
0.0	0.09106572513065016	0.0	0.0	0.1767785191991124	0.05453837154398078	0.0	1.9322074139475662	2.1264343329798705	0.5450193070351017	
0.0	0.0	0.0	0.0	0.002756013689852424	0.0	0.012617624687455874	2.1276214389981116	0.0	4.616863903895492	
0.0	0.0	0.0	0.0	0.4754797772915862	0.0	0.0	1.3072538166600707	0.0	0.9472106691870115	
0.0	0.0	0.0	1.6758611888932973	5.598696944105232	0.0	0.5039087005095558	0.0	0.0	1.5598176446154208	
0.0	0.2079471584517476	0.0	1.4455080316901674	0.22763521511834733	0.0	0.0	1.0350776182881323	0.0	0.0	
0.0	1.5493878622786557	1.1500593389457276	0.0	0.151326083966727	0.14758009527437044	0.0	0.0	4.244723258123985	0.0	
0.02991478681046591	3.1515705523647006	0.0	0.627141944322233	0.5195282565231973	0.0	0.0	0.0	0.0	2.8528836823958956	
0.0	0.0	0.0	0.0	0.0	0.0	0.0	0.0	3.315075265610608	0.0	
0.0	0.3960861572138235	0.0	0.0	4.502993737135649	0.28850762360545934	0.5169014233411238	0.0	0.0	0.5003430315729783	
0.0	0.0	0.0	0.0	0.0	0.15091627106940803	0.0	4.210236085289026	0.0	1.1984397167893408	
5.551923514324434	0.0	0.0	0.8389278834849878	6.647582255052446	0.3309083210730134	3.298453032946035	0.30418441246317435	0.4534971379681925	0.0	
0.0	1.7541213409835004	1.4565786325420884	1.722269585192775	1.709955805968868	0.0	0.0	0.0	0.8869692741341684	0.0	
0.0	0.0	0.0	0.0	3.3972620461253227	0.0	0.0	0.0	0.0	0.0	
0.006519538015554639	0.0	0.00893878242587724	0.0	0.0015594894550673326	0.0	0.5589723514470263	1.1036569492523396	5.701315085777744	1.5800571803792487	
0.2961879218620594	0.0	0.0	0.0	0.599656363922564	0.0	0.0	0.3506141501362896	0.291592797513823	0.0	
2.0426409782537718	0.0	0.0	0.0	0.9219485917358987	0.0	0.07511667539075352	2.0098956865514177	0.0	2.4693814614263347	
0.0	0.0	0.0	0.0	0.0	0.7653078782171822	0.0	5.624297336953128	0.0	0.0	
1.9478995114277005	0.061796801765937506	0.0	1.0675954450836995	0.0	1.2304794273717876	0.4495439579658153	0.08403543416779227	0.0	0.0	
0.22070394401328025	0.0	1.940873925364934	0.0	0.7530648490953415	0.048546930287618154	0.24543792267346376	4.077914302649993	0.076130746581021	0.0	
0.0	0.0	2.596375185538854	0.0	0.0	0.0	0.0	0.0	3.2476604587517746	4.844681388294476	
3.59953529409262	0.0	3.7683999632111026E-4	1.3093159972625092	0.09493365070385484	0.0	3.283098575281001	9.291421112321254E-5	0.5208468025430851	0.0	
0.0	0.0	2.1596947079454956	0.0	0.0	0.0	0.0	1.547791632929559	0.0	0.0	
6.704237097112663	0.669310940026122	0.0	0.0	0.0	0.0	0.0	0.12748079259528056	0.0	2.8145170240324417	
0.0	0.1572047814456896	0.18181211952815005	0.6439213809957638	2.048044045246044	0.7306204129544458	0.0	0.0	0.0	0.0	
6.851829289360421	0.0	0.0	0.0	0.0	0.0	0.783136441414432	0.0	0.0	0.0	
0.0	2.17665876729078	0.0	2.888516960053553	0.0021147985320664627	0.0	0.0	0.0	0.7660267754560618	0.4683075184415067	
0.7556476914062495	1.7695759476398523	0.0	0.0	0.0	0.0	0.0	0.0	0.0	0.0	
0.0	0.0	4.749028005381355E-4	0.0	0.0	0.0	4.251890634923592	0.0	0.002292466341387583	0.744433948644559	
7.217810022066846E-4	4.284778071199297	1.8120772530116565	0.9395036027900041	0.0	0.0	0.0	0.0	0.0	0.05098163874214514	
0.0	0.0	0.0	0.0	0.0	0.0	3.7717392789025936	0.0	0.0	0.9942375674769576	
0.0	0.0	0.0	9.427280156215316	2.0916742224577876	0.0	0.0	0.0	0.0	4.577106131445908	
3.4140458889170042	0.0	0.0	2.111269315157635	0.0	0.0	0.0	3.1424121464130335	0.0	2.8480371767685564	
0.0	0.317084558264164	0.0	3.139283219557984	0.0	0.0	0.9589635782948718	0.0	0.0	0.0	
0.0	0.0	0.0	2.727088064476008	0.0	0.0	0.0	0.0	0.0	0.0	
8.506935111079165E-5	1.827421095899694	0.0	0.0	0.2833854953055326	0.0	0.0	0.0	0.0	0.022171319727446126	
0.0	1.7982972811449127	1.5384768739840229	0.0	0.0	1.5986635104979452	0.0	1.838284551085669	0.0	0.0	
0.0	3.2852974479931	0.0	0.0	0.0	0.0	0.0	0.0	0.0	0.0	
0.0	0.0	0.0	0.0	3.167566953189815	1.0072934803744062	0.0	0.0	0.0	0.5954396909386123	
0.0	0.0	0.0	0.0	0.0	3.4702819574505965	0.0	0.0	0.0	2.81631952108634	
0.0	0.0	0.0	0.0	3.329624153611856	0.0	0.0	0.0028315894283712294	0.0	0.0	
2.2217206140200956	1.3717229915346831	0.0	0.0	0.0	0.0	0.0	0.0	0.9579792456867207	0.1156370908039754	
4.5105500063800354	0.0	0.0	0.0	0.06934090139868605	0.0	0.045792105015209604	0.0	0.0	1.7206693771119705	
4.590073363736446	0.07186660998486015	0.0	0.9399540357768326	0.36655840594897143	0.0	0.0	0.0	0.0	0.0	
4.673283509728221	0.0	1.1890279166767175	0.061319365653199065	0.21584546425197465	0.0	0.6737960138950932	0.0	0.19750830640283412	0.0	
0.0	0.0	0.0	0.44119404891423164	6.353211248517049	0.0	0.0	0.0	0.0	1.506638434094296	
0.0	0.0	0.0	4.2499869778909485	0.0	0.5511236453803304	0.04580157083239703	7.826033988846731	0.0	0.0	
1.4581308856495203	1.0055078259706052	0.0	0.0	0.0	0.0	0.0	0.0	0.0	1.725384302665407	
0.0	0.0	0.0	2.044651292237787	3.3263093480443584	0.5027618300471625	0.0	0.2533864874296831	0.0	0.0	
0.2032045327956915	0.35466652113048114	0.0	0.0	0.0	0.0	0.0	0.44968984897193554	0.0	0.0	
0.0	2.1689300187726657	0.0	3.501109178601885	0.0	0.0	0.0	0.0	0.0	0.0	
0.0015651017585327288	4.072895492156809	0.19960589081594438	0.0	0.12581261566354432	0.0	0.4718408825978358	2.5614283564225646	0.24384319316996786	0.004624869531895955	
0.0	0.7697169652034561	0.0	0.0	4.611873129561719	0.8753671957329647	2.562532110837064	0.056143679049612816	0.745678520285893	0.24841708903831589	
0.0	0.0	0.0	0.0	0.0	0.0	0.0	0.0	0.0	1.9409172205426894	
0.3158485992843374	0.0	0.0	2.20603579515494	1.078149014168026	0.0	1.0815031591682094	0.0	0.5606206155970435	2.5548038642882345	
0.08979770526521845	3.530079390806277	0.0	0.0	0.7015967899817716	0.0	0.7780072757463715	0.0	0.0	0.0	
0.0	0.0	0.0	0.0	2.401725240939668	0.0	1.924413361059315	0.0	0.0	1.0847338676387854	
0.0	2.1396588879825904	0.0	3.6567952129148407	1.3607101140434588	0.5480567433766602	0.0	0.0	0.2773817872473984	5.776790065715455	
0.0	0.0	0.0	0.0	0.0	2.2422806734563467	0.10194746478124073	0.0	0.4198448277465509	0.5159416412835593	
2.17455046002179	3.32104167633747	0.0	0.0	0.0	0.0	0.0	0.0	0.0	1.168764835952057	
0.0	0.0	0.0	0.0	0.0	0.0	0.6526291959478655	0.8473648234262726	0.0	3.768477305123588	
0.0	0.0	0.0	1.9448583410472737	0.0	0.7481749614310375	0.24963995314233525	1.6358666016092525	0.0	0.0	
4.6589892339621235	0.0	0.0	1.4492588235989479	0.0	0.2000976748062268	0.0	0.0	0.0	0.0	
0.0	0.39224040012633654	0.0	3.758468290170256	0.11878509390719838	0.9032696867122744	0.0	1.8330960983297282	0.0	1.262761927154093	
0.0	0.22513325114494623	0.0	1.0014272168990646	0.0	0.0	0.0	3.4868022243248458	0.9803740967440473	0.9226725685831237	
0.0	0.0	6.514737237810303	0.19435999375815308	0.0	0.0	0.4423114650761925	1.0420347945101405	0.2870079499222034	2.432884996295721	
2.8383530771664667	0.0	0.0	0.0	0.0	0.0	0.16324720843563012	0.0	0.0	0.0	
2.2263000992136415	0.0	0.0	3.8491651584395563	0.7429211388852028	1.9503439362878607	1.633029526673531	0.0	0.0	0.0	
0.0	0.18663501212569913	0.0	0.5204608949346862	0.0	0.0	0.0	0.0	3.811022457227983	0.0	
0.1788976034737522	1.7671695195276136	0.5500766903322352	0.0	1.2815205064431667	0.49554423179935153	0.04815555606387635	0.09679553268379029	1.162174756302951	0.0	
0.0	3.5558585313381714	0.0	0.47362938090998324	0.0	1.2683090375570527	0.0	0.0	0.0	0.0	
0.0	1.4053367827409355	0.10326840455053567	0.18637479196713486	0.0	0.4890872792156995	0.23734957829195866	0.0	0.0	2.3647557194766833	
0.0	1.7005789086947107	0.0	1.4916445177120294	0.0	0.2770485917315824	0.23027343015044272	0.2386248048581847	0.0	0.53785885548603	
0.0	1.6499738974863227	0.0	0.0	0.0	0.0	0.06663773611095734	0.0	0.6676262297940769	0.0	
0.9186280378216193	0.0	2.8618615842537305	2.280896908895666	1.1486638081391947	1.38391028143725	0.0	0.0	0.0	0.0	
0.0	0.9156497680227365	0.0	1.3370762365917366	7.197552632065176	0.0	0.0	0.0	0.0	2.2294864865381	
0.0	1.3459950360424782	0.0056832419965538675	0.0	0.0	0.07377573649052006	0.0	1.1659303545674373	0.0	0.18474217147224103	
0.0	0.0	0.011496426338751236	2.5712218538503326	3.6886002621074376	0.8284197396914398	0.0	0.0	0.0	0.0	
6.503739758220956	0.0	0.0	0.0	3.288821596527646	0.005643149695685676	0.9708267984049201	0.05469110196874496	0.10880802478398933	0.0	
2.565895413999369	0.0	0.0	0.0	0.0	0.0	0.0	2.205101503725442	4.637753532839369	0.0	
0.8571038164450244	0.0	0.46920884910329724	0.0	0.0	4.940407087553949	1.0450907191922343	0.34221696649183164	0.0	0.0	
0.0	0.0	3.9368252172555525	0.0062500423768865835	0.12220382342479945	0.0	0.0	0.38506752529667143	0.0	5.602637946810452	
0.0	1.0173673151180538	0.0	0.0	0.0	0.13125356731596527	0.6943230590495099	0.8590694094535145	4.923073613353384	3.3438479840089665	
0.0	0.0	0.0	0.0	4.976638929506804	0.0	0.0	3.0222311856273323	0.0	0.0	
0.0	1.103171918019387	0.0	0.21051096565634955	0.0	0.0	5.609728111329817	0.0	0.0	0.24883527596400434	
0.8419889687031992	0.0	0.0	0.0	0.0	1.868589927749449	0.0	0.0	0.0	0.0	
5.2126408728568165	0.0	0.0	0.0	3.894506833238896	0.0	0.9639486155833413	0.0	0.0	0.0	
0.0	3.9927132256866513	0.0	0.0	0.0	0.0	0.0	1.0185250677921842	1.297772651112249	0.0	
0.0	0.0	0.0	2.0610601831963344	0.0	0.0	3.2494350571445327	0.0	0.0	3.235538971575302	
0.32521352883180255	0.0	0.0	0.1462402385802054	0.0	0.0	0.0	0.25695581489688546	0.0	1.2214789232925285	
0.0	0.0	0.0	0.0	7.2456759196494644	0.0	1.1323546156076998	1.0324729296012447	0.08843086077532412	1.8083993488834786	
0.0	0.0	2.9817689297651966	0.0	1.5060602647743164	0.0	0.0	0.0	0.0	0.0	
0.0	0.0	0.0	0.0	0.0	0.0	2.2162055001389684	0.0	0.0	3.039203141701023	
0.0	0.2797250232755862	0.0	0.0	0.0	6.079044348592945	0.04900404437967872	0.0	0.0	2.3291911547302058	
0.0	0.0	0.2026624454230491	0.0	1.5147858706086927	0.0	1.6292780081553002	0.0	0.0	2.4565307664635387	
0.0	0.0	0.7489277900982917	0.0	0.0	0.0	0.0	0.12330386829602849	8.354668809821357	0.10223057637259927	
0.0	1.3000707348821936	0.0	0.0	3.0630185815804762	0.0	5.67400333013734	0.0	1.3808888531163896	0.0	
0.0	0.0	0.0	0.0	0.0	0.0	6.191847840476783	0.0	0.0	0.0	
0.0	0.0	0.0	0.07510530598081237	0.0	0.0	0.22686512690760371	1.5461629976044249	3.012182608012787	0.13224941320535522	
0.0	0.0	0.0	0.0	0.0	0.0	0.0	7.091028005144491	6.035393360922606	0.0	
0.0	1.8245091742812751	0.0	0.0	0.0	0.0	0.0	0.0	0.0	0.0	
0.0	0.5244614830769833	0.0	0.33483085777885185	0.06009336214808838	0.0	0.0	0.0	0.0	0.0	
2.681451903385607	0.37119427973633023	0.0	0.18059976843573156	0.683522358000631	1.2505937240144969	3.2125933880919284	0.0	0.801712619039659	0.0	
0.0	0.0	0.0	0.0	0.0	0.6330840189419576	1.609675168491287	0.0	0.0	0.0	
0.0	3.2513269799170675E-4	0.0	0.0	0.9554228370381589	0.0	0.7233999068410489	2.234081992317543	0.0	1.5963731291274705	
1.9030403301107999	0.0	0.0	0.0	0.0	1.5964226858677912	0.0	0.0	1.1687096769605922	0.0	
0.17147275641914472	0.0	0.5518484124623638	0.0	0.0	0.22858239385174886	0.023357160381716174	0.0	0.0	0.0	
0.0	1.046638311364507	0.0	0.0	0.0	0.48961983640617057	0.9714752831331732	0.0	0.0	0.0	
0.0	0.09121299856738539	4.802761663839974	0.0	1.247902235654975	0.0	0.0	0.16488540335039914	0.0	0.15348592547006382	
0.0	0.0	0.0	0.0	0.0	0.0	0.0	0.0	0.4225379606211183	3.7189848762701896	
0.0	0.0	0.0	0.0	0.0	0.0	0.0	0.0	0.0	0.0	
0.0	0.0	0.0	0.0	0.0	0.0	0.0	0.0	6.385925675662753	0.0	
3.1680382584704683	0.0	0.0	0.0	0.0	0.0	0.0	4.70975596035213	0.0	0.0	
0.0	0.0	0.0	0.0	0.0	0.0	0.8018425424325493	0.0	5.314360951732983	1.8490582484955846	
0.0	0.0	0.0	0.0	0.0	0.0	3.7347615652826796	0.0	0.0	0.0	
1.0104577627994125	0.0	0.0	0.0	0.20655059810963436	0.0	0.0	0.0	0.0	1.4967670377319493	
1.236681339421179	0.0	1.0938412650602767	0.5287775591720596	0.0	0.0	0.2853570655618515	0.0	2.048528617845243	0.0	
0.7305906534476311	0.0	0.0	0.0	0.0	0.8161073709058171	0.41112750365238887	0.8881445039260016	0.0	2.0075888266068924	
1.0255249675722036	0.2925415524682282	0.23905677545242912	1.1197651888934046	0.0	0.0	0.45090444406314184	0.0	0.7038232704343964	0.42300833047355935	
0.0	0.0	0.0	0.0	0.0	8.649659369899764	0.0	0.0	0.0	0.0	
0.0	0.0	0.0	0.0	0.0	0.0	0.0	4.636824882292434	0.0	0.0	
3.187424682350365	0.0	0.0	0.0	0.0	0.0	0.0	0.0	0.0	0.6840867409311517	
0.0	0.0	7.243735948260229	0.0	0.0	0.0	0.0	0.0	0.0	0.0	
1.117932186313483	0.0	0.0	0.0	5.223414508100522	0.0	0.0	0.0	1.8015941860353795	0.5222074546841879	
0.0	0.0	0.0	2.87320301023676	0.0	1.000375527361181	0.0	0.0	0.0	0.0	
0.0	0.0	0.0	1.248778192132334	0.7713111937465965	0.0	0.0	0.0	0.0	0.0	
0.5572903273851729	0.0	0.0	0.0	0.34641166612054325	0.0	0.10191572820895527	0.0	0.0	0.8307651477155079	
0.0	0.25822666778205405	2.903582375123163	0.0666126940026408	0.0	0.0	0.0	0.8487555271240952	0.17720291000867217	2.4007651719965284	
0.6511458778556142	0.0	0.0	0.0	0.0	2.467128500909563	0.0	0.0	0.0	0.3933378720358962	
0.0	2.368447638878984	8.451235992455016	3.3183001754030617	0.0	3.5645757337937307	0.0	0.0	1.2109249355501726	0.0	
0.0	4.685910560008903	0.0	0.0	1.542610111825739	0.12434284450443175	2.850418943868179	0.0	0.0	0.0	
1.0363493227360874	0.0	0.0	0.0	3.074512489023459	0.0	0.0	1.8225165553613913	0.0	0.0	
0.0	0.0	0.0	0.0	0.0	0.0	0.0	0.0	0.0	1.1364865140880092	
0.0	0.0012597507883626501	0.10398806653757786	0.008559379604482841	0.0	0.0	0.0	0.0	1.3388815980378488	0.7973565525914672	
0.0	0.0	0.0	0.0	2.321206775411301	0.0	0.0	4.194609565809798	0.0	0.0	
0.0	0.0	0.0	0.0	0.0	0.0	2.071352305267888	0.0	0.0	0.0	
0.0	0.5612148736389497	0.0	0.0	0.0	0.7504849610597317	0.0	1.440024285327779	0.810741576113536	0.8757648920741298	
0.4008788617128885	0.0	0.0	0.0	2.028727263315924	4.208547795926999	0.0	0.0	0.0	0.535870694788501	
0.0	0.0	0.0	0.07010829628086822	3.4782166198212523	0.0	0.0	0.0	0.0	4.155956745092685	
0.0	1.8149071107517876	0.0	0.669431095328575	0.0999331569519665	2.1436529935188324	0.0	0.0	0.0	0.07769824048202957	
0.0	0.0	0.32287453048059067	6.21690080908545	0.0	0.0	0.0	0.0	0.0	0.0	
0.0	0.0	0.0	0.0	0.0	0.0	0.0	0.9565537246211422	0.0	0.0	
0.0	0.0	4.70591898524359	0.01517391919900236	1.6060726080947016	3.380990935856769	0.0	0.0	0.0	3.067704506818013	
3.1051475999961426	0.0	6.731208970174445	0.0	0.0	0.0	0.0	0.0	0.7113422834433413	0.0	
0.0	3.412444696732756	0.0	0.0	0.04557023645587722	0.0	0.0	2.3416744452572242	0.18908957489847736	0.0075120454472985335	
0.0	0.0	0.0	0.0	0.0	2.8818863996962776	1.7498354364411208	3.416175068706604	0.0428522325753345	0.0	
0.0	0.0	0.0	0.0	1.4960466832513613	0.0	5.342222118563924	6.567778588784623	1.9064030760533721	0.039372195270919626	
5.2598832751767715	0.11829268261836812	0.5868193119043279	0.0	2.9748643540325617	0.0	0.0	0.0	0.5822608216967804	1.2130159251255524E-5	
0.0	0.0	0.0	0.0	0.822116415961055	0.0	0.0	0.0	0.8633986879742034	0.4195064911475034	
0.0	0.19041105461919805	0.0	0.0	0.0	0.5571937810051337	3.194847644639998	0.0	0.0	0.0	
0.0	0.0	0.051036901708921896	2.887058791626525	0.0	0.0	0.0	2.3274246946825543	0.4013654577918411	0.0	
0.0	0.0	0.0	0.0	2.9410172429726678	0.0	0.0	7.51424077146478	0.0	0.0	
0.0	0.0	0.0	0.0	2.9909850216154905	0.0	1.750131683146105	0.0	4.870356476348092	0.0	
0.29898778862641634	2.160346035973292	0.0	0.0	0.0	0.0	1.8376874992949845	0.0	0.031080484958541633	0.0	
0.0	1.9643331732192568	0.0	0.0	0.012567901887990857	3.426690957886499	0.0	0.0	0.0	0.0	
0.0	0.0	0.0	0.559222736608159	0.0	0.0	0.0	0.0	0.0	0.9088769598387766	
0.9217653556232863	2.031880182341207	0.0	0.5569577055868017	0.0	0.0	2.727775477600752	0.0	0.0	0.0	
1.8982432398867524	0.0	0.0	0.0	0.0	0.0	0.25800479029994966	0.0	5.345619579485215	0.2461368241158828	
0.0	0.0	0.0	4.032148945488234	1.179934192083249	0.3313747442509882	0.0	1.886929323508755	0.0	0.0	
0.0	0.0	0.0	0.0	2.1843217355331603	0.0	0.0	0.0	0.0	0.0	
0.0	1.6821459162030428	0.0	1.2979051612817771	0.740076236931633	2.15033852410837	0.0	0.0	0.0	0.23212321792621254	
0.0	0.0	0.0	0.0	0.0	3.216736714507447	0.0	0.0	0.0	0.0	
0.0	0.3509419251595589	1.0995137851103578	0.09948527513535226	1.3033676111611203	0.17865286049270387	0.29590182254687514	0.0	0.8013938612504732	2.6532998255070837	
0.0	0.0	0.0	0.0	0.3252928504762933	4.615281605040538	0.0	0.0	0.0	0.0	
0.0	2.827818793132796	0.0	0.0	0.0	0.0	0.8293549416059068	0.0	0.0	0.0	
1.4832604412175945	1.3696359255109485	0.0	0.0	0.0	0.0	1.3013475897527582	0.0	1.7848578675775322	0.0	
0.0	0.0	0.011388405585581608	0.7036357224267027	1.9227367887748843	0.0	1.0950104043818816	2.7162452123797913	0.0	0.0	
0.0	0.0	0.0	0.41936638956900724	0.0	0.0	0.5886613113489161	2.16141461899534	0.0	0.0	
0.0	0.0	0.0	0.6701906651908496	0.0	0.0	0.0	0.03182560472968906	0.0	1.9445822541789846	
4.794350278019607	0.0	0.0	0.0	0.0	0.9816519695807038	0.0	0.0	0.0	0.0	
0.0	0.0	0.0	2.561966685784806	0.0	0.16011217237493577	0.0	0.0	0.5324598535811896	1.1407674503984946	
0.020222248120257517	0.0	3.6776032093848103	0.0	0.0	0.0	0.0	1.5679714939692584	0.5904342175880954	0.0	
1.2949875981976942	0.45102493963858253	0.0	0.0	0.0	0.0	0.0	2.389441555685743	0.0	1.0015407331736266	
0.4164910717504997	1.2437470196076426	0.0	5.24922410430276	0.0	0.0	0.0	0.0	0.0	0.0	
0.0	0.009330668471633299	0.0	7.50905480553034	0.0	0.9889741499562934	0.09164562488354892	0.0	0.07587662034597333	2.152661738323741	
0.0	0.0	0.003049081022330359	1.1903538339628448	0.0	0.0	0.0	0.3340419747640771	0.0	1.9195013656546343	
0.0	0.0	0.0	0.689659764124643	0.0	0.0	0.0	1.4546348872536503	0.0	0.0	
0.5477112316678796	0.0	0.4716122301406448	0.0	0.0	0.0	0.0	0.0	0.0	0.0	
0.0	0.0	0.0	0.0	0.0	0.0	3.887189422082818	1.3247746655983208	1.8057573548488535	0.0	
0.1819614967402939	0.0	1.6552925999749977	0.0	1.1360449751775208	0.0	0.0	0.06990557354213754	0.0	0.0	
0.0	0.0	0.0	0.0	0.0	0.0	0.0	1.3941563567619195	0.0	0.0	
0.0	1.043549643019642	0.0	2.4611201615596845	0.0	7.643808988605622E-4	4.1902970444895935	1.1452029311197576	0.0	0.3605837246387686	
0.0	0.0	0.0	5.896474643418018	0.0	0.0	0.0	0.0	0.0	0.0	
0.3911144958279	2.2400647534599623	0.0	0.0	0.0	2.9723158671853662	0.0	0.0	0.0	0.08427665448303304	
0.0	0.0	3.778384387285711	0.0	0.07606499723909173	0.0	1.2527567435185663	0.0014311767351700944	3.886077257401038	0.0	
0.0	1.8224854865536975	0.0	0.0	0.0	0.9989143766940916	0.0	0.0	0.0	1.576690318596489	
3.4435169400852117	2.946731971653879	0.0	0.6425979606976545	0.0	0.0	3.104431175407773	0.0	0.0	3.631880544516121	
5.878708682841783	0.0	0.0	1.088152637878935	0.4180474001371749	0.0	0.012307237559549858	0.0	1.9858845491299488	0.0	
0.0	1.5699126156805883	0.0	0.0	0.0	0.0	0.0	0.0	0.0	0.0	
0.0	0.0	0.0	0.0	0.0	3.6288547286385664	0.0	0.0	0.0	1.8952425181952999	
1.4653215358995961	0.0	0.0	0.0	0.0	3.0365108134414673	0.0	0.0	0.0	0.0	
0.0	0.0	0.0	0.0	0.0	0.0	1.0633491537491098	0.0	0.15593110548199732	0.0	
0.0	0.0	1.5054480540428252	0.0	0.0	0.0	0.946376553341597	0.1269825730310179	0.013292152237263708	2.651187506463933	
0.13243762436982412	0.19120459986139499	0.0	0.02940940908047176	0.0	0.0	1.4317483011966066	4.759810074854594E-4	4.893981790893637	0.0019374967250372207	
0.0	0.0	0.0	0.0	1.4691404908293342	0.0	0.0	4.559119396712766	0.18065447332585677	0.0	
1.9785677062942827E-4	0.0	0.0	0.027328123530690647	3.5234700954241935	0.0	0.0	0.0	0.0	1.0834261411860389	
0.0	0.0	0.0	3.2871032897197017	0.0	0.0	0.0	0.0	0.0	2.123186388479711	
1.4434745747567093	0.0	0.0	0.0	0.0	0.8783354465916056	0.0	0.19661594767694854	7.610953544915905	2.8378054086883284	
2.261801878220587	1.1441142980314989	0.0	0.0	0.0	0.9494279810025695	0.0	0.0	0.0	0.0	
0.0	1.202069487810298	0.0	0.09217951851895931	0.6148781635577875	7.456532733348999	1.073506633603322	0.0	0.07433238890934789	0.0	
0.0	0.0	0.0	0.0	0.0	2.3229236309368066	0.0	3.829990331152867	0.6200430438220617	0.0	
0.0	0.2542972274292891	0.0	0.0	2.143497731023194	5.064063046620036	0.0	0.774858712443694	0.0	5.997937307455106	
0.0	0.0	2.2113348892036404	0.0	1.8207917192089822	0.0	0.0	2.3567102305362235	0.8291919925792154	0.0	
0.0	0.0	0.318593333501769	1.0027137432048523	0.0	2.0106577533742285	1.7948525108039728	0.0	0.10302586192701184	0.0	
0.0	0.0	0.0	0.0	0.0	0.0	0.0	6.858450325762936	0.0	2.2741589576094916	
0.0	0.0	0.0	0.0	0.0	0.0	0.0	4.625323306477022	0.0	0.0	
4.215537721783559	0.0	0.0	0.0	3.16115112750458	0.14049411270233378	1.4620427496701218	0.0	0.0	0.0	
0.0	0.0	0.0	0.0	0.0	0.0	0.0	3.4061374108310005	0.0	0.0	
0.0	0.0	0.059546028316712296	0.0	0.0	0.0	0.0	1.2704777850489921	3.3671522910016445	0.0	
0.0	0.1664739237438123	0.0	0.0	2.4079745483332244	0.0	2.271160159292471	3.496309987594426	0.0	0.0	
0.0	0.0	0.0	0.0	5.767695141449216	0.0	0.0	0.0	0.0	0.0	
0.0	0.0	0.0	0.0	7.252714480384393	0.0	0.0	0.0	0.0	0.0	
0.6511397649619126	0.0	0.0	0.0	0.0	1.9247102000732488	1.759960651222818E-4	0.4580249301716866	3.0983375781963742	0.0	
8.546653761387276	0.0	0.0	0.0	0.0	0.0	0.0	0.0	0.0	0.0	
0.0	0.0	0.0	0.0	2.193858715028389	1.0819434241506654	0.18346422619273572	0.6627787499546843	0.2862201918761537	0.8277742045939489	
0.0	2.1736083305838765	0.0	0.10317211280310903	2.700215356296959	0.0	0.0	0.2793865835193174	4.212647404823963	1.3079623734418995	
2.5943332911384793	0.0	1.0049023257017886	0.0	0.0	0.0	0.7629510248542151	6.245927942347072	0.0	0.0	
0.0	0.0	0.0	0.0	2.339957295715478	0.0	0.0	0.0	0.0	3.8334360476143994	
0.0	1.903724293161058	0.0	0.0	0.0	0.0	0.0	0.0	0.0	0.0	
1.9796369589808627	0.0	0.870638973043415	1.39674733442003	1.288880801151398	0.5887409863168365	0.0	0.9484154285791756	0.9240774906611474	0.0	
0.0	0.7921824783136107	0.0	0.02414375460559371	1.640399895852039	0.0	0.0	0.0	0.0	0.0	
0.0	0.0	0.0	0.0	0.19738892194104662	0.0	0.0	2.739957430894399	0.0	0.0	
0.0	0.0	0.0	0.0	2.0521629664466876	0.0	0.0	0.0	0.0	0.0	
2.614894361192045	0.0	0.0	0.0	0.0	0.0	0.0	2.7881266830246187	3.6243142360858838	0.0	
0.0	0.0	2.4457004378119636	0.0	0.002195542508208838	0.0	0.0	9.631848064486304	0.0	0.0	
1.4980892572321174	0.0	0.0	0.0	0.0	0.0	0.0	3.43613729856444	2.5521664658008234	1.0496901073262037	
0.0	0.0	0.04288460536205765	0.0	0.0	0.18361931406542537	0.8752044692645747	3.4843311466131683	0.0	0.8929077938439248	
2.8057217573177526	0.0	0.0	0.0	1.0810186420095604	0.0	0.8342822862868002	0.0	0.18119753094016022	0.0	
0.0	0.0	0.303087199958227	0.0	0.0	0.22396635689926184	0.0	0.0	3.067007193835958	1.471534283673953	
0.0	0.07232922531647944	0.0	1.8795083905837744	0.0	0.0	0.0	0.0	1.1025860330335133	0.0	
4.634912338902812	0.013058002628660267	0.0	0.0	0.8118287075858902	0.0	0.034677398408799485	0.20331101544479643	0.0	0.0	
0.0	0.0	0.0	0.0	0.0	0.0	0.0	0.0	0.0	0.0	
0.0	0.0	2.703518701942336	0.0	0.0	0.0	0.0	0.9045645441861505	8.337649627290249	2.4584493745679277	
0.0	0.06041653499378449	0.0	0.0	0.0	0.0	0.25333525980234256	0.0	0.0	4.9933027015652165	
0.0	0.0	0.0	2.436064048311926	2.863944951086641	2.808605028746793	0.0	0.0	0.5447238347763423	0.0	
0.7281466784317137	0.0	0.0	0.0	0.0	6.022291427652554	0.0	0.0	4.611540499516303	1.535776860115251	
0.4515614541032204	2.02803747395883	0.0	0.0	0.0	1.0559388953839497	0.0	0.4058860164761781	1.3701612001459254	0.32247901661846057	
0.0	0.0	0.0	0.0	0.0	0.0	0.0	0.0	0.0	0.0	
2.2843422671578906	0.0	2.4580331485919515	0.0	0.0	0.0	0.0	0.0	0.0	0.2039804430611037	
2.524524291834487	0.0	0.35137162579140147	2.9491625053501305	3.050659805232812	0.0	0.0	0.0	0.0	0.520559672115048	
0.5816434252842715	0.0	0.5288738461412598	0.0	0.0	0.02534763793035421	0.0	1.6033280398635004	0.0	0.0	
1.2279542372387175	0.0	0.0	0.0	0.0	0.0	0.0	5.770483258034374	0.0	0.0	
0.0	0.9750474869053901	0.0	0.0	0.0	0.0	0.10993033516129841	0.0	0.0	1.0027628911813968	
4.001623465327125	0.0	0.0	3.805478074148299	0.0	0.0	0.7250676672787494	0.0	0.0	0.0	
0.0	0.0	2.5621221937694125	2.1773210615675542	0.0	0.0	0.0	0.0	4.655385506115641	2.1241322310348347	
0.0	0.0	0.0	5.212393094641398	0.09300665524712784	0.0	0.04284025328467293	0.0	1.6449356316517603	1.7251498396325886	
0.0	2.0267959007439074	0.0	0.0	0.0	0.0	0.0	0.0	0.0	0.0	
0.0	0.16010050952718835	0.0	0.2310341889023163	0.3280098483487374	0.0	2.2508305495111736	3.167040769179713	0.0	0.7867333956112679	
0.0	0.6488141072671684	0.0	1.2162801222586126	0.0	0.0	0.0	0.0	0.0	0.3805193335335565	
5.162001090736826	0.0	0.0	0.0	0.0	0.2536465470313685	0.0	0.8582203455452528	0.0	0.0	
0.6614297529811816	0.0	0.0	0.0	0.0	0.0	0.7121927292580053	0.0	3.7871151051809178	0.0	
0.0	0.0	0.023343958339349515	0.3728179803290238	0.0	0.0	0.15632018835196795	4.52347250106163	0.09286280135007896	1.1906813231745255	
0.0	0.0	0.0	0.0	6.364271582263951	0.0	0.0	4.653903546882384	0.026891914612207145	0.0	
0.0021806709589328654	0.0	0.0	0.0	1.0673937086087328	4.443783095699898	1.8186906226422475	0.0	0.0	1.2046169146405126	
0.0	0.0	0.0	0.0	0.0	1.0840265731349892	0.0	0.0	0.8693895450112036	1.8410910674759635	
0.0	0.8613221357237864	0.0	0.0	0.0	0.5290942055490507	0.0	0.5590148719443899	0.0	0.0	
0.0	0.33102310523615647	0.0	0.0	0.3056660967711398	0.0	2.3577783018675134	4.51447443430279	0.7614333583148208	0.0	
3.427460559287576	0.0	0.0	0.0	6.955696914376295	0.7527789778471395	0.09278459318116095	0.0	0.0	0.0	
0.0	0.9513334065483062	0.0	0.0	0.42704291762023733	0.0	3.469626415899766	2.1569672640702344	0.0	0.19150342589430153	
0.0	0.10616702483582399	5.057379896696082	1.8172656878752824	0.0	0.0	1.1313833243974507	0.0	0.0	0.0	
0.0	2.897416233378902	9.515925264007253E-4	0.0	0.0	0.0	0.0	0.4561035718501789	0.0	0.0	
0.0	0.0	0.0	0.0	0.5426987195137095	0.0	0.12716482836597418	2.0945999692706887	0.0	0.30432230081339884	
0.600673944788911	0.00716990877970582	0.0	2.0240512809475733	0.0	0.0	0.0	0.03564692760652857	0.0	0.4878128791662949	
0.9354379371342382	0.0	0.0	0.0	2.5720350586037526	0.0	0.0	3.6237024257750585	2.695440795638823	2.774029802844108	
0.0	0.0	2.806318839880818	0.2536104927132835	0.5853688601140052	0.0	0.0	0.0	0.0	0.0	
0.3773070289155267	0.0	0.05254486859416605	0.007877351641151342	0.41381836192227045	0.0	0.0	0.0	1.1248826453245366	0.0	
0.0	0.0	0.0	0.713137679817087	3.345989363227207	0.0	3.31692172254942	0.0	0.71222511259789	0.0	
0.09498735691756328	0.0	0.02079162175298265	0.0	1.6608092845004334	0.0	0.0	0.0	0.0	0.0	
0.04277326271495731	2.5833920745816754	0.0203035197346357	0.0	0.0	4.191923517182649	0.06035265988428594	0.04187793269719795	0.04565335456096911	0.0	
0.0	0.23996298308334474	0.0	0.13189706278766508	0.6636372331538792	2.9430128205531454	2.231506418827155	0.0	0.7996961889792847	0.0	
0.0	0.0	0.0	0.0	0.0	0.0	3.3415535647712606	0.0	0.0	2.2446658476447148	
0.0	0.0	0.0	0.0	0.0	1.7091570780319845	0.042462281779622454	0.0	0.48408380469522677	0.9917370131638286	
0.0	0.0	0.0	0.0	5.328350966978334	0.0	0.011004723008539476	0.037957761865070015	0.0	0.0021780761687649817	
0.0	0.0	0.0	0.0	0.0	0.1799311524228419	0.0	3.8305161616851575	0.0	0.0	
2.2338799261482327	0.0	0.0	0.0	1.1647974774764076	0.0	1.6290764222280643	0.0	0.5136657765873782	0.0	
0.0	0.0	0.0	0.0	0.0	0.0	0.0	7.960167347610045	3.4086452556076043	0.32232210750927254	
0.0	1.338531361915277	0.0	0.0	0.0	0.0	3.350585344744145	0.0	0.0	0.005005600035618268	
0.029784791650970213	0.0	0.0	3.2364149005963094	0.0	0.0	0.0	0.0	0.0	0.6354873403728428	
0.0	0.0	0.002003712308127481	0.0	1.3484453887648242	0.0	0.0	0.0	0.0	0.0	
0.0	0.0	0.005783906025212228	0.012776995947683646	0.0	0.0	3.3991739779166763	0.016464232212509578	0.5395161714286372	6.1410479567262355	
0.03247451047953798	1.7712809321161875	0.0	0.0	0.0	0.0	0.0	0.0	0.0	0.0	
0.0	1.8934388470226682	0.0	0.0	0.0	1.1041652016419323	0.0	0.0	0.0	0.0	
0.0	0.0	0.0	0.0	1.2799212619269278	1.6978251744918744	0.0	2.1625976800938322	0.0	0.0	
0.0	7.941001255559356	0.0	0.0	3.388597422400788	0.0	2.7901698661066114	0.0	2.5978479015688434	0.21058215897584234	
0.0	0.0	0.8679455552199359	0.0	0.0	0.0	0.0	0.005407275784469536	1.0801804762124245	0.0	
0.0	0.0	0.0	0.3384882312089671	1.2141734312427066	5.2451659840306055	0.0	0.0	0.7433940746815082	0.0	
2.750595440520653	0.0	0.0	0.0	0.0	0.0	0.0	0.5127251978435096	0.0	0.0	
0.0	0.0	0.0	0.0	0.0	2.5001311151465178	0.0	0.0	0.0	0.0	
2.2481561840665036	2.822844029087356	1.0350732578291157	0.0	0.0	0.0	0.0	0.7321435436529717	0.0	0.0	
0.8373894615532903	0.0	5.552560637550536	0.0	0.4907045585212913	1.6406053872779778	0.0	0.0	0.0	0.1351352467847386	
0.32666106843426473	0.0	0.0	2.944074890161055	0.0	0.0	1.0829729561913173	0.08635581334342489	0.0	0.004835986518224775	
0.0	0.0	1.1268486540811689	0.0	0.0	0.0	0.0	0.0	0.0	0.0	
0.0	0.0	0.0	0.0	4.78333042841982	0.0	0.06519612128696324	0.0	0.0	0.0	
0.0	0.0	0.0	0.0	0.663100607434669	0.0	0.0	4.225279647454903	0.5106539681257267	0.0	
3.825772461241628	0.0	0.0	0.0	0.0	0.0	0.0	6.427554778195721	0.0	1.3378407277751156	
0.0	0.01587897898612224	0.0	0.6582209695810224	0.0	0.0	0.0	5.901086799873402	0.0	0.14171401679812803	
0.0	0.0	1.5023776219750997	0.0	0.0	0.0	0.0	0.0	0.0	0.0	
0.0	0.0	0.0	0.0	1.669832961871685	0.0	0.0	5.958822820722428	0.0	0.0	
0.0	0.0	0.0	0.0	0.0	0.0	0.7310743983215868	3.4491253563633255	0.0	0.0	
0.0	0.0	0.0	0.0	0.5216665541001102	0.0	0.0	2.901096239675957	2.8463298955300145	0.0	
0.0	3.2547896782102046	0.0	0.24395411358117994	1.544272716894084	0.0	0.0	1.319362581867569	0.3755496568383259	0.4637029086939112	
0.0	0.004100331458143759	0.0	0.0	2.9303126588462707	0.0	0.0	3.1856913158201796	1.0694693301378502	0.5751798369180392	
0.2606651220188694	0.0	0.0	0.0	2.4807105465836585	0.0	0.0	4.478516810000995	0.0	0.0	
0.20710891633327494	0.7326552592491434	0.0	0.40416440909117113	0.0	2.384466135040902	0.0	0.0	0.0	0.0	
0.0	0.0	0.0	0.0	1.4070700070700621	0.0	1.0060703969461637	0.0	0.0	0.0	
0.0	0.0	0.0	0.0	7.797899959869869	0.0	1.713269455227622	0.0	4.187879577471746	0.7638020743391243	
0.0	0.8429447487619426	0.0	0.0	0.0	0.0	0.0	0.0	0.0	3.6628307691206987	
0.0	0.0	1.608826238454611	0.0	0.0	3.8121023853336893	0.0	0.0	0.0	0.0	
0.0	0.0	0.0	0.0	0.0	0.0	0.8750929652948516	0.0	0.0	3.1473939075408195	
1.2219987687691154	0.0	0.0	0.0	0.0	9.499213345065957E-4	0.0	5.607249517381458	0.14179048292460086	0.0	
4.861074534662931	0.0	0.0	0.0	0.0	0.0	1.798148681459205	0.0	0.0	0.0	
0.2542517299910689	0.0	0.45854505835703974	0.0	0.820407418633465	1.1181277151588742	0.0	0.0	0.7789561312455547	0.0	
0.0	0.0	0.0	0.0	6.18570906771443	0.0	0.0	0.0	0.0	0.0	
0.0	2.3045953198909666	0.0	0.0	0.0	0.0	0.0	0.0	4.9875910025391	1.462884865958178	
1.34381242487481	0.0	0.0	0.0	2.873671693515467	0.9026267493375992	0.0	0.0	0.0	0.0	
2.5989057283395125	3.0720219190313336	0.0	0.0	0.0	0.9187242971352311	0.0	0.5466364718195293	0.0	2.2969208739262843	
0.11958929679571415	0.0	0.0	0.0	0.0	1.3925698265837612	0.08418229284544931	4.567761493431345	0.0	3.602389152040047	
0.0	2.662185262156221	0.0	0.0	1.42308135720134	0.10980140931926968	0.0	0.0	0.0	0.0	
0.0	0.0	0.9155217671612911	6.945968215715445E-5	1.8228666387276111	0.40767024403759544	5.513502648014452	0.0	0.0	0.0	
0.0	2.1851218483150703	0.0	0.7702306190489112	0.0	0.0	2.3816190473377716	4.848973093686927	0.2757944504636929	0.0	
0.0	0.0	0.0	0.0	0.0	0.5272527100924896	0.0	0.23182878723324715	0.0	0.0	
0.0	0.02846377803328714	0.0	0.0	0.03725379216856439	1.250930038862127	1.4289608060153216	0.0	0.2543450613456645	0.0	
0.2810783580284928	6.578887382210669	0.33203764891242404	0.3831500486547654	3.2144916061483872	0.0	0.0	0.1261715870376131	0.0	0.0	
1.2664142350627698	0.0	0.0	0.0	0.0	0.0	3.874754444440237	0.0	1.3039579455076091	0.0	
1.5757000558640626	0.0	0.0	0.0	0.0	0.40386502297745114	0.5182424470803397	0.0	0.40854316207934244	0.827127533559167	
0.0	0.0	0.0	6.887154915955126	0.0	0.0	0.0	0.0	0.0	0.0	
0.0	2.5642344221004785	0.0	0.0	0.0	0.0	0.0	1.2312144837931482	0.0	2.337128554338617	
0.0	0.0	6.955352736124512	0.0	0.0	0.3854027849857213	2.752719675998064	0.0	0.0	0.0	
0.0	0.0	0.0	0.0	2.4813242623768588	1.3908090561758846	0.0	0.0	0.6764956764467995	0.0	
1.7508774402481149	0.0	0.0	4.575407115271734	0.0017715728315486463	0.0	0.0	0.0	4.3819292062903985	0.0	
0.0	0.6689623278992064	1.3262464490288053	0.0	0.048433933340809365	0.0	0.0	0.0	0.0	0.0	
0.0	1.5929837766296147	0.0	0.0	0.0	0.030066209463182846	0.0	2.558065862341134	2.9502345774064045	0.0	
3.1751827199499627	0.0	0.0	0.022561239736897047	0.0	0.0	0.0	4.789853526234034	0.0	0.254235582694004	
0.0	0.78471579804102	3.319932889265095	0.0	4.710469266656341	0.0	0.0	3.6601827470129593	0.0	1.0413248206674584	
3.1094627860636876	0.0	0.37827824365203006	0.7590631140875814	0.0	0.0	0.0	0.0	0.0	0.0	
1.2058562624614613	0.5290920681419181	0.6469795766670771	0.4695645092516854	0.0	0.0	0.0	3.4644252339401276	0.0	0.0	
0.0	0.0	1.8354380772946104	0.0	0.0	0.0	5.008378832913555	0.0	0.0	0.0	
0.0	0.0	0.0	0.0	0.7221031406190027	1.0782273491241374	0.0	0.0	0.0	0.0	
0.0	0.034971200311467186	0.0	0.0	0.0	2.1453337387526275	0.0	4.724576172912807	0.0	0.5104204698170494	
1.2703696949003027	0.0	5.34183526451665	0.0	0.0	0.0	0.11542261614593563	0.0	2.083508355822984	0.5102024546209124	
0.0	0.0	0.0	0.0	0.0	0.0	0.0	0.0	0.0	3.957450667885011	
0.0	0.0	0.0	0.0	1.0642366711432603	0.0	0.0	1.003606427837646	0.0	0.0	
1.0932858160712164	0.5249936378347606	0.0	0.0	6.908861829650268	0.0	1.0790655252831984	6.549335584124935	1.3132188249202057	0.0	
1.4775600119489654	0.0	0.0	0.04843842977135895	2.1473831967561003	0.0	0.0	0.0	0.0	0.0	
0.6349943574543003	1.9909640446979857	0.0	0.8350503153143274	0.0	0.0	0.0	0.7444455018837931	0.0	2.938139831935341	
0.0	0.0	0.0	0.0	0.0	0.0	0.0	2.8122597312199087	0.0	0.0	
0.0	0.0	2.2361941480746337	0.0	0.0	0.0	0.0	0.0	2.7840154793521186	0.3675852755449445	
0.0	0.0	0.0	4.320418295858642	0.0	2.294640734493021	0.0	0.0706372535725235	0.0	0.0	
0.0032326643553865246	0.0	0.6650759718788699	0.0	0.9040933984818671	4.088185936920103	0.0	0.0	0.04459082555224762	0.31124875481544645	
0.0	1.2215911760128089	0.0	0.0	0.0	0.38824646373127397	0.0	0.5468248777720529	0.0	1.6251343012914654	
0.0	0.0	0.0	0.0	0.0	0.0	0.0	0.0	2.005896562916797	0.0	
0.0	0.0	2.3423915451080255	0.0	0.0	0.0	1.3468550645064856	0.22799516173955803	0.38652725404469623	2.3185250883292	
0.0	0.0	0.0	0.1739331234181145	0.8661483426296934	0.0	6.453166068905445E-5	0.09042560420600984	0.0	1.692163235130671	
0.017885283029087626	0.0	0.0	0.0	0.0	0.0	0.0	6.223132639770705	0.0	0.0	
0.0	0.0	0.0	1.6799507718039557	3.1198463799506975	1.2019982173470154	0.0	0.0	0.0	0.0	
0.0	0.04855776931144832	4.630008909255735	0.381030740781366	0.0	0.0	0.0	0.0	0.8699712899699997	0.8619315401768938	
0.0	0.0	1.0276900609961015	0.9607020333704842	0.0	0.0	3.9867751019048545	0.8282298882163417	0.0	1.2299859356713378	
0.0	1.5387664849107805	0.0	0.0	0.0	0.0	5.540703359372587	4.046089520096155	0.0	0.0	
0.0	0.0	0.8800513715720899	5.80899038336597	0.0	0.0	0.0	0.0	0.0	0.0	
0.0	0.0	0.0	0.0	0.0	0.0	0.3222423564315053	5.652321134324095	0.0	2.8902247763083264	
3.097444574607055	3.1485765640646286	0.0	0.0	0.0	1.8316916252862778	1.490939370900612	0.0	0.0	0.0	
0.0	0.0	0.0	0.0	7.704718939913047	0.0	0.0	0.0	0.0	1.7589285552526843	
0.0177061803427783	0.6612877129973282	0.0	0.0	0.0	0.0	0.0	0.0	0.0	0.7194312582820833	
2.9884015002727415	0.0	0.0	6.867229971982171E-5	2.105463179878417	0.0	0.0	0.0	0.0	0.0	
0.0	2.237175772660373	0.0	0.1737594598268387	0.2980916582281648	0.0	0.6069546883522394	0.0	2.453918209624176	0.0	
0.0	0.0	0.04067235878262914	0.0	0.0	0.0	0.0	5.144150873445166	0.0	0.0	
1.3124152851428854	0.0	0.0	0.0	0.0	0.0	0.0	0.0	0.0	0.0	
0.4448141516842064	0.0	5.079903252287285	0.0	0.0	0.0	0.0	0.0	0.0	0.0	
0.0	0.044965248658227965	0.0	0.0	0.0	0.0	6.330106798960566	0.0	0.0	0.0	
0.0	1.0053518702735638	0.0	0.0	0.0	2.0850941609831555	0.0	0.0	0.0	0.0	
0.0	0.0	0.0	0.0	0.0	0.0	1.2407463490659516	0.0	0.0	1.1703647410439821	
0.0	0.0	0.0	0.0	0.01023739127671469	0.0	0.0	5.58661124253598	0.0	0.0	
0.0	0.0	1.1558353195353006	0.0	2.5499468820880096	0.0	0.0	0.0	0.06199991290593338	1.198221989515477	
0.0	0.09759978374184287	0.7616946009001909	4.028447492112302	0.0	0.24798900151794798	0.0012620919665540212	0.0	0.0	0.0	
0.0	1.8294850058973786	0.0	4.062685564585751	0.31106524336166697	1.0680777977393532	2.0938350032646715	1.0214108617577147	0.0	2.527480429927942	
2.132725602466553	0.0	0.0	1.5121882294823838	0.12390607306213859	0.0	1.625449054315028	0.3220008027304115	4.433684307808787	0.35272373184118844	
3.5123714325858715	0.0	0.0	0.0	0.0	0.0	0.0	0.0	0.0	1.0038089493968323	
0.0	0.0	0.28558783982560254	0.01220099811401057	0.0	0.0	0.0	3.44681803913968	0.722832498937298	0.9842381397318027	
0.0	1.1331562933354702	0.0	0.0	1.0668655834915401	0.0	0.0	0.0	0.0	0.0	
0.0	2.7719130995793617	2.5037768553712545	0.8003306385456666	0.0	0.0	0.0	2.191046794424888	0.0	0.0	
0.0	0.0	0.0	0.0	0.0	0.0	0.0	1.5180588745907175	0.0	1.7401425269598636	
0.0	0.0	0.0	0.0	0.0	1.301968287814859	0.0	0.023753121468207523	0.0	0.0	
0.019044426393928622	0.0	3.2769834808101064	0.0	0.0	0.0	0.0	0.0	0.0	0.0	
1.177841458927377	0.4646325602220202	0.9926083846138355	0.5346401247216238	0.09403604075866084	0.0	0.0	1.3656738950192495	0.0	0.0	
0.11881534191028573	0.0	0.10185660530402327	0.0	4.232040643800566	1.4592639388358466	0.0	0.0	0.0	0.0	
0.0	0.0	0.2597030613602736	3.4118078995043555	0.0	0.0	0.0	0.0	0.0	0.0	
0.0	0.0	0.0	0.0	0.0	0.0	2.867707252920947	3.491362236863807	0.0	0.0	
0.3161451845250167	1.4695036418710488	0.0	0.0	4.000662299526435	0.012792667831756003	0.0	0.0	0.0	5.150607772798934	
0.0	0.24207157739526472	3.344529577296387	0.007722941808666958	1.3525160626879986	0.6847892697990193	0.001710080896145839	0.0	0.0	0.7358025730603196	
0.0	0.0	0.0	0.0	0.0	0.0	2.170947181637937	0.0	0.0	0.1714480783494282	
1.6463980807037712	0.0	0.0	4.23393230742837	0.0	0.0	0.0	2.0212753214244574	0.19403720887806888	0.03406633617809079	
0.0	0.0	0.0	0.0	0.0	2.69749101634371	0.0	0.0	0.0	0.0	
0.6729644146013987	2.2726673621530686	0.469791539694349	3.62115354370033E-5	0.9011378519762497	0.34464231311991134	0.8084952175984638	0.0	2.250298819037524	5.969725873851954	
0.0	0.0	0.0	0.0	0.0	0.0	0.0	1.7557745226692754	0.0	0.0	
0.0	0.0	3.055374751536345	1.7511356060077528	0.0	3.0901623532189735	0.0	0.0	0.0	0.0	
0.0	0.0	0.0	0.0	0.4209743631960354	0.0	3.833553266141149	0.0	0.20192294267003907	0.0	
0.0	0.0	0.0	0.0	0.0	2.3708272099232395	5.519092515903857	0.5929935152524026	0.0	0.0	
0.4387851755521121	0.0	0.02658885707204727	0.2753993165926241	0.0	0.0	2.484255604464605	0.0	0.0	0.0	
0.49238719512656554	0.0	0.0	1.9150732614180221	0.0	0.0	0.0	0.7603093794248548	0.0	0.0	
0.30767001932130017	0.0	0.0	1.4624891631777341	0.0	4.819048282463409	0.12272954235560246	0.0	0.0	0.0	
0.4349733318590053	4.204981168051928	0.43545261741714336	0.0	0.0	0.0	0.1613023374536819	0.0	0.0	0.0	
0.0	0.0	0.0	0.710439836988627	0.4670637061068138	0.0	1.1333677010331131	0.0	0.0	1.2459873936247885	
3.239357438782158	0.0	3.1409692282321267	0.0	3.212180879366946	0.0	0.0	0.0	0.0	0.0521032906928296	
0.0	0.3651495949883977	0.0	1.9866360280563973	0.0	0.0	0.0	0.0	7.813586670041575	0.0	
0.0	0.0	0.7026333272738043	0.0	0.0	2.1113215383398214	0.0	0.0	0.0	0.0	
0.0	0.0	4.196859406471614	0.0	0.0	0.4918059065113202	0.0	0.0	2.9827286792610477	0.0	
1.1730891904729537	0.0	1.5550668037309379	0.0	0.0	0.0	0.0	0.0	0.0	0.5444305088109791	
3.109201181407155	0.0	0.0	0.0	0.0	0.0	0.0	1.5160272689233594	0.0	0.0	
0.8952518845262699	0.3224650933905152	0.24237285269252887	0.0	0.0	0.0	0.0	4.194050665517039	0.0	0.21076305278670762	
0.0	0.0	2.5965007840558867	0.0	0.9338183363775732	0.0	0.0	3.1688612356219665	0.0	0.0	
0.0	3.4600875269600935	0.0	0.4612972146104516	0.0	0.0	0.0	0.0	0.0	0.0	
0.0	0.0	2.810566809549553	0.0	0.0	0.3866953455947236	0.0	0.0	0.0	0.0	
1.5883728903049463	2.124989781320223	0.2506099172082047	1.0194100830647348	1.5827038415786951	0.5607979087909324	0.0	3.5050529322599147	0.0	0.0	
0.0	0.0	0.0	0.0	2.9663766102357068	0.0	0.0	0.0	2.1291790623079856	1.316030828138742	
2.2543641764108378	0.0	0.0	0.0	0.0	0.8953290917765346	0.0	0.0	0.0	6.387292497446324	
0.6100968553171541	0.0	0.0	0.008998764264786156	2.819883400158646	0.022135161805256875	1.1706146952404983	0.0	0.1324826903807494	0.12198841262577381	
0.0	0.0	0.0	0.0	0.578298391349994	0.6113905159178279	4.450190806611283	0.0	0.4143565006895295	0.016627117844026554	
2.3742345042229798	0.06509107435591098	0.0	1.3399890979529954	0.0	0.0	0.0	0.00799048748073493	0.0	0.14026264306313113	
0.0	4.236473553239412	0.0	0.0	0.0	0.0	0.0	0.0	0.0	0.0	
0.4862137069803826	0.0	0.0	2.100185464199763	0.0	0.0	0.17998060712423183	0.0	0.0	2.2275250201292454	
0.0	0.0	0.0	0.0	0.0	0.0	0.0	5.841646526144379	0.0	0.0	
0.0	1.9519781024749279	0.0	1.4467425178036124	0.0	0.0	0.0	0.0	0.0	0.0	
0.0	0.0	0.0	0.0	2.8783212630510033	0.0	0.0	0.0	0.3075376495935375	3.9614758708431412	
0.0	2.485972691215424	0.0	0.17674562476205324	0.0	0.5843647710239267	0.0	0.0	0.0	4.878659960616875	
2.451042771576647	0.0	3.863386487886923	0.0	0.12794353895213942	0.0	0.0	0.0	0.0	2.239917839110486	
0.0	0.09194577432259764	0.9599293405298344	0.0	0.0	0.0	0.6755719171048677	6.341577064741071	0.0	1.917554885307825	
1.8726106198571828	3.3863030074684106	0.0	0.0	0.0	0.0	0.0	0.0	0.0	0.0	
3.3500545473684076	0.6951288478237366	0.0	0.0	2.1243823443828473	0.0	0.0	0.0	0.0	0.0	
0.0	0.0	0.0	0.26806325103133	0.0	0.0	0.0	5.118742115712538	0.0	0.0	
0.0	0.0	0.0	0.0	0.0	0.0	0.11698494238146233	0.0	2.365070520394625	2.909033403037728	
0.0	0.0	0.0	0.0	0.0	0.0	0.0	6.220186805754519	0.0	0.0	
1.7756132603879677	0.0	0.40200334647814984	0.0	0.46317224017242203	0.0	0.0	0.0	0.0	1.7321993148914856	
0.0	0.501729064889932	0.01457054399202665	0.0	0.9098823949355321	0.0	0.0	0.24708414101737522	3.92673337094286	0.038280924736209074	
4.221772123751893	0.0	0.0	3.0117345542365013	0.0	0.0	0.0	0.0	0.0	0.0	
0.0	0.0	0.0	0.0	0.0	0.0	0.0	0.0	0.0	0.0	
0.0	4.376637157911402	0.0	0.0	0.25570893292414837	0.0	0.0	0.0	0.0	0.0	
0.0	0.0	0.0	0.0	2.5156127142062186	1.0624321233513514	0.0	0.0	0.0	1.110848143552341	
0.0	0.0	0.0	0.0	0.0	1.097967820131135	0.0	3.3887561263407227	2.050297071823706	1.1661077510763338	
0.0	0.0	0.0	2.7432745112319896	0.0	0.00762540142486843	2.5250584439710154E-4	0.010974602754374542	0.0	2.346650604858997	
2.0341219807792097	0.0	0.47552609751078345	2.541730964886066	0.0	0.0	0.3419106040449226	0.0	2.970889835996916	0.20495858406913764	
0.0	0.0	0.8146205433617398	1.8657957336850528	0.0	0.0	3.398359450214435	0.0	3.609669594000614	5.851941827658246	
0.0	0.0	0.0	0.0	0.0	0.0	0.0	0.0	0.0	6.896129924785667	
0.0	0.0	0.0	1.8445422365249151	0.0	0.0	0.0	0.0	0.0	0.0	
6.912047218182079	0.0	0.0	0.0	0.0	0.0	0.0	0.0	0.0	0.0	
0.0	0.0	3.061989327391182	3.886905646457041	0.8785166766548812	0.0	1.2978175944267407	0.0	0.0	0.0	
0.0	0.41155479296281333	0.0	1.4193675120565281	4.048650694028871	1.261120581770855	0.0	0.0	0.0825349495242134	0.0	
0.0	0.0	2.4690873100707202	0.0	0.0	0.0	0.0	0.0	0.0	0.0	
0.0	0.0	0.0	0.0	0.8606317989517533	0.0	1.534002723148649	0.0	0.0	0.0	
0.8389786034531486	1.7788726945925244	0.37184712817785065	0.0	2.5405118602317787	0.0	0.0	0.0	0.0	0.0	
0.0	0.0	0.0	0.7814504139502978	0.0	0.0	4.697601740878713	0.655263584737624	0.0	0.0	
0.8329885749544016	0.0	0.0	0.0	2.527128075761252	0.6870670144167352	0.0	0.0	0.0	0.0	
3.87037330601681	0.0	0.0	0.37558493826043826	0.0	0.0	0.0	0.0	0.0	0.2877333953607694	
3.1256055573088886	0.11973239471346077	0.0	0.0	4.390557876807028	0.0	0.4056560184117673	1.1586841457143129	1.3417731727216449	1.599096630789627	
0.0	0.0	0.0	0.0	0.2713588952298816	0.0	4.178960772760691	2.082351695540996	0.0	0.0	
0.0	0.3296388856093773	6.477396650609929E-4	2.6555652391903917	0.0	7.188290182900545	0.0	0.0	0.0	0.0	
0.0	0.0	0.0	5.516099052705599	0.0	0.0	0.0	0.0	0.0	0.0	
0.0	0.0	0.0	0.0	0.0	0.0	1.7431715023837133	4.155762076858249	0.0	1.3862655491471612	
0.0	0.7148174701959362	0.0	0.0	6.093275627006151	0.0	2.140125695129311	0.0	0.0	0.0	
1.0587569827458971	2.236133385308868	0.0	5.766306915909421	0.0	0.30694446540027753	0.49029360882127715	0.0	0.0	0.0	
0.0	0.0	0.0	0.0	6.12809604494391	1.2046536023605718	0.001674145388225404	0.027584935355529087	0.0	4.044986594745984	
0.0	0.0	0.0	0.0	0.0	0.0	0.0	0.0	4.232943524767486	0.0	
0.0	0.0	0.0	0.019553157150088603	6.462333500651827	0.0	0.0	0.0	0.0	0.0	
0.12340763816103377	0.0	0.0	1.0946373251301569	1.0286996610843289	0.8387179557549275	0.0	0.326676193285779	0.0	0.0	
2.209438340873846	0.0	0.0	4.590144490252836	0.0	0.0	0.0	0.0	0.0	0.0	
1.3812815332281796	0.0	1.1002939418690691	0.0	0.9020335403806171	2.6361769611622785	0.0	0.0	0.0	0.0	
0.0	0.3277817114975304	0.0	1.639424200823325	0.19580961502517946	1.3339749525645075	0.3431983397347914	1.6479006275609884	0.12132274622433055	0.0	
0.0	0.0	0.0	0.0	0.0	0.0	1.8114905464604576	1.7171298731829643	0.0	0.0	
4.883891486997121	0.0	0.0	0.0	0.6851790106649347	0.0	0.0	0.0	0.0	0.0	
2.0225534603916415	0.0	1.1656544811028933	0.0	0.0	0.0	0.0	0.0	0.0	0.0	
0.0	0.0	0.0	0.0	0.0	3.402367616220111	0.08279536264020294	2.278211680016314	0.6747324604350932	0.18251797821655155	
0.0	0.0013432885571123712	0.0	2.8781259094691887	0.0	0.0	0.0	0.0	0.062139276606651826	0.0	
0.0	0.04495531435218067	0.0	0.094998134661668	0.0	3.1557079478373056	2.3861380091709443	0.0	0.0	1.3689541240903982	
0.0	0.0	0.0	2.0687361504238253	0.0	0.0	0.0	0.0	0.0	0.0	
0.35327962203986535	0.0	0.0	0.0	0.49527401529263493	6.168952650505831E-5	1.5880694169024558	0.9928571531269992	0.0	3.0222991069916527	
0.0	0.0	0.0	0.385554008436903	4.208345499201155	0.0	0.0	0.0	0.0	0.0	
0.0	0.0	0.0	4.515913856758905	2.156592858531957	0.0	0.0	0.0	0.0	1.154885777982568	
0.0	0.5516588798419926	0.44459973253999613	0.0	0.0	0.0	0.0	0.6402648175181711	2.078475072142791	0.0	
0.0	0.0	0.8822067392485272	3.190807758812876	0.17069996191612927	0.0	0.6214959743206605	0.0	0.008806146892206945	0.0	
3.1730993140832804	0.0	0.0	0.0	0.0	1.5083056386985843	1.0304144998933062	0.0	0.0	0.0	
0.10463166440995565	0.0	0.0	0.6283563901442297	1.6733882555508197	2.902806586041713	0.0	0.045691823666461164	3.2267281959245286	0.0	
0.0	0.10452995777172905	0.0	0.0	4.2279149955303765	0.0	0.0	0.0	2.920699488800584	0.0	
0.0	1.3726410896667678	0.0	0.0	3.9579634803757466	0.0	0.0	0.0	0.0	0.0	
0.0	0.4112397936040388	0.0	0.0	5.136446211389261	0.0	0.0	0.0	0.0	1.8719618910181242	
0.0	0.0	0.08386733095231554	0.6221394992471269	0.0	4.592083977077842	0.0	0.0	0.0	0.0	
0.21299858295808954	2.094438860287259	0.0	0.0	0.0	0.0	0.6062164686983363	0.0	0.0	0.9847042056091878	
1.6740048445375828	0.04603668511870207	0.0	6.241622241905317	0.0	0.48971921846958916	2.66075958797573	0.0	0.0	0.0	
0.5919409043127977	0.0	0.0	3.767904285229321	0.0	0.0	0.0	0.0	0.28837594439598707	0.0	
0.0	0.0	0.0	0.0	0.0	0.0	0.0	0.0	1.7081084789334537	9.00448921118148	
0.29775048897691553	0.0	0.0	0.0	0.0	0.935211439375583	0.7382533090065795	0.0	6.2712996632821145	2.237676383910263	
0.0	3.4190199863977067	0.0	0.0	0.0	0.0	0.0	0.47274580776563974	0.0	0.0	
0.0	0.0	0.0	5.92761045394465	0.0	0.0	0.0	0.0	0.0	0.0	
0.24411602992004242	0.0	0.0	1.4841484546764083	0.0	0.0	0.10389192992960958	0.0	0.36221662848852154	0.0	
0.28977440675895083	0.0	0.0	0.56294175908637	1.2175150176581506	0.0	0.0	1.0256156613615595	0.0	0.0	
0.24147785194821933	0.22475069317145335	0.0	0.0	0.01026220859828381	0.0	1.9990945285269326	0.13913850495965652	3.788889739743115	0.0	
0.0	0.0	0.0	0.0	0.0	3.3218115628108222	0.0	0.0	1.5418306730469644	2.1458451996823988E-4	
3.287842466763144	0.0	0.0	2.7636134793166294	0.0	1.0529945693205875	0.0	0.0	0.0	0.0	
0.0	0.0	0.0	0.0	0.0	1.0818173375285707	0.0	1.2201185967011325	0.0	1.060973396695134	
0.0	0.0	0.042629514579685564	0.0	0.0	1.6209298020677683	2.630699852494118	0.0	0.0	0.6735664014669059	
0.0	0.0	0.18778958332354856	0.07267535163712735	0.12909066403529995	2.907338076070578	0.0	0.739390264346669	0.0	0.024281898794153055	
0.0	0.0	0.0	0.49659156486001804	4.422356214608726	2.2874297346068704	0.0	0.0	1.7862683960784724	1.0273497438447783	
6.261164841061192	2.0921501994627425	0.0	0.0	0.0	0.0	0.0	9.95912883048656	0.0	0.0	
0.8446122378168887	0.017863950627959275	0.0	0.0	0.0	1.3779565885460083	0.0	0.010482631024157073	0.0	2.0183081032242747	
2.417626906397844	0.0	0.0	0.9128194533747768	3.1920735639523397	0.36713143150153726	0.0	0.0	2.2202879270247586	0.0	
0.0	0.3281558141083974	0.01478688700175455	3.4071852313608813	0.0	0.0	0.0	4.7773132139680734E-4	0.0	0.5780200798285972	
2.033613169109509	0.44581889828053783	0.0	1.0521808305866174	0.0	0.0	1.038984658958275	0.0	0.0	2.279397891475065	
0.0	2.82726816736454	0.16136570595579533	0.7128387236728763	3.291765299593526	0.0	0.0	0.0	0.33640210791085945	0.05180337709258171	
0.16950288663863483	2.1355171532740034	0.7866899913876223	0.0	0.0	0.05075232616791545	0.0	2.4929906078509063	0.05541434528397643	0.8761748843612847	
0.0	0.0	0.0	0.0	5.864787356646482	1.226493257699439	0.0	0.0	0.0	0.0	
0.0	2.4085226876943224	0.0	0.0	0.0	0.0	0.0	0.0	0.0	0.0	
4.462259814166152	0.0	0.0	1.8527375960671415	3.713026996625016	0.0	0.6127437911431934	0.0	0.0	0.0	
0.0	0.0	0.0	0.0	0.0	0.0	0.0	0.0	0.0	8.959613506479986	
1.284295524621208	0.0	0.0	0.0	0.46247205733144037	0.13680635227635007	0.0	0.0	8.321028204711222	0.0	
2.4337464653277956	0.0	0.0	5.1053945304945	0.0	0.0	0.0	0.0	0.0	0.0	
0.0	1.3384772062023134	0.0	0.0	1.2437034115086074	0.0	0.0	0.4078703017740422	0.0	0.0	
0.0	0.0	0.0	1.542303844525175	5.616928943898853	0.0	0.0	1.649504616895649	0.0	0.23587945328186824	
0.0	0.0	0.42405189881350097	0.6146397582661591	4.233610985968627	1.2530687932810463	0.0	0.0	0.0	0.15554794309513015	
0.0	0.0	0.0	1.3927945781451492	0.0	0.0	0.0	0.0	3.7685223801235357	13.626747983525702	
2.200182045278363	0.0	0.0	0.0	0.28128647625081993	1.0430299057449497	0.0	3.9206494527270204	0.0	0.0	
0.5828348485892756	0.0	0.0	0.0	1.4680743035485988	0.0	0.0	0.9851716374485485	0.0	0.0	
0.24335823642942078	0.0	0.3243757132339039	0.0	0.0	4.186664014478097	0.0	0.0	0.0	0.0	
0.0	0.0	0.0	0.0	0.0	0.0	0.0	3.8876026283622123	0.0	0.0	
0.0	3.754387246650112	0.0	0.0	0.0	0.0	0.0	0.0	0.0	1.203895804042715	
1.5744392986395748	0.0	0.0	0.017491535591360224	0.7474179928800273	0.0	2.6881847795604714	0.0	2.9188646303920764	0.9411788902346109	
0.0	2.566118960569692	0.0	0.6593160794076645	0.0	0.07602547390901425	0.0	0.0	0.0	0.5813618619978835	
0.0	0.0	0.0	0.0	0.0	0.0	0.0	0.0	1.8645363782986624	2.4086633535249478	
0.0	0.0	0.0	0.0	0.0	2.37241722337287	0.07380977155485365	2.1101344505613957	2.6481795981756857	0.1467428609674992	
0.0	0.006013932670002352	0.0	0.07406973801016192	0.026729659245830123	0.0	0.0	0.0	4.336375651825393	2.8147870589378536	
5.824531695835645	0.0	0.0	0.0	0.0	0.0	0.0	0.0	5.186540997453763	2.840626566535887	
0.0	3.05647383883001	0.0	0.0	0.12614203010832142	0.0	0.4132456269750191	0.0	2.569321092495437	0.0	
1.9696105468876586	0.0	0.0	0.0	0.0	0.0	0.0	0.0	0.0	3.714322390245773	
1.8255940503382662	1.7708963291745157	0.0	0.0	5.078142150183113	0.0	0.0	0.718555584297421	1.3432117896436335	0.0	
2.4775717381744133	0.8853449051023993	0.0	0.0	0.7180526959620931	0.0	0.30661052393538807	0.0	3.315566975266916	0.0	
0.0	0.0	0.6435406471701784	0.1420178032849851	0.6568155014987364	3.4265106213899315	2.220403651593317	0.0	0.0	0.0	
0.0	2.235500664489901	0.009665863691272633	0.0014759129879797187	6.947596385125747	0.028697800740418836	0.0	0.0	0.0	0.0	
0.0	0.6519603957152087	0.0	0.16361154807122752	6.970886043620145	0.0	0.10990549864468493	3.9332176524298057	0.0	0.0	
0.15378741846710559	0.8405723231735512	2.469513106017347	0.16800703100794764	1.5043790489074527	0.0	0.0	0.0	0.0	0.0	
0.0	0.0	1.5027985969140487	0.0	0.0	0.0	0.9259378299719319	0.0	0.2133408581039833	0.0	
3.363510363072968	0.0	0.0	1.181931084919821	0.0	0.0	0.0	0.0	0.0	0.0	
0.0	0.0	0.0	0.0	4.032367973000343	0.0	0.0	0.0	0.0	0.0	
0.0	5.808793944590086	0.0	0.0	0.0	0.0	0.0	0.0	0.0	0.0	
0.0	2.0427169036404726	0.0	0.0	0.0	0.0	0.0	0.25529807745872174	0.0	0.0	
0.0	0.0	7.320371760628571	0.0	0.0	0.0	0.0	0.0	0.0	0.3329588413742762	
0.0	0.08089904649036261	0.0	0.0	0.0	0.0	0.9496145803381593	1.0323546579597203	0.6246086258752229	2.3766570111814724	
5.316817835997595	0.0	0.0	0.4199035132341034	0.6100893395045234	0.0	0.0	0.0	0.0	0.0	
2.250545016485854	0.0	0.47696133245077504	1.6753330626680492	3.423273674991077	0.0	0.0	0.0	0.0	0.0	
0.0	1.789027300956242	0.0	0.0	4.159024207897019	0.0	1.1106749500884803	5.387230108492281	0.0	0.0	
0.0	0.0	0.0	3.847355578841478	0.0	0.12484672069375428	4.456980686087964	0.0	0.0	0.0	
0.0	0.0	0.0	0.0	0.0	0.0	1.1128003716370116	1.9598746122154294	0.0	0.0	
0.0	0.26187267523654917	0.0	4.518021532368116	0.0	0.0	0.0	6.4380725182819125	0.0	1.0360826022280265	
3.020858058567399	0.6033443282272609	0.0	0.0	0.0	0.0	0.0	1.5282479223394552	0.8864064174924741	0.0	
1.4007572856334563	0.0	0.0	0.0	0.0	1.0697333894723768	0.0	0.0	1.4356833486347058	2.077302823210996	
0.7330041813566345	0.0	0.0	2.5192233929966092	0.0	1.642994095837821	0.0	0.0	0.0	0.0	
0.0	0.04831368180386263	0.0	0.0	4.65629858929599	0.7692158320430235	0.0	0.38131652331236937	0.4210934226794993	0.5617250030539875	
3.5741119721233843	0.0	0.0	0.0	0.0	1.2025828631836206	4.157919694033312	0.0	0.21725505237595172	0.0	
1.513590351987775	0.0	0.0	1.70642264470245E-7	4.350664114780314	0.0013382507317711491	0.009430408978239877	4.23528270872386	0.0	0.4562639955672676	
0.0	0.7072950145230318	0.0	0.0	1.970567881331768	0.0	0.7520485941871893	0.0	1.1732806046451663	0.0	
0.0	0.0	4.888886363038933	5.684478541893673	0.0	0.0	4.067105684977585	2.4538716489256096	0.0	1.046392069159615	
0.0	0.0	0.0	0.0	0.0	0.0	2.504308982611178	0.7510007467871238	3.1471360876856944	0.0	
0.0	0.0	0.0	0.0	2.372992140217332	0.0	0.0023224888903088103	0.0	0.0	1.2840126938789498	
0.01421396958025582	0.6451696995839362	0.0	1.685300423894333	0.0	0.0042222328955395004	4.296059026673695	1.5407215844139497	0.0	0.0715115152251311	
0.0	2.7124548331750944	0.0	0.0	1.2839582136496006	0.0	0.0	0.35416394077449975	0.0	0.5224371027229643	
0.0	0.0	0.0	1.0916029706686272	0.0	0.0	0.0	0.0	0.0	3.300613184178209	
0.0	0.0	2.476962275818214	0.0	0.0	0.0	0.0	0.0	0.0	0.0	
0.0	0.06351610305405615	0.0	0.0	0.0	0.0	0.0	2.3912513151117394	0.0	1.4248709756547193	
0.0	0.0	0.0	3.887626442715571	0.0	0.0	0.0	0.1572214259025051	1.0658830369267447	0.0	
0.10348461938425928	1.0762556314035583	0.0	0.3348754408451824	0.0	1.0187970405882874	0.0	0.5537261481369119	0.0	4.519539247811438	
0.0	0.0	3.6747430619657475	0.0	1.6873354953311566	0.0	0.0	0.0	3.4111509317240105	0.0	
0.0	1.9591071030872287	0.0	0.0	2.450344939961897	5.953599209374546	0.0	0.0	0.0	0.0	
0.0	0.0	0.0	0.0	0.0	0.0	4.032344043466621	0.0	0.0	0.0	
0.0	0.07241842881128974	0.0	0.813713813913301	0.0	0.0	0.6051087451094771	0.0	0.0	2.716215007285379	
0.0	0.0	0.0	0.0	0.0	0.0	0.0	4.540102138300511	0.0	1.4446957053214187	
0.0	0.24994479443005665	0.0	0.0	0.0	4.301574738819364	0.0	1.3551423306432768	0.2505195609306749	0.0	
0.5306984130216946	0.0	0.0	1.3675911740661209	0.0	0.0	0.0	2.8330542946293455	0.0	0.7275884071223533	
0.0	0.0	0.0	0.0	2.048998182836473	0.0	0.0	0.0	0.0	0.0	
0.0	0.0	0.0	0.0	0.0	0.0	0.5312419588573374	0.0	2.5009651029588635	0.0	
0.4562742683416403	0.0	0.0	0.0	0.0	0.0	0.0	2.5493820173216943	0.0	0.0	
0.08038649323240589	3.7095036159175887	0.0	0.0	0.0	0.7418772587112616	0.20908168539111296	0.0	0.0	3.3499915192059455	
0.0	0.0	0.0	0.0	0.0	0.0	0.0	9.250122640107175	1.3154778769249438	0.0	
0.46891581645383856	0.0	0.0	0.0	0.0	3.5982580923070313	1.769884081146847	0.0	0.0	0.0	
0.0	5.026067300077344	0.0	0.0	0.0	0.692239386595086	0.0	0.0	0.0	0.0	
0.0	0.0	0.0	0.0	0.0	0.0	0.0	2.1526799614427095	0.0	0.0	
0.5208365850400996	0.0	0.0	0.0	0.0	0.0	6.4234063516641795	0.0	0.0	2.9022492862975033	
0.15899530300649214	4.294406700458634	1.8262149497269193	1.3083637395328958	0.02593741488353514	0.0	0.0	0.0	0.0	0.0	
0.0	0.0	0.0	0.4049454461009911	0.0	0.0	7.958454341775052E-4	0.8004523460567959	4.430206951245157	2.0962566234184696	
0.0	0.0	0.0	0.1958431952804191	5.203809564349665	0.0	0.0	0.0	0.0	0.0	
0.0	0.03632260647702857	0.02684491927199438	0.16579702380115163	0.0029836322132172875	0.0	1.0313864414932872	7.297078495125328	1.1938095656716392E-4	0.03745167553706132	
0.0	0.0	0.0	0.0	0.0	0.0	0.010273385542863046	4.345134031422642	1.3797937382600791	0.8544980513567876	
0.0	0.0	0.0	0.0	0.0	0.0	1.6650499369893583	0.0	0.0	0.0	
0.0	0.0	0.0	3.425064905459946	0.0	0.0	0.0	0.0	0.0	0.0	
2.857303497050399	0.0	0.006207789152550469	2.1457864294553044	0.22036712419936233	0.0	0.0	0.0	0.0	0.0	
0.0	0.0	0.0	0.0	0.0	0.0	1.1050842102902487	11.151698380137967	1.9820731838406733	0.38678493545150444	
2.68701714929759	0.04514286801308583	0.012708027411618538	0.02060534464358036	1.2552638740377333	0.0	0.0	0.0	0.0	0.0	
0.0	0.0	2.0357347453225056	0.20014650120183589	1.905973517689753	0.0	0.0	0.0	0.0	0.0	
0.0	0.0	0.0	0.0	0.0	0.0	2.410574508672786	0.0	0.0	3.50184190902957	
0.0	0.0	0.0	2.5562641399474577	0.0	0.0	0.0	0.0	0.0	0.0	
0.0	6.000180390717272	0.0	0.0	2.8495499581109347	0.0	0.0	0.0	0.0	0.0010004526609274746	
0.0	0.19819246874205113	0.0	0.0	0.0	0.0	0.0	5.636016109809159	1.7330836791886923	0.4603916022973567	
0.0	1.5022760170129679	1.8047863115494491	1.4943661542823976	0.0	0.0	0.0	1.1087397225321287	0.0	0.0	
0.0	0.0	0.0	4.849853751670428	2.38305476224119	0.0	0.0	0.0	0.0	0.0	
0.0	0.0	0.0	0.0	0.0	0.0	2.1475983701518286	1.1467537757727948	0.0	2.760663121690557	
0.0	0.0	1.728282456710061	0.0	0.0	0.0	0.0	0.0	0.0	0.0	
0.0	0.0	0.6821303709821569	0.2658313555614646	0.0	0.0	0.0	0.0	0.22831250358811706	0.116069543107529	
0.06870613065898565	0.0	0.0	0.0	1.4870857349717115	0.0	0.0	0.0	2.023883007371355	0.0	
0.0	0.9846846840646405	0.0	0.0	0.0	0.0	0.0	4.758096408427643	0.0	0.0	
0.0	0.0	0.0	0.0	0.0	0.0	0.21909532624592054	0.0	3.86194076638053	1.3297715097581546	
0.0012638938258782318	4.601733605697142	0.0	0.0	0.0	0.6709829181037885	0.0	0.0	0.0	0.23270179667119625	
4.078126475012351	0.0	0.0	0.0	0.0	0.0	0.0	2.0253587439621477	0.0	0.20138058049848218	
0.0	0.3160016853469288	0.8789480634770028	0.0	0.0	1.5992025912806103	0.0	3.7278321475051603	0.0	1.1056164072944021	
0.0	0.0	0.0	0.0	0.0	0.0	3.3270885004053445	0.0	0.0	0.0	
0.0	0.0	0.0	2.895683753751824	0.0	0.0	0.986577811308619	0.0	0.0	0.0	
1.8109701406756589	0.0	1.5054142458852169	0.0	1.829229691847146	0.0	0.0	0.0	0.006266588956841727	0.0	
0.0	0.9521408511807691	0.5376939690283542	0.18298254340340322	0.0	0.0	1.2063212656370144	0.0	4.026195086462986	0.4380490820447602	
0.0	1.1083561578703645	0.0	0.8558346852618042	1.3151190768641166	0.0	0.0	0.0	0.0	0.0	
0.0	0.0	0.0	0.0	0.0	0.5054658270674549	4.464963203880127	0.08798276272745749	0.0	0.3212035962481589	
0.0	0.0	0.0	0.0	0.0	0.0	0.0	1.4508726282662254	5.234112945150386	0.0	
0.7145239908398533	0.0	0.0	2.068527717187933	0.0	0.0	0.0	0.0	0.0	0.0	
0.0	2.3668545704351507	1.0749937529014284	0.0	0.0	0.0	0.0	0.0	1.2161209874491477	0.0	
0.0	2.9619483320815228	0.0	0.0	0.0	0.0	0.0	4.3473404976747245	2.0984776058655945	0.0	
0.0	0.0	0.0	0.0	2.1875131518321953	0.0	0.0	0.0	0.19939625451635118	0.0	
5.600207302868328	0.0	0.0	1.9324620550947853	0.0	2.086049750456144E-4	0.02616492488916681	0.0	0.0	0.0	
1.1651364737748387E-4	0.0	2.2869493097620617	0.0	0.0	0.0	0.03358371047999588	0.0	2.91804283366236	0.0	
8.177171189988742	0.0	0.0	0.0	1.3277620197816236	0.0	0.0	1.9031504250975508	0.0	0.0	
0.0	0.0	1.5526362200277728	0.0	0.0	0.17234107786912195	0.0	0.0	0.0	0.0	
0.047012182430974325	0.9517922940437049	0.27082126067921286	0.06261443022687108	0.0	1.3157638363104773	0.0	0.0	0.6505564568774953	2.3783810151549325	
0.10314188986534652	0.0	0.0613791208913169	0.02742995900706808	0.0	0.0	1.4203522474548531	2.457142714913843	0.07356555338895315	0.0	
0.0	4.280245825568227	0.0	0.0	0.9533407579558666	0.0	1.065516270748865	0.0	1.212928677123013	1.973999009666305	
0.0	0.33494139326249894	0.0	0.0	0.0	1.717144802268369	0.0	2.0602915458401636	0.0	0.9700424083547313	
5.31179809594859	0.0	0.0	0.0	1.9812989089313668	0.0	0.39967479086718294	0.08253001965875299	0.8204877225677327	0.0	
0.0	1.3487363449713539	0.3665316998972491	1.8130257239999026	0.5881593290026369	0.0	2.55603371107682	0.0	0.0	0.0	
0.0	0.0	0.9256947072689882	0.0	0.0	2.2299151184932775	0.0	0.6405497009210147	1.4086298355190734	0.0	
0.0	1.938362063805707	0.0	0.0	0.0	0.7526001684455592	3.437672199084864	0.0	0.0	0.0	
0.0	0.0	0.0	0.0	0.0	0.0	0.0	0.0	0.0	0.0	
0.0	4.240353225276258	0.0	0.0	0.0	0.0	3.305782538759394	0.0	0.0	0.0	
0.0	0.9900158291875685	0.0	0.2265295355853308	0.9534428271747786	3.0008440317551774	0.0	0.0	0.0	0.0	
0.0	0.0	0.0	0.0	0.0	0.0	0.0	0.0	1.9019420663762836	2.364052097219122	
0.002103903354017905	0.0	0.0	0.0	0.0	0.0	0.0	2.42591933430695	0.6151917058347925	0.0	
0.34383642523572533	3.5428809492717686	0.0	0.0	0.7843431140059562	0.0	0.0	0.0	0.0	0.0	
0.0	0.0	0.0	0.0	3.7112156331812467	0.0	0.0	0.0	0.0	0.0	
0.0	0.0	0.0	2.6555391689877488	0.0	0.0	0.0	4.078254690737372	0.0	0.0	
0.0	0.0	0.0	0.0	0.0	0.0	0.0	2.1555285452772854	0.7480351758000946	0.14674436875066804	
0.0	6.178197303605736	0.06662712666990336	0.0	0.019136860664346462	0.0	5.458874563675168	0.15320025454304337	0.2362201283964738	0.3068129913991741	
0.0	0.0	1.7897214485649833	0.021235669254670447	0.0	0.0	0.24842903514591297	3.6734797395889247	0.0	0.0	
1.9209746823358271	0.0	0.0	0.0	0.0	0.0	4.49707465990187	0.0	0.0	0.0	
0.0	0.0	0.0	0.0	0.7181597387022719	0.8963467399699611	0.0	0.0	0.0	0.0	
2.6354731584400453	0.0	0.0	0.8856268244212357	0.0	0.0	0.0	0.0	0.0	1.9884802566066926	
6.178071773413043	0.0	1.1060298295082793	0.028299338769260978	0.08103956494496294	0.0	0.0	0.14640660410421366	0.273550323268955	0.0	
0.0	0.0	0.0	0.0	0.0	0.0	0.0	0.0	0.0	0.0	
5.536928773919009	0.0	0.9804153611367915	0.0	1.2816130678282511	0.0	0.202839351647038	0.0	0.7314201708422191	0.0	
0.0	0.0	0.05769329170267627	2.7736612421009923	0.0	0.0	0.0447043871506488	1.7403257349632024	0.0	1.0248467862802961	
0.0	4.298373363978037	1.1746085475241275	0.0	0.0	0.0	0.0	0.0	0.0	0.0	
2.7170426190749526E-4	0.0	0.0	1.6333047458980186	0.0	0.0	0.0	0.0	0.0	4.458924996620996	
0.0	1.5506172798819948	0.0	0.0	0.0	0.7073027239247638	0.0	0.0	0.0	0.0	
0.0	2.3543172926848603	0.0	0.0	0.0	0.979305653081402	3.8479244810232505	6.375354050128603E-4	0.0	0.13602852940758647	
0.6057970430882289	0.0	5.44751783645125	0.0	0.0	0.0	1.2121637358006117	0.23403665144982322	0.0	0.0	
0.0	0.0	0.0	0.0	3.0516323031646766	0.0	0.0	0.0	0.0	0.0	
0.0	0.0	1.114955677883063	0.0	3.9363674537422866	0.0	0.0	0.0	0.0	0.0	
3.524765780251366	0.0	0.0	0.0	0.0	0.0	0.0	0.0	0.0	0.0	
7.49256111267325	0.005101364852415146	0.0	0.0	0.0	0.0	0.0	1.061655461236049	0.0	0.31285339218973274	
0.11356630435098806	0.0	0.0	0.0	0.0	0.0	0.8951544634791141	1.1849717317927713	0.0	0.06094303199613702	
0.0	0.0	0.0	0.0	0.0	0.0	2.8464328138568846	0.0	0.0	0.0	
0.0	0.0	3.0305133501171455	0.8268741206852767	0.0	0.0	0.0	1.2647845161311875	0.0	0.10581946358823785	
0.0	0.0	1.4127827345740491	0.0	0.0	0.0	0.0	0.0	5.327060037378296	0.0	
0.0	0.8743464111939517	0.0	0.7391533824558839	0.5665399617086252	0.0	0.0	0.0	0.0	1.1421292119640256	
0.0	1.5259230069401035	0.0	0.0	0.0	1.095758251591213	1.2032789530506134	0.17635913195396827	0.0	0.0	
0.0	4.957660181319831	0.0	0.0	0.0	0.0	0.0	2.449423177954368	0.0	2.088927453696252	
3.1520935337460663	0.0	5.099139317063332	0.0	0.6479310686624623	0.0	0.0	0.0	1.212323149244966	0.0	
0.0	0.0	0.0	4.609834301679092	0.0	0.0	0.0	0.0	0.0	0.0	
