0.0	0.0	1.1610624082302787	2.8283811825449456	0.0	0.0	1.1527595801649895	0.0	0.0	0.6727341122497513	
1.8506984709268324	0.2824220784848344	0.6206342314399553	0.0	0.19899451470771967	0.0	0.0	0.0	2.6270853565469054	0.0	
0.0	0.2095490340780746	0.0	0.1633262547786462	0.27856773654929196	0.0	0.0	0.7983645321149871	0.02431385778644134	0.0	
0.0	1.0151543524028146	0.0	0.0	0.0	0.0	2.3705434853951712	0.0	0.0	0.0	
0.0	0.0	1.5281745160952587	0.0	0.0	0.0	0.0	0.6077001676549058	2.935647533391732	0.0	
0.0	0.0	2.2693119551653096	0.0	0.0	0.46780267885252563	0.0	7.014535806600448E-4	0.001197616153731771	0.7375262620787361	
0.0	0.0	0.0	0.0	0.0	0.0	0.0	4.752551311927999	3.1944729711583335	0.0	
0.0	0.0	0.0	0.0	0.9368440596667418	0.0	0.0	1.7740498429370064	0.0	1.123520802175535	
0.0	2.0319352256893257	0.0	1.6949155001495486	0.0	0.0	0.0	0.6467278420232735	0.0	0.40843632102875715	
0.2093686843782326	0.0	0.3796624765587537	0.0	0.0	1.7683384054599585	0.0	3.3728665499635153	0.0	0.0	
0.0	0.0	0.0	0.0	0.0	0.0	0.0	8.195313379601473	0.5597524161702666	1.649112801173084	
0.0	0.0	0.0	0.0	2.075604511164645	0.0	0.5225123220175956	4.0476890703875945	0.0	0.018172196894454165	
0.0	0.0	0.4667481773725598	0.0	0.0	1.6119010466100059	0.0	0.5832716536842802	7.559595123546733	0.7914039668893749	
1.2907835824972242	0.0	0.0	0.0	0.0	0.5534470619504422	0.15855548240205164	1.3982666501883778	0.0	0.0	
0.0	0.0	0.9487898292258549	0.7173284502172349	0.0	0.0	0.0	0.3117731617334314	0.0	0.9756509610231663	
0.0	0.0	2.5379087660379667	0.19388137440787404	0.33644861169933693	0.0	6.467518770461541E-4	2.1350896065859457	4.962677910064426	0.8528633603279168	
3.3067727296562945	0.0	0.0	0.0	0.0	0.0	2.7479660634824032	0.0	8.335496440001979	0.0	
0.0	1.073429709325936	0.0	0.0	6.865973472764065	0.0	0.1444329208841647	0.0	0.0	0.0	
0.0	0.0	2.0211839841014374	1.7488288453478782	2.4081689182474575	0.0	0.0	0.0	0.0	0.0	
0.0	0.17197463625110065	0.0	0.0	0.10827208671184427	0.13032919147056113	0.13848649107247166	0.1233219789470684	0.5232877999974913	1.5021370997164072	
0.0	0.0	0.0	0.0	0.0	0.0	0.0	2.3967390906545987	0.0	0.0	
1.2884924234978454	0.0	0.7716697154960356	2.120667587318569	1.6494608167563491	0.0	0.0	1.4447055004988845	0.0	1.6250959869644215	
0.0	2.509405918093083	0.0	0.0	0.0	0.0	0.0	0.14458262316223686	0.16138879796507602	0.0	
0.6573876859245235	0.0	0.0	1.8297374520313607	3.489520030780919	0.0	0.0	0.657140605994002	0.0	1.4508587127711021	
0.0	0.0	0.0	0.0	0.0	0.0	1.561590144672859	2.0914687259397353	0.0	1.0330937333012502	
0.0	0.0	0.620012772655467	0.0	0.0	0.0	0.37953564871544027	1.514701810459298	2.4047703166393037	0.0	
0.07157657302468164	1.259479770459504	1.5275357108175076	1.7389348454626194	1.01088389852945	0.0	1.0322868692161464	1.2584198724582687	1.5589753075360726	1.0328605258522159	
0.0	0.21708933356165488	2.757979252048172	0.0	0.0	0.27534009146408456	0.3977978265119015	0.0	11.017359078957996	0.0	
0.0	0.0	0.0	0.6511819720680692	0.0	2.7940700923909145	0.0	1.5484029479627304	2.4642817619690276	0.0	
2.0979017043065777	0.0	0.0	1.7249933920865537	0.856719707240288	0.0	0.0	0.0	0.0	0.5516715260104926	
0.0	0.0	0.0	0.0	0.0	0.0	0.0	0.0	0.0	0.0	
0.39836949845865943	0.0	0.0	2.8700583042331034	0.0	0.0	0.0	0.0	0.0	0.5365524749451562	
0.0	0.33725954729130275	0.0	0.0	1.6168283786402353	0.0	0.0	4.206578211111474	0.0	1.1147879048045666	
0.0	0.0	1.0217856152710476	1.338525998537851	0.28193461815392806	0.0	0.0	6.807400467621558	0.0	0.0	
0.0	0.0	0.0	0.0	0.0	0.0	2.9800576370010066	0.0	2.5326931015815313	0.0	
0.0	4.440405536461722	0.0	0.36100769555898543	0.0865598283725787	0.0	0.0	0.6234757188399195	0.0	0.4524656384569518	
0.0	0.0	0.0	0.11753177527641508	0.0	0.0	1.7312810689211686	0.0	2.6931380155583438	0.9493807014451076	
0.0	0.0	0.0	0.0014981007586926272	0.013370515805160275	0.4106908698576379	0.28759986898469675	0.12434303689563217	1.315992305957418	2.5227912023494503	
0.0	0.0	0.0	0.0	0.0	0.0	0.0	2.4197955660168486	0.0	0.0	
0.20675664270847702	0.41498440503196893	0.45010064886711976	0.0022612826856473435	0.0	0.0	0.0	0.9983847235250515	0.0	0.0	
0.0	0.0	0.0	0.0	0.0	0.7231598450123137	9.6856772787653E-4	3.897845980195697	0.0	0.0	
0.0	0.0	4.149202020478738	0.9476329362945283	6.568648014899066	0.0	0.0	2.227532596389667	0.0	0.0	
1.3662388717174763	0.0	0.0	0.7307063355255928	1.1804723938019783	0.0	0.0	2.746338984602383	0.0	0.5844598709797106	
2.51672027170481	0.0	0.0	0.0	0.0	2.866156605484723	0.0	0.0	0.0	0.07787983490212182	
2.9030893918116885	0.0	0.4776125999987214	0.0	2.854675321578658	0.0	11.383075896978484	0.0	2.9183195756037197	0.0	
0.0	0.0	0.0	0.0	0.0	0.0	0.0	0.0	1.5586842449985923	0.0	
0.0	1.1918813062416154	0.0	0.0	0.03772206632804014	0.0	0.0	1.0326982488771606	0.0	0.0	
0.0	0.0	0.0	4.102550414650567	2.6079398178243443	0.0	0.0	0.0	0.0	0.5572230680678044	
0.8951505534133444	0.0	0.634693340908853	0.0	1.3144397314931164	0.006963591819064335	0.0	0.0	0.0	0.0	
2.2549898995070516	2.789189452504257	0.0	1.7637882833387348	0.08707428433824772	4.050315429360003	0.0	0.0	0.0	0.0	
0.0	1.8681603142320404	0.8509457212145065	0.0	0.0	0.0	0.0	2.617269839492811	3.5798401538200793	1.2691240030383606	
1.8448027562703373	0.0	0.0	0.0	0.0	2.090822549110757	0.0	0.0	3.469797574638727	0.0	
1.665774365914909	0.0	1.334643943799086	0.0	0.7874159694508818	0.0	0.0	0.0	0.0	0.3370023633402914	
0.0	0.0	0.0	1.8959223408930055	0.0	0.0	0.0	0.0	5.308905296441124	0.0	
1.09646903660533	0.9221687991051356	0.0	1.2751435833590588	0.0	0.0	0.0	1.4829560691438903	0.0	0.0676670595752618	
0.0	0.0	0.0	1.4664199411825818	1.511103504026587	4.9515681456005955	0.0	1.319451601917539	0.0	0.7586632960789363	
1.0445964307894662	0.0	0.0	0.0	0.0	0.0	0.0	0.9820475648829191	0.0	0.0	
0.0	2.8083262473387554	0.0	0.0	0.0	0.0	0.0	0.0	0.764993722835476	0.4879555791654552	
0.5549472821031614	0.5072681231266682	0.0	0.4987160676026197	0.0	1.1372969446446626	0.0	2.4986970275414606	0.0	0.0	
0.0	0.0	0.0	0.0	1.952222391557355	0.0	0.0	3.780223705945968	0.0	0.0	
4.2685654130139135	0.5319523496156169	0.642930182801196	0.0	3.0284142020292126	0.6262486415493598	0.158779042979902	0.2154010065872009	0.0	0.0	
0.7946358215745113	0.0	0.04728025952921932	0.0	0.3596379970384367	0.0	0.0	0.2915651914513289	3.557518329038321	2.2129859310433915	
0.7347496893529818	0.15533057200862566	0.1574487065830655	0.0	0.0	0.0	0.0	5.551948565765373	0.0	1.2736209354267418	
0.0	0.0	2.7484535885847197	0.0	0.024490658203915668	2.120147535924194	0.0	0.0	0.0	1.7160225088884566	
0.0	0.019402216426142677	0.0	2.92633470471994	1.3379900221913048	0.019475300748698247	0.0	0.0	0.0213851892267544	2.599573284197251	
0.0	0.0	0.0	0.0	0.0	0.0	0.0	2.7509534329160172	5.581975993351508	0.0	
1.7186706737015107	0.0	1.797362601052189	0.013146712677984274	0.0	0.0	1.3355735550494099	0.0	1.6253555525872836	1.6904629340043855	
0.28490030788760273	0.0	0.0	0.9200757257903504	0.0	0.0	0.0	0.0	0.0	0.0	
0.1941061536354695	0.0	0.7400585902000782	0.8186250493430538	0.5776469028553697	0.5115327994636061	0.0	0.0	0.0	0.0	
0.0	0.005678843389802819	0.0	1.8177074391959511	0.0	1.2505388624796738	2.6504756655333295	0.0	0.0	2.186147976279734	
1.5957399110508783	0.0	1.3261707661126587	0.0	3.6479462655900012	0.16631767866561212	0.0	0.0	0.0	1.876936782598769	
0.0	0.0	0.0	0.0	0.0	0.0	3.7543851358177647	0.0	0.0	0.0	
0.0	0.0	1.1996560376591492	0.0	0.0	0.6031055071955845	0.4741553112593773	0.0	2.983424936241947	1.5512459889379397	
0.0	0.0	0.323445518219849	0.3720189805879937	0.0	0.0	0.0	1.3146308410505594	0.0	1.2718329830220505	
0.0	1.0044756332924634	0.0	0.0	0.0	0.0	0.7370032623216161	0.6875596853289409	0.0	0.0	
0.0	0.0	0.0	0.0	0.0	0.0	4.174110631270102	0.4990396834208416	0.0	0.0	
0.0	0.0	0.0	0.9994261993657473	1.0859350216010824	0.0	0.4780788867829038	0.0	0.011123457549166106	0.6513252003693742	
0.3330955531221999	0.0	0.0	0.0	1.746663735244576	1.0358745345120353	1.1043647539912864	1.266671291347185	0.0	0.0	
0.9970058405795527	0.8328045556477442	0.0	0.0	1.6504114502327984	0.3044819717684105	1.4975608632770936	0.10717766363726268	0.824084119057733	0.0	
0.0	0.6198521030306224	0.0	0.0	0.24859546615319783	1.9798843259321965	2.8170458616796985	0.0	0.0	1.9530541563203168	
0.0	0.0	0.0	0.0	0.0	0.0	0.0	1.7293451292125839	0.0	0.0	
1.8579702577587802	0.4920939760357698	0.0	0.0	1.6949007974048527	0.11409980588672662	2.0043717524322764	0.0	1.560268856825371	0.0	
0.0	0.3790899575285583	3.0978146646383116	0.19023251620123843	0.0	0.0	0.0	0.3297740650068976	0.09120658160165532	2.473711123376386	
0.0	4.132861124662228	0.11049883311608642	0.0	4.829500017913971	0.35230700269828497	0.0	0.0	0.0	0.0	
0.0	0.0	0.0	2.2891963512045717	0.0	0.0	0.0	0.0	0.0	0.0	
2.8585785336343608	0.0	0.0	0.0	2.7331630190832628	0.0	0.0	1.9421935712504805	0.0	0.0	
0.0	0.4247526367406353	0.0	1.9810567242700985	0.0	1.1564970376117454	0.9305336304215459	0.0	0.33075908945283217	0.0	
2.3216306178057624	0.0	0.0	0.03710580115034273	0.0	1.0398982198158042	5.029654724892355	0.2199605208131748	1.5814225799463217	1.1008848209209814	
1.073694186437764	0.0	0.8546800666675859	1.02778777579	0.96172764002885	0.0	0.0	0.4919192496639759	0.0	0.022341545679931858	
0.0	1.0560409650013223	0.0	0.0	0.026565230268811295	0.9623413995354279	0.6482539736021151	0.0	6.188581633687425	0.007171033146456283	
1.2013980444122518	0.0	0.0	0.28478244925577445	0.0	0.0	0.0	2.4745852629406846	0.0	0.0	
0.0	0.0	3.96561217547267	1.361475587436277	0.0	0.0	0.0	0.0	0.0	0.0	
0.0	0.0	0.0	0.0	0.0	0.0	0.0	3.1896176181174996	0.3182272780730891	0.0	
0.0	0.003982694723792207	0.0	1.7243059909978058	0.0	0.0	1.6402117249683716	0.6433937799981003	0.0	0.7330063905803119	
0.0	0.9184676738127875	0.0	0.0	2.4556106301331178	0.0	0.7174835584493782	1.6670192260319263	0.0	0.0	
0.0	1.0919090988161164	0.06570790923965028	0.0	2.10808381144379	0.3312593704924171	0.05322938023641685	0.10586785874490598	1.0948158224684221	0.3105259004303797	
1.4498784909852824	1.4818862659437664	1.043068610609127	4.95044939202818	0.5222005090041569	2.0418004207120144	0.0	0.0	0.0	0.0	
0.0	0.0	0.0	0.0	0.0	0.0	0.0	4.109623815197968	0.0	0.0	
1.2190242032698226	1.9115998286452296	0.0	0.0	3.689243276505918	0.0	0.4831736448142261	0.0	0.0	0.0	
0.0	0.0	0.0	6.137951431022712	0.0	0.0	0.0	0.0	0.0	1.5650287254253072	
0.0	0.4956875964809631	0.0	0.7800758350654019	0.0	0.0	0.0	0.9661352637902453	0.895465785293126	0.9561011247607656	
0.0	0.0	0.0	0.0	0.0	0.0	0.0	2.9159936681816445	1.0123399428051267	0.0	
0.0	0.0	0.0	0.7849383258915198	0.0	3.703026760300854	0.0	3.3765175403685017	0.0	0.0	
0.0	0.0	0.0	4.423525231375468	0.0	0.0	1.4402461287893347	0.0497225885138942	0.0	0.0	
0.1927127865836483	0.0	0.0	1.0645533189035996	5.229049001157889	1.2295783513619527	0.3979800715714785	1.6787688444314328	0.0	1.3058928702202246	
0.0	1.5286557311222977	0.9509981541998203	0.0	1.8137244107973403	0.0	0.6721221387672501	0.09098828106287003	1.6572259275876433	0.22131461184831364	
0.8343239791467846	1.8338661643444611	0.0	0.0	0.0	0.0	0.0	0.0	0.0	1.0452264409194272	
0.0	0.0	0.0	0.0	0.0	5.673330995964788	0.0	0.0	0.0	0.0	
0.0	0.0	0.0	0.0	0.0	1.2609711698846855	0.0	3.2201055482834127	0.5769096935338213	0.0	
0.0	0.4587270660735046	0.0	0.0	0.12445035985631084	0.0	0.0	2.486656833654327	0.0	0.0	
2.062440557416897	0.0	0.7799617292686254	1.5415165198749048	0.30170795281244844	0.0	0.0	0.0	3.3568167799311213	1.2219412201916235	
0.0	0.0	0.0	5.800648728298445	0.0	0.0	0.5396463745188099	0.0	0.0	0.0	
1.783294025438237	0.0	0.0	0.0	0.0	0.0	0.0	2.9158047461690417	0.0	0.8810000595634664	
0.43642061348218014	0.0	1.6114352062149244	0.0	0.030173792543184343	1.5888851362606855	0.0	0.9986667417968045	0.0	0.0	
0.0	0.0	2.964409683539193	1.0581231565457472	0.0	4.73226793108021	0.0	0.0	2.672619843805594	0.9112807667910794	
0.0	0.8183116741868751	0.0	2.20321723658828	0.022838925469242457	0.0	0.15860305444706732	1.442671224191992	0.0	0.0	
0.0	0.0	4.494589878660275	0.0	0.0	0.0	0.0	0.0	0.0	1.5098177727921418	
0.0	1.4571773752593613	0.0	0.7486542322550648	0.0	0.0051460974233752885	0.0	4.457666008069939	0.0	0.0	
0.0	3.0177252643613435	0.0	0.0	0.0	0.0	0.028334742568620966	0.0	0.0	0.0	
2.0409381696486824	2.639946359346004	0.8506700423198347	0.0	0.0	0.0	0.0	0.4384622023420844	0.0	0.8967365898115542	
0.0	0.0	7.919951421567283	0.0	0.0	0.0	0.0	0.0	0.0	0.0	
0.0	0.0	0.0	0.0	3.020876991252714	0.0	0.0	0.4625489306762883	0.0	0.0	
0.0	0.0	0.0	0.0	0.0	0.7738562969678294	0.6683446444388333	2.5067656874931883	0.6779164937115142	0.21585334441238407	
0.0	0.0	0.0	2.963654884730468	2.8275063093506754	2.0222608776520654	0.38327856156998996	2.2391019416558127	0.0	3.370114164839481	
0.0	1.8880898630994076	0.0	0.0	0.0	0.0	0.7033693205063035	2.2315814090254076	0.6830616638807436	1.5689043399087272	
0.5774186453679271	0.0	0.768336499126498	0.0	4.928047269786037	0.0	0.0	0.0	0.0	2.1269988799117305	
0.0	0.0	0.0	4.030555573010152	0.0	0.1112795139821287	0.0	0.0	0.0	1.2116399456241929	
1.3606831356208566	4.364431681175129	0.0	0.0	0.0	0.5276823402722695	0.2937252979172389	0.17366716415526387	0.0	0.0	
0.0	0.5421376107878748	0.0	0.0	0.12414449373236869	0.0	1.723612890651278	0.0	0.0	1.9308849759749402	
0.0	0.0	0.0	1.7519881218827762	0.0	0.0	0.0	1.5518414598931125	0.0	0.0	
0.0	0.005698441589590445	0.0	2.182962245100871	3.240798703526368	3.3849478633910626	0.0	0.0	0.0	0.0	
0.3083403830198212	0.0	0.0	0.0	0.0	0.0	0.0	5.286155935504037	1.1966820661599378	0.42459452850461776	
2.3484824623735987	0.30731039567692636	0.0	1.5808289127328425	1.3190534867568238	1.2929174570930868	0.23400510183514991	0.0	0.10259018035564169	0.0	
0.0	0.0	0.0	0.2938145254221715	0.9660477749901999	0.0	0.0	0.0	1.231143981185279	0.0	
0.0	0.031136004410856337	0.0	0.0	1.0581007674216918	0.0	0.0	0.0	2.4225731269472606	0.4272053259294827	
0.0	0.0	1.0149087251279116	0.10121635084749077	2.3756531089557607	2.2359047362941915	0.0	0.0030481137978934578	0.0	0.0	
5.297862169820994	0.0	0.30500838982463935	1.117462329755268	1.458594411416757	0.0	0.0	2.8486196663867025	0.0	0.0	
0.0	0.0	0.0	0.0	0.0	0.0	1.5280996550612072	0.0	0.0	0.0	
0.0	0.0	1.709406725452342	0.00655793056592309	0.0	2.182367841998216	0.011649993522194275	0.0	3.3262658103833367	0.0	
0.0	2.412723738223963	1.0166074980422635	0.0	0.0	0.0	0.0	0.0	0.0	2.7031235807109275	
0.0	0.0	1.2575177761068954	0.0	0.0	1.6797617141320997	0.6697281906879331	0.0	1.5120303916273572	0.0	
0.0	0.0035521972994398575	0.0	1.8183201048703677	0.7635248143679703	0.3512517895828878	0.0	1.8430978869824586	0.22991338346736734	0.6554387131556291	
0.0	0.44290564156323137	0.0	2.0274956137864897	0.0	0.0	0.0	0.12972930222542953	0.0	0.0	
1.2664804168640276	0.5306779448223536	0.0	0.9488432306132387	1.226305209356253	0.0	0.0	0.7791243694857205	0.0	3.6639559608211565	
0.0	0.0	0.0	0.6877314752941971	0.0	2.7952112703762797	1.514167381025547	0.0	0.0	0.0	
1.8298426170508477	2.139595322927748	0.0	0.0	0.0	0.0	0.0	0.0	0.0	0.0	
0.0	0.29457258203578207	0.21082577936552438	0.0	0.29437664768127336	2.929447335536214	0.0	1.5422986536601495	0.0	2.993539036372675	
0.0	0.0	0.0	4.6009058046438795	0.0	0.0	0.0	0.0	0.0	0.501825974040181	
1.5894886654096778	0.0	0.0	0.0	5.853656757474534	0.7557883522532951	1.6192478951859604	0.0	0.27038871339817505	0.0	
3.2047697694380064	0.0	0.0	0.0	1.4860733965217476	0.0	0.0	1.0906863571326335	1.4269486319858915	0.0	
0.0	2.220924934417526	0.49668443505693843	0.37766664947430145	0.0	0.0	1.997396790878432	0.0	0.38631816517005707	0.0	
0.0	1.7824685713295891	0.0	0.030574481875055327	0.0	0.49937376373800146	0.0	1.2230884919664646	0.0	0.0	
0.0	1.4034700155324684	0.0	0.4476442166464179	0.0	0.0	0.0	0.0	3.732098218226246	0.0	
0.0	0.0	0.0	0.4005427805518578	1.0050493538564351	0.0	1.5226576583203244	0.0	1.113260857557963	0.0	
0.964333911214521	0.0	0.0	0.47563778229401565	0.0	0.0	0.0	0.0	0.0	0.0	
1.0290434111576632	0.0	0.0	0.0	0.7784549322316542	0.0	0.0	0.0	0.0	0.0	
0.021481882823627944	0.0	0.0	2.5175364945062486	0.0	1.0872587548921229	0.8140281354681373	0.0	0.0	0.0	
0.0	0.0	0.0	0.010378718791373968	0.0	0.0	0.0	5.892589803466033	0.0	0.0	
0.9818155641478163	3.730236916099612	1.3036306988350732	0.0563826316016201	1.4189895337145084	0.0	0.10836366832676818	0.0	0.0	0.0	
0.3229526946422012	1.6679804565268685	1.5008488784383796	0.0	1.3943094783883956	0.0	0.7308463110829638	1.5249637156337146	3.0052307905115034	2.3114946790207505	
0.0	0.0	0.6374781111798973	0.0	0.0	0.0	0.0	3.7841593004332434	0.0	0.0	
0.4968924351605103	0.0	0.0	0.0	2.5415358620093347	0.0	0.0	2.313189210678073	0.0	0.6520214249648715	
0.0	0.0	0.0	0.0	0.0	0.0	0.1716493136388801	7.6370950233875785	3.40536435572914	0.6761536386571855	
1.2440695458674664	0.0	0.0	0.0	1.5499320849203586	0.0	0.06561037178175043	1.507140466047236	5.28176479775581	0.2915277458329749	
0.07568570704990957	0.0	0.0	1.1143378498725944	0.9309367792466186	1.4184719421374021	0.45127463849185784	0.0	0.0	0.8671976398881149	
0.10433597099210501	0.0	0.0	0.11728524675571084	3.150375373567986	1.3578312964042578	0.0	0.0	0.8065926992703393	0.0	
0.0	2.040697285417178	0.0	2.0864969679930225	0.0	0.3480569453404053	0.0	0.0	0.0	0.0	
1.7436230806150803	0.0	0.0	0.14462300891657234	0.0	0.0	0.0	0.0	0.0	0.0	
1.245378360333366	0.0	0.8103461796011826	1.5573697583005954	0.11189329430488604	0.38045455036734405	0.0	0.0	2.8414001206844883	0.22209673433319138	
0.0	0.0	0.0	0.0	0.565162137953775	1.9167933039666922	0.0	0.2512548796219246	0.6633820189876625	0.0	
0.041877375356818465	0.0	0.0	1.3142482299806564	0.0	0.0	0.0	0.0	0.0	0.0	
0.0	0.8008996445248756	1.1788696534222312	1.5248268356665162	0.8251881788091822	2.3595241597808143	0.0	0.0	0.0	3.3450333126203446	
0.0	0.0	0.0	0.0	0.0	0.0	0.0	5.782262613048701	2.1207489892610885	0.8466564141941817	
0.0	0.0	0.0	0.0	2.2669391569193875	0.0	0.0	0.0	0.0	0.0	
2.4212157611284613	0.029547244523476592	0.0	1.1330270894496077	4.340124482323551	0.0	0.0	0.28468467590165125	0.0	0.9126805449933916	
0.0	0.0	0.0	0.0	0.0	0.0	0.9196782734782929	0.0	1.1014490918404376	0.0	
0.2121395834952468	3.016412918179748	0.0	0.11408914275881568	5.202933149983323	0.25808686805156295	2.0141816753720905	0.4831332544537954	0.1721350332758476	0.12300737678938042	
0.0	0.0	0.0	0.0	0.0	0.0	0.0	0.0	6.260575651536548	0.70883653324046	
0.0	0.0	0.0	0.0	0.0	0.0	0.0	4.304194609531624	0.0	0.0	
0.0	3.6240914636519186	2.4989115821839887	0.0	0.14643750125920157	0.0	0.0	0.0	0.0	0.0	
0.23840926441528432	0.0	0.7388249633653483	0.0	0.0	0.0	0.0	0.0	0.0	0.0	
0.0	1.0474277789822926	0.01994806801679693	0.012475315918315823	0.0	0.0	0.0	0.0	0.0	0.0	
0.1141585952804919	0.0	0.0	0.0	0.4866104600718168	0.0	0.4991855390156181	3.089693378934081	0.0	1.6517755902582825	
0.0	0.0	0.0	0.0	4.721242388491429	0.0	0.0	0.0	0.0	0.0	
0.0	1.7898876196562392	0.8426878923844002	0.0	2.738416518211323	0.0	0.8420617766425507	0.0	0.0	0.0	
2.4606131804197267	0.0	0.0	0.0	2.8271588278438182	0.0	0.0	0.0	0.0	0.0	
0.0	0.0	0.0	0.0	6.59591716101042	0.0	0.0	0.0	0.6263497951438245	0.0	
0.0	0.0	0.0	1.1557909995569058	0.0	0.0	0.0	0.0	1.273086069383712	0.0	
0.0	0.20904127758123003	0.0	0.0	7.14906927067309	0.0	0.0	1.5434735035475786	0.0	0.0	
0.0	1.622898538706926	0.0	0.0	1.1887126407490518	4.700744066524868	0.0	1.2373009645195718	0.0	1.40090569031806	
0.0	1.1614351253298456	0.0	0.0	0.3487400154548855	0.0	0.0	0.0	5.435033883726913	0.6263742231645094	
0.0	1.8279898710426759	0.0	1.0687500528364156	0.7012726973951615	0.0	0.0	0.0	0.0	0.0015958078256271971	
0.0	0.4891413703132443	0.0	2.59443899468169	0.0	0.0	0.0	2.0589463307701754	0.0	0.0	
0.0	0.0	6.0605223207279915	0.0	0.0	1.4472172701227923	0.0	0.0	6.739253798014734	0.0	
1.7147679948536556	0.0	0.0	0.0	0.0	0.0	0.910167680779132	4.725173791668334	0.0	0.0	
0.0	2.635134960337602	0.0	0.0	5.269989392389262	1.7959403739045654	0.0	5.090959426606753	0.0	0.8807082609744712	
0.3548823305597206	0.0	1.9020533542679436	0.8825964937391645	0.547232290159222	0.0	0.0	2.8299497743935427	0.0	0.0	
0.0	0.0	0.0	0.0	2.3348895421919074	0.0	1.1102378803005317	0.2756165446849102	0.3939702173406729	0.0	
0.0	0.10588885882121346	1.248299747192735	0.2979198892263731	0.0	0.1874826634269276	0.5443821805029375	0.0	0.0	0.6386633275893214	
0.0	0.0	0.0	1.1290525973931835	0.6291465695460687	0.0	0.0	0.8840115725335542	0.0	0.7314175889993915	
0.0	0.0	0.0	0.0	2.0006404874916073	0.0	0.0	2.60852006177781	0.0	0.0	
0.0	0.0	1.004450926552354	0.0	0.8403097460825003	1.2273415912058208	0.0	0.0	0.0	0.0	
0.0	2.959854169178426	2.496267834873656	0.1592928174747851	0.0	0.37219157014825677	2.2026310164746676	0.0	0.2879742973580029	0.0	
0.0	0.0	0.0	0.0	0.0	0.0	1.1801686088265029	0.19903745912651225	6.563833166859936	0.8837431521392513	
1.408127672255865	0.0	0.0	0.0	0.0	0.0	6.196232886987671	0.5707585508159485	0.6593823146620216	0.0	
0.0	0.0	0.4406252397668977	0.0	0.0	1.7677366471643288	2.3018252364078102	1.9403123629194905	0.038752373774074984	0.7616216744527126	
0.0	0.0	0.0	1.254923349018328	0.0	3.0275079749865488	0.0	0.0	3.874790541566858	0.0	
5.427614126214544	0.0	0.0	0.0	0.0	0.0	0.0	0.0	0.0	0.24331473766769732	
0.0	0.0	0.0	0.0	3.005718197669891	0.0	0.0	0.9061803198036599	0.0	0.0	
0.0	0.0	0.0	2.1031430102500908	0.0	0.0	0.0	0.0	0.0	1.0306600021015935	
0.0	0.7440456153781312	0.0	0.0	0.16898211194917917	0.0	1.440671177848872	0.5328455111336232	0.3568244509860035	0.4331298241646689	
0.041678077036690776	0.0	2.0102849965839886	0.0	6.783674527851906	0.0	0.0	0.0	0.0	0.33270016127879487	
2.71932463960593	4.144856066167846	0.0	0.0	0.0	0.0	0.0	0.0	0.5551330633664524	0.0	
0.0	0.0	0.0	0.0	0.0	4.359380728214804	0.0	0.6328730800932522	0.0	0.0	
0.0	0.0	3.9281326196284083	1.4355747617656835	0.0	0.0	0.0	0.0	1.4381316798362822	0.5603466035141392	
0.0	0.0	0.0	0.0	0.0	0.0	0.0	1.38700023847941	0.0	0.0	
0.0	1.1555003045725412	0.0	0.0	0.0	1.7078595921697715	0.0	0.0	0.0	0.0	
1.9609111897557885	0.0	0.0	0.0	3.3570070378686654	3.5191380532925423	0.3578296771780694	0.0	0.0	0.0	
0.0	0.0	0.0	0.0	0.0	0.0	0.0	0.0	0.0	5.286499921494855	
0.0	0.0	0.9070825931143958	2.476208446609513	0.0	1.7573049570655492	0.0	0.3885386328804285	0.0	3.3515539094278206	
0.0	0.0	0.4063002998459032	0.0	1.1629939042124047	0.0	0.0	0.0	0.0	3.9128749129117213	
0.0	0.0	0.0	0.0	0.7681643186525912	0.1574856905403876	1.6315562295123276	0.34342541859195175	0.8508871237201562	0.0	
0.0	0.0	0.0	0.0	2.728951339832688	0.0	1.7777351115799254	0.0	0.0	0.0	
2.601126555254706	0.0	0.0	2.0790973863120854	0.0	0.0	1.6440529897118503	0.5996838895848536	0.0	0.0	
0.0	0.0	0.0	1.545667063823379	1.917440239408747	2.595217193906311	0.0	0.0	0.0	1.2218593787535967	
0.0	0.0	0.0	0.0	0.32996347524618264	0.0	2.4668456770723046	0.0	0.0	0.5288463999549795	
0.0	0.0	0.0	0.0	0.0	0.0	5.063928294527751	0.0	4.66797232109869	0.0	
1.6023811544519007	0.5034564667707838	0.0	0.0	3.3450574561065443	0.1494328931666589	0.24160982794758068	0.0	0.4266438022191828	0.9715251497407289	
0.22980144266515237	1.1935319001208151	2.0966837986164615	0.686606664056063	0.0	0.4840454055170214	0.0	0.0	0.0	0.11926661228637692	
0.0	0.0	0.0	0.0	0.8700263099839789	0.0	0.0	0.0	1.7066749345342458	0.0	
0.0	0.33483109743256145	0.0	0.0	0.0	0.0	0.0	3.4480622397905893	0.0	0.0	
0.0	0.0	1.9594882613729452	0.4208948028117356	0.0	0.0	0.0	0.0	0.0	0.0	
0.0	0.0	0.0	0.0	0.5185154756702627	2.1520217782501527	0.6788890314859354	0.0	0.0	0.0	
2.6930863651200485	0.0	0.0	1.9786627965465484	0.0	0.0	0.0	0.0	0.0	0.0	
0.0	0.004774036346944256	0.0655116877590974	0.5208683830881318	0.0	2.751337209552285	0.0	0.0	0.0	0.0	
0.0	1.5210479537461483	0.0	0.0	0.0	0.0	1.0378846544607612	0.0	0.0	0.2092521223967583	
0.0	0.0	0.0	0.0	3.196098822153641	0.09804391436658057	1.9255318315693526	0.0	1.623048355132144	0.0	
2.3146049897904937	0.0	0.0	2.4095209586747752	0.0	0.0	0.0	0.0	0.0	0.0	
0.8898991997727402	0.0	1.5848697188662395	0.0	0.08495184745309944	0.10516037990491998	1.6512454707846727	0.0	0.0	2.240267940100337	
0.0	0.0	0.974171989448196	0.7241294128521465	0.0	0.23763906973288026	0.7569526301861975	0.0	0.6850425905376565	0.041502975320516194	
0.0	0.0	0.0	1.6162148210476788	0.0	3.251615232498044	2.1043907808912605	0.0	1.531103128922475	5.824485712593901	
2.434207961501586	1.4136135586018095	0.0	0.5554436055166743	0.2898735672627319	2.1276283998673935	0.0	0.0	0.0	0.0	
0.0	0.0	0.0	0.0	0.0	1.9946485613979072	0.0	5.126725469509633	0.0	0.2694807416578752	
0.0	0.0	0.0	1.0446077536330312	1.265749657746621	0.0	0.09637124712454018	0.0	0.0	0.0	
0.0	1.5118197345430353	0.0	0.5705913626228978	0.0	0.0	0.0	0.0	0.0	4.47424265185732	
0.0	3.500030578906051	0.0	0.0	0.0	2.2835637501077493	0.0	0.0	0.0	0.0	
0.5881658937983396	0.0	0.0	0.0	0.0	0.0	0.0	3.8681249712030796	1.3147895998264196	0.6940020819243781	
3.4297634903828333	0.3833417578445316	0.0	0.0	2.589571478846932	0.0	0.0	0.2375200539151096	0.0	0.0	
0.0	0.0	1.2055061380319538	0.0	0.0	0.10763875753962922	0.0	0.8408939523453506	0.0	0.0	
0.7172746546956845	0.0	0.0	1.5969422319848654	0.2182704945987929	1.2798630342389878	0.0	1.2165474079325356	0.0	0.0	
1.7551736388404695	0.0	0.0	0.0	0.0	0.19487291176075966	0.0	0.0	0.6641232204678456	0.0	
0.0	0.2069080882459543	0.0	1.1392066885713232	0.0	0.0	0.0	0.0	3.282683196303313	0.0	
0.0	3.18853394766474	0.0	0.0	0.0	0.0	0.0	0.5902678462867873	0.0	2.624231427281307	
0.08150290281586736	0.0	0.0	0.0	0.778847576655125	3.035811685167388	0.0	0.0	0.5191760263983016	0.0	
0.6687554729333302	0.7371424726056851	0.0	0.0	1.510151178124823	0.5724807843234921	0.0	3.81267957114119	0.0	0.152954462819576	
0.0	1.7347995006076353	0.1749908431939304	0.6882953993088385	0.2537459963872281	0.0	4.401644257477306	0.0	0.0	5.331729664396149	
0.0	0.9845647061955286	0.0	1.1022295810827842	0.0	0.31359996247877436	0.0	0.0	2.4693810711404707	1.859099239316157	
0.0	0.0	0.30896598666474806	0.02061965843229592	0.059093300434908486	0.0	0.0	0.0	1.7116216533020734	2.004643509686789	
1.4171167237824709	0.0	1.8295496931243551	2.9866511902070996	0.0	0.0	0.0	6.296570591039324	0.0	0.0	
0.9326536524450989	0.4871369233533074	0.0	1.3617499422081643	1.8415130447824637	0.0	0.0	0.0	0.0	0.26448397963673553	
0.0	0.0	1.2144350595718054	0.0	0.0	2.625116182402392	0.0	0.0	0.0	0.3563753824229265	
0.0	0.0	0.0	0.0	0.0	0.0	0.0	2.1210636422660176	0.0	0.0	
0.0	0.0	0.0	0.0	0.0	0.0	0.0	1.550412833788299	0.0	0.0	
2.043430223375378	0.0	0.0	0.0	4.94446748304665	0.0	0.0	1.7324076831691568	0.13507576152242537	0.0	
0.0	0.0	0.0	1.0214670303804139	0.0	0.0	0.0	0.0	0.0	0.0	
0.0	0.0	0.0	0.0	0.0	0.7183310367375635	0.0	0.0	0.0	3.4452513155538056	
0.0	0.0	0.0	0.0	0.0	0.17585768487157988	0.0	0.0	0.07669984949438875	0.9547327645372141	
0.27512656892214826	0.0	0.4633101691143994	0.0	0.0	0.0	0.0	4.110109701835447	1.1525882794648497	0.0	
0.4232875829044358	0.0	0.0	0.7878712732376495	3.2274650444949033	0.0	1.7233558427553617	0.0	0.0	0.0	
0.0	0.0	0.0	0.0	1.9245949263748283	0.0	0.0	0.0	0.0	0.0	
0.0	0.0	0.0	0.0	0.0	0.0	3.4743464291872876	0.0	0.0	0.0	
0.0	0.0	0.0	0.5657776807897401	1.0463914106524999	0.0	0.0	0.0	3.5828343244256353	0.0	
0.0	0.041625055805291855	0.0	0.0	2.9395408306843636	0.20619930116134863	1.2527454094298216	0.0	0.0	0.0	
0.0	0.0	0.0	0.0	0.0	0.0	0.0	0.0	0.0	5.164022785062	
1.2636690002128879	0.0	8.742325212195475	0.0	0.0	0.0	0.0	0.0	0.4364089537796791	0.0	
0.0	0.0	0.0	0.0	3.443644329114052	0.0859577758379639	0.14262619226577167	0.0	0.0	1.3759892836449037	
0.3727139072760333	0.0	0.8168084873295617	1.5472847861808408	0.0	0.06532588009446345	0.0	0.0	0.6917149349832262	0.6112479787428922	
0.0	0.9214256574462424	0.0	0.4744616639366762	0.0	0.0	0.0	1.0675488512294924	0.0	1.0150328687469845	
2.5915149308711514	0.0	0.0	0.0	0.0	0.0	0.0	2.085252719892837	1.302601931488331	0.0	
0.49036186242485835	0.0	0.0	1.2302099449992643	0.0	2.3876181526902545	0.0	0.0	0.0	1.401744049618204	
0.0	2.5094466679818526	0.0	0.0	0.0	0.0	2.576869561962932	0.0	1.1204901211573046	0.0	
1.0957524259765885	0.0	0.0	0.0	0.0	1.2676849073577239	0.862774661392836	2.1385391628710804	0.0	0.0	
0.0	2.5884187569002264	0.0	0.0	1.8711111880681321	0.0	0.0	0.0	1.3678103086243956	0.0	
0.0	0.0	5.898513982136692	1.4853237789487563	0.0	0.25765624772341106	0.0	0.0	0.23419366270309652	0.012161017433103032	
0.0	0.0	0.0	0.0	0.09519649878158946	0.0	0.0	0.0	2.035823749261393	0.0	
0.0	0.0	0.7156556665415563	0.0	0.0	0.18683406296153163	0.0	0.0	1.303563430079414	0.0	
3.323467909579941	0.0	0.0	0.1462587892556638	0.0	0.0	0.012162571929587066	6.551094447045461	0.0	0.07483828737186068	
0.0	0.7051785199509552	0.0	0.22298187559949953	0.0	0.0	0.6553700761164053	0.0	0.0	0.13018930923392105	
1.9179714147119447	0.0	1.9530977450801856	1.9278384243697015	0.0	0.0	0.7213109186548039	1.120065084453643	0.9719410055385621	1.6521865741934718	
0.0	0.0	0.3464843017901532	0.6110865159435033	0.0	0.0	0.0	6.256251524242619	0.0	0.0	
0.0	1.269042855716338	0.0	0.0	0.0	0.0	0.0	0.0	2.9495459381244054	1.7058542023599885	
0.0	3.069429051777596	0.0	0.5979082729511735	0.0	1.512860466844233	0.5297668806084473	0.0	0.0	2.323897503254223	
0.0	0.06224950378387078	0.2439991506401372	2.751994177295369	0.0	0.32569333803790135	0.0	1.8791581562120299	0.0	0.0	
0.0	1.6665738120584939	0.0	6.502182877877892E-4	0.0	0.0	2.3385022805757485	0.0	0.0	0.0	
0.17961109243626316	0.0	0.5835780126344111	0.0	1.4634425689182537	0.0	0.0	0.858143088064107	0.0	0.9828464048097487	
0.9175419261521184	0.0	0.0	0.0	0.0	0.0	0.2469910000380895	0.0	0.0	3.9103504752079448	
0.0	0.930748888525518	0.0	0.0	0.4064369342116012	0.0	2.1956404792544033	4.554017356012071	0.0	0.0	
0.0	0.0	0.0	1.362498107647755	0.0	1.9673027255014437	0.6552044101223528	0.0	0.0	0.0	
0.0	3.332736230835306	0.0	0.0	0.0	0.0	0.0	0.0	0.0	0.0	
3.353839040134948	0.0	0.0	0.0	2.437411392409495	0.0	0.0	0.6667543855043175	3.4355342744790476	0.0	
0.6332171624165173	1.0737726255871076	0.5334966503829106	0.0	0.0	2.017164621003989	0.15990790920785583	0.0	0.0	0.0	
0.0	0.16538769525770394	0.0	1.9915360613641802	0.6625875180188319	0.46897239669695007	0.0	0.0	0.4114499677421344	1.5856995551176345	
0.07831196887865265	0.0	0.0	0.0	0.0	0.9064736967308519	0.0	4.9110444092044006	2.4297680132415582	0.0	
0.15890900006560307	0.0	0.0	0.5917401605217547	1.0293148584946825	0.6446942062103689	0.0	0.0	0.0	0.9344288874363537	
2.1134830760197385	0.5987769531596635	0.0	0.0	0.0	1.2909546190574523	2.0341440889271087	0.11517845625184693	0.0	0.0	
0.0	1.657515098419982	5.084969803534063	1.2170190492491026	0.0	0.0	0.941835927136942	0.0	0.0	0.0	
0.0	0.0	3.508156883493342	0.0	2.66870501996893	0.0	0.0	8.087272164945922	2.1225925825685708	0.0	
2.345352881149948	0.0	0.0	0.0	0.21726698141636372	0.0	4.662955919207271	0.0	0.3674785336125821	0.0	
0.0	0.5242452706630097	0.0014253966761992758	5.739679242841788	2.1310032455305805	0.1562849933039726	0.0	0.0	0.0	0.5441117770329179	
0.13419560957556081	2.034246462023988	0.0	0.0	1.3797807715994632	0.0	0.6118990957220186	0.0	0.0	1.848697211004816	
0.16871448727965635	0.4814288486081381	0.0	0.0	0.0	0.0	0.24757962715966078	3.758208775410681	1.2503299644144368	0.0	
0.0	0.0	0.0	0.0	0.0	0.0	0.0	2.0539940548689195	3.959412306874974	0.0	
0.0	0.0	0.0	1.6031283557844846	0.0	0.0	0.09143977297012644	3.4450766327543367	0.0	0.0	
0.03926672571877945	2.827032527365628	0.0	0.01995042628978274	1.8866377898590734	1.2403486912195154	0.5301006987926634	0.0022218126449732485	0.0	0.0723007983535367	
0.0	0.0	0.0	0.0	0.0	0.0	0.0	0.0	2.58421818944181	0.0	
0.0	0.0	0.0	0.0	0.0	0.0	0.0	0.0	0.0	0.0	
0.0	0.0	0.0	0.7770484279459111	0.0	0.0	0.0	0.0	2.5408593145800396	0.4485170796415423	
0.0	0.0	0.0	0.0	7.4542200606784155	0.0	0.0	0.0	0.0	1.9398717064292101	
0.486368136519597	0.0018257406273203733	0.0	0.7419999375037546	0.0	0.0	6.056953685855576	0.0	0.0	0.34749628086730566	
1.9404755444306006	0.0	0.0	0.09968218501213766	0.0	0.0	0.0	0.0	0.0	0.0	
2.6787373212446632	0.0	0.35806438574017324	0.16484859539927713	0.7330145371326748	0.0	0.0	3.9817286580906757	0.0	0.22278027691584287	
2.388250247502545	0.0	0.0	0.0	0.0	2.581999734846508	0.00654649863497308	0.0	0.0	0.9197054431331673	
1.2674846372420117	0.0	0.45080804749835135	0.0	0.0	0.0	1.257416226720028	0.0	0.0	0.6649721861662239	
0.0	0.0	0.12733620983975405	1.468061527897869	5.0458608673035625	0.49086276977756005	2.581684068911522	0.6076177694908924	0.5185518111395032	0.0	
0.0	0.0	3.2519457961774885	0.0	0.48533986251203604	0.00638679509874344	0.8124756675940816	0.9864137635073172	5.1161183436685205	0.41828101457732514	
4.692071758274381	0.0	0.0	0.0	0.0	0.0	0.9652366057603031	0.0	0.0	0.0	
0.0	0.014803807351707846	0.0	0.6629664669699752	0.0	0.0	0.0	1.3980507423790356	3.2588947630466123	0.852066070823202	
0.0	0.0	0.0	0.0	0.0	0.0	4.074599430917577	0.0	0.8167930414096416	0.12347797962522723	
0.0	0.0	0.0	0.0	0.0	2.661171450928765	0.0	0.0	0.0	0.0	
1.0621096807737203	0.2752029643848912	4.0323341050459325	1.1460983547452575	0.3326181303502605	0.1427337011559237	0.0	0.0	0.0	0.22468487545561314	
0.0	0.0	0.0	0.0	0.0	0.0	2.8456435092750536	0.0	0.0	2.6172689971051106	
2.4981992905128356	0.0	0.6783265002308105	0.0	0.9268051209310182	0.0	0.08704093657594862	0.0	0.13052328358349566	0.007714084098734441	
0.0	0.23050569317522204	3.167595193751484E-4	0.0	0.760772724214527	1.7093412033470679	0.0	3.8067320982768695	0.0	0.6168489683313495	
1.0488824028788573	0.0	0.0	3.7573189184028863	2.422594590010285	0.0	0.0	0.0	0.0	0.0	
0.0	0.3145153372088057	0.0	0.0	0.18395643973124565	0.0	0.0	1.6972945739135985	1.5515343768669154	0.34156554706931835	
0.0	0.0	0.0	0.0	0.009834302226548058	0.0	0.0	1.427019729854108	0.0	4.02676062318327	
0.0	0.0	0.0	0.0	0.596584277538089	0.06306949189482593	0.0	0.9297017294294427	0.009597078228560834	0.8798348213947165	
0.0	0.0	0.0	1.2929463388545688	4.618211536937466	0.0	0.1058449887203731	0.0	0.0	0.797284263845475	
0.0	0.4065230288360661	0.0	0.6134245830143401	0.09650915672297225	0.0	0.0	1.0795802985777274	0.0	0.0	
0.0	1.337348961239468	0.5876507095257127	0.0	0.38750818046366736	0.05388316225796342	0.0	0.0	3.0319265518267278	0.0	
0.0	2.823672785934239	0.0	1.178118888438656	0.5154732337973933	0.0	0.2909324682080305	0.0	0.0	2.433157674966983	
0.0	0.0	0.0	0.0	0.0	0.0	0.0	0.0	3.238451479086297	0.0	
0.0	0.40254534973007655	0.0	0.0	3.6458328781400287	0.20730665648293853	0.4017691634538358	0.0	0.0	0.3993809694042826	
0.0	0.0	0.0	0.0	0.0	0.0	0.0	2.5312775489800297	0.0	0.8038296970290859	
4.190704099556565	0.056819697881650234	0.0	0.9585763410872854	5.954581939274855	0.09302529001539687	2.6490874878455077	0.027349341957840737	0.7628196849511577	0.0	
0.0	1.1226404931216445	1.5761422473566742	1.9892283828048698	1.2896890695443646	0.0	0.0	0.0	1.170162420209985	0.0	
0.0	0.0	0.0	0.0	2.671366753001506	0.0	0.0	0.0	0.0	0.0	
0.0	0.0	0.0	0.0	0.0	0.0	0.26402640029964	1.4790141041642184	4.215806368949387	1.6735446632395952	
0.04303187999437785	0.0	0.0	0.0	0.22255158959925064	0.0	0.0	0.08666742703204036	0.6667953591730172	0.0	
1.7235475961107747	0.0	0.0	0.0	0.920015445839654	0.0	0.0	1.872212785429778	0.0	1.518567661095112	
0.0	0.0	0.0	0.0	0.0	1.3743529216172221	0.099518136788433	4.95333343568893	0.0	0.0	
1.6146786873399026	0.02007606012477369	0.0	0.9324570115160842	0.0	1.1991553967021713	0.04834076375998953	0.0014418959892960566	0.4756883030695169	0.0	
0.48528897150882716	0.0	1.9119817912424604	0.12933392105306177	1.3955891464752859	0.07955848646132516	0.21814332693568206	3.287100133163054	0.16428931021784027	0.0	
0.0	0.0	2.721383514506529	0.0	0.0	0.0	0.0	0.0	2.5227829184596993	3.8932097988464918	
2.7291207115988696	0.0	0.0	1.0219937766556675	0.0	0.07309559157443668	2.494722333779882	0.0	0.744401043658445	0.0	
0.0	0.0	1.869166814179138	0.0	0.0	0.0	0.0	1.5240017327403577	0.0	0.0	
4.849178964666054	0.0	0.0	0.0	0.0	0.0	0.0	0.0	0.0	2.1268845070333975	
0.0	0.0	0.0	0.008979205225959606	1.2934889140589103	0.6145428483018258	0.0	0.0	0.0	0.0	
4.568938858029892	0.0	0.0	0.0	0.0	0.0	0.4858879070466185	0.8075312747029443	0.0	0.0	
0.0	1.112403036704406	0.0	3.0978500312990835	0.45161393730074445	0.0	0.0	0.0	0.7248887291088852	0.33666030584629714	
0.2520075145768082	1.7050979256163268	0.0	0.0	0.0	0.0	0.0	0.0	0.0	0.0	
0.0	0.14764389118557988	0.0	0.0	0.0	0.0	3.855623760936099	0.0	0.0	0.44134772857374743	
0.0	4.089419653633016	1.502034492583564	0.830755319043566	0.0	0.0	0.0	0.0	0.0	0.36414197672663395	
0.0	0.0	0.0	0.0	0.0	0.0	3.1479790537593324	0.0	0.0	0.8826711104590049	
0.0	0.0	0.0	7.813273894324228	2.416206335927198	0.0	0.0	0.0	0.0	3.9444114815457314	
2.6144497101756663	0.05768620870162982	0.0	1.98252034414829	0.0	0.0	0.04220415073900989	2.1314629379801056	0.0	2.0186168057697107	
0.0	0.026295707408196024	0.0	1.9177391208053298	0.0	0.0	0.8047070194611881	0.0	0.0	0.0	
0.0	0.0	0.0	2.7356743135176194	0.0	0.0	0.0	0.0	0.0	0.0	
0.0	1.7393220132303022	0.0	0.0	0.49636189485052656	0.0	0.0	0.0	0.0	0.5666879220359834	
0.0	1.1158432542147518	1.4644358000617381	0.0	0.0	1.5459893252189258	0.0	1.822170445249565	0.0	0.0	
0.0	2.3712602137449026	0.0	0.0	0.0	0.0	0.0	0.0	0.0	0.0	
0.0	0.1852397796233085	0.0	0.24163896422510425	2.807780544615563	0.6375238868305153	0.0	0.0	0.0	0.5447491846077293	
0.0	0.0	0.0	0.0	0.0	2.2918778897042538	0.0	0.0	0.0	2.3751603505765395	
0.0	0.0	0.0	0.0	3.1312348739743503	0.0	0.0	0.0	0.0	0.0	
1.8476068510150498	1.1582063430359875	0.0	0.0	0.0	0.0	0.0	0.0	0.964506840076945	0.48346211397095545	
3.7017460554882367	0.0	0.0	0.0	0.0337832350127689	0.0	0.0	0.0	0.0	1.7798791674887926	
3.029418929584243	0.0	0.0	0.4274238765697257	0.0037786135120343733	0.0	0.0	0.0	0.0	0.0	
3.4530748206300688	0.0	0.8793729887293301	0.0	0.5319689255933316	0.0	0.6054949835466947	0.0	0.0	0.0	
0.0	0.0	0.0	0.8874023669352678	5.113301816375305	0.0	0.0	0.0	0.0	1.4556596095468926	
0.0	0.0	0.0	4.254582437869183	0.0	1.0941997974947302	0.4704853195093965	5.7255770546549725	0.0	0.0	
1.171965345526138	0.787692552208954	0.0	0.0	0.0	0.0	0.0	0.0	0.0	1.197165508576798	
0.0	0.0	0.0	1.0247479329512446	2.380195135270386	0.0	0.0	0.0	0.0	0.0	
0.5441867098130342	0.06781806180511774	0.0	0.0	0.0	0.0	0.0	0.6534602537137448	0.0	0.0	
0.0	1.953306543483825	0.0	3.1101675687787576	0.0	0.0	0.0	0.0	0.0	0.0	
0.0	2.8759164111592024	0.5506416600005555	0.0	0.574105987509128	0.0	0.7248766886468534	2.21788843679675	0.6036052863409712	0.0	
0.0	0.11859920069545628	0.0	0.0	2.9447821448498854	0.6735624749085831	1.4893474067571946	0.7766132666803951	0.10571707494348992	0.0	
0.0	0.0	0.1911263818843702	0.0	0.0	0.0	0.0	0.0	0.0	1.5181633380221782	
0.0	0.0	0.007148973818034419	2.0479469935982775	1.432869159818502	0.0	0.6215940927553794	0.0	0.3972498286201623	2.3709231630755965	
0.12270027407410683	2.6326410570211265	0.0	0.0	0.8206009247156549	0.0	0.23695364717530043	0.0	0.0	0.0	
0.0	0.0	0.0	0.0	2.1331449580056074	0.0	1.1454394887486419	0.0	0.0	0.5771943245676429	
0.0	2.0389987971597945	0.0	3.007550703057611	0.9257403481688097	0.5151160897211134	0.0	0.0	0.44828587499951367	4.511962373923244	
0.0	0.0	0.0	0.0	0.0	0.524280547057121	0.6544124992662546	0.0	0.16714463793868317	0.22179669618124204	
1.8957601056484235	2.607877775426467	0.0	0.0	0.0	0.0	0.0	0.0	0.0	1.2739992604349397	
0.0	0.0	0.0	0.0	0.0	0.0	0.19893036447190768	0.3675419706764017	0.0	3.3294537149902785	
0.0	0.0	0.0	1.7712158262531792	0.0	0.7305305786000776	0.49006945954747966	0.6388673851760552	0.0	0.0	
3.3780046970515625	0.0	0.0	0.21566206785352057	0.0	0.16988513983723358	0.0	0.0	0.0	0.0	
0.0	0.13276767453942442	0.0	3.391461961588008	0.0	0.9512786300408461	0.0	1.6435724647674708	0.0	0.9363486902372764	
0.0	0.0	0.0	0.5064968984282125	0.0	0.14852351277267928	0.0	2.10434959555846	0.8634361732116422	0.901127733463467	
0.0	0.0	5.027825018948691	0.02973741542603278	0.0	0.0	0.0016803105571583559	1.0840095879924587	0.14759097515859745	1.03117801214883	
2.4737364111858695	0.0	0.0	0.0	0.0	0.0	0.0	0.0	0.0	0.0	
2.2751620774097163	0.0	0.0	2.7394449983901503	1.0357966926153892	1.7503914743734996	1.501586275890275	0.0	0.0	0.0	
0.0	0.0	0.0	0.61459177673352	0.0	0.0	0.0	0.0	2.5726231716568213	0.0	
0.0	2.245497122621286	0.7493720273423341	0.0	0.49528800649901783	0.0	0.0	0.0	0.5670660744937004	0.0	
0.0	1.8276053419134541	0.0	0.6362318134972884	0.0	1.2254632941060242	0.0	0.0	0.0	0.0	
0.0	1.4905988166791742	0.0	0.0	0.45785696625535144	0.8760057325996986	0.028438292715017955	0.0	0.0	1.53582091870229	
0.0	1.5097474228976713	0.0	1.3070526722889915	0.0	2.6265174072652377E-4	0.0	0.7454409375037234	0.0	0.0	
0.0	1.8698903095984485	0.0	0.0	0.0	0.0	0.042524535455671135	0.2319005321213598	0.8084222026816125	0.0	
0.6632684486418976	0.0	2.222738833504803	1.5823982577242386	0.30083763023492704	0.8869702622540736	0.0	0.0	0.0	0.0	
0.0	0.9338884947085296	0.0	0.8941639673704933	6.002031495179544	0.0	0.0	0.0	0.0	1.6489436065393013	
0.0	0.7558150375599215	0.013986784375243394	0.0	0.05694140499721137	0.2838476272592155	0.08799120005059972	1.176761857297905	0.0	0.24341683169972048	
0.0	0.0	0.07962920105357438	2.3006846826177063	3.31720836672193	0.9335941053863854	0.0	0.0	0.14265852910608287	0.0	
4.864331457266554	0.0	0.0	0.0	2.1264277536350074	0.0	0.1297415328977498	0.0	0.0	0.0	
2.1237748958417964	0.0	0.0	0.0	0.0	0.0	0.0	1.646376184564666	3.5169542533174947	0.0	
0.8393657534709427	0.0	0.48447868223351637	0.0	0.0	3.5492674646962645	1.2052837083532717	0.05379618726729714	0.0	0.0	
0.0	0.0	2.8479968704341485	0.31029429336670683	0.0	0.0	0.0	0.0	0.0	3.7292812858627324	
0.0	0.6524025019726765	0.0	0.0	0.0	0.0	0.2060710966873356	1.1148128414666851	3.3036272607731942	2.2257031061011983	
0.0	0.0	0.0	0.0	3.58172495025351	0.0	0.0	1.7448716797054311	0.0	0.0	
0.0	0.7312764409196388	0.0	0.4673570779004633	0.0	0.0	4.251903541993315	0.0	0.0	0.16562878539726505	
1.2237951091843038	0.0	0.0	0.0	0.0	1.5715835755543013	0.0	0.0	0.0	0.0	
4.333498718185973	0.0	0.0	0.0	2.8035503105409605	0.0	0.8984807765600635	0.0	0.0	0.0	
0.0	2.675424489547261	0.0	0.0	0.0	0.0	0.0	0.18651290569742146	1.1510357098684365	0.01529715084416723	
0.0	0.0	0.0	1.2103705503848308	0.0	0.0	2.772306805117819	0.0	0.0	2.7602768008471186	
0.6195323910616012	0.0	0.0	0.0	0.0	0.0	0.0	0.0	0.0	1.1770118151368194	
0.0	0.0	0.0	0.0	5.507917520055504	0.0	0.8037684384842362	0.4247138155099366	0.24413922720648434	1.5529951639687707	
0.0	0.16770368454138943	2.347420220007954	0.0	1.4425511713095074	0.0	0.0	0.0	0.0	0.0	
0.0	0.0	0.0	0.0	0.0	0.0	2.3977474347312917	0.0	0.0	2.3020658231262803	
0.0	0.5735242777862951	0.0	0.0	0.0	4.29689101837507	0.559666266893684	0.0	0.0	1.5392550397665035	
0.0	0.0	0.22779455638437743	0.0	1.4944540031556353	0.0	1.3438972808109408	0.0	0.0	1.9724934052643595	
0.0	0.0	0.4643291648546182	0.0	0.0	0.0	0.0	0.2087408768898746	6.3481749755148	0.08687797941398287	
0.0	0.4324084003553384	0.0	0.0	2.119802785564126	0.0	4.502374575651697	0.0	1.7777294542634083	0.0	
0.0	0.0	0.0	0.0	0.0	0.0	5.556121067319431	0.0	0.0	0.0	
0.0	0.0	0.0	0.0	0.0	0.0	0.38773919651038347	1.0457060215673286	2.2056209611740214	0.0	
0.0	0.0	0.0	0.0	0.0	0.0	0.0	5.510319672242283	5.372075758110957	0.0	
0.0	1.4266134080230364	0.0	0.0	0.0	0.0	0.0	0.0	0.0	0.0	
0.0	0.6971450164249945	0.0	0.0	0.21775017222292378	0.0	0.0	0.0	0.0	0.0	
2.469082585710544	0.0	0.0	0.0	0.40208675283345496	0.2804510669610969	2.6394739012138686	0.0	1.2972933861597857	0.0	
0.0	0.0	0.0	0.0	0.0	1.0332301054307806	0.7186297096020746	0.0	0.0	0.0	
0.0	0.0	0.0	0.0	1.4922924156071005	0.0	0.9866094857032738	1.6552424318469963	0.0	1.1802225038239498	
1.0646618083320547	0.0	0.0	0.0	0.0	1.2678322020373205	0.0	0.0	1.1134347164960354	0.0	
0.21588490856744813	0.0	0.7718796857325639	0.0	0.0	0.0	0.0	0.0	0.0	0.0	
0.0	1.169251564473002	0.0	0.0	0.0	0.312333811675468	0.9304904668185452	0.0	0.0	0.0	
0.0	0.0	3.1826791334148887	0.0	0.6008752213860932	0.0	0.0	0.0	0.0	0.0	
0.0	0.0	0.0	0.0	0.0	0.0	0.0	0.0	0.619406363131239	2.4434687035645664	
0.0	0.0	0.0	0.0	0.0	0.0	0.0	0.0	0.0	0.0	
0.0	0.0	0.0	0.0	0.0	0.0	0.27047784565924754	0.0	5.223836260178708	0.0	
3.1107118260475253	0.0	0.0	0.0	0.0	0.0	0.0	3.8321048675923564	0.0	0.0	
0.0	0.0	0.0	0.0	0.0	0.11184250337801398	0.35087389613227965	0.0	3.222377313026903	1.2415830635306293	
0.0	0.0	0.0	0.0	0.0	0.0	3.2726925371124516	0.0	0.0	0.0	
0.7382227333834351	0.0	0.0	0.0	0.05935521230280186	0.0	0.0	0.0	0.0	1.3110980519970863	
0.6254374105811873	0.0	1.2915351084553766	0.0	0.0	0.0	0.1370130063140174	0.0	1.6116076846713168	0.0	
0.6997485747284964	0.6133777616124425	0.0	0.0	0.0	0.18156779620047553	0.19779712418860648	1.0330484032162153	0.0	1.6737369443292363	
1.0054508599825418	0.0	0.3841820944280907	1.0256590175456237	0.0	0.0	0.4417090718857099	0.0	0.5522943014209286	0.0	
0.0	0.0	0.0	0.0262167055025659	0.057463466853824925	6.126721424566449	0.0	0.0	0.0	0.0	
0.0	0.0	0.0	0.0	0.0	0.0	0.0	4.203174306401767	0.0	0.0	
2.8091283511467107	0.0	0.0	0.0	0.0	0.0	0.0	0.0	0.0	0.36796176093241273	
0.050521854926045065	0.0	6.137783878483903	0.0	0.0	0.0	0.0	0.0035689005631169357	0.0	0.0	
0.6360777314041967	0.0588581134280646	0.0	0.16070503315261445	3.6724592767701503	0.0	0.0	0.0	0.7052221245191836	0.5160384210434799	
0.0	0.0	0.0	3.3331180210123685	0.0	1.3228848309305419	0.0	0.0	8.085661493583869E-4	0.0	
0.0	0.0	0.0	0.6817570114079223	0.6588218029017772	0.0	0.0	0.0	0.0	0.0	
0.6440502205049368	0.0	0.0	0.0	0.7843876033547439	0.0	0.0	0.0	0.0	0.3864886524483889	
0.0	0.0	2.488787858891268	0.007443431604834333	0.0	0.0	0.0	0.8314708516895846	0.012017579234632599	1.4455070417351512	
0.5737070929655709	0.0	0.0	0.0	0.0	2.6666436874298	0.0	0.0	0.0	0.49253020709622547	
0.0	1.7312928090937765	6.448034219739128	2.401615859768885	0.44981925478359797	2.3897308283562	0.0	0.0	1.0818065410903834	0.0	
0.0	3.783249816644735	0.0	0.06586003526796096	1.158868758233457	0.0	2.370720493525892	0.0	0.0	0.0	
0.3138185361518762	0.0	0.0	0.0	2.529895998044932	0.0	0.0	1.9789145252363944	0.0	0.0	
0.0	0.0	0.0	0.0	0.0	0.0	0.0	0.0	0.0	0.6404072797139125	
0.0	0.0	0.06276742496008869	0.0	0.0	0.0	0.0	0.0	0.44074884564498407	1.623069355237654	
0.0	0.0	0.0	0.0	1.84890719932491	0.0	0.0	3.4807793922693437	0.0	0.0	
0.0	0.0963943414667671	0.0	0.0	0.0	0.0	1.8061256221360324	0.0	0.0	0.0	
0.0	1.3587857033403488	0.0	0.0	0.0	0.01764033571950785	0.0	1.8048859298122713	0.0	0.003596333597606256	
1.5054866498087744	0.0	0.0	0.0	1.6341316388475011	2.8433430942488194	0.0	0.0	0.0	0.9572610451473607	
0.0	0.0	0.0	0.3027748878296129	2.3744142265194212	0.0	0.0	0.0	0.0	3.600875707331193	
0.0	1.4740643655271042	0.0	0.19055511882099857	0.0	2.6437140425308843	0.03587995336067416	0.0	0.0	0.0	
0.20842380350849743	0.0	0.4974162665126589	4.6358999159996985	0.0	0.0	0.0	0.08547795295491686	0.0	0.0	
0.0	0.0	0.0	0.0	0.0	0.0	0.0	0.7328397589483692	0.0	0.0	
0.007647408412410588	0.0	3.356878049806158	0.21780690070340672	1.3034045507786272	2.2548831759422185	0.0	0.0	0.0	1.9168218468410188	
2.0306784414621757	0.0	4.958309647644711	0.0	0.0	0.0	0.0	0.0	0.4347073462408642	0.0	
0.0	2.80316284993858	0.0	0.0	0.049076440864471646	0.0	0.0	1.3105146295413006	0.0	0.0	
0.0	0.0	0.0	0.0	0.0	2.324219269669328	1.6457978089936605	2.2421343433545893	0.0	0.0	
0.3861744020164915	0.0	0.0	0.0	0.94207344112663	0.0	3.794258227528946	5.3103269555568176	1.6853312580287205	0.4419911648935064	
4.029307769447964	0.3090926148138863	0.4235741389017988	0.0	2.3746678585869567	0.0	0.0	0.0	0.6321509806916448	0.07871595187487578	
0.0	0.0	0.0	0.0	0.4946041887649135	0.0	0.0	0.0	1.163654389486772	0.8709070024977905	
0.2990936918151097	0.0	0.0	0.0	0.0	1.1678568377610319	2.50731195322688	0.0	0.0	0.0	
0.0	0.0	0.0	1.9391459340575303	0.0	0.0	0.02858747701474333	1.441862623119305	0.6733316837526683	0.0	
0.0	0.0	0.0	0.0	2.637502128267653	0.0	0.0	6.066413938527527	0.0	0.0	
0.0	0.0	0.0	0.0	1.8754175910005126	0.0	0.7712001789401108	0.0	3.5174678254212615	0.0	
0.03208617676116665	1.5766606506816414	0.0	0.0	0.0	0.0	1.7369236379642075	0.0	0.244814816936959	0.0	
0.0	1.6826919208875821	0.0	0.0	0.0	2.8452472941087783	0.0	0.0	0.0	0.0	
0.0	0.0	0.0	0.3171540118644412	0.0	0.0	0.0	0.0	0.0	1.10335735358703	
0.8799304313123507	1.4997926927133403	0.0	0.71778896525316	0.0	0.0	1.882184587356762	0.0	0.0	0.0	
1.126130094483266	0.0	0.0	0.0	0.0	0.0	0.0	0.0	4.0006554982990155	0.3820279990824826	
0.0	0.0	0.0	3.465570206963612	0.46840433920851915	0.4576028745727502	0.0	1.8412031325370708	0.0	0.0	
0.0	0.0	0.0	0.0	1.3413133931950687	0.0	0.0	0.0	0.0	0.0	
0.0	1.1639775094046563	0.0	0.8711456300463598	1.0922090936530358	1.7938821084149936	0.0	0.0	0.0	0.25825457021950476	
0.0	0.0	0.0	0.0	0.0	2.303121068704133	0.0	0.0	0.0	0.0	
0.0	0.433666899450171	0.7076990969686832	0.0	0.7569009633812804	0.2778348932761123	0.008772500617444983	0.0	0.8183342854959673	1.6654668493704996	
0.0	0.0	0.0	0.0	0.7297301705960593	3.9687226031245637	0.0	0.0	0.0	0.0	
0.0	1.6673442651154862	0.0	0.7905552755432752	0.0	0.0	0.3103447454869709	0.0	0.0	0.0	
1.6564825594127122	1.7971242266854284	0.0	0.0	0.0	0.0	1.1638223080330625	0.0	1.3038177705770422	0.0	
0.0	0.23213552245347424	0.1936005791620739	0.6548918597553375	1.2238987245002342	0.0	0.9911355780318489	1.8029117414595381	0.13736685377276386	0.0	
0.0	0.0	0.0	0.3713198246967503	0.0	0.0	0.0	1.9555185151644041	0.0	0.0	
0.0	0.0	0.0	0.7787534315309729	0.0	0.0	0.0	0.0	0.0	1.18035663598674	
3.842032548778442	0.0	0.0	0.0	0.0	0.7812943245710019	0.0	0.0	0.14193576171699707	0.0	
0.0	0.0	0.0	2.113825969832537	0.0	0.5237758166276291	0.0	0.0	0.20414929714101895	1.5125990664809312	
0.0	0.6923363582509815	2.3747505910548545	0.0	0.0	0.0	0.0	1.73762190813363	0.44477663664450184	0.0	
1.6491749322721767	0.7924335506647933	0.0	0.0	0.0	0.0	0.08964389598603813	1.5622612481486633	0.0	0.685275616894133	
0.19133553789768398	0.8916628540095937	0.0	4.102046509167404	0.0	0.0	0.0	0.0	0.0	0.0	
0.0	0.0	0.13090573963543212	5.967616518019551	0.0	0.5800882741872434	0.0	0.0	0.018456178441127902	1.667352259145611	
0.0	0.0	0.0	1.1848168283564546	0.0	0.0	0.0	0.646117264640673	0.0	1.8064835702271718	
0.0	0.0	0.0	0.6098758927029903	0.0	0.0	0.0	0.9306594334447811	0.0	0.0	
0.6280399393941657	0.0	0.21148442363244396	0.0	0.0	0.0	0.0	0.0	0.0	0.0	
0.0	0.0	0.0	0.0	0.0	0.0	3.1564282369053642	1.2404173709971287	1.9009247220703889	0.0	
0.0	0.0	1.4255885048751047	0.0	0.9332904478957835	0.0	0.0	0.3363784586262815	0.0	0.0	
0.0	0.0	0.0	0.0	0.0	0.0	0.0	1.186031640764674	0.0	0.0	
0.0	0.15272004579541493	0.0	2.6898914069937354	0.0	0.0	2.9347043202421985	1.2508284041517181	0.0	0.5220532884250566	
0.0	0.0	0.0	4.273604264868187	0.0	0.0	0.0	0.0	0.0	0.0	
0.0	0.6955329030583003	0.0	0.0	0.0	1.7261351441644983	0.0	0.0	0.0	0.6489759638838764	
0.0	0.0	3.48673703904915	0.0	0.0	0.0	1.560208881446191	0.0	3.592609533379936	0.0	
0.0	1.859480296652522	0.0	0.0	0.0	0.43805711808434433	0.0	0.0	0.0	1.0732386965494531	
2.4555513382137253	2.1509393578955933	0.0	0.378799268680749	0.0	0.0	2.377215718455732	0.0	0.0	2.8232582203653545	
4.304614035512987	0.0	0.0	0.8193542998769375	0.951797898063146	0.0	0.5647691685435035	0.0	1.7332439674591238	0.0	
0.0	1.124392002602384	0.0	0.0	0.0	0.0	0.0	0.0	0.0	0.0	
0.6182457341920895	0.0	0.5499836644048467	0.0	0.0	2.9006526656699774	0.0	0.0	0.0	1.5365377644142597	
1.5614928925569604	0.0	0.0	0.0	0.0	2.3604320659485376	0.0	0.0	0.0	0.0	
0.0	0.0	0.0	0.0	0.0	0.0	1.0115962606032194	0.0	0.2417517611469479	0.0	
0.0	0.0	1.5315257637515995	0.0	0.0	0.0	1.2809701265454883	0.0	0.09321953739684191	1.8814814522882857	
0.3732795485273702	0.08697602040378188	0.0	0.00841612823486553	0.0	0.0	1.5774214073455146	0.0	3.857595550097195	0.0	
0.0	0.0	0.0	0.0	1.0148669178449532	0.0	0.0	3.4634642343122417	0.0	0.0	
0.0	0.0	0.19671145281258437	0.9202775562121641	3.06073873456993	0.0	0.0	0.0	0.0	0.8763469675234806	
0.0	0.0	0.0	2.3488573276753755	0.0	0.0	0.0	0.0	0.0	1.8267627908096704	
1.3817589808132733	0.0	0.0	0.0	0.0	0.8288963469789846	0.0	0.10921848173376154	5.417531175153185	2.1836575768940536	
1.2841139509661523	1.4112172684392499	0.0	0.0	0.0	0.6361726077251372	0.0	0.0	0.0	0.0	
0.0	0.4587532745970654	0.0	0.0	0.7296341726712052	6.038996716496527	0.8419499737556434	0.0	0.0	0.0	
0.0	0.0	0.0	0.0	0.0	1.748736837286437	0.0	3.2474772491989072	0.5834872121047064	0.0	
0.0	0.12732683675795042	0.0	0.0	1.5331611731464447	3.829238924177555	0.0	0.5220424854287158	0.0	4.63637199432681	
0.0	0.0	1.9340081606661792	0.0	1.3116070888643705	0.0	0.0	2.0777072524313938	0.4550227985208243	0.0	
0.0	0.0	0.2533855737520701	0.6990409440671842	0.0	1.1613817168279752	1.22343179221044	0.0	0.33788205925120285	0.0	
0.0	0.0	0.0	0.0	0.0	0.0	0.12686549570961836	5.584564711841339	0.0	2.047655000918262	
0.0	0.0	0.0	0.0	0.0	0.0	0.0	3.999117758051824	0.0	0.0	
3.286675803630838	0.4863619745160647	0.0	0.0	2.072694837047362	0.0	0.9095777960009535	0.0	0.0	0.0	
0.0	0.0	0.0	0.0	0.0	0.0	0.0	2.891185188432918	0.0	0.0	
0.0	0.0	0.0	0.0	0.0	0.0	0.0	0.9498489012175204	2.3231366565196625	0.0	
0.0	0.42951868985854996	0.0	0.0	2.4672735860561974	0.0	1.1901226423654754	3.0076964404144255	0.0	0.0	
0.065259778935676	0.0	0.0	0.0	4.293094221453103	0.0	0.0	0.0	0.0	0.0	
0.0	0.0	0.0	0.0	5.853483899065831	0.0	0.0	0.0	0.0	0.0	
1.6730183344926768	0.0	0.0	0.0	0.0	1.092207373009739	0.0	0.2304271297536406	2.030973516038724	0.0	
7.789118718208972	0.0	0.0	0.0	0.0	0.0	0.0	0.0	0.0	0.0	
0.0	0.0	0.0	0.0	1.2515490175915376	1.0847782761831142	0.0	0.12804445874864823	0.14150796506439753	0.6206162852263776	
0.0	1.6655227233642036	0.0	0.0	2.429466945213195	0.0	0.04330841050602411	0.0	2.8612789806455177	0.36723202705174585	
1.97473291316846	0.0	0.7472929789755928	0.0	0.0	0.0	0.6199080992550572	4.323257562211854	0.0	0.0	
0.0	0.0	0.0	0.0	1.6466500475688097	0.0	0.0	0.0	0.0	3.0840147978254184	
0.0	1.2189775999979424	0.0	0.0	0.0	0.0	0.0	0.0	0.0	0.0	
1.1482546632049062	0.3662044967819529	0.0779163072216185	0.8541958876164685	1.0170217912597779	0.01133564319075615	0.0	0.510867302157287	0.674513111201164	0.0	
0.0	0.6537064418282584	0.0	0.0	1.249085701854878	0.0	0.0	0.0	0.0	0.0	
0.0	0.0	0.0	0.0	0.8184788454538485	0.0	0.0	2.063728716908735	0.0	0.0	
0.0	0.0	0.0	0.0	1.8551902632177555	0.0	0.0	0.0	0.0	0.0	
1.8732501556656318	0.0	0.0	0.0	0.0	0.0	0.0	2.2199783430858693	3.2473378191666904	0.0	
0.0	0.0	2.418656042132627	0.0	0.06467964968664808	0.45974397169864417	0.0	8.298207064209176	0.0	0.0	
1.1265052947064234	0.0	0.0	0.0	0.0	0.0	0.0	2.7403597642036766	1.9541539476348353	0.5588077848213814	
0.0	0.0	0.0	0.09829511205169396	0.0	0.3654526799540007	0.7146823753898889	2.2281929059200976	0.0	0.44546626365869335	
2.256018127523072	0.0	0.0	0.0	0.7288560938219887	0.0	0.31901881324951586	0.0	0.05691787621869322	0.0	
0.0	0.0	0.21922146622506897	0.0	0.0	0.026471175711321984	0.0	0.0	2.4783385398370235	0.9973251145086695	
0.0	0.060653163324975196	0.0	1.2629586539049975	0.0	0.0	0.0	0.0	0.585933656737249	0.0	
4.2404845425113775	0.3772098746059966	0.0	0.0	0.12674005872156455	0.0	0.05904980509595205	0.45403499506547185	0.0	0.0	
0.0	0.0	0.0	0.0	0.0	0.0	0.0	0.0	0.0	0.0	
0.0	0.0	1.990530493298323	0.0	0.0	0.0	0.0	1.0413870674383001	7.467649487292406	1.3330161567894718	
0.0	0.049610325798539814	0.0	0.0	0.0	0.0	0.3950649305466632	0.0	0.0	3.1784258702090487	
0.0	0.004604901002789832	0.0	2.03371819853218	2.4626272425560973	1.6702076868351432	0.0	0.0	0.14212460441568367	0.0	
0.7006269047624344	0.0	0.0	0.0	0.0	4.657393070912961	0.0	0.0	3.839676217096073	1.1591115903443365	
0.6768595350133466	1.3165023785907193	0.0	0.0	0.0	0.6848291657284998	0.0	0.8020986647594354	1.2352151721662123	1.3721379055023182	
0.0	0.0	0.0	0.0	0.0	0.0	0.0	0.0	0.0	0.0	
2.0603382581494345	0.0	0.9637915328935895	0.0	0.0	0.0	0.0	0.5313385591104341	0.0	0.0	
1.870469076252356	0.0	0.008999849096004044	1.606248603907058	2.27973468462381	0.0	0.0	0.0	0.0	0.0	
0.9803379919586308	0.0	0.24828949560263594	0.0	0.0	0.0	0.0	1.495355472941438	0.0	0.0	
0.9778603195625792	0.0	0.19922221432574977	0.0	0.031402189338253506	0.16683791771244194	0.0	4.773002472710248	0.0	0.0	
0.0	1.4792930210496857	0.0	0.0	0.0	0.0	0.0	0.0	0.0	0.49957070880033644	
3.088104848270376	0.0	0.0	3.1718430721252053	0.0	0.0	0.30528508841485846	0.0	0.0	0.0	
0.0	0.0	2.0493446676799434	1.3828156720177696	0.0	0.0	0.0	0.0	3.5775335664474905	1.522507038152414	
0.0	0.0	0.0	3.833815551552226	0.6810734556203586	0.0	0.0	0.0	1.3609069567465713	1.2504503112056844	
0.0	1.6298789021718079	0.0	0.0	0.0	0.055738898855961366	0.0	0.0	0.0	0.0	
0.0	0.051362021462004685	0.0	0.6799436909908786	0.0052943768648610855	0.0	1.3093417196646713	2.376736051374806	0.0	0.46231641866775347	
0.0	0.12796219929570363	0.0	1.299265008154949	0.0	0.0	0.0	0.0	0.0	0.29287685387362966	
3.975813813823294	0.0	0.0	0.0	0.0	0.11766066602708507	0.0	0.7971692782012958	0.0	0.0	
1.2383725101978997	0.0	0.0	0.0	0.0	0.0	0.45837902219664073	0.0	2.8403113785284257	0.0	
0.0	0.0	0.0	0.06166875341952263	0.0	0.0	0.0	3.8438205953426587	0.0	0.7537682014367106	
0.0	0.0	0.0	0.0	4.930170854206194	0.0	0.0	3.425047286577071	0.05913309535474963	0.0	
0.0	0.0	0.0	0.0	0.9644787847357724	3.4649405819424692	1.844344151431634	0.0	0.0	1.2926681017740658	
0.0	0.22828868230702165	0.0	0.0	0.0	0.7706142789485456	0.0	0.0	1.268377689895372	1.2315968870699414	
0.0	0.01597277032446387	0.0	0.0	0.0	0.7192731498778542	0.0	0.30852599518010904	0.0	0.0	
0.0	0.7293272412974415	0.0	0.0	1.268793916377178	0.0	1.4371417781292541	2.704569013863559	0.24435287571670533	0.0	
2.873868395157978	0.0	0.0	0.0	5.66048524648875	0.6065552297506939	0.7677429735004556	0.0	0.0	0.0	
0.0	1.0490239976877176	0.0	0.0	0.47479636312482326	0.0	2.390726761945076	1.4336490393437975	0.0	0.5676553868935176	
0.0	0.351858244956886	3.816930320704379	1.1474530434442458	0.0	0.0	1.7176886859846479	0.0	0.0	0.0	
0.0	2.64216427567006	0.0	0.0	0.0	0.0	0.0	0.565033901054485	0.0	0.0	
0.0	0.0	6.585655536289889E-4	0.0	0.44878776080705646	0.0	0.43804418968774345	1.6013565317020808	0.0	0.013601740142811736	
0.5254139457646075	0.0	0.0	1.8218077948837323	0.0	0.0	0.0	0.0	0.0	0.5445409915802584	
0.5873151562582019	0.0	0.0	0.0	2.0283158788538564	0.0	0.0	2.803935706252643	2.2120710738639957	1.9205393973656841	
0.0	0.0	1.6027014295699396	0.0	0.4466382276480711	0.0	0.0	0.0	0.0	0.0	
0.0	0.0	0.0	0.0	0.259144464163961	0.0	0.0	0.0	1.6484126266915236	0.0	
0.0	0.0	0.0	0.5825507049677684	2.4342652193916305	0.0	2.559936460224187	0.0	0.17098930438861723	0.0	
0.0	0.0	0.0	0.0	2.541211506343375	0.0	0.0	0.0	0.0	0.0	
0.0	2.085926215657086	0.0	0.0	0.0	3.991154091828147	0.0	0.10666391722187854	0.0	0.0	
0.0	0.09396008327248231	0.14125173204929398	0.276810527434364	0.4809050446728988	2.188746319389812	1.8689830142444466	0.0	0.8269249084789814	0.0	
0.0	0.0	0.0	0.0	0.0	0.0	2.1382904343228395	0.0	0.0	1.9439646057920872	
0.0	0.0	0.0	0.0	0.0	1.3271208573156918	0.0	0.0	1.0659663876696481	1.0236833671848327	
0.0	0.0	0.0	0.0	4.376314846147938	0.0	0.0	0.0	0.0	0.0	
0.0	0.0	0.13260728440645325	0.0	0.0	0.05693029133813847	0.0	2.8875683021444054	0.0	0.0	
2.1727178395972877	0.0	0.0	0.0	1.1835438831385265	0.0	1.6131901133318873	0.0	0.5531066054046352	0.0	
0.0	0.0	0.4152823546987189	0.0	0.0	0.0	0.0	6.385478001715519	3.067692844020784	0.0	
0.0	1.0542845434070611	0.0	0.0	0.0	0.0	2.8503841390261218	0.0	0.0	0.0	
0.0	0.0	0.0	2.248533981237661	0.0	0.0	0.0	0.0	0.0	0.8386663273882273	
0.0	0.0	0.0	0.0	1.0614424417290662	0.0	0.0	0.0	0.0	0.0	
0.0	0.002565240227040873	0.0	0.0	0.0	0.0	2.310935429132003	0.00942492376241162	0.4702253242910428	4.761382600414015	
0.0	1.3687791399404257	0.0	0.0	0.0	0.0	0.0	0.0	0.0	0.0	
0.0	1.4726506750776749	0.0	0.0	0.0	0.6020012616947245	0.0	0.0	0.0	0.28278815039451055	
0.0	0.0	0.0	0.0	0.5033818581266669	0.9448068002072357	0.0	2.2070402257862014	0.0	0.0	
0.001438602231580273	6.251952561923409	0.0	0.0	3.239603420056295	0.0	2.3587071280416665	0.0	2.0060146851121807	0.18027144615678672	
0.0	0.0	0.5767275341633892	0.0	0.0	0.0	0.0	0.0	0.8675004998282306	0.0	
0.0	0.0	0.0	0.0	0.6904975713908447	4.544844127895059	0.0	0.0	1.3209750876658404	0.0	
2.4333750113036503	0.0	0.0	0.5250215597135569	0.0	0.0	0.0	0.43097535968400985	0.0	0.0	
0.0	0.0	0.0	0.0	0.0	2.5803692065083514	0.0	0.0	0.0	0.0	
2.557660692147806	1.2836477752973752	1.1276806263543453	0.0	0.0	0.1148180569464785	0.0	0.254560084773157	0.0	0.0	
1.1579612768757959	0.0	4.232849994847802	0.0	0.0	0.8245705430972289	0.0	0.06001547025876582	0.0	0.0	
0.3564487402002178	0.0	0.0	2.804828251456098	0.0	0.0	0.2495681905356689	0.1692602780434386	0.0	0.0	
0.0	0.0	1.3728084930546338	0.0	0.0	0.0	0.0	0.0	0.0	0.0	
0.0	0.0	0.0	0.0	3.4531893613492692	0.0	0.021933446330089958	0.0	0.0	0.0	
0.0	0.0	0.0	0.0	0.5709913876099924	0.0	0.0	2.6928399077972163	0.3572710969273095	0.0	
3.6387783208195343	0.0	0.0	0.0	0.186473184130254	0.0	0.0	5.152674664953077	0.0	0.578109127229758	
0.0	0.0	0.0	0.01786365386348833	0.0	0.0	0.0	4.495051679146978	0.0	0.484339292069101	
0.0	0.0	1.3320648740633114	0.0	0.0	0.0	0.0	0.0	0.0	0.0	
0.0	0.0	0.0	0.0	0.9136592676863778	0.0	0.0	3.9779195072826203	0.0	0.0	
0.0	0.0	0.0	0.0	0.0	0.0	0.6339411334503907	3.1038223994443226	0.0	0.0	
0.0	0.0	0.0	0.0	0.19076394534496582	0.0	0.0	1.1279475302676267	2.1575266020732964	0.0	
0.0	2.6530117303936955	0.009068482846730553	0.8815800297369751	1.1264776139396122	0.0	0.0	1.2742848786838818	0.08838795721049462	0.0728480208290897	
0.0	0.29151677099135037	0.0	0.0	2.673250894763835	0.0	0.0	2.252251048604223	1.157825607072692	1.0979178061734451	
0.11370779893746112	0.0	0.0	0.1875300682311473	1.7329373895146007	0.0	0.0	3.104792443016719	0.0	0.0	
0.3899070856617718	0.3038486486137838	0.0	0.021394522819841215	0.0	1.400902250000829	0.0	0.0	0.0	0.0	
0.0	0.0	0.0	0.0	0.9348256677289359	0.0	1.3283398142174723	0.0	0.0	0.0	
0.1539556721740908	0.0	0.0	0.0	5.967962225262115	0.0	1.7613245938992839	0.0	2.968890518974451	0.06756076439823477	
0.0	0.6795639875133866	0.0	0.0	0.0	0.0	0.0	0.0	0.0	2.260330693753189	
0.0	0.0	0.9905938568136086	0.0	0.0	2.5451349463997155	0.0	0.0	0.0	0.0	
0.0	0.0	0.0	0.0	0.0	0.0	0.6291471091168672	0.0	0.0	2.5443943050508966	
0.5444927976726436	0.0	0.0	0.0	0.0	0.0	0.0	4.31227928565268	0.0	0.0	
4.445677197878708	0.0	0.0	0.0	0.0	0.0	1.897021466494924	0.0	0.0	0.0	
0.4726215524768833	0.0	0.3420628150375232	0.0	0.2926675501511368	0.8110588087550819	0.0	0.0	0.7457339746810533	0.0	
0.0	0.0	0.0	0.0	4.738337935375242	0.0	0.0	0.0	0.0	0.0	
0.0	1.5423144180431818	0.0	0.0	0.0	0.0	0.0	0.0	4.681886039621326	1.172081460926775	
1.2391344266854198	0.0	0.0	0.1891486552497618	1.6736625054482583	0.8602778673861741	0.0	0.0	0.0	0.0	
2.434217267185614	2.439307552859787	0.022187537127615443	0.0	0.0	1.023286404373672	0.0	0.5851646436983036	0.0	2.8493418767035754	
0.0	0.0	0.0	0.0	0.4154729457019625	0.786261770042851	0.38593127037281044	3.9201876726005866	0.0	2.844810551565818	
0.0	2.1298211695387534	0.0	0.0	1.1567122280479434	0.22337488473385705	0.0	0.0	0.0	0.0	
0.0	0.0	0.40289358853830487	0.0	0.9833575601508381	0.8435056904125127	4.385460796433224	0.0	0.0	0.0	
0.0	1.7471692239764487	0.0	1.0552636100400945	0.0	0.0	1.7357401026174335	3.3320532127480202	0.04441415973889383	0.0	
0.0	0.0	0.0	0.0	0.0	0.4737388236587402	0.0	0.04308953234721551	0.0	0.0	
0.0	0.0	0.0	0.0	0.001720652893593981	1.168367936820083	1.045217808528562	0.0	0.9323953530231347	0.0	
0.20128726303009417	4.99389344642661	0.43321390487086103	0.21860673965216842	2.617883082733495	0.0	0.0	0.0679593719274889	0.0	0.040688266039920054	
0.9459997557431693	0.0	0.0	0.0	0.0	0.0	3.029452727528753	0.0	0.5272456080265925	0.0	
1.5897201799168765	0.0	0.0	0.4166953008793258	0.0	0.06914091494239404	0.38344087982054564	0.0	0.23069080007496384	1.140091390898324	
0.0	0.0	0.0	5.380698812853226	0.0	0.0	0.0	0.0	0.0	0.0	
0.0	2.115661759738666	0.0	0.0	0.0	0.0	0.0	0.7162204093581063	0.0	1.642342756760032	
0.0	0.0	5.017729258208267	0.0	0.0	0.6772394046975081	2.1785263188391126	0.0	0.0	0.0	
0.0	0.0	0.0	0.0	2.0767504222295323	1.3507834776298264	0.0	0.0	0.7785946048373683	0.0	
2.432195174521215	0.0	0.0	3.7568366363339787	0.0	0.0	0.0	0.0	4.173372584883904	0.0	
0.0	0.8097048164468623	0.734452485990151	0.0	0.0	0.0	0.0	0.0	0.0	0.0	
0.0	1.6679367358526827	0.0	0.0	0.0	0.0	0.0	1.5802180405544217	2.4989595492020533	0.03569455409558765	
2.3417130927669545	0.0	0.0	0.263257222664979	0.0	0.0	0.0	4.166737784539004	0.5586012040169294	0.5019843522508322	
0.0	0.9613476579145729	2.4832253080938127	0.25143526604287564	3.9990884249935985	0.0	0.0	2.9199207426861813	0.0	1.3809905925002346	
2.9964305198776193	0.0	0.2398031578372189	0.6485407876078709	0.0	0.0	0.0	0.0	0.0	0.0	
0.16457376690326156	0.18727500105433156	0.45763294276349464	0.3348874825601283	0.0	0.0	0.0	2.7135428978607536	0.21425414928794895	0.0	
0.0	0.0	1.0325004919961098	0.0	0.0	0.0	3.6362560386125957	0.0	0.0	0.0	
0.0	0.0	0.0	0.0	0.4244719615195795	1.4162325084205332	0.0	0.0	0.0	0.0	
0.0	0.012032893938810988	0.0	0.17775258301187385	0.0	1.4934797283456775	0.0	3.3001949766620435	0.0	0.3429409650647392	
0.8417201596695025	0.0	4.32916643509072	0.0	0.0	0.0	0.0	0.0	1.9211608438532624	0.0015800702591884787	
0.0	0.0	0.0	0.0	0.0	0.0	0.0	0.0	0.0	2.1343696776315357	
0.0	0.0	0.0	0.0	0.7953028876211966	0.0	0.0	1.0907909908188853	0.0	0.0	
0.5401758373511476	0.2687358666757833	0.0	0.0	5.57753233972701	0.0	0.3140772902617923	4.846183567241506	0.9247295777780333	0.0	
1.4981666197656727	0.0	0.0	0.0	1.5667792185049025	0.0	0.0	0.0	0.0	0.0	
0.25895018254359276	1.5611241881358866	0.0	0.1379534753535104	0.0	0.0	0.0	0.6890073266213453	0.0	2.115761211757317	
0.0	0.0	0.0	0.0	0.0	0.0	0.0	1.84390303662782	0.0	0.0	
0.0	0.0	1.5756841548019787	0.0	0.0	0.0	0.0	0.0	2.078103377514623	0.549504541457806	
0.0	0.0	0.0	3.389276306267722	0.0	2.026760442865209	0.0	0.0	0.0	0.0	
0.0	0.0	0.8570526562272487	0.0	0.13780970470904363	3.1846860026297095	0.0	0.0	0.0	0.0048749835482590105	
0.0	1.0995292862859793	0.0	0.0	0.0	0.517772787585066	0.0	0.6511869561092873	0.0	1.5672208915334034	
0.0	0.0	0.0	0.0	0.0	0.0	0.0	0.0	1.4979932310628419	0.0	
0.0	0.0	1.5681638546572154	0.0	0.0	0.0	0.7204973960651976	0.42938818973593534	0.6235889819888564	1.4246061446327105	
0.0	0.0	0.0	0.0	0.9255147069683523	0.15730164943840108	0.0	0.1956440517462092	0.0	1.288151641693145	
0.0	0.0	0.0	0.0	0.0	0.0	0.0	4.480589600594565	0.20728540300987397	0.0	
0.0	0.03502378109361249	0.0	1.1603212098054052	2.0545673797689052	0.8962407603103224	0.1367481757890626	0.0	0.0	0.0	
0.0	0.0	3.5559314816989227	0.04223831076657366	0.0	0.0	0.0	0.0	0.5736743408797264	0.2804743747202031	
0.0	0.0	0.5388336471204334	0.4447690293331753	0.019914693626568537	0.0	2.5857350771246	0.864129437091824	0.08901086184981483	0.6655644962781976	
0.0	1.8133522799771067	0.0	0.0	0.0	0.0	4.150486986979859	3.287015836134411	0.0	0.0	
0.0	0.0	0.934156585283533	4.787693101412525	0.0	0.0	0.031165259848068665	0.0	0.0	0.0	
0.0	0.5124457040110597	0.0	0.05764705815703884	0.0	0.0	0.549228062972659	4.92358011514386	0.0	2.400289865794468	
2.221187928964374	1.8463474401236026	0.0	0.0	0.0	1.2462749176928862	0.6883506826542918	0.0	0.0	0.0	
0.0	0.0	0.0	0.0	6.314441266233777	0.0	0.0	0.0	0.0	1.4142827834018223	
0.0	0.7996287216101786	0.0	0.0	0.0	0.0	0.0	0.0	0.0	0.2578567840812148	
2.2212368399200453	0.0	0.0	0.4534417265982313	2.3318406269809917	0.0	0.0	0.0	0.0	0.0	
0.0	1.2769772558726362	0.2764347833543854	0.0	0.0	0.0	0.3237495984897001	0.5019593323866358	2.2683446321635707	0.0	
0.0	0.0	0.0	0.0	0.0	0.0	0.0077505138204418626	3.883277456184933	0.0	0.0	
1.5829071704356603	0.0	0.0	0.0	0.0	0.0	0.0	0.0	0.0	0.0	
0.264068125987998	0.0	3.7097269491960017	0.0	0.0	0.0	0.0	0.0	0.0	0.0	
0.0	0.0	0.0	0.0	0.0	0.0	5.289796066340752	0.40587791407217544	0.0	0.0	
0.0	1.3562072327053414	0.0	0.0	0.0	1.1042436845473529	0.0	0.35493685149409215	0.0	0.0	
0.0	0.0	0.0	0.0	0.0	0.0	1.8649700690853706	0.0	0.0	0.7358702751081712	
0.0	0.0	0.0	0.0	0.0	0.0	0.0	4.171930849985734	0.0	0.0	
0.0	0.0	1.084508880496743	0.0	1.988261953783455	0.0	0.0	0.0	0.0	0.6705839132856385	
0.0	0.03378909377871564	0.6673486910927996	2.5154970031639787	0.0	0.4867984889590882	0.0	0.0	0.0	0.0	
0.0	1.4125944728540825	0.0	3.102188979114058	0.004662924748022508	0.48270243045393085	1.4022023372305354	0.6858307846525526	0.0	2.0699788144318623	
1.399513798882979	0.0	0.0	2.155481197682759	0.0	0.0	2.2542438881881726	1.1011356687363096	3.300742084412697	0.0	
2.960188849692169	0.0	0.0	0.0	0.0	0.0	0.0	0.0	0.0	0.5931050668620289	
0.0	0.03372668062422543	0.29675581124993244	0.3404837682203892	0.0	0.0	0.0511680819012428	2.5393258549366498	0.4211676252411552	1.1284087040990116	
0.0	1.504725963845216	0.0	0.0	0.8927743520406229	0.0	0.0	0.0	0.0	0.0	
0.0	1.6738327215187518	1.3427156833400726	0.9158979884380037	0.0	0.0	0.0	1.7081303171323214	0.0	0.0	
0.0	0.0	0.0	0.0	0.0	0.20818752322532602	0.0	1.1384442251755476	0.0	1.7192389361693419	
0.0	0.0	0.0	0.0	0.0	1.208097996842159	0.0	0.0	0.0	0.0	
0.0	0.0	3.374882865432098	0.0	0.0	0.0	0.0	0.0	0.0	0.0	
0.5731226797651653	0.1386332240870931	1.2251441598468533	0.11068970442232309	0.7044321258105604	0.0	0.0	1.0314791048882508	0.0	0.0	
0.5203652419888087	0.0	0.0	0.0	2.9267451992396936	0.8633110765005247	0.0	0.0	0.0	0.0	
0.014700744528137468	0.0	0.05194784395109879	3.384684518403865	0.0	0.0	0.0	0.0	0.0	0.0	
0.0	0.0	0.0	0.0	0.0	0.0	3.0447351638031606	2.854365686259302	0.0	0.0	
0.47955129958801324	1.4406860190964466	0.0	0.0	3.0579507016575915	0.0	0.0	0.2790038368308651	0.0	4.2349102457665655	
0.3600507487758544	0.05023331656540365	2.7053515733311855	0.0	1.2639812059699165	0.6866847638287876	0.0	0.0	0.0	1.209004392581692	
0.0	0.0	0.0	0.0	0.0	0.0	1.6685739443977383	0.0	0.0	0.3954700226304707	
0.6827294752769013	0.0	0.0	3.09265458779653	0.0	0.09644547977248144	0.04986352732927909	1.7843535175280343	0.0	0.0	
0.0	0.0	0.0	0.0	0.0	1.8213558337182791	0.0	0.0	0.0	0.0	
0.9068733694155636	1.7496285649492958	0.7879239170110105	0.0	0.8729531844798714	0.555944874712287	0.9092525891279156	0.0	1.8407562840639307	4.93759056410526	
0.0	0.0	0.0	0.0	0.0	0.0	0.0	1.7234174451720121	0.0	0.0	
0.0	0.0	2.2161447767788744	1.254165738436726	0.0	2.575642087413703	0.0	0.0	0.0	0.0	
0.0	0.0	0.0	0.0	0.4269654339722801	0.0	2.5871080132380726	0.0	0.001473943586653904	0.0	
0.0	0.0	0.0	0.0	0.0	0.7324659631437476	4.194300663075213	0.6864087383361169	0.0	0.21140670775912576	
0.7380222094772353	0.0	0.0	0.30139386440855764	0.0	0.0	1.3101682267457913	0.0	0.0	0.0	
0.983771113999942	0.0	0.0	1.4619395829808046	0.02732971709155548	0.0	0.0	0.6336703799950782	0.03439614890907347	0.0	
0.56760158717871	0.0	0.0	1.108656982315369	0.0	3.834348562236703	0.0	0.0	0.0	0.0	
0.595658697051708	3.1952933288512195	0.5303476580863701	0.0	0.0	0.0	0.23775317041086377	0.0	0.0	0.0	
0.0	0.0	0.0	0.30930388453426705	0.6676360045475364	0.0	1.1797112920661743	0.0	0.0	1.0028909460958553	
2.5738411394694842	0.0	2.1298222223963075	0.0	2.6621302363260737	0.0	0.0	0.0	0.0	0.0	
0.2534819105876082	0.7761247582423715	0.0	1.7395546735405056	0.0	0.0	0.0	0.0	5.828347304360833	0.0	
0.0	0.0	1.0567890776115039	0.0	0.0	1.6453392499624562	0.0	0.0	0.0	0.0	
0.0	0.0	3.358793620696127	0.0	0.0	0.8550785502740305	0.0	0.0	2.0477859695841683	0.0	
1.0535729920262096	0.0	0.6547117301126415	0.0	0.2004084564591938	0.0	0.0	0.0	0.0	0.644873659625665	
2.948607076394293	0.0	0.0	0.0	0.0	0.0	0.0	0.6765591700163289	0.0	0.0	
1.1216051679312447	0.4721939867478201	0.11676101421939064	0.0	0.0	0.0	0.0	2.984211900724614	0.0	0.0	
0.0	0.0	1.530348451939507	0.0	1.1557154656274542	0.0	0.0	2.7879196728528237	0.0	0.0	
0.0	3.2378029278685125	0.0	0.8684806567035113	0.0	0.0	0.0	0.0	0.0	0.0	
0.0	0.0	2.1547088799589846	0.0	0.0	0.3355979977784164	0.0	0.0	0.0	0.0	
0.8906398936776846	2.250930676677984	0.15444819371103788	0.8931795614933262	1.4429901286621158	0.7017921846772113	0.0	2.705384879869184	0.0	0.0	
0.0	0.0	0.0	0.0	2.0960815825061347	0.0	0.0	0.0	1.488100269143392	0.7636781492606114	
1.4539575012006631	0.0	0.0	0.0	0.0	0.5052329848956	0.0	0.0	0.0	4.80341977431827	
0.9340123594022576	0.0	0.0	0.0014018968142389676	1.9261508044485876	0.26810920449849757	1.235162090916283	0.0	3.493556276318548E-4	0.016171185122244757	
0.0	0.0	0.0	0.0	0.09829187362688044	0.0	3.5894728622556937	0.0	0.019552318442476978	0.0	
2.3908925361448463	0.0	0.0	1.233942665607174	0.0	0.0	0.0	0.0	0.0	0.0	
0.0	2.748541674964402	0.0	0.0	0.0	0.0	0.0	0.0	0.0	0.0	
1.0070852829985733	0.0	0.0	1.7146298945344378	0.0	0.0	0.0	0.0	0.0	1.4224323787674436	
0.0	0.0	0.0	0.0	0.0	0.0	0.0	4.432816720512155	0.0	0.0	
0.0	1.2753313053008082	0.0	1.310752115495238	0.0	0.0	0.0	0.0	0.0	0.0	
0.0	0.0	0.0	0.0	2.2755476442754627	0.0	0.0	0.0	0.18784466959692026	2.9739243421657373	
0.0	2.707255615806233	0.0	0.6124265640105137	0.0	0.12621099303956285	0.0	0.0	0.0	3.5714514812361777	
2.3564264112352804	0.0	2.680229266915232	0.0	0.0	0.0	0.0	0.0	0.0	2.038672455841419	
0.0	0.2398652045493687	1.0325535649525777	0.0	0.0	0.0	0.6791910420443216	4.894333993886629	0.0	1.3966078459448454	
1.574294045664528	2.434408245763156	0.0	0.0	0.0	0.0	0.0	0.0	0.0	0.0	
2.870678212716435	0.14331036020088367	0.0	0.0	2.1505178174424806	0.0	0.0	0.0	0.0	0.0	
0.0	0.0	0.0	0.2225850856809419	0.0	0.3606254861871891	0.0	3.9728471729582764	0.0	0.0	
0.0	0.0	0.0	0.0	0.0	0.0	0.0	0.0	1.6606059690175519	1.9238417074196752	
0.0	0.0	0.0	0.0	0.0	0.0	0.0	5.55026702906306	0.0	0.0	
0.7513676361518914	0.12851702572783996	0.3644859929472397	0.0	0.09239203539929626	0.24095960384876342	0.0	0.0	0.0	1.2964540349450153	
0.0	0.7731249934078139	0.0	0.0	0.854580741609345	0.0	0.0	0.23556233675794186	3.1524699622001924	0.0	
3.484322202908692	0.0	0.0	2.45136931931998	0.0	0.0	0.0	0.0	0.0	0.0	
0.0	0.0	0.0	0.0	0.0	0.0	0.0	0.0	0.0	0.0	
0.0	3.571536261985726	0.0	0.0	0.7287372722442877	0.0	0.0	0.0	0.0	0.0	
0.0	0.5900380035529605	0.0	0.0	2.0451541832624267	0.37197922657136623	0.0	0.0	0.0	0.9212066852928769	
0.0	0.0	0.4597127946656508	0.0	0.0	0.6879678859429909	0.0	3.294439381871775	1.5358550944598734	0.9468671541129277	
0.0	0.0	0.0	2.5469772978560505	0.0	0.03575262782127822	0.0	0.28520685748797386	0.0	1.4517493152500152	
1.498202894078132	0.0	0.09752117739997229	1.7651001466556109	0.0	0.0	0.4151662575485383	0.0	2.335143315069057	0.044220066588646315	
0.0	0.0	0.7189865301227036	1.4841750789476313	0.0	0.0	2.588000680199348	0.0	2.892810916908154	4.553955279587964	
0.0	0.0	0.0	0.0	0.0	0.0	0.0	0.0	0.0	5.4463951297811075	
0.0	0.0	0.0	1.7072452563697842	0.0	0.0	0.0	0.0	0.0	0.0	
5.364919749969392	0.0	0.0	0.0	0.0	0.0	0.0	0.0	0.0	0.0	
0.0	0.12372067091195772	2.2622496885121235	3.2764952088667303	0.560903990619359	0.0	0.6250316246757243	0.10065905148608931	0.0	0.0	
0.0	0.0	0.0	0.6084982528326511	3.2872897468358344	0.9323907307723207	0.0	0.0	0.0	0.0	
0.0	0.0	1.8294975959353634	0.0	0.0	0.0	0.0	0.0	0.0	0.0	
0.0	0.0	0.0	0.0	0.9612911051907704	0.0	1.412320661711425	0.0	0.0	0.0	
1.477383248871959	1.8403584123763368	0.899620024859568	0.0	1.7026511061157612	0.0	0.0	0.0	0.0	0.0	
0.0	0.0	0.0	0.6846491927981151	0.0	0.0	3.9390250331036682	0.2836334161742132	0.0	0.0	
1.0592585930167133	0.0	0.0	0.0	2.040780950145042	0.41660674802602016	0.0	0.0	0.0	0.0	
2.744810588912217	0.0	0.0	0.0	0.0	0.0	0.0	0.0	0.0	0.5617551048932341	
2.9044633129927435	0.32733667645659537	0.0	0.0	3.6271673661183645	0.0	0.8077999737122531	1.2967912957017713	1.227529335712415	1.3376720273185245	
0.0	0.0	0.07464820718669571	0.0	0.8158971742596304	0.0	2.556161328995794	2.98608112421932	0.0	0.20819217795093	
0.0	0.8780213794290136	0.0	2.336152944738929	0.0	5.524716708117596	0.0	0.0	0.0	0.0	
0.0	0.0	0.0	4.092633727816838	0.0	0.0	0.0	0.0	0.0	0.0	
0.0	0.0	0.0	0.0	0.0	0.0	1.4981715175968404	3.3157332299059266	0.0	1.1586102086100751	
0.0	0.13233434697439395	0.0	0.0	5.069953703817717	0.0	1.4177632223363725	0.0	0.2940908417385852	0.0	
0.8585384550548785	2.2476324647948336	0.0	4.692650124102874	0.0	0.062152391965042866	0.6317047203699514	0.0	0.0	0.0	
0.0	0.0	0.0	0.0	4.7901119882548775	1.439550024339135	0.0	0.0	0.0	3.6971006451059893	
0.0	0.0	0.0	0.0	0.0	0.07874944347118573	0.0	0.0	2.305000681734492	0.0	
0.010499604843495753	0.0	0.0	0.0	4.623367724171517	0.0	0.0	0.0	0.0	0.0	
0.4591375617180794	0.0	0.0	1.1144168623173043	1.1252575806857417	0.6998933411150655	0.0	0.6459952005618147	0.0	0.0	
1.7404879129737036	0.0	0.0	3.72486124672087	0.0	0.0	0.0	0.0	0.0	0.0	
1.514240367555514	0.0	0.989250610327549	0.0	0.7122579177327465	2.362661815069835	0.0	0.0	0.0	0.0	
0.0	0.8333628724943557	0.0	0.7415268970824966	0.0	0.47000784328182715	0.0	2.015293447977394	0.0	0.0	
0.0	0.0	0.0	0.0	0.0	0.0	2.029749117317918	2.060591809369004	0.0	0.0	
5.417144867944694	0.0	0.0	0.0	1.6162675407903544	0.0	0.0	0.0	0.0	0.0	
1.367336917839046	0.0	1.2765267113534857	0.0	0.0	0.0	0.0	0.0	0.0	0.0	
0.0	0.0	0.0	0.0	0.0	2.7455995639111426	0.012673396627840467	2.1180332748450725	0.6335961456846819	0.003070203598835727	
0.2855599040430999	0.0	0.0	2.2157588666706514	0.0	0.0	0.0	0.0	0.0	0.0	
0.0	0.0	0.0	0.15300556624742614	0.0	2.845363481214466	1.7493180364951941	0.0	0.0	1.4355087915875346	
0.0	0.0	0.0	1.5412698706292431	0.0	0.0	0.0	0.0	0.0	0.0	
0.6120663298644565	0.0	0.0	0.0	0.626667101491776	0.0	0.9967330074624374	1.7136097713353786	0.0	2.241490491047205	
0.0	0.0	0.0	0.2242715094072389	3.4663972761025326	0.0	0.0	0.0	0.0	0.0	
0.0	0.0	0.0	3.338712394282092	1.9723474918380501	0.0	0.0	0.0	0.0	0.9201502995784672	
0.0	0.0	0.3396093115732449	0.0	0.0	0.0	0.0	0.8130525177443456	1.7340001500215316	0.0	
0.0	0.0	0.11076472168249794	2.505448154324059	0.27123974939244966	0.0	1.0108898273478912	0.0	0.0	0.0	
2.9011198463603733	0.08026148007029939	0.0	0.0	0.0	1.0776561472291668	0.6878435398876585	0.0	0.0	0.0	
0.3745827143324103	0.0	0.0	0.43130358127109586	1.053562475684249	2.2783505207524506	0.0	0.0	2.50385447668121	0.0	
0.0	0.03325858958289303	0.0	0.0	3.32223917646277	0.0	0.0	0.7374396784184184	2.1467297815670543	0.0	
0.0	0.5194871387442149	0.0	0.0	2.9457672233824383	0.0	0.0	0.0	0.0	0.0	
0.0	0.6908778842133749	0.0	0.0	4.515933529369058	0.0	0.0	0.0	0.0	1.863994098693647	
0.0	0.0	0.0	0.7045483164458822	0.0	3.4732749889789063	0.0	0.0	0.0	0.0	
0.3178125469037356	1.6621701466116927	0.0	0.0	0.0	0.0	0.8049143306972147	0.0	0.0	0.9483862381393463	
1.5440628358323991	0.0	0.0	5.020611159002902	0.0	0.7231274943675113	2.0283835049335726	0.0	0.0	0.0	
0.7121453250272183	0.0	0.0	3.3490627040741754	0.0	0.0	0.0	0.17712467875196883	0.8324364680948058	0.0	
0.0	0.0	0.0	0.0	0.0	0.0	0.0	0.0	0.895335325725814	7.731278214916776	
0.2121399618798572	0.0	0.0	0.0	0.0	0.27177138148794255	0.39728038676150723	0.0	5.493228056068914	1.3955991805285406	
0.0	3.968402675612266	0.0	0.09335968753455211	0.0	0.0	0.0	0.2737711618711489	0.0	0.0	
0.0	0.0	0.12062060858400239	4.2107935976253765	0.0	0.0	0.0	0.0	0.0	0.0	
0.6124821465930594	0.0	0.0	0.7209428957599917	0.0	0.0	0.024193319197891645	0.001164167088741853	0.5457971219912069	0.0	
0.3752892375496858	0.0	0.0	0.554382579216711	0.33576852621513226	0.0	0.0	1.360338920918425	0.0	0.0	
0.0	0.6477300281469834	0.0	0.0	0.0	0.0	0.8664757930070078	0.015239547602620345	3.7010829151836	0.0	
0.0	0.0	0.0	0.0	0.0	2.6347795646643193	0.0	0.0	1.2028983921257947	0.0	
2.6171679091865903	0.0	0.3598142497428433	1.709342231457746	0.08210035722227983	1.0097804779152475	0.0	0.0	0.0	0.0	
0.0	0.0	0.0	0.0	0.0	1.4237876258067388	0.0	0.6624250703510538	0.0	0.25658313225122825	
0.0	0.0	0.06181617180781479	0.0	0.0	0.754701217545386	2.346057205340657	0.0	0.0	0.30479807547915727	
0.0	0.0	0.0	0.1496468340762452	0.0	1.9169260426636168	0.0	0.2993924175080108	0.0	0.9562215208494834	
0.0	0.0	0.0	0.06246958699683417	3.5997714467792576	1.2580360881012942	0.0	0.0	0.9500637813267861	0.5446215538283515	
4.156205931029393	1.4683619299440063	0.0	0.0	0.0	0.0	0.0	7.710729530528663	0.0	0.0	
0.8635485485655946	0.0	0.0	0.0	0.0	1.39464432883614	0.0	0.0	0.0	1.3076116752703681	
2.1617838023426876	0.0	0.0	0.5638767888042221	2.3316271094556402	0.04624332813567887	0.0	0.0	1.6623430845315683	0.0	
0.0	0.9066507771710588	0.0	2.2649817478538434	0.0	0.0	0.0	0.0	0.0	0.6139800871988285	
2.1092630062500315	0.0	0.0	0.7920042457896516	0.0	0.0	0.0	0.0	0.0	1.1079427735112075	
0.0	2.2559832421895845	0.0	0.26364563084687637	2.388705274627347	0.0	0.0	0.0	0.0	0.16675414912169484	
0.0	2.4113513885171964	0.4874115479916221	0.6300399654793536	0.0	0.24912464491090902	0.0	1.707486840331028	0.33340715407763094	0.6675502045620739	
0.0	0.0	0.0	0.0	5.078577795543975	0.29776771457641144	0.0	0.0	0.0	0.0	
0.0	2.0214643773035905	0.0	0.0	0.0	0.0	0.0	0.0	0.0	0.0	
3.0748143757236277	0.0	0.0	1.2957016203252611	3.685817525284228	0.0	0.7099277169178366	0.0	0.0	0.0	
0.0	0.08604345888723239	0.0	0.0	0.0	0.0	0.0	0.0	0.0	7.248928260402176	
0.6321806782317456	0.0	0.0	0.0	1.3266784646066376	0.44141557124850983	0.0	0.0	6.4553409562600725	0.0011251205668581753	
1.2750448663852203	0.0	0.0	4.2285236589158535	0.0	0.0	0.0	0.0	0.0	0.0	
0.0	0.6155668371856888	0.35225761579037446	0.0	0.9829026231387867	0.0	0.0	0.0	0.0	0.0	
0.18311322443653766	0.0	0.0	1.6081475075648306	4.534461485861375	0.0	0.0	1.0798925099711434	0.0	0.0	
0.0	0.0	0.3641528259494939	0.22390056083079893	3.028229359389853	0.4436925732714073	0.0	0.0	0.0	0.5200092938226437	
0.0	0.44849253773728326	0.0	0.8818744759104049	0.0	0.06243351296814021	0.0	0.0	2.9779446894345476	10.519063727208321	
1.8107281487072537	0.0	0.0	0.0	0.47248914894323	0.6435811414863597	0.0	3.1550758846184723	0.0	0.0	
0.14409672110100763	0.0	0.0	0.0	1.0997753005035629	0.0	0.0	1.0587133815692942	0.0	0.0	
0.7953858974480609	0.0	0.5029547287854019	0.0	0.0	3.4059171469340197	0.0	0.0	0.0	0.0	
0.0	0.0	0.0	0.0	0.0	0.0	0.21392813541070776	3.48651271342767	0.0	0.0	
0.0	2.8372943204903356	0.0	0.0	0.0	0.0	0.3065292036550502	0.0	0.0	0.78162901228668	
1.265930541648482	0.0	0.0	0.0	0.6035018290275348	0.0	2.448614398494401	0.0	2.510463831362217	1.1952066395741867	
0.0	1.9743011430178172	0.0	0.504624882394873	0.0	0.0	0.0	0.0	0.0	0.6060038977022895	
0.0	0.0	0.0	0.0	0.0	0.0	0.0	0.0	1.2982310961993437	1.7757979551595882	
0.0	0.0	0.0	0.0	0.0	1.7869604962186572	0.0	1.505249897446781	1.3866356856926658	0.0	
0.33774970815641425	0.0	0.0	0.4372610703993347	0.2579879063873423	0.0	0.0	0.0	3.2054523294746566	1.972379017269567	
5.493140596921095	0.0	0.0	0.0	0.0	0.1093113709039989	0.0	0.0	3.123534290393938	2.161114321972399	
0.0	2.4268575839334647	0.0	0.0	0.16684247133079713	0.0	0.6565608924842583	0.0	1.9109473615122474	0.0	
1.5527188408647918	0.0	0.0	0.0	0.0	0.0	0.0	0.0	0.0	3.1069513306877488	
1.4870623278728086	2.11038109064526	0.0	0.0	4.578201791140514	0.03014863222054106	0.0	0.5465451855773102	1.0500929906777237	0.2689660618459028	
1.8850169826474192	0.2366196792675533	0.0	0.0	1.0760280970854346	0.0	0.07386179142379291	0.0	2.2854736263825077	0.0	
0.0	0.0	0.0	0.23186501162580947	0.5602995721501194	3.176171885098594	1.4722448661967773	0.0	0.0	0.0	
0.0	2.3314153575615597	0.0	0.0	5.208731677612213	0.0	0.0	0.0	0.0	0.0	
0.0	0.34845037718465666	0.0	0.12831697706183193	5.618615172614054	0.0	0.32168723340059274	2.8770476274296612	0.0	0.0	
0.0	1.2318055522236127	1.7365752020572898	0.49858459812342965	0.9807631635850894	0.0	0.01158877296495762	0.0	0.0	0.0	
0.0	0.0	1.0781574061446857	0.0	0.0	0.0	0.846702836921056	0.0	0.0	0.0	
2.525003274400893	0.0	0.0	1.0481750651569792	0.09203152101941485	0.0	0.0	0.0	0.0	0.0	
0.0	0.0	0.0	0.0	3.301165844923562	0.0	0.0	0.0	0.0	0.0	
0.0	5.545297789846847	0.0	0.0	0.0	0.0	0.0	0.0	0.0	0.0	
0.0	0.9459043701545349	0.0	0.2416687389456832	0.0	0.0	0.0	0.6186646831264629	0.0	0.0	
0.0	0.0	5.939482568582348	0.0	0.0	0.0	0.0	0.0	0.0	0.0	
0.0	0.0	0.0	0.0	0.0	0.0	0.9478334535670467	0.7313764162209206	0.786418359187569	1.2908583481478946	
4.200487624043034	0.0	0.0	0.5534638571262803	0.7276046896213791	0.0	0.0	0.0	0.0	0.0	
1.3912422137108196	0.0	0.245786938877217	1.3500640295083555	2.8454698090428807	0.0	0.0	0.0	0.0	0.0	
0.0	1.897990984734253	0.0	0.020567369972694417	2.8986573537637823	0.0	1.1839525655960732	3.938365761712542	0.0	0.0	
0.0	0.0	0.0	3.005330350701313	0.0	0.2650707056739984	3.659748187537928	0.0	0.0	0.0	
0.0	0.0	0.0	0.0	0.0	0.0	0.9371582661734409	1.724330320349898	0.0	0.0	
0.0	0.5863182929068648	0.0	3.295907300798834	0.0	0.0	0.0	4.743750712380841	0.0	0.47214454005613415	
2.705185424294163	0.0	0.0	0.0	0.0	0.0	0.14977010499863153	0.8409227427417337	0.9602734724590759	0.0	
1.061873048088106	0.0	0.0	0.0	0.0	1.0837364827642522	0.0	0.0	1.6732746998072903	2.007530023565763	
0.7415207056032644	0.0	0.0	2.2335259031980166	0.0	1.1764312411555926	0.314239309021915	0.0	0.0	0.0	
0.0	0.24650274875498104	0.0	0.0	3.653713173539191	0.04137211541423177	0.0	0.9006571089903653	0.2409223673546433	0.993825808505911	
2.4693529083980015	0.0	0.0	0.0	0.0	1.3707198802660283	3.3141720066207463	0.0	0.05868296783485183	0.0	
1.4529917158297974	0.0	0.0	0.0	3.1462777451107495	0.0	0.1113646871621496	3.8165718103383632	0.0	0.5832460577805837	
0.0	0.19380795162069112	0.0	0.0	1.0283514817126664	0.0	0.3941566048423087	0.0	1.573255446712724	0.0	
0.0	0.0	3.902077380740185	4.5429870091026086	0.0	0.0	3.566541699474992	1.8391721578647109	0.0	1.208957830307709	
0.027518097850985773	0.0	0.0	0.0	0.0	0.0	1.6479430089278317	1.1509077956624643	2.3888368593600964	0.0	
0.0	0.0	0.0	0.0	2.2019989463034872	0.0	0.0	0.0	0.0	1.3551140683424954	
0.0	1.4859019566629417	0.0	1.4594600723444666	0.0	0.0	3.2562210464772265	1.1878085774098521	0.0	0.0	
0.0	2.153501235935385	0.0	0.0	0.7972658755199019	0.0	0.0	0.932641905954342	0.0	0.5173441042750655	
0.0	0.0	0.0	0.5238409776105313	0.0	0.5518351770893227	0.0	0.0	0.0	2.719995831947805	
0.0	0.0	2.5801610719038424	0.0	0.0	0.0	0.0	0.0	0.0	0.0	
0.0	0.051845559183886405	0.0	0.0	0.0	0.0	0.0	1.1986932440060307	0.0	1.3414747336771116	
0.0	0.0	0.0	2.9550013045581967	0.04940373109180142	0.0	0.0	0.0	0.5707498681972466	0.0	
0.09122726059350816	1.0620327312670212	0.0	0.0	0.0	1.0407771415735052	0.0	0.2530913910219967	0.0	2.5983022994456633	
0.019490595955224316	0.0	3.1676594799054874	0.0	1.1257687685464985	0.0	0.0	0.0	1.984324935488739	0.0	
0.0	1.6062382696696345	0.0	0.0	2.3163070084561386	5.104529466746064	0.0	0.0	0.0	0.7991245588877759	
0.0	0.0	0.0	0.0	0.0	0.0	3.6042259323107584	0.0	0.0	0.0	
0.0	0.5517095000969877	0.0	1.130640372471571	0.0	0.0	0.40941065751544853	0.0	0.0	1.6772698436163205	
0.0	0.0	0.0	0.0	0.0	0.0	0.0	4.833682098785973	0.0	1.319475118296708	
0.1113960996160588	0.6665559997426285	0.0	0.0	0.0	3.328863692037085	0.0	1.8122067948579272	0.894082502903472	0.0	
0.5689438781874521	0.0	0.0	1.1043428181430477	0.0	0.0	0.0	2.021197016333069	0.0	0.36985014851525344	
0.0	0.0	0.0	0.0	1.4958653441243204	0.0	0.0	0.0	0.0	0.0	
0.28705612181699675	0.0	0.0	0.0	0.0	0.0	0.028187921380545797	0.0	2.03174100716692	0.0	
0.07580328232540627	0.0	0.0	0.0	0.0	0.0	0.0	1.7663520703768207	0.30644177397513606	0.0	
0.0	3.2839404364256595	0.0	0.0	0.1481030583127588	0.11903341300219686	0.03301204213832839	0.0	0.0	2.5992733316155636	
0.0	0.0	0.0	0.0	0.0	0.0	0.0	7.347959512536804	0.88246578188212	0.0	
0.048394709526791244	0.0	0.0	0.0	0.0	3.4946366146025762	2.0713371909947114	0.0	0.0	0.0	
0.0	4.372867328036941	0.0	0.0	0.0	0.7124198436178367	0.0	0.0	0.0	0.0	
0.0	0.0	0.0	0.0	0.0	0.0	0.0	1.9092303665293713	0.0	0.0	
1.0359045433441882	0.0	0.2752275185901986	0.0	0.0	0.0	5.958099304376477	0.9901179949697809	0.025474157474722425	2.278752262467278	
0.0071956372796684875	3.5104121956482106	1.37429772211905	0.9921554801535972	0.1326631781170295	0.0	0.0	0.0	0.0	0.0	
0.0	0.0	0.0	0.0	0.0	0.0	0.28435408731457046	0.18271057569735438	3.7333152982586384	2.1256949555980076	
0.0	0.0	0.0	0.25773460290040895	4.006045055402856	0.0	0.0	0.0	0.0	0.0	
0.0	0.156052670195198	0.0	0.5818172990124645	0.0	0.0	1.1008067795160383	5.819595340772578	0.0	0.0	
0.0	0.6764393608326698	0.0	0.0	0.0	0.0	0.0	3.047537290420511	1.3279943539901147	1.0740320750041004	
0.0	0.0	0.0	0.0	0.0	0.0	1.9299004138603042	0.0	0.0	0.0	
0.0	0.0	0.0	3.073613373112459	0.0	0.0	0.0	0.0	0.0	0.0	
1.6540802190254487	0.0	0.0	1.6858619961238603	0.1297517460361384	0.0	0.0	0.0	0.0	0.0	
0.0	0.0	0.0	0.0	0.0	0.0	1.0068083389510054	8.785812055063339	1.8852204212123886	0.0	
2.4112245184914753	0.4907708059194219	0.0	0.0	0.9231842935627532	0.0	0.0	0.0	0.0	0.0	
0.0	0.0	2.2355774816648744	0.13499532178132706	0.8978314759313211	0.0	0.0	0.0	0.0	0.0	
0.0	0.0	0.0	0.0	0.0	0.0	2.197463256351844	0.0	0.0	2.6289663975543207	
0.0	0.0	0.0	2.9659642986165817	0.0	0.0	0.0	0.0	0.0	0.0	
0.0	5.300976960090873	0.0	0.0	2.894650287489017	0.0	0.0	0.0	0.0	0.1803966218134873	
0.0	0.10751481095001494	0.0	0.0	0.0	0.0	0.0	4.001762611632014	1.8399103570879245	0.817858068019268	
0.0	0.7916986340897932	1.8750578665663409	1.2825508638582097	0.0	0.0	0.0	0.3751173561115603	0.0	0.0	
0.0	0.0	0.0	3.304956781374755	1.6207216923886865	0.0	0.0	0.0	0.0	0.09496642962670127	
0.0	0.0	0.0	0.0	0.0	0.0	1.5277829136476628	1.3060493739225494	0.0	2.3089600552611005	
0.0	0.0	1.249092148706085	0.0	0.0	0.0	0.0	0.0	0.0	0.0	
0.0	0.06477394979213608	0.42165446187418715	0.06262933479956753	0.0	0.0	0.0	0.0	0.2950532907445115	0.2758031201448478	
0.8444680855807277	0.0	0.0	0.0	1.3548058103321858	0.0	0.0	0.0	0.6503738583307677	0.0	
0.0	1.1812050220360923	0.0	0.0	0.0	0.0	0.46777351450248156	3.5325769696313354	0.0	0.0	
0.0	0.0	0.0	0.0	0.0	0.0	0.356325218450833	0.0	2.778987461182751	0.9335849590059934	
0.0	3.6159682367416996	0.0	0.0	0.0	0.16574022855897844	0.0	0.0	0.0	0.4869116841279405	
3.6769645781261464	0.0	0.0	0.0	0.0	0.0	0.0	0.7514707761556413	0.0	0.0	
0.0	0.38264700870740254	0.5482881741014957	0.0	0.5092532586728908	1.1050339256869979	0.0	2.9252476233974662	0.0	0.5576141602283502	
0.0	0.0	0.0	0.0	0.0	0.0	2.7966542085093513	7.422496138806828E-4	0.0	0.0	
0.0	0.0	0.0	2.279087242147848	0.0	0.0	1.3572057355758063	0.0	0.0	0.0	
1.0182131794039548	0.0	1.2010268173087288	0.0	1.2433620862175794	0.0	0.0	0.0	0.0	0.2845695904054653	
0.0	0.5604600170807437	0.6641917591373865	0.0	0.0	0.0	1.1047186165902356	0.0	2.682570331025215	0.0	
0.0	1.325495423924011	0.0	0.8475545480356822	0.43241970656554585	0.0	0.0	0.0	0.0	0.0	
0.0	0.0	0.0	0.0	0.0	0.6299445583731866	3.8126813687396495	0.5867369891407743	0.0	0.6013455946007017	
0.0	0.0	0.0	0.0	0.0	0.0	0.0	0.05760044885790883	3.5810540757766796	0.0	
0.8245367987366008	0.0	0.0	2.164115811349062	0.0	0.0	0.0	0.0	0.0	0.0	
0.0	1.4498802043419565	0.8656289801382071	0.0	0.0	0.0	0.0	0.0	1.2580305544273866	0.0	
0.0	3.282468222003297	0.0	0.0	0.0	0.0	0.0	4.057393241171993	1.8570486586411894	0.0	
0.0	0.0	0.0	0.0	2.203838684199079	0.0	0.0	0.0	0.0	0.0	
3.9492320608985634	0.03780534171173685	0.0	1.9268420967222468	0.0	0.22314348295283007	0.13808986621744912	0.0	0.0	0.0	
0.03345738721438801	0.0	1.0492553833645957	0.0	0.0	0.0	0.0	0.0	2.378224799386649	0.0	
6.40795807904264	0.0	0.0	0.0	1.1972905046649986	0.0	0.05640945224565155	1.791040846207102	0.0	0.0	
0.0	0.0	1.0858884361448689	0.0	0.0	0.4032242254920968	0.0	0.0	0.0	0.0	
0.0	1.462702230219567	0.013019471594384206	0.24474190499561393	0.0	1.600499748273598	0.0	0.0	0.7125323486764199	1.9115268618229466	
0.718970970549443	0.0	0.06601403965832815	0.343568682540647	0.0	0.0	0.5942144817205616	3.3274998790731556	0.301920451274197	0.0	
0.0	3.5531772861944324	0.0	0.0	0.6247989110311438	0.0	0.030131680794025964	0.0	0.9344556465625231	2.3137607999430987	
0.0	0.058297997701269796	0.0	0.0	0.0	0.9581800329367169	0.0	1.9431791268084238	0.0	0.8902247538527491	
3.8340367610795587	0.0	0.0	0.0	1.547422853571576	0.0	0.47079854503701224	0.051515627942424314	0.7876392927748156	0.0	
0.13448590881535474	1.7552433920526807	0.2435175071307218	1.4384774908800524	0.37790381506672927	0.0	2.0245733897843112	0.0	0.0	0.0	
0.0	0.1744291787078292	1.044105230616488	0.0	0.0	1.8650924774858781	0.20105393532328522	0.37619139304025323	1.2510939721647656	0.0	
0.20497221301833218	1.842585779175696	0.0	0.0	0.33329949018057703	1.0259779533547984	3.272377122480759	0.0	0.0	0.0	
0.0	0.0	0.0	0.0	0.0	0.0	0.0	0.0	0.0	0.0	
0.0	3.3948492254778797	0.0	0.0	0.0	0.0	2.2518234171932567	0.0	0.0	0.0	
0.0	0.6948854615275588	0.0	0.0	0.783997274096253	2.477324808859549	0.0	0.0	0.0	0.0	
0.0	0.0	0.0	0.0	0.0	0.0	0.0	0.0	1.8881686278759784	1.7390504993679334	
0.0	0.0	0.0	0.0	0.0	0.0	0.0	2.3099647593966948	0.22484601711212845	0.0	
0.7077248320117027	2.7512978899137406	0.0	0.0	0.6566734123636446	0.0	0.0	0.0	0.0	0.0	
0.0	0.0	0.0	0.0	3.2325247490750924	0.0	0.0	0.0	0.0	0.0	
0.5973880988849425	0.0	0.0	2.6159664651136434	0.0	0.0	0.14582078956489158	3.0070439117742684	0.0	0.0	
0.0	0.0	0.0	0.0	0.0	0.0	0.0	1.4701306846025284	0.6697317821961529	0.006420185876825718	
0.0	5.137296851089628	0.03680327786930541	0.0	0.00919492015718944	0.0	4.002054367444404	0.16319114522916506	0.0	0.0	
0.0	0.0	1.3560402588127187	0.0	0.0	0.0	0.3741928737323205	2.9903496043319966	0.0	0.0	
2.130906696741218	0.0	0.0	0.0	0.0	0.0	3.5844152155243907	0.0	0.0	0.0	
0.0	0.0	0.0	0.0	0.7538430634228874	0.8961504907064132	0.0	0.0	0.0	0.0	
2.3260351661433747	0.0	0.0	1.1672330524490289	0.0	0.0	0.0	0.0	0.0	1.2823599357940925	
5.695719224000326	0.0	1.2089034053656345	0.0	0.15067955314242867	0.0	0.0	0.007948671538439854	0.06173471966127587	0.0	
0.0	0.0	0.0	0.0	0.0	0.0	0.0	0.0	0.0	0.0	
4.4267198582448195	0.03330427717669798	0.6504918878027752	0.0	0.7953592046439777	0.0	0.0013470596011228735	0.0	0.5987437810679586	0.0	
0.0	0.37696915258811836	0.5577306489258231	2.5109443576586115	0.0	0.0	0.0	1.2884248791408497	0.0	0.9991277120983835	
0.0	3.989744291136354	0.9903741810049655	0.0	0.0	0.0	0.0	0.0	0.0	0.0	
0.0	0.0	0.0	1.4483026802861227	0.46449587269169745	0.0	0.0	0.0	0.0	4.53711734657551	
0.0	1.5403446741424942	0.0	0.0	0.1944656632054187	0.46476252333588775	0.0	0.0	0.0	0.0	
0.0	1.792180082274779	0.0	0.008990461626426218	0.0	0.904052231200502	2.917179653557831	0.185057261807498	0.0	0.0	
0.6746715499605933	0.0	4.081717231930295	0.0	0.0	0.0	0.8040005722918339	0.19742298052341484	0.0	0.0	
0.0	0.0	0.0	0.0	2.7095644262968546	0.0	0.0	0.0	0.0	0.0	
0.0	0.0	1.0182410878171153	0.0	3.3907053874821096	0.0	0.0	0.0	0.0	0.0	
2.407298344605519	0.0	0.0	0.0	0.0	0.0	0.0	0.0	0.0	0.0	
5.474712670286525	0.0	0.0	0.0	0.0	0.0	0.0	1.1067529639851807	0.0	0.45643544030169364	
0.004136767093808084	0.0	0.0	0.0	0.0	0.0	0.6437355204060161	0.7883523526234928	0.0	0.0016509887712978259	
0.0	0.0	0.029543248746613515	0.0	0.0	0.0	3.233411547747316	0.0	0.0	0.0	
0.0	0.0	1.8841252841968201	0.8315075127703728	0.0	0.08646240942593107	0.0	0.8187599383459563	0.0	0.15203636653206531	
0.3912354993740094	0.0	1.3099209657110242	0.0	0.0	0.0	0.0	0.0	4.465857497891792	0.0	
0.0	1.256557674526745	0.0	0.5494638051684031	0.7081103171597707	0.0	0.0	0.0	0.0	1.1783204034848123	
0.013673987147413778	0.7066267074758048	0.0	0.21082515856300332	0.0	1.050023587266009	0.6430355805129147	0.11207167831337073	0.0	0.0	
0.0	4.276997325373949	0.0	0.0	0.0	0.0	0.0	1.9991111534058472	0.0	1.2710789354733942	
2.814065452870899	0.0	4.797135811558345	0.0	0.7274028581264916	0.0	0.0	0.0	1.6854434324870307	0.0	
0.0	0.0	0.0	3.4439671687457145	0.0	0.0	0.0	0.0	0.0	0.0	
