0.0	0.0	1.3527824832879847	3.4029146618133064	0.0	0.0	1.2490380457559327	0.0	0.0	0.6470876170775097	
1.8640259205105307	0.0	0.469815243273512	0.0	0.0	0.0	0.0	0.0	2.8545487361944777	0.0	
0.0	0.0	0.0	0.0	0.3469323914317379	0.0	0.0	1.0045410659385723	0.0	0.0	
0.0	0.9560251241569712	0.0	0.0	0.0	0.0	2.450514468395937	0.0	0.0	0.0	
0.0	0.0	1.8763230020128245	0.0	0.0	0.11685040290665144	0.0	0.8407227500886818	3.6789391221052408	0.16324296191698837	
0.0	0.0	2.3617302468372023	0.0	0.0	0.36225940954846314	0.0	0.0	0.0	1.6692844367076067	
0.0	0.0	0.0	0.0	0.0	0.0	0.0	4.7880870023961455	3.6699227233934866	0.0	
0.0	0.0	0.0	0.0	0.8594131155910526	0.044644427571125744	0.0	1.7805491594962086	0.0	1.2960525055392527	
0.0	2.1300445299292345	0.0	1.7076628867034351	3.21735970754308E-5	0.0	0.0	0.9923256446200085	0.0	0.0	
0.3943041200379231	0.0	0.5571122213115335	0.015363340907673934	0.0	2.384072911131513	0.0	3.831822159542329	0.0	0.0	
0.0	0.0	0.0	0.0	0.0	0.0	0.0	8.543126305929583	0.0	1.783444879875354	
0.0	0.0	0.0	0.0	2.4371336240470534	0.0	0.0	4.663805877761562	0.0	0.0	
0.0	0.0	0.6614453467834023	0.0	0.0	4.064383697896996	0.0	0.4554861907411149	7.8503695774995865	0.6756165968970953	
1.0773475207554386	0.0	0.0	0.0	0.0	0.664629007853101	0.0	1.7162948794209931	0.0	0.0	
0.0	0.0	1.1533060846590366	0.974297661134718	0.0	0.0	0.0	0.0	0.0	1.2949400886964526	
0.0	0.01245777883067703	2.692232577095549	0.47637258108985037	0.0	0.0	0.036757279046609	2.81711495187458	5.909178981184599	0.9604030598111052	
3.3341217239015557	0.0	0.0	0.0	0.0	0.0	2.7175863183627946	0.0	9.80108379598175	0.0	
0.0	1.2977416067236207	0.0	0.0	7.615970086344904	0.0	0.18254687142150952	0.0	0.0	0.0	
0.0	0.0	1.8504578500480129	1.149873466940721	2.0808157523264312	0.0	0.0	0.0	0.0	0.0	
0.0	0.03944926207896653	0.0	0.0	0.0	0.3249689404359198	0.007064442360611633	0.10646706682874851	0.0802661403949242	1.2232236591723549	
0.0	0.0	0.0	4.073586085406363E-4	0.0	0.0	0.0	2.807735681147716	0.0	0.0	
1.5858879833655641	0.0	0.5533296000336471	2.716033069373829	1.7683914995891856	0.0	0.0013791947599339708	1.6030405030273975	0.0	1.9855922927530938	
0.0	2.5333009321254285	0.0	0.0	0.0	0.0	0.0	0.0	0.0	0.0	
0.47419318997501686	0.0	0.0	1.9882091789983385	3.747851220986817	0.03037757373635321	0.0	0.6567613848567974	0.014823308454282357	1.9387811851310635	
0.0	0.0	0.0	0.0	0.0	0.0	1.9452171021827647	2.2472506434148523	0.0	1.505419923834258	
0.0	0.0	0.9719049614787474	0.0	0.0	0.0	0.5080468997664196	1.8802904008694283	2.4456938369913614	0.0	
0.2890139998387373	1.3600116033549694	2.0190334833246477	2.2744229479367144	1.1600398822190188	0.0	1.3661837695406012	1.6078485332432906	1.9970842800520614	1.408904160259823	
0.1724863272814706	1.9015179285962238	1.9363787265391756	0.0	0.1853813739304503	0.4189237143381038	0.7537698548082666	0.0	11.283996551357134	0.433593696918225	
0.0	0.0	0.0	0.504181341118475	0.0	2.739965290614298	0.014925659329249105	1.7570950652561692	2.540082411368754	0.0	
2.448628550283351	0.0	0.0	2.6395566539110082	1.238787211254355	0.0	0.0	0.0	0.0	0.5689004189233253	
0.0	0.0	0.0	0.0	0.0	0.0	0.0	0.0	0.0	0.0	
1.2872497549131654	0.10045884109622898	0.0	3.165541067084485	0.0911576476707762	0.0	0.0	0.29692355093847983	0.0	0.9621151074497705	
0.0	0.0	0.0	0.0	1.4591221186215133	0.0	0.0	3.8746208123124117	0.0	0.8888409327947269	
0.0	0.0	1.2630175596629722	1.3629419637435154	0.4487531471321032	0.0	0.0	6.920978203234298	0.0	0.0	
0.0	0.0	0.0	0.0	0.0	0.0	3.4864337578927738	0.0	2.752611228777404	0.0	
0.0	5.625907764279211	0.0	0.9213455572894348	0.25480302790629006	0.0	0.0	1.080786240942916	0.0	1.1247953014379533	
0.0	0.1863508205832202	0.0	0.698071418291897	0.0	0.04598084214728152	1.8514945108239227	0.0	3.2010399074513027	1.4010504799667518	
0.0	0.0	0.0	0.01809509052498111	0.27712892568679093	0.9482154032950038	0.5045099106550134	0.0	2.0181053914337324	3.326460815857132	
0.0	0.0	0.0	0.0	0.0	0.0	0.0	2.2499370293656042	0.0	0.0	
0.23637498987132183	0.48689337252689724	0.6357719249282832	0.03679041841440324	0.0	0.0	0.0	1.1809310321695214	0.0	0.0	
0.0	0.0	0.0	0.0	0.0	1.240432947163964	0.14397153386571027	4.263542326645024	0.0	0.0	
0.0	0.0	4.228283893656339	0.7631784857512974	6.933860844763611	0.0	0.0	1.7888842272154282	0.0	0.0	
1.1516266334869545	0.0	0.0	0.5885381600088757	1.4083026044687654	0.0	0.0	3.2435093357501406	0.0	0.46831933826004923	
2.9282372255448643	0.0	0.0	0.0	0.0	3.3666635247078744	0.0	0.0	0.009532595332393019	0.3187242785528448	
3.521858044524406	0.0	0.0	0.0	3.011341014122784	0.0	12.32544339482241	0.0	3.802173859253721	0.0	
0.0	0.0	0.0	0.0	0.0	0.0	0.0	0.0	1.6836638919723974	0.0	
0.0	1.9574478487652	0.0	0.0	0.5843362862441038	0.0	0.0	1.4672664975396228	0.0	0.0	
0.0	0.0	0.0	5.077043885800678	2.012438805446852	0.0	0.0	0.0	0.0	0.7828707282312392	
1.0506892833662036	0.0	0.9589833899606202	0.0	1.0270308314561174	0.28710972357232334	0.0	0.0	0.0	0.2268458199437612	
2.029575916166128	2.98467419948368	0.0	2.0204075751214514	0.0	4.992800114635524	0.0	0.0	0.0	0.0	
0.0	2.301048168008752	1.0080247700739482	0.0	0.0020825761850755105	0.0	0.0	3.18305140271378	4.364437396517661	1.4050800221816335	
2.3238635611132223	0.0	0.0	0.0	0.0	1.8955002414244395	0.0	0.0	4.100065388240392	0.026670818048369974	
2.103441696310714	0.0	1.4902754074591509	0.0	0.6374311945442493	0.0	0.0	0.02645627548119156	0.0	0.7826846141291788	
0.0	0.0	0.0	1.5404470548500457	0.0	0.0	0.0	0.0	5.7356022602892685	0.0	
0.9958695139668482	0.6220692373572525	0.0	1.1630265798545854	0.0	0.0	0.0	1.507638710777598	0.0	0.0	
0.0	0.0	0.0	1.4486248376684612	1.328376158877527	5.320020509969265	0.0	1.3963702767029775	0.0	0.6038895800400504	
1.1268720322893795	0.0	0.0	0.0	0.0	0.0	0.0	1.6867695231697442	0.0	0.0	
0.0	3.015823569282264	0.0	0.0	0.0	0.0	0.0	0.0	0.9358706296868996	0.4587058143092252	
0.43393837502718957	0.476236150215828	0.0	0.14195803572005747	0.0	1.3358455620705276	0.0	3.152725643987179	0.0	0.0	
0.0	0.0	0.0	0.0	2.39554327285862	0.0	0.0	4.92586916549863	0.0	0.0	
4.678557639897717	0.960322030705516	0.8087808313727924	0.0	2.648103248130229	0.6683770977036582	0.0	0.0	0.0	0.0	
1.5878475985354386	0.0	0.04699102154723361	0.0	0.6553388898898735	0.0	0.0	0.2881993235727425	3.902010936922546	1.8313653914919503	
0.7403487589184701	0.034812682122787854	0.17067521027196525	0.0	0.0	0.0	0.0	6.823593436156075	0.0	1.137776682613097	
0.0	0.0	3.6400266273914954	0.0	0.4285915573053432	2.8180834936130292	0.0	0.0	0.0	2.3044388156475972	
0.0	0.0	0.0	3.029122927896075	1.6070117368295527	0.002977403405578399	0.0	0.0	0.07220071405805314	3.3960001419494636	
0.0	0.0	0.0	0.0	0.0	0.0	0.0	3.6043141917491877	7.0949537302854955	0.0	
1.78109682182911	0.0	1.9483040019314855	0.0031094076576343227	0.0	0.0	1.948424740356918	0.0	1.6076474741536002	1.9783267873120391	
1.244471856705537	0.0	0.0	0.4983925901383869	0.0547552015717066	0.0	0.0	0.0	0.0	0.0	
0.6121404263965451	0.0	1.3823094674769794	0.8298594743483814	0.5603551429275744	0.2288518687523533	0.0	0.0	0.0	0.0018165012013318421	
0.0	0.19144851109440925	0.0	2.0369457718096298	0.0	0.7194392284515213	3.2193687667854034	0.039083066532292175	0.0	2.225836844122456	
0.7868569805739993	0.0	1.281491136363352	0.0	3.728606170417221	0.0	0.0	0.0	0.0	2.028107493226145	
0.0	0.0	0.0	0.0	0.0	0.0	4.190946242708018	0.0	0.0	0.0	
0.0	0.0	1.2066255367813852	0.0	0.0	0.25617072153027765	0.2940329641293115	0.0	2.9610062326318136	2.0103719036486996	
0.0	0.004333824454106221	0.284279719648858	0.6117142645273498	0.0	0.0	0.0	1.3740371702028693	0.0	1.3618229746880874	
0.0	1.1043939371741196	0.0	0.0	0.0	0.0	0.9320896449883632	1.078397308986787	0.0	0.0	
0.0	0.0	0.0	0.0	0.0	0.0	4.614444502871828	0.6009835068602691	0.0	0.0	
0.0	0.0	0.0	1.0018993188133634	1.2301621939171603	0.0	0.17341264162502024	0.0	0.08885782627259528	0.8544871805789408	
0.7517434947737026	0.0	0.0	0.0	2.0654813759822055	1.2833975270151856	1.4805426842684788	1.292464666847865	0.0	0.0	
0.6799540163075322	1.0666496998496915	0.011838372825923725	0.02570401212926607	1.6145534701357673	0.06585354732043831	1.3798215564428946	0.1917395741870438	0.47546857221753674	0.0	
0.0	0.40637870526945946	0.0	0.0	0.0	1.9275348908660908	2.927024484274214	0.0	0.0	2.7209624809329873	
0.0	0.0	0.0	0.0	0.0	0.0	0.0	1.9493229833099617	0.0	0.0	
2.7591772297007084	0.42102357248771566	0.0	0.0	1.9806039435588954	0.7926845054789062	2.6889735224854254	0.0	1.8975914039502764	0.0	
0.0	0.47906156103713066	3.0470462489168817	0.26648994221256095	0.0	0.0	0.0	0.2122268020303026	0.0	2.700848674639614	
0.0	4.8216884071759765	0.030676135928117174	0.0	5.7027306229699875	0.36268931141552546	0.0	0.0	0.0	0.0	
0.0	0.0	0.0	1.4642231164298072	0.0	0.0	0.0	0.0	0.0	0.0	
3.5762910513184702	0.0	0.0	0.0	3.452199974933188	0.0	0.0	2.229218764001431	0.0	0.0	
0.0	0.4382375586527399	0.0	2.0816620849350485	0.0	1.4648127881125077	1.2161472495566221	0.0	0.35915078343736245	0.0	
3.0172926554498876	0.07061685920717288	0.0	0.008672617238727249	0.0	1.1856840192958054	6.339123923886355	0.01609609234086038	1.32810243358553	1.0135247210555312	
0.8348163746929883	0.0	1.1904453425021246	1.1653404134277094	1.1267516043223047	0.027345778854707903	0.0	0.9780535324127211	0.0	0.09986553148645529	
0.0	1.3100443845815979	0.0	0.0	0.3486089522156711	1.0438079125857542	0.9075549887974843	0.0	7.967035874598871	0.06513027488167436	
1.1102604805699432	0.0	0.0	0.0	0.0	0.0	0.0	3.2259810033639935	0.0	0.0	
0.0	0.0	4.581621511684115	1.4412500356891198	0.0	0.0	0.0	0.0	0.0	0.0	
0.0	0.0	0.0	0.0	0.0	0.0	0.0	2.5870740219433	0.4623269928682085	0.0	
0.0	0.0	0.0	2.291730681564677	0.0	0.0	1.734917612976938	0.5036452275638268	0.0	0.7271130839652313	
0.0	1.664421356892194	0.0	0.2912099453846732	3.2546939124134004	0.0	1.2989060187485024	2.1630021011656337	0.0	0.0	
0.0	1.491979950004283	0.0	0.0	2.596520458166254	0.6413580348730439	0.24169772814475746	0.0	1.125298221642902	0.7050630450301255	
1.5212464111462198	1.4477421867766145	0.48746589767231724	5.275573261607968	0.11973125939865319	2.2912628233992884	0.0	0.0	0.0	0.0	
0.0	0.0	0.0	0.0	0.0	0.0	0.0	5.24895079914952	0.0	0.0	
1.5957491735781197	1.7695266122789457	0.0	0.0	3.986522890599159	0.0	0.47170285737192574	0.0	0.0	0.0	
0.0	0.0	0.0	7.50961206887069	0.0	0.0	0.0	0.0	0.0	2.077296424118119	
0.0	1.3597872850046466	0.0	0.8433145230289154	0.0	0.0	0.01711252045081062	0.5836373458406827	0.4670060204038488	0.7212177212740158	
0.0	0.0	0.0	0.0	0.0	0.0	0.0	3.3442226062299434	0.9782861630256391	0.0	
0.0	0.0	0.0	0.2949819493258918	0.0	4.400200708908921	0.0	3.4435678587988274	0.0	0.0	
0.0	0.0	0.22907453122497787	5.013416036447494	0.0	0.0	2.1552074084446216	0.332786456120041	0.38222139775365055	0.0	
0.5697940088930116	0.0	0.0	1.1839410469633942	5.906585391581636	1.7822446013874296	0.960963104651558	1.513512773823348	0.0	2.2763234978791647	
0.0	1.271733317452008	0.2632297176116229	0.0	2.0429386272065537	0.0	0.37596740192044514	0.2654629972643773	2.3018547467811348	0.4673296619471857	
0.758037244802312	1.2293586910318013	0.0	0.0	0.0	0.01371938281232136	0.0	0.0	0.0	1.077446010591146	
0.0	0.0	0.0	0.0	0.0	5.557214694247391	0.0	0.0	0.0	0.0	
0.0	0.0	0.0	0.0	0.0	1.6915440138962037	0.0	3.671734262799837	1.0762383493976233	0.0	
0.0	0.7397148125479327	0.0	0.09527001944113557	0.11726061508582954	0.0	0.007840904785498029	3.349989821330714	0.0	0.020939218691113374	
2.8452924702662097	0.0	0.3691453620354556	1.9485016322261188	0.04980772455854659	0.0	0.0	0.0	4.1002249010698755	1.3479920076022034	
0.0	0.0	0.0	7.196230093885985	0.0	0.0	0.5734042986462597	0.0	0.0	0.0	
1.9476328940054046	0.0	0.0	0.0	0.0	0.0	0.0	3.746921196701759	0.0	1.177615989997346	
0.7108312498931494	0.0	1.7764943790590453	0.0	0.12605273598472175	1.211277493058638	0.0	1.6787061469284166	0.0	0.0	
0.0	0.0	3.093928622041057	1.5685113255091734	0.0	5.851137011663743	0.0	0.0	2.7249704041952416	0.9466623059632434	
0.0	0.9394670327596437	0.0	3.339221096065138	0.609224018287313	0.0	0.24867990620978095	1.1547375961481523	0.0	0.0	
0.0	0.0	4.795541107869286	0.0	0.0	0.0	0.0	0.0	0.0	2.6549027582935523	
0.0	1.6405844225012254	0.0	0.47075456573966806	0.0	0.7903008812458842	0.0	5.42181168746681	0.0	0.0	
0.0	4.028242921171217	0.0	0.0	0.0	0.0	0.01602740724580071	0.0	0.0	0.0	
2.4361499356707332	2.985530939897923	0.6697621716281953	0.0	0.0	0.0	0.0	0.3987978679366404	0.0	0.7617353754588454	
0.0	0.0	8.715484942376905	0.0	0.0	0.0	0.0	0.0	0.0	0.0	
0.0	0.0	0.0	0.0	4.065901031100398	0.0	0.0	0.6066333700285784	0.0	0.0	
0.0	0.0	0.0	0.0	0.0	1.0422275942139754	0.9144192036709345	2.5858069751854096	0.39387002310233443	0.0	
0.0	0.0	0.0	3.1995342389030665	3.251539677113213	1.0979664448333544	0.7561604830533001	2.535958999724638	0.0	3.854726827149178	
0.0	1.7237015237249207	0.0	0.0	0.0	0.0	0.926615216776143	3.0654985252905425	0.4848389034340308	2.0541497481574598	
0.38220046751952347	0.0	0.5688254362309209	0.0	5.6200620167087045	0.0	0.0	0.0	0.0	2.514554073174496	
0.0	0.22436407093088023	0.0	5.477914126378314	0.0	0.04913828146186704	0.0	0.0	0.005228071121571614	1.1226206614385423	
1.3820287630093995	4.506177355308924	0.0	0.0	0.0	0.04169835462530675	0.0	0.1250979520445039	0.0	0.0	
0.0	0.3618134075770805	0.0	0.0	0.3620674858903999	0.0	1.9900664565196544	0.0	0.0	2.407587472486813	
0.0	0.0	0.0	2.3419397715351935	0.0	0.0	0.0	1.7953596068111162	0.0	0.0	
0.0	0.7219166526695351	0.0	2.980949793356269	3.2149775866094377	4.201008145597779	0.0	0.0	0.09020217641636663	0.18957863249060958	
0.11416701806760333	0.0	0.0	0.0	0.0	0.0	0.0	6.315056371806778	1.1330581216357711	0.8710733001630615	
2.5568778798628693	0.6328084277550755	0.0	1.4376750985825393	2.612218132653475	1.8279235690473643	0.5490633174868843	0.0	0.0	0.0	
0.0	0.0	0.039592447266411306	0.40708791195273986	1.173743683260084	0.0	0.0	0.0	1.6855261147133642	0.0	
0.0	0.2021418535354524	0.0	0.0	1.4565870255784013	0.0	0.0	0.0	2.985953561331371	0.443950979865403	
0.0	0.0	1.0429965515615969	0.0	2.9555593648767093	2.5116506817610627	0.0	0.0	0.0	0.0	
6.237757889612734	0.0	0.2587657975493228	1.2347653034968522	1.311522635963912	0.0	0.0	3.168846884706835	0.0	0.0	
0.0	0.0	0.0	0.0	0.0	0.0	2.021085759065881	0.0	0.0	0.0	
0.0	0.0	2.802241561869941	0.6624528443174714	0.0	2.6718231733488977	0.7044340463095056	0.0	4.034142060141907	0.0	
0.0	2.4030246965935125	1.0457059645504192	0.0	0.0	0.0	0.0	0.0	0.0	3.184691113775034	
0.0	0.0	0.8993184485851528	0.0	0.0	2.6531019701688816	0.8014515702807752	0.0	1.8610596871629912	0.0	
0.0	0.33654291107105067	0.0	2.0753086117452693	0.8109503663960941	0.541771852452102	0.0	2.201045351665227	0.410052435760683	0.8897846020616478	
0.0	0.41823792437289004	0.11611341773464386	2.8144431282481825	0.0	0.14177233229558464	0.0	0.0	0.0	0.016001852281874368	
1.347772865668946	0.5936745593466081	0.0	1.3098085526884036	1.4424439572126213	0.0	0.0	0.6259066181698254	0.0	4.598592050755553	
0.0	0.0	0.0	0.5428854779464771	0.0	3.6217981277263327	0.967265735923087	0.0	0.0	0.0	
2.027469366030589	2.596330769509858	0.0	0.0	0.0	0.0	0.0	0.007309488698263876	0.0	0.0	
0.0	0.5097221335760082	0.5797111940682599	0.0	0.6492458520471794	3.4749720999181686	0.0	2.2763978857377936	0.0	3.2490388067177527	
0.0	0.0	0.0	5.627723059881874	0.0	0.0	0.0	0.0	0.0	0.713085227801683	
1.562493762789477	0.0	0.0	0.0	7.32433818895415	0.3868466834806929	1.719890601796093	0.0	0.0	0.0	
3.813286251257002	0.0	0.0	0.0	1.9939474119895226	0.0	0.0	1.6787540629112194	2.1008674794512765	0.0	
0.0	2.120988964552482	0.4936160703398877	0.029405009017935052	0.0	0.0	2.2791721210287714	0.0	0.0	0.0	
0.0	1.4919835709844285	0.0	0.0	0.0	0.7088854764259552	0.0	1.119810414975954	0.0	0.0	
0.0	1.4646783213996286	0.0	0.28607703437425336	0.0	0.0	0.0	0.0	4.779395689294755	0.0	
0.28049710706674313	0.059504529765805204	0.0	0.3033262155170763	0.9967503736722051	0.0	2.3518357373898366	0.0	1.8001155458242604	0.0	
2.09449448842836	0.0	0.0	0.2177933735928469	0.0	0.0	0.0	0.0	0.0	0.0	
1.1985244333974747	0.0	0.0	0.0	0.8539255184027283	0.0	0.0	0.0	0.0	0.0	
0.0	0.0	0.0	2.952768073062002	0.0	0.7856621645594841	0.5881061201145434	0.0	0.0	0.0	
0.0	0.0	0.0	0.0	0.0	0.0	0.0	7.264190736874935	0.0	0.0	
1.6482401241634055	4.340545541188563	1.5739104655913123	0.4169697420295029	1.7199136406262527	0.0	0.114269366447331	0.0	0.0	0.0	
0.0	1.6666581929236528	1.5882770322684667	0.0	1.3373683484413883	0.0	0.4622129406242528	1.821283277049417	2.9613749015184285	2.518382555693011	
0.0	0.0	0.4913532955512637	0.0	0.0	0.0	0.0	4.375224904936935	0.0	0.005291898772852275	
0.5584803115545314	0.1725369923752179	0.0038919217055464715	0.0	2.784620090904332	0.0	0.1852418600573369	3.148360353923033	0.0	0.10930020711454214	
0.0	0.0	0.0	0.0	0.0	0.0	0.589895051332469	9.0593683378269	3.622410396388646	1.2300976015246092	
1.5991590020666462	0.2929670519831972	0.0	0.0	1.8158365134333272	0.0	0.6576939920989964	1.333918007853546	6.12090465047504	0.5308515594999627	
0.0	0.0	0.0	0.8915334685846742	1.0806206652544927	1.811739788777039	0.5971702467508988	0.0	0.0	0.6028535093606425	
0.19242814641467565	0.0	0.0	0.016287824409111095	3.4494228484911695	1.2936390224721912	0.0	0.0	0.912490238754029	0.0	
0.0	2.492846441341864	0.0	1.829094224839632	0.0	0.05098090451561099	0.0	0.0	0.0	0.0	
2.8966424707133203	0.0	0.0	0.21014112853013117	0.0	0.0	0.0	0.0	0.0	0.0	
1.0314821401758003	0.0	0.6990918491173652	1.5849736695079721	0.1549301337775274	0.37181288736179346	0.0	0.0	3.2431226260452455	0.9068727528564416	
0.0	0.0	0.0	0.0	0.6930676637374994	1.353393013616393	0.0	0.27732387604747877	0.9487292283866344	0.0	
0.356550171559664	0.0	0.0	1.8251234265103562	0.0	0.0	0.0	0.0	0.0	0.0	
0.0	0.6051234753998386	0.8556735303559978	1.3833162278737257	0.9848900942001076	3.0277616917090486	0.0	0.0	0.0	4.013073012522201	
0.0	0.0	0.0	0.0	0.0	0.0	0.0	6.25773322588499	1.519000516740323	0.7000702792486048	
0.04137184249081508	0.0	0.0	0.0	2.528215202388293	0.0	0.0	0.0	0.06871546800093474	0.0	
3.074164045830075	0.017742208754570003	0.0	1.619489993791424	5.155265477748127	0.0	0.0	0.5368663997042575	0.0	0.9047972741597204	
0.0	0.0	0.0	0.0	0.0	0.0	1.122816921745691	0.0	0.8801447656436493	0.0	
0.2498228007191708	3.103860879552877	0.0	0.0	6.029254682726776	0.34531635369471786	2.625536000498587	0.6074303913472713	0.13591807582673426	0.26010960031095776	
0.0	0.0	0.0	0.0	0.0	0.016990096738183323	0.0	0.0	7.002685874632616	0.6753870115493694	
0.0	0.0	0.0	0.0	0.0	0.0	0.0	5.1834884638699945	0.0	0.0	
0.0	4.848975806573963	2.850657942516218	0.03674753989183269	0.0	0.2376602861373972	0.0	0.0	0.0	0.1298221762120315	
0.10314290624214392	0.0	0.7210630339006853	0.0	0.0	0.0	0.0	0.0	0.0	0.6718184867419625	
0.0	1.3336501433738555	0.2667142641082476	0.15840518155936378	0.0	0.0	0.0	0.0	0.0	0.0	
0.0	0.0	0.18887987090784472	0.0	0.9290833048337498	0.0	1.1301732506515154	3.3041040531524453	0.0	1.3030608695800867	
0.0	0.0	0.0	0.0	5.776145429012428	0.0	0.0	0.31325255761976806	0.0	0.0	
0.0	2.057998311037376	1.340735983958461	0.0	3.3804747514005724	0.0	1.4921546000815589	0.0	0.0	0.0	
2.9701974090384744	0.0	0.0	0.0	3.366767355699425	0.0	0.0	0.0	0.0	0.0	
0.0	0.0	0.0	0.0	7.578920099307764	0.0	0.0	0.0	0.5376598048742687	0.0	
0.0	0.0	0.0	1.0875414200305649	0.0	0.0	0.0	0.0	1.520982467550367	0.0	
0.0	0.0	0.0	0.0	8.108929367010925	0.0	0.0	1.8218753532899052	0.0	0.0	
0.0	1.457617608852791	0.0	0.0	0.7903378793683777	4.770587315408947	0.0	1.1162261856131968	0.0	1.1791565668043509	
0.0	1.4740370109311423	0.0	0.0	0.20837520141426602	0.00821678075373784	0.0	0.0	6.296959044062135	1.1144259020253509	
0.0	2.1502377572845393	0.0	1.6883334412556954	1.1496934909402865	0.0	0.0	0.0	0.0	0.22716619238922353	
0.0	0.3774953837357123	0.0	3.202138233853061	0.0	0.0	0.0	2.2781961334432665	0.0	0.0639377209052684	
0.0	0.0	6.729057246507092	0.0	0.0	1.7129429621707384	0.0	0.0	7.339157318422347	0.0	
2.0810781614197125	0.0	0.0	0.0	0.0	0.0	0.9527258439148697	4.868658068366275	0.0	0.0	
0.0	2.886902310447852	0.0	0.0	5.964800559283005	2.4024788320316075	0.0	6.162123120959148	0.0	0.8400359363044094	
0.3017775824448483	0.18186645687676817	2.310951775062299	0.49759387467712635	0.707415340362442	0.0	0.0	3.819449258363083	0.0	0.0	
0.0	0.0	0.0	0.0	2.4989325223636456	0.0	1.3839247801825902	0.22630237898580774	0.6392777817087854	0.0012448112105686014	
0.0	0.1500120981721846	1.4466838285065737	0.4896114074111647	0.0	0.35140346670081024	0.6928043805782024	0.0	0.0	0.21041671462926265	
0.0	0.0	0.0	1.2796777921457967	0.5891278847938219	0.0	0.0	1.1722698918942345	0.0	0.6089050399597317	
0.0	0.0	0.0	0.0	1.8141198149698317	0.0	0.0	3.1191332797959626	0.0	0.0	
0.0	0.0	0.6959579822456671	0.0	0.029892083034940328	1.7078177532387233	0.0	0.0	0.0	0.0	
0.0	3.6021809402335503	2.881420028711097	0.0	0.0	0.6217406313363208	2.7198360338529155	0.0	0.14407070013329654	0.0	
0.0	0.0	0.0	0.0	0.009486471402654134	0.0	0.6859135404481933	0.0	8.016658733535872	0.2902209723345872	
1.4689432660854598	0.0	0.0	0.0	0.0	0.01041672081186932	7.2013413123434775	0.8881976712312966	0.7039091093556592	0.0	
0.0	0.0	0.1715806761652229	0.0	0.0	2.213760511337471	2.248319927368284	2.693839210847927	0.23393333592240245	0.6476406518117757	
0.0	0.0	0.0	1.701501859237382	0.0	2.8547437197029946	0.0	0.0	4.651726623586193	0.0	
6.450417788316742	0.0	0.0	0.0	0.0	0.0	0.0	0.0	0.0	0.422725128497237	
0.0	0.0	0.0	0.0	3.1269484050311833	0.0	0.0	2.014249282930232	0.0	0.0	
0.0	0.0	0.0	2.612495684017127	0.0	0.0	0.0	0.0	0.0	1.3305029265165047	
0.0	0.8820277235454496	0.0	0.05826522781415561	0.30692085557559473	0.0	1.110128019241785	0.8571466659458525	0.765451751044822	0.2628997741642925	
0.0	0.0	2.3374432470593747	0.0	7.99208352210582	0.0	0.0	0.0	0.0	0.3238323667512011	
3.26503642693696	4.060698226081785	0.0	0.0	0.0	0.0	0.0	0.0	0.5955702398948834	0.0	
0.0	0.0	0.0	0.0	0.0	4.9072579538346774	0.0	1.01774007334423	0.0	0.0	
0.16768810988513655	0.003650382369021485	4.2013799419947535	2.030269794221151	0.0	0.0	0.0732498303440136	0.051442156282225135	1.6341359380039413	0.9319799773495537	
0.0	0.0	0.0	0.0	0.0	0.0	0.0	2.3110545090215897	0.0	0.0	
0.0	0.9532923672522927	0.0	0.0	0.0	2.3500740910325635	0.0	0.0	0.0	0.0	
2.071417240529092	0.29940059853340933	0.0	0.002601386519784276	3.788091825306493	4.175340756622826	0.8659779780478998	0.0	0.0	0.35795146716619297	
0.0	0.0	0.0	0.0	0.0	0.0	0.0	0.0	0.0	5.239443995014189	
0.0	0.0	0.08110281347358719	2.480810086204837	0.0	2.0381290531165637	0.0	0.36702889064149485	0.0	4.472383167940698	
0.0	0.0	0.7901555989356036	0.0	1.0262733982098136	0.0	0.0	0.0	0.0	4.345581013998583	
0.0	0.0	0.0	0.0	1.1555283413988169	0.5176592247886309	1.8870585565610962	0.3998525555188805	1.1931432474832984	0.0	
0.0	0.0	0.0	0.0	2.695236704201867	0.0	1.675549678828873	0.0	0.0	0.0	
3.1137801344802645	0.0	0.0	2.673049344083703	0.0	0.0	2.681075878119197	1.0145588436818624	0.0	0.0	
0.0	0.0	0.0	2.305907358785403	1.2113765660704285	3.767099613978245	3.241700799589709E-4	0.0	0.0	1.506030498684484	
0.0	0.0	0.0	0.0	0.0	0.03402291976655254	3.579844183713071	0.0	0.0	0.9761110644469569	
0.0	0.0	0.0636092838762582	0.0	0.0	0.0	6.11732539162645	0.0	5.382432050351698	0.0	
2.2133005217024078	1.0024296241667308	0.0	0.0	3.866931397316018	0.752166950084082	0.1740680319960195	0.0	0.671789529392245	1.4391065041859619	
0.36857697077329094	1.167592147511452	2.3380343268327404	0.8495864152521959	0.0	0.17182042866789635	0.0	0.0	0.0	0.0	
0.0	0.0	0.06631085071779501	0.0	1.0475880568299294	0.0	0.0	0.0	2.3735076234219457	0.0	
0.0	0.2971203286516191	0.0	0.0	0.0	0.0	0.0	4.365066252054724	0.0	0.0	
0.0	0.0	1.9928913929261893	1.2544947139463556	0.0	0.0	0.0	0.0	0.0	0.0	
0.0	0.027872954911642902	0.0	0.10438877855115773	0.6491148234838571	2.6853206989102905	0.5510016656946514	0.0	0.0	0.0	
3.2072317753172173	0.0	0.0	2.849343031656048	0.0	0.0	0.0	0.0	0.0	0.0	
0.0	0.47251162721350054	0.16536938862910583	0.8571970880143084	0.0	3.3293365643054185	0.0	0.0	0.0	0.0	
0.0	1.3694212326686257	0.0	0.0	0.0	0.0	1.0529498983765762	0.0	0.0	0.0283927344234452	
0.0	0.0	0.0	0.0	3.548593462984418	0.33518379268511944	1.6481877168628112	0.0	1.648516466330617	0.0	
2.5843357856731815	0.0	0.0	2.735842235133379	0.0	0.0	0.0	0.0	0.0	0.0	
0.7011935491426473	0.0	1.8569270857497375	0.0	0.36449680510760574	0.5851290103805408	2.1494742025954885	0.0	0.0	2.9746792777127986	
0.0	0.0	1.1379074377815872	1.0403776980784711	0.0	0.5724973021284414	0.805004156561487	0.0	0.9898423446319268	0.0	
0.0	0.0	0.0	1.0798428194396121	0.0	3.429181385693207	1.9128573234753161	0.0	1.139230310817931	6.426005844512265	
2.639596698555727	1.9255426006091092	0.0	0.6769456386502667	0.2542210391653068	2.822122000877834	0.0	0.0	0.0	0.016259553517443195	
0.0	0.0	0.0	0.0	0.0	2.6554128276843496	0.0	5.816706724131884	0.0	0.0	
0.0	0.0	0.0	1.326689866167482	1.2424450796187794	0.0	0.5638298140762106	0.0	0.0	0.0	
0.0	1.818658613912983	0.0	0.635782714483751	0.0	0.0	0.0	0.0	0.0	5.561363823317824	
0.0	4.099851092179577	0.0	0.0	0.0	2.837849347579152	0.0	0.0	0.0	0.0	
1.343857072831896	0.0	0.0	0.0	0.0	0.0	0.0	4.736042886341177	1.5734854050242495	0.7629732216390203	
3.889988787807798	0.20627938960771586	0.0	0.0	2.905165218653327	0.0	0.0	0.21158346020986302	0.0	0.0	
0.0	0.0	1.277195437677391	0.0	0.0	0.4617088731957	0.0	0.5960206396816149	0.0	0.0	
0.9581976152515195	0.0	0.0	1.4738146109780141	0.0	0.8718007444340012	0.0	1.683143926269508	0.0	0.0	
1.7882589222979977	0.0	0.0	0.0	0.0	0.8268175795909682	0.0	0.0	0.6332352190545197	0.0	
0.0	0.1722170252833473	0.0	1.0938741561474519	0.0	0.0	0.0	0.0	3.8777189888282826	0.0	
0.0	3.026539248230009	0.0	0.0	0.0	0.0	0.0	0.26681568453762683	0.0	2.8492132267666825	
0.45722114917605977	0.0	0.0	0.0	1.1813571217581076	3.5301503042624462	0.0	0.0	0.7740318587325846	0.0	
0.3123959836324304	0.4414782256423629	0.0	0.0	1.7086405443064665	0.5382473196784768	0.0	4.488669738512249	0.0	0.34816026421960616	
0.0	1.6891694919065607	0.33414463952321605	1.001613297081302	0.23230080810267895	0.0	4.799915012551648	0.0	0.0	6.685653848171881	
0.0	0.7443971526066424	0.0	1.3844437873448459	0.0	0.4044482337290068	0.036331803417256066	0.0	2.4587603938935696	1.799246684049129	
0.0	0.0	0.6844503264474774	0.0	0.7432998797263844	0.0	0.0	0.0	1.9659070163727843	1.9392151382762743	
1.1818213106888145	0.0	2.027513727601403	2.806816540549844	0.0	0.0	0.0	7.491756271498528	0.0	0.0	
1.0039097682491969	0.587281386459769	0.0	1.7092069739007925	2.1833126072590683	0.0	0.0	0.01235362784622138	0.0	0.13387928992097836	
0.0	0.0	0.7892674324838256	0.0	0.0	3.1001065029376367	0.0	0.0	0.0	1.0375704441565918	
0.0	0.0	0.0	0.0	0.0	0.0	0.0	2.674705673046671	0.0	0.0	
0.0	0.0	0.0	0.0	0.0	0.0	0.0	2.086011684376407	0.0	0.0	
2.138953654115869	0.0	0.0	0.0	5.372503930902094	0.0	0.0	1.7936197589014151	0.0	0.0	
0.0	0.0	0.0	1.8204368261663961	0.0	0.0	0.0	0.0	0.0	0.0	
0.0	0.0	0.0037103673743220772	0.0	0.0	1.3170323436048956	0.0	0.018017192400719598	0.0	4.217851284127407	
0.0	0.0	0.0	0.31847808944873945	0.0	0.05399518130244459	0.0	0.0	0.1456743603136424	1.5725377040093793	
1.0729459672883894	0.0	1.180094303156915	0.0	0.0	0.0	0.0	5.684371921197663	1.1688362006332709	0.0	
0.7681295548508431	0.0	0.0	0.7556012661774979	4.2185838604620916	0.0	1.9345321523474923	0.0	0.0	0.0	
0.0	0.0	0.0	0.0	2.384304120386655	0.0	0.0	0.0	0.0	0.0	
0.0	0.0	0.0	0.0	0.0	0.0	4.2785841833461395	0.0	0.0	0.0	
0.0	0.0	0.0	0.7077431190458265	0.9167739721815044	0.0	0.0	0.0	4.4988967461939975	0.0	
0.0	0.0	0.0	0.0	2.6501627426682375	0.014025143939097904	1.517094239131496	0.0	0.025602962315419857	0.0	
0.0	0.0	0.0	0.0	0.0	0.0	0.0	0.1064079702558597	0.0	6.152684350378774	
1.6016773665948998	0.10564509740556131	10.03390802392503	0.23497926886758363	0.0	0.0	0.0	0.07777863872721054	0.5591826724244957	0.0	
0.0	0.0	0.0	0.0	4.7439988674759554	0.36039648172302613	0.14977133649453842	0.0	0.0	1.3931654259621316	
0.29777127627575045	0.0	0.5493458233433416	1.8234949281630055	0.07186042443783566	0.0	0.0	0.0	0.7899195367685428	0.9440161483512625	
0.0	1.0477532974034887	0.0	1.1750251049901659	0.0	0.0	0.0	0.8486728270246277	0.0	0.5197356360176824	
3.0587857964802923	0.0	0.0	0.0	0.0	0.0	0.0	2.7471669464469994	0.9869156229570945	0.0	
0.0	0.0	0.0	0.8486246336736241	0.0	2.479948379573468	0.0	0.0	0.0	1.1744240311964949	
0.0	3.1006466617014867	0.0	0.0	0.0	0.0	2.9792584742517763	0.0	1.8713400037724168	0.0	
1.6058855049624432	0.0	0.0	0.0	0.0	0.3299608104613012	1.0808217087000584	2.6782666656139282	0.0	0.0	
0.0	2.8053439757031606	0.16528331498296678	0.0	2.4456693430360334	0.0	0.0	0.008668057156185792	1.4922228458562308	0.0	
0.0	0.0	6.710686716764412	1.1718841049795425	0.0	0.7265909236167257	0.0	0.0	0.3374949133997179	0.0	
0.0	0.0	0.0	0.0	0.0	0.0	0.0	0.0	2.5573955229174112	0.0	
0.0	0.0	0.8332940227105862	0.0	0.0	1.0586798708162628	0.0	0.0	2.0949780630577868	0.0	
4.385082024044003	0.0	0.0	0.1361711477363033	0.0	0.0	0.0	8.33632350649265	0.0	0.4901004946748098	
0.0	0.6545513252887165	0.0	0.1884257281476377	0.0	0.0	1.2870258702800645	0.0	0.0	0.22232579819024065	
1.5500326798643653	0.0	1.9472841929217162	2.537033523851356	0.0	0.0	0.73824338508521	1.096989602515755	0.5332773258806235	2.2813127421188013	
0.0	0.0	0.2815248812807003	0.32653975939238367	0.0	0.0	0.0	7.863392531427053	0.0	0.0	
0.0	1.037682331761172	0.0	0.0	0.0	0.0	0.0	0.0	3.7248807482272297	2.5865325903544902	
0.011502367349934949	3.5320869426183883	0.003000676659419226	0.6692476844651081	0.0010418560829216408	1.9298976358624338	0.3904039425157334	0.0	0.0	2.508447338395181	
0.0	0.0	0.2601946841422051	3.0352294311961607	0.0	0.5899698614952025	0.0	1.4522328139987093	0.0	0.0	
0.0	2.2573431017594237	0.0	0.04098945801061708	0.0	0.0	3.1148668875193843	0.0	0.0	0.0	
0.18481916542440105	0.0	0.5406233602735213	0.0	1.5502591285542384	0.0	0.0	0.9441246563436257	0.0	1.4675181702608018	
1.3191073683083403	0.0	0.0	0.0	0.019710525343703354	0.0	0.2122138965395252	0.0	0.0	4.993782512891539	
0.0	1.877136963747432	0.0	0.0	0.7728125596270957	0.0	2.7000570875895944	5.1780881953257865	0.11204821922209283	0.42026126087459986	
0.0	0.0	0.0	1.3238433063227697	0.0	1.9933590739476605	0.5597146647012036	0.0	0.0	0.0	
0.0	3.687881831960601	0.0	0.0	0.07908472305814745	0.0	0.0	0.301466887595083	0.0	0.0	
4.243126377560504	0.0	0.0	0.0	2.9925294612943465	0.0	0.0	1.0005679013448734	3.9679650842153293	0.19104333575994276	
0.7924362184388016	1.5081669638860333	0.41527588026085693	0.0	0.0	2.5647703812740676	0.0	0.0	0.0	0.0	
0.0	0.0	0.0	2.250184010591335	0.6544032021758164	0.6573064686461606	0.0	0.0	0.8420660806300091	2.0713507199256	
0.0	0.0	0.0	0.0	0.0	1.4424470490944472	0.0	5.985263829277329	1.7679407117728312	0.0	
0.3433601799867478	0.0	0.0	0.5172106969878845	1.4209428215096982	0.7717571540549071	0.0	0.0	0.0	1.0129190338917722	
2.8553248562330755	1.290120001724606	0.0	0.0	0.0	1.1173701811985155	2.3558836743917455	0.07859153773338207	0.0	0.0	
0.0	1.995088291297507	5.590845002734888	1.2477539658072925	0.0	0.0	0.9481812773841822	0.0	0.0	0.0	
0.0	0.0	3.4926008036677634	0.0	2.5642485939947006	0.0	0.0	9.264227891362593	2.352375678193159	0.14368984275757213	
2.053761321637231	0.0	0.0	0.0	0.0	0.0	5.394439759114062	0.0	0.0	0.0	
0.0	0.4732182710486352	0.19861550431754155	6.906102598330248	2.6204210134261787	0.5955524526714585	0.0	0.0	0.0	1.0140003397763364	
0.0	2.5802889998297545	0.0	0.0	1.4997042181830982	0.0	1.0824783988227171	0.0	0.0	2.1878764967170987	
0.0	0.1414256965787957	0.0	0.0	0.0	0.0	0.15520664794112524	3.972963122342996	1.1879332618849865	0.0042396556418903344	
0.0	0.0	0.0	0.0	0.0	0.0	0.0	1.7151711962784861	5.172041179996331	0.0	
0.0	0.0	0.0	2.38185168772344	0.0	0.0	0.2713492008587913	4.220236444123522	0.0	0.0	
0.025956191720312338	3.8255145976903657	0.0	0.0	1.9563436489526722	2.3588870971447635	0.7792599699973866	0.0	0.0	0.23011055274488987	
0.0	0.0	0.0	0.0	0.0	0.0	0.0	0.0	2.120148109649062	0.0	
0.0	0.0	0.0	0.0	0.0	0.0	0.0	0.0	0.0	0.0	
0.0	0.0	0.0	1.6514633899085556	0.0	0.0	0.0	0.0	3.685242280012506	0.3256175471643701	
0.0	0.0	0.0	0.0	9.150869712966392	0.0	0.0	0.0	0.0	1.875131650553655	
0.6702930285694944	0.0	0.0	0.46930915611781643	0.0	0.0	7.370615932447075	0.0	0.0	0.37425911472610773	
2.788586906158343	0.0	0.0	0.3889884699767136	0.0	0.0	0.0	0.0	0.0	0.0	
3.03059713579546	0.02208893659228162	0.09081269341857288	0.16202873119730543	0.7032129349235307	0.0	0.0	4.881040318719214	0.0	0.6091705653829623	
2.722604308975476	0.0	0.0	0.0	0.0	3.4307730115482338	0.0	0.0	0.0	1.5314976119615333	
1.4399447685681142	0.0	0.3271023419042313	0.0	0.0	0.0	1.6373717854587775	0.0	0.0	1.1832229010777828	
0.0	0.0	0.0	0.6920187942269549	5.577886083560427	0.46018600268238435	1.9308902410097328	0.41555298545419583	1.2368944962562207	0.0	
0.0	0.0	3.3824983900928953	0.0	0.7448267856498392	0.0	1.0178401003351198	0.6682023789214835	5.644296550276781	0.493132179567736	
5.575948131663052	0.0	0.0	0.0	0.0	0.1805465901004487	0.9216891145800532	0.0	0.0	0.0	
0.0	0.0	0.0	0.8441326931356973	0.0	0.0	0.0	1.9608422012153444	3.8684413753108835	0.7424256789653912	
0.0	0.0	0.0	0.0	0.0	0.0	5.056086019511571	0.0	1.0553057176471896	0.016937617323021424	
0.09491313933420377	0.0	0.0	0.0	0.0	3.322394059096384	0.0	0.0	0.0	0.0	
0.6731882793605206	0.3648503861427786	4.557527463619008	1.2113254470379842	0.2587024589985098	0.1766898405057894	0.0	0.0	0.0	0.5622563327107377	
0.0	0.0	0.0	0.0	0.0	0.0	2.8446773863011448	0.0	0.0	2.6598936383656855	
3.197513989450474	0.0	1.1847118268260202	0.0	1.0038270751042206	0.0	0.42210779219543926	0.0	0.4533017699576175	0.17920263787025187	
0.0	0.5729880619526821	0.1919858439208839	0.0	1.2917070396153363	2.174964487518027	0.0	4.762617873346642	0.0	0.8255846689747768	
1.2649543742647233	0.0	0.0	4.22382876071654	2.9055433342190757	0.0	0.0	0.0	0.0	0.0	
0.0	0.26618817544888856	0.0	0.0	0.2268168134617474	0.020933454997108403	0.0	1.870634724127249	1.9992604657102764	0.4940735558588395	
0.0	0.0	0.0	0.0	0.0	0.0	0.0	1.795248901474626	0.0	4.305681706828196	
0.0	0.0	0.0	0.0	0.44150499221159817	0.0	0.0	1.115172511218374	0.0	0.9801050141722883	
0.0	0.0	0.0	1.643739960257793	5.298971422128205	0.0	0.5979813783693951	0.0	0.0	1.4956557865458193	
0.0	0.2089029544345298	0.0	1.20109984247683	0.12322153758816198	0.0	0.0	0.9670271006877272	0.0	0.0	
0.0	1.4769739755338271	0.9847561098941503	0.0	0.22952824235687894	0.17011299449543096	0.0	0.0	3.9065149751050368	0.0	
9.396821466998876E-4	3.091748221710615	0.0	0.860586416258119	0.45989670900987983	0.0	0.060134646729879414	0.0	0.0	2.7737592296152243	
0.0	0.0	0.0	0.0	0.0	0.0	0.0	0.0	3.2491910053778685	0.0	
0.0	0.38552251838914425	0.0	0.0	4.265065035936074	0.3583033817193245	0.5161750001773511	0.0	0.0	0.5898132649290126	
0.0	0.0	0.0	0.0	0.0	0.2093256034025748	0.0	3.743130855509665	0.0	1.1017478327954027	
5.173120187853496	0.0	0.0	0.8866666491088813	6.491191049032515	0.35512792524684395	3.251090779131422	0.1925331647734465	0.5531825685254155	0.0	
0.0	1.6156952250973833	1.5329125261412226	1.8541457402851895	1.691580811259277	0.0	0.0	0.0	0.9530250803599886	0.0	
0.0	0.0	0.0	0.0	3.3412831088757775	0.0	0.0	0.0	0.0	0.0	
0.0	0.0	0.0	0.0	0.0	0.0	0.37953058947070545	1.0848643682324366	5.259118649386209	1.3568231714585837	
0.18638616171806863	0.0	0.0	0.0	0.568972518725196	0.0	0.0	0.3742498470377327	0.27325554810127156	0.0	
1.8965066552015208	0.0	0.0	0.0	0.8938911496864422	0.0	0.04588473443887054	1.9774366244016643	0.0	2.2323511308902058	
0.0	0.0	0.0	0.0	0.0	1.020936482609484	0.0	5.48172634330062	0.0	0.0	
1.8178467642262435	0.0	0.0	0.9379685032316797	0.0	1.0789753922709333	0.25563134041322627	0.0	0.0	0.0	
0.25490459047796843	0.0	1.9455963233368903	0.0	0.8739256856433517	0.0	0.15825113260999907	3.877261361668357	0.0	0.0	
0.0	0.0	2.740889390976799	0.0	0.0	0.0	0.0	0.0	3.0498472587426444	4.620431575300697	
3.2928717050867755	0.0	0.0	1.1567023311208167	0.0	0.0	3.024618828308801	0.0	0.3834360808621754	0.0	
0.0	0.0	2.1246534379577753	0.0	0.0	0.0	0.0	1.6908377921101856	0.0	0.0	
6.2108482845427915	0.44734487070726753	0.0	0.0	0.0	0.0	0.0	0.14029499983334648	0.0	2.6568996820201494	
0.0	0.13517734218343488	0.1668367664294775	0.4888105614444858	1.8630411048077193	0.7301347712037413	0.0	0.0	0.0	0.0	
6.299811274900849	0.0	0.0	0.0	0.0	0.0	0.8221203459328681	0.33070094668393546	0.0	0.0	
0.0	1.854827715808208	0.0	2.8006798665890553	0.09438678228087043	0.0	0.0	0.0	0.6206223138653607	0.4015163374456928	
0.7616701920077408	1.7542085601343786	0.0	0.0	0.0	0.0	0.0	0.0	0.0	0.0	
0.0	0.0	0.0	0.0	0.0	0.0	4.099492371855874	0.0	0.0	0.5926404225516669	
0.0	4.263312340492941	1.813205387614415	1.0004779846042304	0.0	0.04195829992836983	0.0	0.0	0.0	0.1277866062465508	
0.0	0.0	0.0	0.0	0.0	0.0	3.597867659292957	0.0	0.0	0.8005267698567127	
0.0	0.0	0.0	8.997920136791157	2.2155273729620766	0.0	0.0	0.0	0.0	4.418870354840468	
3.18719014733123	0.0	0.0	2.111174809413326	0.0	0.0	0.0	2.9761489754745014	0.0	2.7310803295533246	
0.0	0.347065329836767	0.0	2.8608175487293113	0.0	0.0	0.8962899191086916	0.0	0.0	0.0	
0.0	0.0	0.0	2.7765186495380827	0.0	0.0	0.0	0.0	0.0	0.0	
0.0	1.6813126996478138	0.0	0.0	0.346089251125115	0.0	0.0	0.0	0.0	0.04617152384560663	
0.0	1.593145754075245	1.45103861919025	0.0	0.0	1.5870366638886195	0.0	1.8671969035708071	0.0	0.0	
0.0	3.0946142174244553	0.0	0.0	0.0	0.0	0.0	0.0	0.0	0.0	
0.0	0.0	0.0	0.0	3.1795467731739877	0.9899695309724238	0.0	0.0	0.0	0.7346480511717162	
0.0	0.0	0.0	0.0	0.0	3.183181294407288	0.0	0.0	0.0	2.7455262275608563	
0.0	0.0	0.0	0.0	3.2825505784182782	0.0	0.0	0.0	0.0	0.0	
2.153396792302497	1.3514460437253688	0.0	0.0	0.0	0.0	0.0	0.0	0.9885868499279659	0.2323759563495889	
4.181655224234085	0.0	0.0	0.0	0.0	0.0	0.0	0.0	0.0	1.6021416024067263	
4.153232010161416	0.0027031215300209487	0.0	0.7148511844725061	0.31635806128191074	0.0	0.0	0.0	0.0	0.0	
4.268695366757759	0.0	0.8589693346988986	0.0	0.11118934062422901	0.0	0.606958957207418	0.0	0.03333937494827366	0.0	
0.0	0.0	0.0	0.5732167500943831	5.946645916686065	0.0	0.0	0.0	0.0	1.5907139014407292	
0.0	0.0	0.0	4.36229033578484	0.0	0.7607375841586862	0.23188816021916137	7.30793840002431	0.0	0.0	
1.318687541983547	0.8709394910354422	0.0	0.0	0.0	0.0	0.0	0.0	0.0	1.5363483942799456	
0.0	0.0	0.0	1.7744535060076965	3.0387956235118057	0.3787860416291387	0.0	0.2108804796846951	0.0	0.0	
0.33870614844833624	0.38657215457484406	0.0	0.0	0.0	0.0	0.0	0.5021034156175579	0.0	0.0	
0.0	2.047201770030158	0.0	3.4123708508212456	0.0	0.0	0.0	0.0	0.0	0.0	
0.0	3.704003847196877	0.14866034968593042	0.0	0.0	0.0	0.424988185552975	2.1509529083411625	0.26840625380599736	0.0	
0.0	0.7014013324898061	0.0	0.0	4.107429775902816	0.8125795342487387	2.1467810703646455	0.031868865798044314	0.5953916790061835	0.2063270932192629	
0.0	0.0	0.0	0.0	0.0	0.0	0.0	0.0	0.0	1.9353280161208897	
0.22281925592168517	0.0	0.0	2.171866168991738	1.1953958556721054	0.0	0.9192332650419509	0.0	0.6271225872143382	2.5249555198554434	
0.26467965207372784	3.295123553371906	0.0	0.0	0.8656906472206962	0.0	0.8148158808850301	0.0	0.0	0.0	
0.0	0.0	0.0	0.0	2.282309964942842	0.0	1.6631533834797316	0.0	0.0	1.0277044952562198	
0.0	2.1008017921978066	0.0	3.5195888193351412	1.2961083156097182	0.5887873542816285	0.0	0.0	0.3659684699149432	5.4467337182295985	
0.0	0.0	0.0	0.0	0.0	1.844325151039467	0.41176542881292183	0.0	0.4387240456544962	0.5219121676167897	
2.117332123504412	3.165244220519033	0.0	0.0	0.0	0.0	0.0	0.0	0.0	1.148871865381821	
0.0	0.0	0.0	0.0	0.0	0.0	0.7653808880796269	0.919534673280394	0.0	3.6563021151633843	
0.0	0.0	0.0	1.8690869289022618	0.0	0.6202877818615222	0.33234693175401747	1.3075535247536716	0.0	0.0	
4.369969113173182	0.0	0.0	1.1702741795004827	0.0	0.40159005831723615	0.0	0.0	0.0	0.0	
0.0	0.26650023737999085	0.0	3.6273479262672352	0.018152717608712152	0.86515042687078	0.0	1.7008237525843448	0.0	1.1121233304357927	
0.0	0.1834764178012398	0.0	0.8896968166128217	0.0	0.0	0.0	3.069294348657592	0.9584128442515958	0.8701446187327289	
0.0	0.0	6.189646239404074	0.211701227869686	0.0	0.0	0.3756670856104629	1.150341196567849	0.32830632832731943	2.1540394673625687	
2.7168775560579297	0.0	0.0	0.0	0.0	0.0	0.14109797102694607	0.0	0.0	0.0	
2.149440712246168	0.0	0.0	3.462884739783781	0.6944402507752725	1.7373655642381192	1.5332233389983374	0.0	0.0	0.0	
0.0	0.11996231115993433	0.0	0.5863224629125173	0.0	0.0	0.0	0.0	3.491200660511069	0.0	
0.050040678014841244	1.758237478304501	0.5888703452227101	0.0	0.9682526976771034	0.2542344991866218	0.006542072514231257	0.012480626100045434	0.9775797603933939	0.0	
0.0	2.972520080519827	0.0	0.5177823652781518	0.0	1.1530477890604889	0.0	0.0	0.0	0.0	
0.0	1.4565228304482665	0.01873036110096554	0.056026270397177225	0.14287174737522954	0.5899140594581901	0.1431480731861507	0.0	0.0	2.079980254274986	
0.0	1.655572871416259	0.0	1.3895688826342187	0.0	0.27313009020853674	0.20712862540809385	0.40032855522015126	0.0	0.25648209668404376	
0.0	1.6893777980753593	0.0	0.0	0.0	0.0	0.0	0.0	0.7309455726295655	0.0	
0.8312900448964738	0.0	2.660777762051256	2.131798522050288	0.9490717632237735	1.3279056686948103	0.0	0.0	0.0	0.0	
0.0	0.956911691227008	0.0	1.2961687501865469	6.857811970030631	0.0	0.0	0.0	0.0	2.191154442312407	
0.0	1.3292267759556022	0.0	0.0	0.0	0.2159658671432687	0.0	1.3179096447185952	0.0	0.22577283073186385	
0.0	0.0	0.08128695861753465	2.5361141736852972	3.5852453447248798	0.9327026286065345	0.0	0.0	0.0	0.0	
6.066435820189698	0.0	0.0	0.0	2.967148903508754	0.0	0.7935086666396023	0.05618051251365843	0.11496795452933918	0.0	
2.5472162593477807	0.0	0.0	0.0	0.0	0.0	0.0	2.1424520913287397	4.3415210038580065	0.0	
0.9338103509622029	0.0	0.4117095551132768	0.0	0.0	4.616487154844182	1.1317792669116709	0.2636539908535456	0.0	0.0	
0.0	0.0	3.5350310261613256	0.0	0.013243664836798442	0.0	0.0	0.21622481936921142	0.0	5.027781110934066	
0.0	0.9628287188289323	0.0	0.0	0.0	0.1319313732347574	0.5882349857427303	0.9899955805079373	4.48803467930263	3.1018709186880344	
0.0	0.0	0.0	0.0	4.6114119213453595	0.0	0.0	2.8347293038478156	0.0	0.0	
0.0	1.1035088037319123	0.0	0.27135684639607155	0.0	0.0	5.29218535703513	0.0	0.0	0.31997001531436814	
0.781470616351466	0.0	0.0	0.0	0.0	1.6306760569440566	0.0	0.0	0.0	0.0	
4.962107561294775	0.0	0.0	0.0	3.607847158349919	0.0	0.9384648191053079	0.0	0.0	0.0	
0.0	3.7094340806083306	0.0	0.0	0.0	0.0	0.0	0.7498317500716142	1.435072190681211	0.0	
0.0	0.0	0.0	1.9064867237239351	0.0	0.0	3.173243043499513	0.0	0.0	3.171579621545742	
0.2103651496822418	0.0	0.0	0.07426658778460697	0.0	0.0	0.0	0.1106606827182631	0.0	1.1009743862654184	
0.0	0.0	0.0	0.0	6.775871823579489	0.0	1.0566027279342576	0.8946255888081881	0.134284310759599	1.7380665505448958	
0.0	0.0	2.8859814463061473	0.0	1.472735276196578	0.0	0.0	0.0	0.0	0.0	
0.0	0.0	0.0	0.0	0.0	0.0	2.162241809973548	0.0	0.0	2.8973296588144373	
0.0	0.18181371688287917	0.0	0.0	0.0	5.715419028868074	0.0	0.0	0.0	2.1231499339383877	
0.0	0.0	0.21965328429983674	0.0	1.5710707457819708	0.0	1.5764584253008764	0.0	0.0	2.3874024169546266	
0.0	0.0	0.6725492081160506	0.0	0.0	0.0	0.0	0.19735714461106918	7.824609808576325	0.13873403583740068	
0.021370076593099585	1.056451535033847	0.0	0.0	2.804700784218789	0.0	5.408782624749759	0.0	1.5095625368207415	0.0	
0.0	0.0	0.0	0.0	0.0	0.0	5.943026391061793	0.0	0.0	0.0	
0.0	0.0	0.0	0.006177164628839608	0.0	0.0	0.3830007288981027	1.322864749702443	2.8444553655239297	0.049728123802434944	
0.0	0.0	0.0	0.0	0.0	0.0	0.0	6.670469971284465	5.821461637662295	0.0	
0.0	1.7732424153190842	0.0	0.0	0.0	0.0	0.0	0.0	0.0	0.0	
0.0	0.6184092275828683	0.0	0.18982748904460228	0.0643323648252221	0.0	0.0	0.0	0.0	0.0	
2.6268913031840158	0.2941246857342966	0.0	0.16415594206185685	0.6427411775307529	1.0336866906006408	3.0748429549069947	0.0	0.9379864806715588	0.0	
0.0	0.0	0.0	0.0	0.0	0.7584912262371538	1.2225413383058934	0.0031331567038907554	0.0	0.0	
0.0	0.0	0.0	0.0	1.0470656516477606	0.0	0.7582300295659042	2.0542052615678545	0.0	1.4028828460236558	
1.7575886354340218	0.0	0.0	0.0	0.0	1.5447215041834754	0.0	0.0	1.057533191660809	0.0	
0.15891388122552522	0.0	0.7962445071163757	0.0	0.0	0.0869651266012374	0.0	0.0	0.0	0.0	
0.0	0.8235981250774778	0.0	0.0	0.0	0.3155106799489828	0.7611451419753525	0.0	0.0	0.0	
0.0	0.027994058111513245	4.221286418969388	0.0	0.9876576117959138	0.0	0.0	0.016986025257845816	0.0	0.03485709256024364	
0.0	0.0	0.0	0.0	0.0	0.0	0.0	0.0	0.4266942583896068	3.331949103969847	
0.0	0.0	0.0	0.0	0.0	0.0	0.0	0.0	0.0	0.0	
0.0	0.0	0.0	0.0	0.0	0.0	0.0	0.0	6.083316594024695	0.0	
3.251370693750223	0.0	0.0	0.0	0.0	0.0	0.0	4.550638905959901	0.0	0.0	
0.0	0.0	0.0	0.0	0.0	0.0	0.708174777490407	0.0	4.810104918143207	1.8074668287868803	
0.0	0.0	0.0	0.0	0.0	0.0	3.625423093381069	0.0	0.0	0.0	
1.0392557046739777	0.0	0.0	0.0	0.3153058284940029	0.0	0.0	0.0	0.0	1.6278706081197314	
1.1533961110905364	0.0	1.3461979967368654	0.34143773702168945	0.0	0.0	0.3258895954189748	0.0	2.102314318696194	0.020329391398379748	
0.6965602685260671	0.028553765314126022	0.0	0.0	0.0	0.549963618426228	0.2525479926278135	0.8854236935123251	0.0	1.8976017700579944	
1.0128539200286164	0.17360495630368916	0.28194486643742955	1.09477449629026	0.0	0.0	0.4607522794397107	0.0	0.661771264293603	0.23854662332650708	
0.0	0.0	0.0	0.0	0.0	8.020775361479046	0.0	0.0	0.0	0.0	
0.0	0.0	0.0	0.0	0.0	0.0	0.0	4.565767659596987	0.0	0.0	
3.136733381009157	0.0	0.0	0.0	0.0	0.0	0.0	0.0	0.0	0.5834535185721837	
4.4795103225779304E-4	0.0	6.9876104532198395	0.0	0.0	0.0	0.0	0.0	0.0	0.0	
1.0075717679038574	0.0	0.0	0.0030714526121251645	4.761460486549432	0.0	0.0	0.0	1.4970316758579145	0.4939972131597447	
0.0	0.0	0.0	3.075321773252257	0.0	1.1660987295926206	0.0	0.0	0.10041663784717417	0.0	
0.0	0.0	0.0	1.156648214093111	0.7744498179456552	0.0	0.0	0.0	0.0	0.0	
0.614493254729194	0.0	0.0	0.0	0.4486854841872467	0.0	0.06525442284053184	0.0	0.0	0.7375769229351923	
0.0	0.33953687513345215	2.8806164848776468	0.209469255616037	0.0	0.051059269381283245	0.009385834974129328	1.0964373469115023	0.22299149535672252	2.2731354660098737	
0.6068394349274001	0.0	0.0	0.0	0.0	2.53548868347961	0.0	0.0	0.0	0.31623021057071005	
0.0	2.0793500681880213	7.881016123662306	2.9670594483368236	0.0	3.1921464441106897	0.0	0.0	1.1641105520221526	0.0	
0.0	4.36276006394778	0.0	0.0	1.400905041717004	0.038130630373434005	2.6188966914835587	0.0	0.0	0.0	
0.7542971574559194	0.0	0.0	0.0	2.927988239600146	0.0	0.0	1.863636243244344	0.0	0.0	
0.0	0.0	0.0	0.0	0.0	0.0	0.0	0.0	0.0	0.9045404307587878	
0.0	0.0	0.03996482068595797	0.0	0.0	0.0	0.0	0.0	1.0363421690471264	1.0251029417269264	
0.0	0.0	0.0	0.0	2.140634627693486	0.0	0.0	3.9347735003146576	0.0	0.0	
0.0	0.0	0.0	0.0	0.0	0.0	2.095679954144392	0.0	0.0	0.0	
0.0	0.8455513007803163	0.0	0.0	0.0	0.6481162801253425	0.0	1.7036297953643784	0.5628144460888032	0.6518501483125174	
0.7059997430689686	0.0	0.0	0.0	1.9543516514572994	3.8407901032681697	0.0	0.0	0.0	0.6787415157530847	
0.0	0.0	0.0	0.148067346987996	3.1765210155746857	0.0	0.0	0.0	0.0	3.9659234613913092	
0.0	1.775601229453206	0.0	0.518321410657568	0.010593070846053017	2.1126723766154667	1.8352774132340965E-4	0.0	0.0	0.0070409377437790025	
0.0	0.0	0.4147631155556758	5.848566732074207	0.0	0.0	0.0	0.0	0.0	0.0	
0.0	0.0	0.0	0.0	0.0	0.0	0.0	1.0291024642422375	0.0	0.0	
0.0	0.0	4.392425991185662	0.24837776772956072	1.6088900390400072	3.3043980941952116	0.0	0.0	0.0	2.8508444272437026	
2.8330699826339267	0.0	6.248256615878756	0.0	0.0	0.0	0.0	0.0	0.559599059367369	0.0	
0.0	3.200594931548526	0.0	0.0	0.008394483130347173	0.0	0.0	2.002673471685555	0.05429590489000902	0.0	
0.0	0.0	0.0	0.0	0.0	2.7204654040638787	1.6129474972078663	3.0498883527420695	0.01485907605171643	0.0	
0.0	0.0	0.0	0.0	1.3893942324092945	0.0	4.937144138522928	6.268953722371049	1.7826493893634263	0.1934910705218513	
4.896454850140552	0.13643764179562276	0.5765697405929834	0.0	2.811807231015638	0.0	0.0	0.0	0.6272414064380124	0.0	
0.0	0.0	0.0	0.0	0.7526779847273576	0.0	0.0	0.0	0.9709044659084579	0.5526338664193934	
0.0	0.31770811960599965	0.0	0.0	0.0	0.7527221062075884	2.9878560619602674	0.0	0.0	0.0	
0.0	0.0	0.04337857661921567	2.5801436743723265	0.0	0.0	0.0	2.0655899155518695	0.42987824532686375	0.0	
0.0	0.0	0.0	0.0	2.884036566814765	0.0	0.0	7.157232140889532	0.0	0.0	
0.0	0.0	0.0	0.0	2.7262931842346845	0.0	1.4931433751725685	0.0	4.525032306448584	0.0	
0.1876102057646581	1.8697490416889917	0.0	0.0	0.0	0.0	1.5865605075252647	0.0	0.0034296131868464656	0.0	
0.0	1.909341359608143	0.0	0.0	0.0	3.3701568578124603	0.0	0.0	0.0	0.0	
0.0	0.0	0.0	0.4310041429655852	0.0	0.0	0.0	0.0	0.0	0.9635241328968401	
0.9416874753748815	1.8951227327549565	0.0	0.5969410743073034	0.0	0.0	2.460036024981091	0.0	0.0	0.0	
1.641732695439738	0.0	0.0	0.0	0.0	0.0	8.222619447647068E-5	0.0	4.894546644013496	0.2349747103893717	
0.0	0.0	0.0	3.9785753377188455	1.0111955796556864	0.4868232254918471	0.0	1.9151620471520676	0.0	0.0	
0.0	0.0	0.0	0.0	1.8839447041020776	0.0	0.0	0.0	0.0	0.0	
0.0	1.4834987813256384	0.0	1.1459561921429637	0.8832235506137257	1.9872958554098508	0.0	0.0	0.0	0.2868099289918769	
0.0	0.0	0.0	0.0	0.0	2.8144173257189573	0.0	0.0	0.0	0.0	
0.0	0.5252279698873913	0.9604300528719538	0.07603085791160738	1.1717451780541448	0.2201952182324687	0.24421462427039073	0.0	0.8512821126119859	2.375163864159711	
0.0	0.0	0.0	0.0	0.37596424553962793	4.4937379662964805	0.0	0.0	0.0	0.0	
0.0	2.4772315332914694	0.0	0.13525351068040362	0.0	0.0	0.7292225082091712	0.0	0.0	0.0	
1.5238678513387065	1.3803583292109476	0.0	0.0	0.0	0.0	1.2402946339822178	0.0	1.6348685019196982	0.0	
0.0	0.058044779969335734	0.04264669851788081	0.7425338858584841	1.751200852043545	0.0	1.1541712288002828	2.4928048466964796	0.026892620601937714	0.0	
0.0	0.0	0.0	0.4760805819184485	0.0	0.0	0.42457567460926726	2.1172831142112156	0.0	0.0	
0.0	0.0	0.0	0.5734681074366793	0.0	0.0	0.0	0.0	0.0	1.7693756253555712	
4.526529114335992	0.0	0.0	0.0	0.0	0.9411072060116923	0.0	0.0	0.09093762027681516	0.0	
0.0	0.0	0.0	2.477975953126936	0.0	0.2950704094371129	0.0	0.0	0.41181813396252015	1.29897277876844	
0.0	0.13750840553390886	3.371253123706217	0.0	0.0	0.0	0.0	1.445273416289478	0.5855392450476117	0.0	
1.3695840351107018	0.44906336036132405	0.0	0.0	0.0	0.0	0.0	2.067690395782405	0.0	0.8832902198731981	
0.4183513511772272	1.2240361784865277	0.0	4.844064377462429	0.0	0.0	0.0	0.0	0.0	0.0	
0.0	0.0	0.0	7.086221694763469	0.0	0.8361349749963715	0.007212484869792955	0.0	0.0	2.0104719937415445	
0.0	0.0	0.0	1.1562857096090022	0.0	0.0	0.0	0.1546117603207088	0.0	1.7970319399677448	
0.0	0.0	0.0	1.0042013689281128	0.0	0.0	0.0	1.5343999477403794	0.0	0.0	
0.6459345040000518	0.0	0.33744801188747664	0.0	0.0	0.0	0.0	0.0	0.0	0.0	
0.0	0.0	0.0	0.0	0.0	0.0	3.770097936474112	1.3612274550804107	1.89176202312639	0.0	
0.04226175284449095	0.0	1.518209606703088	0.0	1.0739671172932845	0.0	0.0	0.052726806347865585	0.0	0.0	
0.0	0.0	0.0	0.0	0.0	0.0	0.0	1.0325864244640741	0.0	0.0	
0.0	0.735533539651068	0.0	2.372828594654204	0.0	0.0	3.729506912005983	1.0665747721790646	0.0	0.3099313285911919	
0.0	0.0	0.0	5.486349830035235	0.0	0.0	0.0	0.0	0.0	0.0	
0.17645026572100694	1.8478964279254246	0.0	0.0	0.008316006730887778	2.6001723714420506	0.0	0.0	0.0	0.3709921431970451	
0.0	0.0	3.633082030052321	0.0	0.0	0.0	1.2157890072583548	0.0	3.7721145665932525	0.0	
0.0	1.9417345390254732	0.0	0.0	0.0	0.8801573665516988	0.0	0.0	0.0	1.604392181061825	
3.1989976734135257	2.6760674083918974	0.0	0.5496193876587161	0.0	0.0	2.8831013652218633	0.0	0.0	3.4163273139598163	
5.48810400950513	0.0	0.0	0.9424472790360788	0.4231451592910486	0.0	0.06557138262565074	0.0	1.8303388941407497	0.0	
0.0	1.343843110293987	0.0	0.0	0.0	0.0	0.0	0.0	0.0	0.0	
0.0	0.0	0.0	0.0	0.0	3.4668703692272875	0.0	0.0	0.0	1.8900648170646273	
1.3184660781083943	0.0	0.0	0.0	0.0	2.7439519434801576	0.0	0.0	0.0	0.0	
0.0	0.0	0.0	0.0	0.0	0.0	0.8040765954556227	0.0	0.21308720550500895	0.0	
0.0	0.0	1.447467848471537	0.0	0.0	0.0	1.1090366209056044	0.0	0.0	2.5252863177852687	
0.10254339792645402	0.0014276707898814196	0.0	0.004985600194036441	0.0	0.0	1.3942254442604258	0.0	4.550482153958645	0.0	
0.0	0.0	0.0	0.0	1.3045162337767944	0.0	0.0	4.244185960831386	0.09683808973169866	0.0	
0.0	0.0	0.0	0.23914010463206437	3.318884049773686	0.0	0.0	0.0	0.0	0.9884493337796685	
0.0	0.0	0.0	3.0498161499153222	0.0	0.0	0.0	0.0	0.0	2.087316334351169	
1.539015454175169	0.0	0.0	0.0	0.0	0.9469819530646812	0.0	0.22016562617817098	7.010443651392916	2.684995062304925	
2.027708021076678	1.0660507125327292	0.0	0.0	0.0	0.9132466508325565	0.0	0.0	0.0	0.0	
0.0	1.0690497144205848	0.07187432043203947	0.1083637941388319	0.6050939045980779	7.155016989140555	1.0489826557332458	0.0	0.1133594866890757	0.0	
0.0	0.0	0.0	0.0	0.0	2.17693493768226	0.0	3.6730434033219614	0.6612193903201394	0.0	
0.0	0.301171312002989	0.0	0.0	1.9979795150447746	4.831776982424138	0.0	0.82661968636793	0.0	5.641991771625934	
0.0	0.0	2.1017716966354456	0.0	1.6153945478492011	0.0	0.0	2.221582539491751	0.7864247660717887	0.0	
0.0	0.0	0.27490241821888434	1.0008227238895093	0.0	1.9047036856160378	1.7157963520211028	0.0	0.10209555479655454	0.0	
0.0	0.0	0.0	0.0	0.0	0.0	0.0	6.594460257294409	0.0	2.170515204236898	
0.0	0.0	0.0	0.0	0.0	0.0	0.0	4.294174483543296	0.0	0.0	
3.927389383322715	0.06939347282404144	0.0	0.0	2.8359863381904615	0.12276798636346418	1.307551927916176	0.05110115396165669	0.0	0.0	
0.0	0.0	0.0	0.0	0.0	0.0	0.0	3.164544026544542	0.0	0.0	
0.0	0.0	0.0	0.0	0.0	0.0	0.0	1.1490470670722084	3.0292157705581793	0.0	
0.0	0.2783002979958184	0.0	0.0	2.4109289786808903	0.0	2.0596015038841307	3.371881614566473	0.0	0.0	
0.0338071239438333	0.0	0.0	0.0	5.332205878779967	0.0	0.0	0.0	0.0	0.0	
0.0	0.0	0.0	0.0	6.875532936654188	0.0	0.0	0.0	0.0	0.0	
0.8947965757945311	0.0	0.0	0.0	0.0	1.68375916924417	0.0	0.4233072236735765	2.771423892033227	0.0	
8.300186524642957	0.0	0.0	0.0	0.0	0.0	0.0	0.0	0.0	0.0	
0.0	0.0	0.0	0.0	1.913051009269152	1.1241465330070102	0.11947766677020531	0.538329809389131	0.22242610026118392	0.7959794899862511	
0.0	2.1669591983102165	0.0	0.021382557231090872	2.5776502093860185	0.0	0.0	0.36192747950473014	3.809980934875052	1.0900391174348578	
2.5010875859060175	0.0	1.060690110267168	0.0	0.0	0.0	0.8014624141490397	5.723267844208722	0.0	0.0	
0.0	0.0014742059863887462	0.0	0.0	2.139790064882248	0.0	0.0	0.0	0.0	3.5416429077267657	
0.0	1.5029345447958733	0.0	0.0	0.0	0.0	0.0	0.0	0.0	0.0	
1.7758496144800084	0.0	0.7481393720665837	1.2006026629233013	1.148935970959343	0.45363872136296535	0.0	0.8167443454485558	0.8805932950762216	0.0	
0.0	0.773789967135573	0.0	0.0	1.575207570836123	0.0	0.0	0.0	0.0	0.0	
0.0	0.0	0.0	0.0	0.18958493677715005	0.0	0.0	2.4486066449552757	0.0	0.0	
0.0	0.0	0.0	0.0	2.048176285349208	0.0	0.0	0.0	0.0	0.0	
2.683682406351997	0.0	0.0	0.0	0.0	0.0	0.0	2.7604856326255236	3.6364460625550135	0.0	
0.0	0.0	2.6298432702232617	0.0	0.247900210890386	0.010986692715095354	0.0	9.351254713519351	0.0	0.0	
1.4535258207097044	0.0	0.0	0.0	0.0	0.0	0.0	3.2766144068824397	2.4067154519092733	1.0631184156842948	
0.0	0.0	0.001144687437280831	0.0	0.0	0.10413823349000466	0.7910537618311276	3.0838942560537297	0.0	0.7851519226546697	
2.739852516828257	0.0	0.0	0.0	1.0537875123061515	0.04562679835310714	0.780909894064664	0.0	0.21011707437834676	0.0	
0.0	0.0	0.3434373357454406	0.0	0.0	0.2410959918633968	0.0	0.0	2.9343064832857735	1.355313106409921	
0.0	0.1439835062288592	0.0	1.9330283182791306	0.0	0.0	0.0	0.0	1.1796191258261024	0.0	
4.521427906471334	0.0	0.0	0.0	0.5359870199243133	0.0	0.09019522658931368	0.16710265213210518	0.0	0.0	
0.0	0.0	0.0	0.0	0.0	0.0	0.0	0.0	0.0	0.0	
0.0	0.0	2.4783913163105793	0.0	0.0	0.0	0.0	0.9601578040736839	8.177375713085045	2.2125143498527557	
0.0	0.18468714252284646	0.0	0.0	0.0	0.0	0.3484862881925823	0.0	0.0	4.468619928704167	
0.0	0.08623673953484648	0.0	2.4369971675057003	2.7845529718450184	2.5885710842532514	0.0	0.0	0.7204602013993385	0.0	
0.769891889407672	0.0	0.0	0.0	0.0	5.658081174647127	0.0	0.0	4.45795741775416	1.4264752835415295	
0.46145102048658004	1.7149855872949826	0.0	0.0	0.0	0.8157580360985534	0.0	0.3172610128387454	1.2658749251896209	0.0	
0.0	0.0	0.0	0.0	0.0	0.0	0.0	0.0	0.0	0.0	
2.2105777719205473	0.0	2.023464318661739	0.0	0.0	0.0	0.0	0.0674966637409727	0.0	0.04612045028209976	
2.446162998027893	0.0	0.38563989836086554	2.6195435851820315	2.837079800624824	0.0	0.0	0.0	0.0	0.31986909782554834	
0.5603060876370601	0.0	0.3883907717751406	0.0	0.0	0.0	0.0	1.6501429611611689	0.0	0.0	
1.1780085350999112	0.0	0.0	0.0	0.0	0.0	0.0	5.567279926976482	0.0	0.0	
0.0	1.2205963454328785	0.0	0.0	0.0	0.0	0.015681427357583745	0.0	0.0	0.6364936669541732	
3.793133396948399	0.0	0.0	3.6449296772189017	0.0	0.0	0.8794939337309076	0.0	0.0	0.0	
0.0	0.0	2.3918572345126248	1.8608740221917814	0.0	0.0	0.0	0.0	4.323172104002096	1.9736299525511383	
0.0	0.0	0.0	4.824832711636195	0.2849696295209663	0.0	0.047191039361832	0.0	1.5990523560364822	1.6605139255550807	
0.0	1.9530487443766231	0.0	0.0	0.0	0.0	0.0	0.0	0.0	0.0	
0.0	0.14118137772185185	0.0	0.36235230519285544	0.2830889864478779	0.0	1.9906891423240447	2.9109296917740832	0.0	0.7073688720108658	
0.0	0.615454386542243	0.0	1.2722346054022997	0.0	0.0	0.0	0.0	0.0	0.4211032170140897	
4.738754377681183	0.0	0.0	0.0	0.0	0.031350949196668254	0.0	0.7862654084006261	0.0	0.0	
0.8473837732686051	0.0	0.0	0.0	0.0	0.0	0.6136769174068964	0.0	3.482010458761551	0.0	
0.0	0.0	0.0	0.12039796011496554	0.0	0.0	4.027860512625626E-4	4.248375375482204	0.0	0.9397762129553436	
0.0	0.0	0.0	0.0	5.979676371942818	0.0	0.0	4.323603386947875	0.0	0.0	
0.0	0.0	0.0	0.0	0.9549870782811064	4.1487088982531395	1.7020287373083511	0.0	0.0	1.099229074541544	
0.0	0.022142105396707044	0.0	0.0	0.0	1.0148080653786722	0.0	0.0	1.010548138539171	1.6635980686502916	
0.0	0.5539977725774768	0.0	0.0	0.0	0.7253286167417448	0.0	0.5098731669322226	0.0	0.0	
0.0	0.6771886617541871	0.0	0.0	0.5868046089143847	0.0	2.1647708189901693	4.079983640678603	0.6858804626450603	0.0	
3.236784467871084	0.0	0.0	0.0	6.658750638067067	0.7438406212848194	0.30351250482532827	0.0	0.0	0.0	
0.0	1.0086038094263383	0.0	0.0	0.45767909996767586	0.0	3.1056112831018727	1.9924976837495039	0.0	0.30866832340387185	
0.0	0.0961080378887252	4.708078914474093	1.6874688187428002	0.0	0.0	1.4457204335253224	0.0	0.0	0.0	
0.0	2.9037668470426055	0.0	0.0	0.0	0.0	0.0	0.5302268307371542	0.0	0.0	
0.0	0.0	0.0	0.0	0.5252245227012385	0.0	0.2629525655303769	1.9431195158431875	0.0	0.16010879437968112	
0.5619235033452005	0.0	0.0	1.897647017572131	0.0	0.0	0.0	0.004450437347993763	0.0	0.49734514533602076	
0.8838298708307656	0.0	0.0	0.0	2.4165823549386736	0.0	0.0	3.435710592956414	2.5422169943544892	2.55539538312032	
0.0	0.0	2.5359843943130573	0.14153620574863887	0.44764599150448015	0.0	0.0	0.0	0.0	0.0	
0.27212807462846	0.0	0.10822127292836885	0.02830839889266449	0.3882806388390441	0.0	0.0	0.0	1.2600600561137754	0.0	
0.0	0.0	0.0	0.7825912503693743	3.168137441218279	0.0	3.1466033299995346	0.0	0.5459616092990874	0.0	
0.0	0.0	0.0	0.0	1.7304450736760013	0.0	0.0	0.0	0.0	0.0	
0.0	2.386075195235663	0.0	0.0	0.0	4.135774689861754	0.0	0.0	0.0	0.0	
0.0	0.10131228745246165	0.0	0.10065282057093355	0.6122708057977829	2.6792323670941194	2.0850814976638694	0.0	0.705299110284952	0.0	
0.0	0.0	0.0	0.0	0.0	0.0	3.0034308585337133	0.0	0.0	2.07999287513842	
0.0	0.0	0.0	0.0	0.0	1.5502924591508553	0.0	0.0	0.5643120138556168	1.076715523172188	
0.0	0.0	0.0	0.0	4.986948384736136	0.0	0.0	0.0	0.0	0.0	
0.0	0.0	0.0	0.0	0.0	0.2865605244983969	0.0	3.6026661351191613	0.0	0.0	
2.236331027976806	0.0	0.0	0.0	1.1190944034648884	0.0	1.6171866462652678	0.0	0.5322439823499355	0.0	
0.0	0.0	0.0	0.0	0.0	0.0	0.0	7.5486315679185605	3.3464792340458565	0.19847610861720966	
0.0	1.2433895811327296	0.0	0.0	0.0	0.0	3.1828274233943135	0.0	0.0	0.0	
0.0	0.0	0.0	2.843823793387146	0.0	0.0	0.0	0.0	0.0	0.7651952209879728	
0.0	0.0	0.0	0.0	1.2406579341234492	0.0	0.0	0.0	0.0	0.0	
0.0	0.0	0.0	0.0	0.0	0.0	3.1126678245654285	0.021086464161068783	0.4186237261162563	5.779826226879892	
0.0	1.5986344120379827	0.0	0.0	0.0	0.0	0.0	0.0	0.0	0.0	
0.0	1.698733279857604	0.0	0.0	0.0	0.9020668741628759	0.0	0.0	0.0	0.0	
0.0	0.0	0.0	0.0	1.1287368307534986	1.4993661958858262	0.0	2.1564103080683763	0.0	0.0	
0.0	7.479144627567315	0.0	0.0	3.366149693179242	0.0	2.7269940024197146	0.0	2.4336072851381063	0.3023631791264911	
0.0	0.0	0.8013355424192419	0.0	0.0	0.0	0.0	0.0	1.126004331543193	0.0	
0.0	0.0	0.0	0.16348900928596505	0.9884941055204941	5.054432245958314	0.0	0.0	0.905769479249627	0.0	
2.7139518252149646	0.0	0.0	0.0	0.0	0.0	0.0	0.49405895316290843	0.0	0.0	
0.0	0.0	0.0	0.0	0.0	2.1975173780154655	0.0	0.0	0.0	0.0	
2.292528724296346	2.401869355231282	1.1013633431698278	0.0	0.0	0.09960767921776643	0.0	0.7147023136837191	0.0	0.0	
1.1455365825895836	0.07872781323206086	5.23005971982725	0.0	0.3216569802549609	1.499307033905797	0.0	0.0	0.0	0.07475091287313983	
0.36289529508379187	0.0	0.0	2.8884326545363574	0.0	0.0	1.0270701885705935	0.0	0.0	0.0	
0.0	0.0	1.207430261544526	0.0	0.0	0.0	0.0	0.0	0.0	0.0	
0.0	0.0	0.0	0.0	4.364497171791212	0.0	0.03427111292278564	0.0	0.0	0.0	
0.0	0.0	0.0	0.0	0.5704237999134963	0.0	0.0	3.731674834136757	0.372940911122903	0.0	
3.8017510395299827	0.0	0.0	0.0	0.0	0.0	0.0	6.092557587446495	0.0	1.0707182173231797	
0.0	7.941513903549597E-4	0.0	0.3732517884217644	0.0	0.0	0.0	5.459719965987571	0.0	0.13436930017255713	
0.0	0.0	1.5088324008437866	0.0	0.0	0.0	0.0	0.0	0.0	0.0	
0.0	0.0	0.0	0.0	1.5005786125841232	0.0	0.0	5.431853025806047	0.0	0.0	
0.0	0.0	0.0	0.0	0.0	0.0	0.7438025206671214	3.387832656563937	0.0	0.0	
0.0	0.0	0.0	0.0	0.49177946520420013	0.0	0.0	2.4048043151290925	2.6136668223348947	0.0	
0.0	3.2300978462436305	0.093210891289269	0.5502598034106246	1.5525634142220641	0.0	0.0	1.4367399656602535	0.42801779619303953	0.47521526806002584	
0.0	0.0	0.0	0.0	2.816910921198247	0.0	0.0	2.866204621245225	1.1105375394304315	0.8111548274390458	
0.2996518050125037	0.0	0.0	0.1002135338772825	2.380450500951948	0.0	0.0	4.109797809743423	0.0	0.0	
0.3613844986636613	0.7935520295971089	0.0	0.35972153867045087	0.0	2.214377090348079	0.0	0.0	0.0	0.0	
0.0	0.0	0.0	0.0	1.1976110704403697	0.0	0.9442286016370599	0.0	0.0	0.0	
0.182028696278606	0.0	0.0	0.0	7.3234447410538905	0.0	1.8656882668495562	0.0	3.938991626914429	0.7166006311386479	
0.0	0.8510094108114596	0.0	0.0	0.0	0.0	0.0	0.0	0.0	3.34468348093119	
0.0	0.0	1.5461513647995113	0.0	0.0	3.4522846937016944	0.0	0.0	0.0	0.0	
0.0	0.0	0.0	0.0	0.0	0.0	0.6582699525202221	0.0	0.0	2.940433983773064	
1.0928174689094226	0.0	0.0	0.0	0.0	0.0	0.0	5.173214904288817	0.0194187318853548	0.0	
4.667829441962179	0.0	0.0	0.0	0.0	0.0	1.9030898944831665	0.0	0.0	0.0	
0.10571290808072492	0.0	0.6402181086714831	0.0	0.7936398470698044	0.9163071492885116	0.0	0.0	0.9923561447194297	0.0	
0.0	0.0	0.0	0.0	5.764654470435195	0.0	0.0	0.0	0.0	0.0	
0.0	2.037037038316046	0.0	0.0	0.0	0.0	0.0	0.0	4.915637380205241	1.5282252761579864	
1.3367122735041046	0.0	0.0	0.02141806373491407	2.512246503122555	0.7492107478662466	0.0	0.0	0.0	0.0	
2.675269401063903	2.9732456374177896	0.0	0.0	0.0	1.1610857393854621	0.0	0.7096463562979224	0.0	2.517164650428885	
0.05454779898593709	0.0	0.0	0.0	0.0	1.2411244732849775	0.11953880089449248	4.371411081603124	0.0	3.4042482971734214	
0.0	2.5658015855640652	0.0	0.0	1.4608079888970296	0.19494493810680677	0.0	0.0	0.0	0.0	
0.0	0.0	0.7091472393849971	0.0	1.546973104649733	0.4797252451235107	5.184608997639705	0.0	0.0	0.0	
0.0	2.1105682162940274	0.0	0.9778873781615404	0.0	0.0	2.2365161041523223	4.487831351008475	0.2873901032819868	0.0	
0.0	0.0	0.0	0.0	0.0	0.5200971120401308	0.0	0.2174426001449908	0.0	0.0	
0.0	0.0	0.0	0.0	0.0461375326401316	1.3337983758661731	1.3888356873743029	0.0	0.6102140306143048	0.0	
0.23025697993860608	6.185296654571269	0.22170655473956263	0.4627760351256364	3.034692924971896	0.0	0.0	0.18029828083992663	0.0	0.0	
1.2069859395830176	0.0	0.0	0.0	0.0	0.0	3.6464263200926683	0.0	1.1390851983406036	0.0	
1.572654937180569	0.0	0.0	0.016630757024990728	0.0	0.3509928731345598	0.519479921696047	0.0	0.3912963642052704	0.8576931234433366	
0.0	0.0	0.0	6.469212175541277	0.0	0.0	0.0	0.0	0.0	0.0	
0.0	2.174886254638615	0.0	0.0	0.0	0.0	0.0	1.0050121197491904	0.0	2.1241528812003296	
0.0	0.0	6.425907446370157	0.0	0.0	0.403580968192197	2.640935842615016	0.0	0.0	0.0	
0.0	0.0	0.0	0.0	2.324992562291689	1.352686424084479	0.0	0.0	0.7027284034942237	0.0	
1.8702137204800355	0.0	0.0	4.375196244867361	0.0	0.0	0.0	0.0	4.2713486804208705	0.0	
0.0	0.4296633008614397	1.4362828920733763	0.0	0.22114541948837513	0.0	0.0	0.0	0.0	0.0	
0.0	1.73768517287761	0.0	0.0	0.0	0.0	0.0	2.219822290266758	2.8683472644571273	0.0	
2.886298823425767	0.0	0.0	0.11305759577062491	0.0	0.0	0.0	4.632554868669315	0.11461608116595015	0.37720060010449186	
0.0	0.8211957282674591	3.088195268460787	0.015562749461669191	4.51078193892339	0.0	0.0	3.4693975655934244	0.0	1.1485410849541913	
2.945115691481976	0.0	0.3597559246733338	0.5036700011263543	0.0	0.0	0.0	0.0	0.0	0.0	
1.065044147943239	0.6116116499396944	0.7424969241597836	0.563418668543587	0.0	0.0	0.0	3.23162082843691	0.0	0.0	
0.018161596529652844	0.0	1.5907556710926727	0.0	0.0	0.0	4.649939857173738	0.0	0.0	0.0	
0.0	0.0	0.0	0.0	0.7158342356015593	1.241669376447036	0.0	0.0	0.0	0.0	
0.0	0.14174958466714632	0.0	0.0	0.0	1.9984457890415173	0.0	4.325422887396876	0.0	0.4743008491746569	
1.230586671376939	0.0	5.113387491468793	0.0	0.0	0.0	0.06675566858164805	0.0	2.0738174893587455	0.33123691501888036	
0.0	0.0	0.0	0.0	0.0	0.0	0.0	0.0	0.0	3.4524605166435416	
0.0	0.0	0.0	0.0	0.9152271473133977	0.0	0.0	0.9302331384288038	0.0	0.0	
1.0873889469779274	0.6143165193195806	0.0	0.0	6.638644960864245	0.0	0.9772286141479165	6.167077684734515	1.2851920265426693	0.0	
1.3621273193271537	0.0	0.0	0.0	1.8370225193534357	0.0	0.0	0.0	0.0	0.0	
0.8068616824836919	1.9577814219274643	0.0	0.8877244043728806	0.0	0.0	0.0	0.8115794132285203	0.0	2.7504743815183135	
0.0	0.0	0.0	0.0	0.0	0.0	0.0	2.470479384639535	0.0	0.0	
0.0	0.0	2.052962423490001	0.0	0.0	0.0	0.0	0.0	2.6342782999949526	0.435333054162925	
0.0	0.0	0.0	4.054628453399304	0.0	2.215075157716179	0.0	0.08652889127898397	0.0	0.0	
0.1912095647998644	0.0	0.8155142880497206	0.0	0.8776810738990247	3.922075193053054	0.0	0.0	0.0	0.35201390338962346	
0.0	1.1520467338465394	0.0	0.0	0.0	0.38726813447753344	0.0	0.549336041125796	0.0	1.6388361717466788	
0.0	0.0	0.0	0.0	0.0	0.0	0.0	0.0	1.8975344337824496	0.0	
0.0	0.0	2.1546268365984806	0.0	0.0	0.0	1.1799597560198551	0.3614166196735265	0.4128859921894324	2.0978273475808287	
0.0	0.0	0.0	0.10763563067728064	0.8616143063561787	0.0	0.0	0.16489029609386965	0.0	1.5759481997005322	
0.06880963790429005	0.0	0.0	0.0	0.0	0.0	0.0	5.722392390677514	0.0	0.0	
0.0	0.0	0.0	1.535680938098601	2.8328055229966354	1.313151966278372	0.0	0.0	0.0	0.0	
0.0	9.399019760297123E-5	4.377950402889868	0.4026784018198438	0.0	0.0	0.0	0.0	0.8281566015535345	0.763490797686447	
0.0	0.0	0.9551003244823715	0.9351484356177661	0.09471370940188759	0.0	3.627507824229201	0.906798810216864	0.0	1.1571325918829871	
0.0	1.7081848102085384	0.0	0.0	0.0	0.0	5.188647768387731	3.8483895619669894	0.0	0.0	
0.0	0.0	0.9046353940525211	5.529456459808291	0.0	0.0	0.0	0.0	0.0	0.0	
0.0	0.10869948986464276	0.0	0.0	0.0	0.0	0.4396924822047582	5.492623211403731	0.0	2.8821392399359977	
2.9292167479075486	2.8294183019797026	0.0	0.0	0.0	1.7117574412158558	1.321320288368963	0.0	0.0	0.0	
0.0	0.0	0.0	0.0	7.368274308717558	0.0	0.0	0.0	0.0	1.7527512544082398	
0.0	0.6638226249072355	0.0	0.0	0.0	0.0	0.0	0.0	0.0	0.6339586063692685	
2.7426885270753845	0.0	0.0	0.03938808197320809	2.0841216249536094	0.0	0.0	0.0	0.0	0.0	
0.0	1.7959815415584717	0.0	0.07872348924588948	0.1369521097113738	0.0	0.49299747999780685	0.0	2.264084927485095	0.0	
0.0	0.0	0.26040752145236995	0.0	0.0	0.0	0.0	4.926155367691417	0.0	0.0	
1.1389770119354983	0.0	0.0	0.0	0.0	0.0	0.0	0.0	0.0	0.0	
0.41243978325680275	0.0	4.784631050076356	0.0	0.0	0.0	0.0	0.0	0.0	0.0	
0.0	0.18767624094697066	0.0	0.0	0.0	0.0	6.182492613464326	0.03928863122727698	0.0	0.0	
0.0	0.979281831239863	0.0	0.0	0.0	1.8062047369613872	0.0	0.0	0.0	0.0	
0.0	0.0	0.0	0.0	0.0	0.0	1.380325857979008	0.0	0.0	1.100977776711778	
0.0	0.0	0.0	0.0	0.0	0.0	0.0	5.150896275118281	0.0	0.0	
0.0	0.0	1.0911006119738274	0.0	2.3178019037126356	0.0	0.0	0.0	0.0	1.127404015476642	
0.0	0.3198949981719782	0.8853537336420235	3.667424317777743	0.0	0.2425289465614216	0.0	0.0	0.0	0.0	
0.0	1.8242449543289407	0.0	3.884961268973468	0.39953111860122303	1.123741707349797	1.9667492580994241	0.964412107859571	0.0	2.4748107662698047	
1.9146557973123977	0.0	0.0	1.6713752315241723	0.023990935289158806	0.0	1.7929453757715708	0.5581486810433056	4.065335696046816	0.12907471920272628	
3.3038069018790237	0.0	0.0	0.0	0.0	0.0	0.0	0.0	0.0	0.8944375654290213	
0.0	0.0	0.39657454158133804	0.18705219503159382	0.0	0.0	0.0	3.198354767379884	0.6810549044569487	1.172295959119042	
0.0	1.26115282255917	0.0	0.0	1.0355923529780684	0.0	0.0	0.0	0.0	0.0	
0.0	2.437546793461965	2.123193983519094	0.8403927160944262	0.0	0.0	0.0	1.9283486691758693	0.0	0.0	
0.0	0.0	0.0	0.0	0.0	0.0	0.0	1.436204443760202	0.0	1.7282147319739927	
0.0	0.0	0.0	0.0	0.0	1.3098009876040793	0.0	0.0	0.0	0.0	
0.0	0.0	3.242225868518929	0.0	0.0	0.0	0.0	0.0	0.0	0.0	
1.000901567778458	0.372515795327484	1.0224323524907022	0.41648624197724254	0.2787305307063907	0.0	0.0	1.2033133162418157	0.0	0.0	
0.24922906909288584	0.0	0.07433989285307238	0.0	3.872485445693985	1.2585440070959597	0.0	0.0	0.0	0.0	
0.0	0.0	0.5289074259624421	3.519579380777937	0.0	0.0	0.0	0.0	0.0	0.0	
0.0	0.0	0.0	0.0	0.0	0.0	2.96168410262731	3.351489573687255	0.0	0.0	
0.3692724899451831	1.480013105063662	0.0	0.0	3.8079294845529397	0.03245057086493097	0.0	0.0	0.0	4.988724375481799	
0.0	0.046846278435328174	3.1121855488983723	0.0	1.228295286447743	0.6596004724868626	0.0	0.0	0.0	0.848990432983311	
0.0	0.0	0.0	0.0	0.0	0.0	2.0696553467321777	0.0	0.0	0.4881085080094307	
1.407733350368168	0.0	0.0	3.92567393006521	0.0	0.0	0.0	2.089264981375677	0.16058312377919748	0.04688347028082134	
0.0	0.0	0.0	0.0	0.0	2.4200681547237384	0.0	0.0	0.0	0.0	
0.7612631722555475	2.0355305104425803	0.6753060625157705	0.0	0.8449276563927731	0.4321253699296386	0.8690671997894234	0.0	2.1472168905345024	5.616326868936122	
0.0	0.0	0.0	0.0	0.0	0.0	0.0	1.851400879565619	0.0	0.0	
0.0	0.0	2.7468965300974233	1.7094213610799716	0.0	2.9009059101741688	0.0	0.0	0.0	0.0	
0.0	0.0	0.0	0.0	0.5362429384656816	0.0	3.4955578982097166	0.0	0.22142481169654313	0.0	
0.0	0.0	0.0	0.0	0.0	2.164773922598141	5.168265455748862	0.6900141764034836	0.0	0.0	
0.28894574638430576	0.0	0.0	0.18282374404886462	0.0	0.0	2.198440674756592	0.0	0.0	0.0	
0.7453244037032712	0.0	0.0	1.8622313613105441	0.063197246782536	0.0	0.0	0.811698681034074	0.0	0.0	
0.2721402325792929	0.0	0.0	0.9597143640202461	0.0	4.438630349957879	0.0	0.0	0.0	0.0	
0.36693680164307674	3.7710734375572548	0.3942995994845455	0.0	0.0	0.0	0.12585331587940057	0.0	0.0	0.0	
0.0	0.0	0.0	0.4909427363823794	0.4347372871395665	0.0	1.084230359209744	0.0	0.0	1.0880682702162636	
3.023069497525539	0.0	2.8495036195943535	0.0	3.1458696253412346	0.0	0.0	0.0	0.0	0.0	
0.0	0.4721409675663338	0.0	1.935639313424349	0.0	0.0	0.0	0.0	7.264864868233385	0.0	
0.0	0.0	0.3984182737774852	0.0	0.0	1.9394456374287168	0.0	0.0	0.0	0.0	
0.0	0.0	4.004221401455677	0.0	0.0	0.554234160695189	0.0	0.0	2.747863632581695	0.0	
1.3459981698657946	0.0	1.436365949271408	0.0	0.0	0.0	0.0	0.0	0.0	0.5549009848348312	
3.150385197399153	0.0	0.0	0.0	0.0	0.0	0.0	1.3491244914717382	0.0	0.0	
0.8415470525483401	0.3424776859004933	0.1395233713225851	0.0	0.0	0.0	0.0	3.90569656897721	0.0	0.03810900833983367	
0.0	0.0	2.4082575503340506	0.0	0.9459751932169842	0.0	0.0	3.1183938930561004	0.0	0.0	
0.0	3.4049631308318857	0.0	0.5482776988724799	0.0	0.0	0.0	0.0	0.0	0.0	
0.0	0.0	2.6178996682530866	0.0	0.0	0.11915491227340848	0.0	0.0	0.0	0.0	
1.3610322550513125	2.2217790661673598	0.2483910306300558	0.9631025037268	1.5278372553462753	0.6215251970741796	0.0	3.271648168533602	0.0	0.0	
0.0	0.0	0.0	0.0	2.691904883865095	0.0	0.0	0.0	2.0959935793446616	1.1903070121480313	
2.1501521888577586	0.0	0.0	0.0	0.0	0.8229354724560319	0.0	0.0	0.0	5.952645922414858	
0.6112644019944372	0.0	0.0	0.05764107587722237	2.536415363005413	0.024139793636899675	1.061994194495862	0.0	0.09602579122431312	0.059003716268013706	
0.0	0.0	0.0	0.0	0.3752457920991555	0.4131256501437725	4.127828528724881	0.0	0.2583660425212084	0.03844536224481935	
2.401065009136988	0.0	0.0	1.2742779891243041	0.0	0.0	0.0	0.0	0.0	0.0	
0.0	3.765769200651022	0.0	0.0	0.0	0.0	0.0	0.0	0.0	0.0	
0.45393634099929137	0.0	0.0	1.8892651911594154	0.0	0.0	0.0021796912944530987	0.0	0.0	1.9357128289712444	
0.0	0.0	0.0	0.0	0.0	0.0	0.0	5.499792296438387	0.0	0.0	
0.0	1.840500651641636	0.0	1.47174442191738	0.0	0.0	0.0	0.0	0.0	0.0	
0.0	0.0	0.0	0.0	2.687772469103273	0.0	0.0	0.0	0.2383311870053051	3.6159153660276933	
0.0	2.4142060001551875	0.0	0.19615290122479587	0.0	0.3134189669304498	0.0	0.0	0.0	4.49327884573733	
2.401261292464581	0.0	3.465789920333022	0.0	0.02615530624538745	0.0	0.0	0.0	0.0	2.128357110442121	
0.0	0.22000427828465982	1.1388229613965593	0.0	0.0	0.0	0.7570251486005	5.939286939388837	0.0	1.8983396499347993	
1.6837722925749896	3.1905109994845704	0.0	0.0	0.0	0.0	0.0	0.0	0.0	0.0	
3.2608921240542164	0.4916158593436672	0.0	0.0	2.2111725967627747	0.0	0.0	0.0	0.0	0.0	
0.0	0.0	0.0	0.21922522955523027	0.0	0.013207001244488736	0.0	4.719735634273008	0.0	0.0	
0.0	0.0	0.0	0.0	0.0	0.0	0.06013899984929097	0.0	2.194920849255828	2.808858863740611	
0.0	0.0	0.0	0.0	0.0	0.0	0.0	5.953793133159983	0.0	0.0	
1.5614721843238244	0.0	0.2953850318528615	0.0	0.30486565837369484	0.0	0.0	0.0	0.0	1.708080609423974	
0.0	0.41922536057371446	0.0	0.0	0.8010979128670717	0.0	0.0	0.03371921979422541	3.549231113737034	0.0	
4.042920808755923	0.0	0.0	2.944588415211346	0.0	0.0	0.0	0.0	0.0	0.0	
0.0	0.0	0.0	0.0	0.0	0.0	0.0	0.0	0.0	0.0	
0.0	4.155819136646846	0.0	0.0	0.27262514842626917	0.0	0.0	0.0	0.0	0.0	
0.0	0.0	0.0	0.0	2.404279178463503	0.7987902515670143	0.0	0.0	0.0	1.093855230132161	
0.0	0.0	0.061955520798029164	0.0	0.0	0.9294967320997504	0.0	3.321445988882219	1.9137490561064292	0.9429097424136224	
0.0	0.0	0.0	2.6520792059313107	0.0	0.0	0.0	0.08486557743232816	0.0	2.1354411157983444	
1.8768303015785195	0.0	0.38136820636015645	2.34621749636463	0.0	0.0	0.3672924489272305	0.0	2.80159636366255	0.1556403579767092	
0.0	0.0	0.8088898693802749	1.7627206517568967	0.0	0.0	3.183288221029715	0.0	3.437398073350535	5.505341111007181	
0.0	0.0	0.0	0.0	0.0	0.0	0.0	0.0	0.0	6.364996775176818	
0.0	0.0	0.0	1.8007688260828516	0.0	0.0	0.0	0.0	0.0	0.0	
6.467762867935886	0.0	0.0	0.0	0.0	0.0	0.0	0.0	0.0	0.0	
0.0	0.0	2.671075334244014	3.7216495077121112	0.8301611907372358	0.0	1.106526730661499	0.0	0.0	0.0	
0.0	0.32588601237860676	0.0	1.2365548481954676	3.884371592929123	1.176478996593645	0.0	0.0	0.1785910385173818	0.0	
0.0	0.0	2.159644916075892	0.0	0.0	0.0	0.0	0.0	0.0	0.0	
0.0	0.0	0.0	0.0	0.8548742065840345	0.0	1.2688219530750624	0.0	0.0	0.0	
0.956028045844425	1.7609358891232607	0.5906369108569717	0.0	2.3138730568997743	0.0	0.0	0.0	0.0	0.0	
0.0	0.0	0.0	0.6632368606018845	0.0	0.0	4.457021068634717	0.5056130637071193	0.0	0.0	
0.9589884263768832	0.0	0.0	0.0	2.423449085806106	0.6730337472456602	0.0	0.0	0.0	0.0	
3.4543639397314956	0.0	0.0	0.13525982228681793	0.0	0.0	0.0	0.0	0.0	0.21728991848942625	
2.9740535834911324	0.16978394204003996	0.0	0.0	4.135595201462676	0.0	0.4636773177287022	1.1725701052176483	1.309141029461048	1.4827041079288104	
0.0	0.0	0.0	0.0	0.4471416264972353	0.0	3.8467119671683383	2.3834029506063192	0.0	0.0	
0.0	0.4633824698644651	0.0	2.4646176940489766	0.0	6.7448110041992075	0.0	0.0	0.0	0.0	
0.0	0.0	0.0	5.211056820560226	0.0	0.0	0.0	0.0	0.0	0.0	
0.0	0.0	0.0	0.0	0.0	0.0	1.762047116115964	3.938114677297528	0.0	1.4033797553572114	
0.0	0.693150244124164	0.0	0.0	5.916510553333308	0.0	2.108562678217333	0.0	0.13445258254677114	0.0	
1.0225756046793995	2.2021285221226865	0.0	5.422096298973496	0.0	0.256023176592156	0.5080006538641918	0.0	0.0	0.0	
0.0	0.0	0.0	0.0	5.653513379938439	1.161224532893515	0.0	0.0	0.0	3.9362448425868366	
0.0	0.0	0.0	0.0	0.0	0.0	0.0	0.0	3.6720861268598814	0.0	
0.0	0.0	0.0	0.0	5.9184280642546705	0.0	0.0	0.0	0.0	0.0	
0.21088653332228655	0.0	0.0	0.9956595352818163	1.0748301357738559	0.6856604972107564	0.0	0.49877703456470596	0.0	0.0	
2.0834040771807647	0.0	0.0	4.348664843411229	0.0	0.0	0.0	0.0	0.0	0.0	
1.44478108976647	0.0	1.057432127090737	0.0	0.8501426823375006	2.5758697872621	0.0	0.0	0.0	0.0	
0.0	0.40562388939415833	0.0	1.3454769029502804	0.07283222866371847	1.0666133477269586	0.12814513549302767	1.752805561374144	0.05638564433614325	0.0	
0.0	0.0	0.0	0.0	0.0	0.0	1.8397960957691488	1.8004984324466486	0.0	0.0	
5.139053137604181	0.0	0.0	0.0	1.1505128952467594	0.0	0.0	0.0	0.0	0.0	
1.8979420460098058	0.0	1.244609038076222	0.0	0.0	0.0	0.0	0.0	0.0	0.0	
0.0	0.0	0.0	0.0	0.0	3.4217102283824485	0.2699974438699072	2.3484284807438542	0.8250011622521678	0.22262620425753782	
0.0	0.0	0.0	2.876036236347146	0.0	0.0	0.0	0.0	0.15169735605050447	0.0	
0.0	0.0	0.0	0.09753735455078127	0.0	3.0613273215774	2.2253533057082993	0.0	0.0	1.4391187003941543	
0.0	0.0	0.0	1.83465761889253	0.0	0.0	0.0	0.0	0.0	0.0	
0.3388078774005067	0.0	0.0	0.0	0.2784756863453206	0.0	1.3903908144706942	1.1386827006040088	0.0	2.788555450896204	
0.0	0.0	0.0	0.22292807839390627	3.9005053227038227	0.0	0.0	0.0	0.0	0.0	
0.0	0.0	0.0	4.161681354336607	2.0123679839254573	0.0	0.0	0.0	0.0	1.1065878401585822	
0.0	0.29077673594622067	0.4630151362416547	0.0	0.0	0.0	0.0	0.6722255129746608	1.9352977234141198	0.0	
0.0	0.0	0.7226388271990581	3.06147252532682	0.21152106680424979	0.0	0.7304609710309226	0.0	0.0	0.0	
3.180916530551715	0.0	0.0	0.0	0.0	1.4397434686266803	0.9820444644853985	0.0	0.0	0.0	
0.020624144749327944	0.0	0.0	0.4655849523066679	1.4066429041056865	2.696165098468807	0.0	0.001819138433296314	3.0006323803761	0.0	
0.0	0.009538395079494505	0.0	0.0	3.906270803541025	0.0	0.0	0.04365389815079354	2.6031496570289447	0.0	
0.0	1.382246768408122	0.0	0.0	3.8711681348076716	0.0	0.0	0.0	0.0	0.0	
0.0	0.4491981988407615	0.0	0.0	4.923680429462246	0.0	0.0	0.0	0.0	1.870002594428372	
0.0	0.0	0.0	0.4958558735734632	0.0	4.253197537619595	0.0	0.0	0.0	0.0	
0.2903491055788698	2.0112496681782606	0.0	0.0	0.0	0.0	0.7223872930430746	0.0	0.0	1.0209617073518873	
1.6760840813162836	0.0	0.0	5.896999389865249	0.0	0.5204786256006644	2.497254557421517	0.0	0.0	0.0	
0.6454258617676353	0.0	0.0	3.608536560270894	0.0	0.0	0.0	0.0	0.4223568839889373	0.0	
0.0	0.0	0.0	0.0	0.0	0.0	0.0	0.0	1.312699047795991	8.67360439580587	
0.3942069525434942	0.0	0.0	0.0	0.0	0.7837369258702865	0.6702430490475836	0.0	6.087012277311568	2.0956970479552464	
0.0	3.552257748197217	0.0	0.0	0.0	0.0	0.0	0.56447135131374	0.0	0.0	
0.0	0.0	0.0	5.427030034664495	0.0	0.0	0.0	0.0	0.0	0.0	
0.11530358313783887	0.0	0.0	1.3105935951790326	0.0	0.0	0.11735549608961297	0.0	0.38575795696276327	0.0	
0.45021040598303297	0.0	0.0	0.6764910779702746	1.0273262235705323	0.0	0.0	1.2794740322779132	0.0	0.0	
0.0349813799657824	0.3021795322026562	0.0	0.0	0.0	0.0	1.785536152823968	0.16655234390659976	3.7332302279517866	0.0	
0.0	0.0	0.0	0.0	0.0	3.1707539448201647	0.0	0.0	1.5118759547188731	0.0	
3.114670776463239	0.0	0.0	2.551721759240549	0.0	1.2945079600218343	0.0	0.0	0.0	0.0	
0.0	0.0	0.0	0.0	0.0	1.286019856290287	0.0	1.2743655075493676	0.0	1.1017919552007824	
0.0	0.0	0.19836159727155925	0.0	0.0	1.5174776784887483	2.643048021588049	0.0	0.0	0.6628107352234789	
0.0	0.0	0.08043961006901701	0.0	0.07963755434547963	2.5966504955943552	0.0	0.637223762556547	0.0	0.01796227921970606	
0.0	0.0	0.0	0.37288152368583444	4.192118521304293	2.0617477559488275	0.0	0.0	1.5739230986131325	0.947587210920823	
5.798527695901511	1.9199963329215324	0.0	0.0	0.0	0.0	0.0	9.390573793522638	0.0	0.0	
0.6479096541795677	0.0	0.0	0.0	0.0	1.2407958842185607	0.0	0.0	0.0	1.762706004402339	
2.3703957594730203	0.0	0.0	0.9279063568998601	2.9949962865477953	0.32716364078245447	0.0	0.0	2.135232243522995	0.0	
0.0	0.4825205126407051	0.0	3.041870070009504	0.0	0.0	0.0	0.0	0.0	0.5778401509449114	
2.034980430453771	0.25733417577724627	0.0	0.982395604303335	0.0	0.0	0.6126477664506355	0.0	0.0	1.961807206734423	
0.0	2.7647353689927265	0.2228803699433682	0.6982503716910418	3.0698741398114406	0.0	0.0	0.0	0.4366881437080107	0.19598313919704174	
0.0	2.2213310114373495	0.6606423185260882	0.16943831685776392	0.0	0.0	0.0	2.1725369844833478	0.0	0.668401333395924	
0.0	0.0	0.0	0.0	5.613256090758753	1.016158432567898	0.0	0.0	0.0	0.0	
0.0	2.3767323264126983	0.0	0.0	0.0	0.0	0.0	0.0	0.0	0.0	
4.084377744620515	0.0	0.0	1.662724917559784	3.715541539552168	0.0	0.6501106682198264	0.0	0.0	0.0	
0.0	0.0	0.0	0.0	0.0	0.0	0.0	0.0	0.0	8.500962929459035	
1.0597596943649559	0.0	0.0	0.0	0.5936356613992549	0.1835761206917369	0.0	0.0	7.768031082757049	0.0	
2.0633806393064362	0.0	0.0	4.885216532413141	0.0	0.0	0.0	0.0	0.0	0.0	
0.0	1.2673369463831397	0.13774811358739772	0.0	1.141525064832226	0.0	0.0	0.29796071251392126	0.0	0.0	
2.869578989197599E-4	0.0	0.0	1.4730885319508127	5.2686340659513595	0.0	0.0	1.3326670539216992	0.0	0.1089751123446964	
0.0	0.0	0.41382916617820736	0.6203999824132422	3.8859348431374525	1.1651218364013856	0.0	0.0	0.0	0.28910962051448985	
0.0	0.16373858440929812	0.0	1.343476544184024	0.0	0.0	0.0	0.0	3.5622324121229023	12.770153737379701	
2.091516946212631	0.0	0.0	0.0021604888309421366	0.19770008168548356	0.9049532991826094	0.0	3.7149981048084144	0.0	0.0	
0.5729267593535721	0.0	0.0	0.0	1.3251526225080483	0.0	0.0	1.0425823295916352	0.0	0.0	
0.4235625234339232	0.0	0.39716467825604546	0.0	0.0	3.9178483912452293	0.0	0.0	0.0	0.0	
0.0	0.0	0.0	0.0	0.0	0.0	0.0	3.600019072310555	0.0	0.0	
0.0	3.4161443612515052	0.0	0.0	0.0	0.0	0.14822248999179136	0.0	0.0	1.206068345662917	
1.451000492184488	0.0	0.0	0.0	0.6216396075638401	0.0	2.6299550221813286	0.0	2.7013230376989594	0.9584205146199518	
0.0	2.2739084395250733	0.0	0.4526172361567307	0.0	0.016070467658027058	0.0	0.0	0.0	0.4596783096071133	
0.0	0.0	0.0	0.0	0.0	0.0	0.0	0.0	1.622336592219669	2.1800947748906716	
0.0	0.0	0.0	0.0	0.0	2.2425908294506214	0.07493397034599804	1.9017710290668055	2.3036975481592505	0.09876355768298849	
0.0	0.0	0.0	0.0764376690185843	0.0852807869785865	0.0	0.0	0.0	3.946690393509401	2.4483278503713595	
5.739664943058255	0.0	0.0	0.0	0.0	0.0	0.0	0.0	4.656444143121592	2.739681604399797	
0.0	2.882720303862793	0.0	0.0	0.1708537808037528	0.0	0.476205024898262	0.0	2.4249972947042138	0.0	
2.0016168388602007	0.0	0.0	0.0	0.0	0.0	0.0	0.0	0.0	3.6511723536136325	
1.5600568884635921	1.7819310123390528	0.0	0.0	4.797086150051823	0.0	0.0	0.6388166391367606	1.151714104813546	0.0	
2.284830530606931	0.7477085009789359	0.0	0.0	0.7159676490762987	0.0	0.268377750305229	0.0	2.930064361536448	0.0	
0.0	0.0	0.5259472977824926	0.17091031452215874	0.5839300754720178	3.348483601458217	2.074906706566047	0.0	0.0	0.0	
0.0	2.002029998975842	0.0	0.0	6.409766752632569	0.0	0.0	0.0	0.0	0.0	
0.0	0.5881517116268709	0.0	0.19015199524975854	6.584889034088143	0.0	0.18748362021460016	3.6095435255218544	0.0	0.0	
0.0066489609122899074	1.0870365018687023	2.285843436816331	0.15718615766360677	1.3010519210673022	0.0	0.0	0.0	0.0	0.0	
0.0	0.0	1.3988258970596321	0.0	0.0	0.004245217797346233	1.0114312966589702	0.0	0.32466549830656166	0.0	
3.1893554570356075	0.0	0.0	1.3189596133547425	0.039543135499250176	0.0	0.0	0.0	0.0	0.0	
0.0	0.0	0.0	0.0	3.823631434180878	0.0	0.0	0.0	0.0	0.0	
0.0	5.619006687951328	0.0	0.0	0.0	0.0	0.0	0.0	0.0	0.0	
0.0	2.0123622550583127	0.09561518118054195	0.0	0.0	0.0	0.0	0.6046853246436049	0.0	0.0	
0.0	0.0	6.916532192460026	0.0	0.0	0.0	0.0	0.0	0.0	0.08740117454380576	
0.0	0.03272739446868318	0.0	0.0	0.0	0.0	0.9094685182038611	0.9265644981945942	0.6832517119662503	2.0106127596733057	
4.983275104525249	0.0	0.0	0.45205396373065393	0.6636049556473411	0.0	0.0	0.0	0.0	0.0	
2.140119168055758	0.0	0.5503006744347865	1.6496712813385517	3.2919747800637564	0.0	0.0	0.0	0.0	0.0	
0.0	1.8243442468602522	0.0	0.0	3.9128131658469756	0.0	1.1590936728526366	4.998537134642537	0.0	0.0	
0.0	0.0	0.0	3.647074085103016	0.0	0.016268733818398474	4.155618611488576	0.0	0.0	0.0	
0.0	0.0	0.0	0.0	0.0	0.0	0.8729193259103942	1.7936731124215228	0.0	0.0	
0.0	0.29127691604523553	0.0	4.108824669208218	0.0	0.0	0.0	5.969432692182305	0.0	0.8382432827163061	
2.879349869717965	0.3644463485506433	0.0	0.0	0.0	0.0	0.0	1.354329272296443	0.8935436761698448	0.0	
1.4058855735663272	0.0	0.0	0.0	0.0	1.2141826380441043	0.0	0.0	1.5918173782602472	2.210085313481483	
0.7316827040178198	0.0	0.0	2.433744824457274	0.0	1.5013063558987898	0.0	0.0	0.0	0.0	
0.0	0.11350692710893429	0.0	0.0	4.42452049857736	0.4245730738454304	0.0	0.48858002480340856	0.2875871647229063	0.6329048686845653	
3.2184488319499853	0.0	0.0	0.0	0.0	1.428973774502025	3.8676746667847715	0.0	0.22877394372695134	0.0	
1.5252425037400779	0.0	0.0	0.0	4.0449407022874055	0.0	0.0	4.17773858214496	0.0	0.3430000852700516	
0.0	0.7173508337610576	0.0	0.0	1.7262344130733243	0.0	0.660328399716121	0.0	1.4112312417557957	0.0	
0.0	0.0	4.63955793169324	5.411206364792703	0.0	0.0	4.038473950893706	2.3584001583206984	0.0	1.1231435363166973	
0.0	0.0	0.0	0.0	0.0	0.0	2.303899409952144	0.9176461833965289	3.0024709703734116	0.0	
0.0	0.0	0.0	0.0	2.145083580575064	0.0	0.0	0.0	0.0	1.1005861348420678	
0.0	0.8414949050127992	0.0	1.5594683073162636	0.0	0.0	3.9008161064447724	1.3233140240954089	0.0	0.0	
0.0	2.5266764663491608	0.0	0.0	1.0517534633085261	0.0	0.0	0.5155244737368324	0.0	0.40164286255102655	
0.0	0.0	0.0	0.9523821811205224	0.0	0.0	0.0	0.0	0.0	3.166660099061633	
0.0	0.0	2.645155549622125	0.0	0.0	0.0	0.0	0.0	0.0	0.0	
0.0	0.1816232822600906	0.0	0.0	0.0	0.0	0.0	2.2221459897174807	0.0	1.3755692370349006	
0.0	0.0	0.0	3.5354268642821323	0.0	0.0	0.0	0.17469296911464105	0.9717650660041409	0.0	
0.056123050427743446	0.9406502803054331	0.0	0.13342803046279905	0.0	0.9257762416555885	0.0	0.4390261153789688	0.0	3.9551591924591576	
0.0	0.0	3.7321375438534234	0.0	1.6238120908834583	0.0	0.0	0.0	3.136150569297563	0.0	
0.0	1.9003811420065553	0.0	0.0	2.40230375277602	5.844777072146788	0.0	0.0	0.0	0.0	
0.0	0.0	0.0	0.0	0.0	0.0	3.9107386995262203	0.0	0.0	0.0	
0.0	0.2709561842808792	0.0	0.9928507359873922	0.0	0.0	0.6658443721943778	0.0	0.0	2.43803906359823	
0.0	0.0	0.0	0.0	0.0	0.0	0.0	4.492765458414995	0.0	1.4523926830254899	
0.0	0.25849619061361134	0.0	0.0	0.0	3.9606477596823177	0.0	1.4451698857521724	0.3085333535733778	0.0	
0.5602338958567565	0.0	0.0	1.2239346094961148	0.0	0.0	0.0	2.6295584439326256	0.0	0.36690544601829417	
0.0	0.0	0.0	0.0	1.8540465449255596	0.0	0.0	0.0	0.0	0.0	
0.0	0.0	0.0	0.0	0.0	0.0	0.2710772641668131	0.0	2.4872604926092543	0.0	
0.4453373270530388	0.0	0.0	0.0	0.0	0.0	0.0	2.262664701525209	0.06155950792253174	0.0	
0.0307535755836248	3.451664214797669	0.0	0.0	0.035540367817634116	0.5539033222112034	0.1329425197347153	0.0	0.0	3.130127066162464	
0.0	0.0	0.0	0.0	0.0	0.0	0.0	8.759985033492342	1.1186478847347523	0.0	
0.23827782775098477	0.0	0.0	0.0	0.0	3.5217318374110786	1.675810634065876	0.0	0.0	0.0	
0.0	4.925032849455468	0.0	0.0	0.0	0.8685990302227095	0.0	0.0	0.0	0.0	
0.0	0.0	0.0	0.0	0.0	0.0	0.0	2.012861201512652	0.0	0.0	
0.7415056452584661	0.0	0.0	0.0	0.0	0.0	6.318627035960904	0.3152471050970299	0.0	2.761063739010461	
0.024671244779318684	3.9913182213903573	1.663545034687462	1.2027901234452396	0.03017323375046878	0.0	0.0	0.0	0.0	0.0	
0.0	0.0	0.0	0.1702573225334336	0.0	0.0	0.018471953875111073	0.5101380378678144	4.219319217898493	2.1654239568147697	
0.0	0.0	0.0	0.37712744786728486	4.870475451023258	0.0	0.0	0.0	0.0	0.0	
0.0	0.0	0.0	0.20446922836256232	0.0	0.0	0.9293296484813451	6.79157417437066	0.0	0.0	
0.0	0.21316436156762703	0.0	0.0	0.0	0.0	0.0	4.048768988712497	1.3797450222356462	0.6516654956652986	
0.0	0.0	0.0	0.0	0.0	0.0	1.5518632530741316	0.0	0.0	0.0	
0.0	0.0	0.0	3.3057882222630233	0.0	0.0	0.0	0.0	0.0	0.0	
2.503691738794334	0.0	0.0	1.9963991583736163	0.09095401360535213	0.0	0.0	0.0	0.0	0.0	
0.0	0.0	0.0	0.0	0.0	0.0	1.162195844323072	10.553237754504554	1.966030028735001	0.28522290919324705	
2.486550998310183	0.03214651683886395	0.0	0.0	1.0714495733758995	0.0	0.0	0.0	0.0	0.0	
0.0	0.0	2.196788782523281	0.2668830943881865	1.6745666316553436	0.0	0.0	0.0	0.0	0.0	
0.0	0.0	0.0	0.0	0.0	0.0	2.3050588164894865	0.0	0.0	3.2576031559141736	
0.0	0.0	0.0	2.8356009912259075	0.0	0.0	0.0	0.0	0.0	0.0	
0.0	5.787593023570969	0.0	0.0	2.8622587810403077	0.0	0.0	0.0	0.0	0.0	
0.0	0.07648796468765938	0.0	0.0	0.0	0.0	0.0	5.201848765364041	1.728734894988871	0.5443129288395843	
0.0	1.3808601374134895	1.937902412329796	1.5949608567123987	0.0	0.0	0.0	0.9155391455959347	0.0	0.0	
0.0	0.0	0.0	4.376253002911002	2.1691864542957595	0.0	0.0	0.0	0.0	0.0	
0.0	0.0	0.0	0.0	0.0	0.0	2.086350303011025	1.3211655163102265	0.0	2.675608315108942	
0.0	0.0	1.5422484891444748	0.0	0.0	0.0	0.0	0.0	0.0	0.0	
0.0	0.0	0.5782814663885184	0.24962395314406519	0.0	0.0	0.0	0.0	0.10113836395527918	0.2500924638685683	
0.33738433045877037	0.0	0.0	0.0	1.4679867455623394	0.0	0.0	0.0	1.5979349890945227	0.0	
0.0	1.0592712838155847	0.0	0.0	0.0	0.0	0.0	4.389784188983502	0.0	0.0	
0.0	0.0	0.0	0.0	0.0	0.0	0.12159649198325348	0.0	3.4733950823625492	1.1780929103853255	
0.013089883052136791	4.319453482480716	0.0	0.0	0.0	0.5201020547037049	0.0	0.0	0.0	0.19751631844760598	
4.097535911920466	0.0	0.0	0.0	0.0	0.0	0.0	1.7559265862890148	0.029711759869384045	0.115318181304587	
0.0	0.4226750259285619	0.8134651074286398	0.0	0.14224018361333635	1.520977539117479	0.0	3.523018266753195	0.0	0.9904887733910211	
0.0	0.0	0.0	0.0	0.0	0.0	3.2815973747980602	0.002778912090210757	0.0	0.0	
0.0	0.0	0.0	2.7221350839925744	0.0	0.0	1.1372284293218935	0.0	0.0	0.0	
1.6325048882489341	0.0	1.4431938786208753	0.0	1.606686258404478	0.0	0.0	0.0	0.0	0.0	
0.0	0.8145189196652406	0.5677282482207316	0.07137126723954802	0.0	0.0	1.1876384858086915	0.0	3.652261108629088	0.2035517216984856	
0.0	1.0542713149107918	0.0	0.7572311543416389	1.0206058062561674	0.0	0.0	0.0	0.0	0.0	
0.0	0.0	0.0	0.0	0.0	0.3717533227840147	4.20315280632293	0.07806315889878364	0.0	0.4378438469660086	
0.0	0.0	0.0	0.0	0.0	0.0	0.0	1.0683578097425155	4.674345198574859	0.0	
0.669170212071331	0.0	0.0	1.9731829966019092	0.0	0.0	0.0	0.0	0.0	0.0	
0.0	2.196970678631803	1.1304075073899305	0.0	0.0	0.0	0.0	0.0	1.2283877305031754	0.0	
0.0	3.083432941688124	0.0	0.0	0.0	0.0	0.0	4.300733030139947	1.9950136513695436	0.0	
0.0	0.0	0.0	0.0	2.2050946274313854	0.0	0.0	0.0	0.0	0.0	
5.197565971471201	0.0	0.0	1.958995731519979	0.0	0.06585122299706618	0.012099339575972942	0.0	0.0	0.0	
0.0	0.0	1.912754928605821	0.0	0.0	0.0	0.0	0.0	2.6740589442801905	0.0	
7.858694549235486	0.0	0.0	0.0	1.3894564211512215	0.0	0.0	2.012858095756468	0.0	0.0	
0.0	0.0	1.4241135766191155	0.0	0.0	0.20151755282212597	0.0	0.0	0.0	0.0	
0.06774949852356242	1.0226003310264813	0.29260631904030154	0.1450429726911794	0.0	1.4163401273344276	0.0	0.0	0.70290302449792	2.2806608205839134	
0.05758141015330323	0.0	0.0	0.0	0.0	0.0	1.0297686756964104	2.581730445468171	0.0	0.0	
0.0	4.068730055407219	0.0	0.0	0.8735350394881719	0.0	0.7620607641262861	0.0	1.1379115098845007	2.075537328687952	
0.0	0.2810301886057841	0.0	0.0	0.0	1.5785075734083096	0.0	2.0137755905943426	0.0	0.9424278050510564	
4.914809409584494	0.0	0.0	0.0	1.843163240477465	0.0	0.47353635377122544	0.0	0.8570685396983686	0.0	
0.02919191598730375	1.4723412238777664	0.2817537262832207	1.7304330370310124	0.5018180543913424	0.0	2.453396703090639	0.0	0.0	0.0	
0.0	0.04310526443154394	1.0802317834506274	0.0	0.0	2.1852016475572977	0.10246056892684165	0.6518899701254177	1.4389406043296484	0.0	
0.0	1.8618402440765183	0.0	0.0	0.0	0.9390882134189106	3.3872238658131693	0.0	0.0	0.0	
0.0	0.0	0.0	0.0	0.0	0.0	0.0	0.0	0.0	0.0	
0.0	3.9763274864373512	0.0	0.0	0.06428918820944456	0.0	3.086034276000599	0.0	0.0	0.0	
0.0	0.848938539964478	0.0	0.12428534510484084	0.921785738945776	2.9233712557731457	0.0	0.0	0.0	0.0	
0.0	0.0	0.0	0.0	0.0	0.0	0.0	0.0	1.9108650647204173	2.327617147793975	
0.0	0.0	0.0	0.0	0.0	0.0	0.0	2.6181354230020486	0.6805894186292563	0.0	
0.5173642173562049	3.303133450131512	0.0	0.0	0.8802895838822666	0.0	0.0	0.0	0.0	0.0	
0.0	0.0	0.0	0.0	3.709041440289229	0.0	0.0	0.0	0.0	0.0	
0.0	0.0	0.0	2.712509370235664	0.0	0.0	0.0	3.756426673993188	0.0	0.0	
0.0	0.0	0.0	0.0	0.0	0.0	0.0	1.944592611215335	0.8312861520310213	0.1543371608102458	
0.0	5.937520262335596	0.09232698016734767	0.0	0.06775935646841151	0.0	5.037287808082199	0.23445850714955765	0.20697240457037439	0.27936612457905036	
0.0	0.0	1.6744455478089795	0.053924288922197236	0.0	0.0	0.3118753865734521	3.4876160169578685	0.0	0.0	
1.9275842775371674	0.0	0.0	0.0	0.0	0.0	4.208655237656004	0.0	0.0	0.0	
0.0	0.0	0.0	0.0	0.8499535334181243	0.8335200149165662	0.0	0.0	0.0	0.0	
2.5938496488979204	0.0	0.0	1.0893116137868266	0.0	0.0	0.0	0.0	0.0	1.8278554574987436	
5.938119777783198	0.0	1.010302716343371	0.0	0.007190133931505611	0.0	0.0	0.0	0.15180966427436893	0.0	
0.0	0.0	0.0	0.0	0.0	0.0	0.0	0.0	0.0	0.0	
5.227786771359247	0.0	1.0042958168113383	0.0	1.3170484067996029	0.0	0.1684549909843379	0.0	0.8964481501291363	0.0	
0.0	0.11326579391545813	0.20678326846446937	2.752817708157118	0.0	0.0	0.0	1.6330289671472769	0.0	0.9884985308273352	
0.0	4.112094016595209	1.021288966128591	0.0	0.0	0.0	0.0	0.0	0.0	0.0	
0.0	0.0	0.0	1.425910891934027	0.0	0.0	0.0	0.0	0.0	4.3944402070611766	
0.0	1.4829133201209412	0.0	0.0	0.012298010467252258	0.6715857635735298	0.0	0.0	0.0	0.0	
0.0	2.1371910983010713	0.0	0.0	0.0	0.8718331795919321	3.561602499988063	0.0	0.0	0.07122749602340597	
0.627526548128422	0.0	5.060632084393946	0.0	0.0	0.0	0.9496121726532234	0.16203080562770217	0.0	0.0	
0.0	0.0	0.0	0.0	2.9316920209555004	0.0	0.0	0.0	0.0	0.0	
0.0	0.0	1.1423608918652046	0.0	3.7568498314782977	0.0	0.0	0.0	0.0	0.0	
3.1589567923149215	0.0	0.0	0.0	0.0	0.0	0.0	0.0	0.0	0.0	
6.924048836003922	0.0	0.0	0.0	0.0	0.0	0.0	0.9945147589272846	0.0	0.17784577705991267	
0.10903389487330065	0.0	0.0	0.0	0.0	0.0	0.9640773133504128	1.0985061044153206	0.0	0.22614254897725933	
0.0	0.0	0.008930259125239242	0.0	0.0	0.0	3.0333412234247508	0.0	0.0	0.0	
0.0	0.0	2.666222548130605	0.9085017920767974	0.0	0.0	0.0	1.085212266252997	0.0	0.11526941424806206	
0.0	0.0	1.426543776618267	0.0	0.0	0.0	0.0	0.0	5.080727276942508	0.0	
0.0	1.0627269762098384	0.0	0.7732252710352829	0.5753628826377056	0.0	0.0	0.0	0.0	1.0935686476170852	
0.0	1.395632373683826	0.0	0.08993833797728358	0.0	1.1243320042703757	1.2636525972682189	0.2705993424389727	0.0	0.0	
0.0	4.720728704695415	0.0	0.0	0.0	0.0	0.0	2.3040263718119354	0.0	1.8529926418276788	
2.995038740222431	0.0	4.888979722702242	0.0	0.6109236472581263	0.0	0.0	0.0	1.2544111349896752	0.0	
0.0	0.0	0.0	4.40676938349105	0.0	0.0	0.0	0.0	0.0	0.0	
