0.0	0.0	0.9350704560504252	2.2038907537678623	0.0	0.0	1.0086674426346836	0.0	0.0	0.6521359225249029	
1.8232772717123145	0.6900647989044334	0.7254372754244582	0.0	0.46639464602625713	0.0	0.0	0.0	2.3333976689429954	0.0	
0.0	0.17976399526921352	0.0	0.0	0.0	0.0	0.0	0.36919186421853456	0.0	0.0	
0.0	0.41097998006932057	0.0	0.0	0.0	0.0	1.9350432341187391	0.0	0.0	0.0	
0.0	0.0	1.4725573897658664	0.0	0.0	0.0	0.0	1.2103756551416032	2.30337182931705	0.0	
0.0	0.0	2.268879876473887	0.0	0.0	0.9255758452403796	0.0	0.0	0.0	0.060646261172216935	
0.0	0.0	0.0	0.0	0.0	0.0	0.0	4.86930444637702	2.672167855721796	0.0	
0.0	0.0	0.0	0.0	0.7489919735449351	0.0	0.0	1.881216262546843	0.0	0.7116770098648854	
0.0	1.4370197841957062	0.0	1.114942100542747	0.0	0.0	0.0	1.0161644895477893	0.0	0.5744310974830462	
0.6619985180821261	0.0	0.6056788827697837	0.0	0.0	1.085043603774663	0.0	3.0620778393844925	0.0	0.0	
0.0	0.0	0.22630576826882043	0.0	0.0	0.0	0.0	7.645508066289327	1.0956080519774685	0.8690691814351829	
0.0	0.0	0.0	0.0	1.428289422935435	0.0	0.8273603273760801	2.9002086167277805	0.0	0.04334467630237999	
0.0	0.0	1.2211900926832204	0.0	0.0	0.0017243515720946063	0.0	1.2233718464194911	6.932394099927297	1.477173674354183	
0.9537615784770852	0.0	0.0	0.0	0.0	0.0	0.0	0.979887417856669	0.24492760011975712	0.0	
0.0	0.0	0.6200091862518652	0.2365703734397308	0.0	0.0	0.0	0.6336206289912355	0.0	0.5442584732397959	
0.0	0.0	2.308945706331042	0.18933778519535227	1.0422821313155126	0.0	0.0	1.6175707985219443	3.979916201215225	0.49204014337883106	
3.4464345563841676	0.0	0.31496005761718654	0.0	0.0	0.0	2.9022066867206857	0.0	6.657848985532955	0.0	
0.0	0.5816209499584575	0.0	0.0466001562684975	5.802388709832817	0.0	0.0	0.0	0.0	0.0	
0.0	0.0	1.6224060459176122	1.2807717935046923	2.0892372545215685	0.0	0.2631090878766803	0.025711716024650697	0.0	0.0	
0.041013799728254516	0.0	0.0	0.0	0.15151002555544185	0.0	0.0	0.0	0.640035654751747	0.8599126331145578	
0.0	0.0	0.0	0.0	0.0	0.0	0.0	2.1374520031786033	0.0	0.0	
1.2494330342884568	0.28028246317607003	1.4739936417913406	1.8235368223156025	1.8840315978572133	0.0	0.0	1.6040333026494702	0.0	1.5237875106465577	
0.0	2.101968054692998	0.3357973915222132	0.0	0.0	0.0	0.18626574519513936	0.19928603980549106	0.22708471324249516	0.06828566968549393	
1.1456990354510583	0.0	0.0	1.7735921868422724	3.2816212844273647	0.0	0.0	0.771836882016684	0.0	0.7929885737575655	
0.0	0.0	0.0	0.0	0.3088119055078277	0.0	0.9253526167339935	1.7954854600390306	0.0	0.1011267620438144	
0.0	0.0	0.7634105213094828	0.0	0.0	0.0	0.6912248316542529	1.4147831230638948	2.4403869212344986	0.0	
0.0	1.290707139780122	1.1864745223548856	1.4472263170684565	1.0435351923030953	0.0	0.8370893617837597	1.0330680605385034	1.1410952153427278	0.7485862018441242	
0.0	0.0	3.4758593915809732	0.0	0.0	0.2526230521102777	0.0	0.0	10.227242155691368	0.0	
0.0	0.0	0.0	0.9405953796374575	0.0	2.2250826751217105	0.0	1.2599464108538938	2.288217121201806	0.0	
1.958673706915125	0.0	0.0	0.8182363078948176	0.37933357942151436	0.0	0.0	0.0	0.0	0.5231225365208878	
0.0	0.0	0.0	0.0	0.0	0.0	0.0	0.0	0.0	0.0	
0.8428333866974855	0.0	0.0	2.5686705626112882	0.0	0.0	0.0	0.0	0.0	0.6679752762230476	
0.0	0.11195988796584035	0.0	0.0	0.9752912255925615	0.0	0.0	4.1651340465092215	0.0	0.2991694505822823	
0.0	0.0	0.6049296656269367	1.1157970164008004	0.08462407530383263	0.0	0.0	6.204263639870496	0.2206516680195578	0.2235687943197791	
0.0	0.0	0.0	0.0	0.0	0.0	2.263000923003298	0.0	2.1113712710664667	0.0	
0.0	3.376793152581922	0.0	0.0	0.0	0.0	0.0	0.6111236433416886	0.0	0.0	
0.0	0.0	0.0	0.0	0.0	0.0	1.8132567018342944	0.4506181634653367	2.1858357745383254	0.6201754548876747	
0.0	0.0	0.0	0.3717039968724426	0.0	0.5771858412215454	0.24645837272333745	0.5722981362330726	1.1233741228049923	1.7801246919180975	
0.0	0.0	0.0	0.0	0.0	0.0	0.0	2.5995244717066144	0.0	0.0	
0.0	0.4227644914234267	0.5614943259120928	0.11670841409237988	0.0	0.0	0.0	0.8461229241922359	0.0	0.0	
0.0	0.0	0.0	0.0	0.0	0.5617320586507896	0.0	3.565666717030222	0.0	0.0	
0.0	0.0	3.7512183705552316	0.9036468122138582	5.772426346156309	0.0	0.0	2.5549308971131413	0.0	0.0	
1.490636376544609	0.17213120887747388	0.0	0.9472539706823382	0.9158900410479104	0.0	0.0	2.3251773668888664	0.0	1.0447052094807756	
2.1353332565146785	0.0	0.0	0.0	0.0	2.095155918882333	0.0	0.0	0.0	0.0	
1.5597474961635467	0.0	0.29582508766113136	0.0	1.7817974086761055	0.0	9.98105703903103	0.0	1.743224791202841	0.0	
0.0	0.0	0.0	0.0	0.0	0.0	0.0	0.0	1.653281921813636	0.0	
0.0	1.1871480035508004	0.0	0.0	0.0	0.0	0.0	1.2007969401372198	0.0	0.0	
0.0	0.0	0.0	3.4185790046917597	3.2455194160213816	0.0	0.0	0.0	0.0	0.5810002429248686	
1.0324909699858251	0.0	0.3995213813967605	0.0	1.2171991350810176	0.18373836217761308	0.0	0.0	0.0	0.0	
1.3281962190498129	1.9379901919918385	0.0	1.1359416158320592	0.12355382853915921	2.7211393955312806	0.0	0.0	0.0	0.0	
0.0	1.1510984841613243	1.0170505070491371	0.0	0.0	0.0	0.0	2.0358625843422735	2.7481577123565413	0.7614328740420804	
1.6891651887038839	0.0	0.0	0.0	0.0	2.538882898975944	0.0	0.0	2.89493920876338	0.0	
1.300223026472419	0.0	1.0882108071687606	0.0	0.654273976819039	0.0	0.0	0.034638768941885154	0.0	0.12806232237044257	
0.0	0.0	0.0	1.2274780339827331	0.0	0.0	0.0	0.0	4.560669963978123	0.0	
0.7546099672393477	0.8296897220267634	0.0	0.9197197721738725	0.0	0.0	0.0	1.3146765339861253	0.0	0.055131191405114466	
0.5117921773549727	0.03674265941622852	0.0	1.4018101877820737	1.8040401119908764	4.339282027015015	0.0	1.2348926945357368	0.0	1.0664154174770144	
1.0247998580045254	0.0	0.0	0.0	0.0	0.0	0.0	0.6805970640763725	0.0	0.0	
0.0	2.565968983602394	0.0	0.0	0.0	0.0	0.0	0.0	0.4989421349539035	0.3263317783039542	
0.524196092290105	0.3187967883993715	0.06361729085163641	0.7916999263246981	0.0	0.9576697960926748	0.0	1.8717565316025793	0.028035277529209465	0.0026867134319510638	
0.0	0.0	0.0	0.0	1.772630175710487	0.0	0.0	2.8542485580194406	0.0	0.0	
3.3983674562856394	0.0	0.46993762404198786	0.0	2.095906037346271	0.11669484983452456	0.027794071218615574	0.16318734736462334	0.0	0.0	
0.5482837794465948	0.0	0.0	0.0	0.15629227178668068	0.0	0.0	0.506210206451419	3.024705958576662	2.228643674879842	
0.5363945408544062	0.0	0.0	0.0	0.0	0.0	0.0	4.282228976517355	0.0	0.41113938466155575	
0.0	0.0	1.9752715781673873	0.0	0.0	1.8202980007157064	0.0	0.0	0.0	1.5437930012192784	
0.0	0.0	0.0	2.551144508183196	1.06998454458574	0.0	0.0	0.0	0.0	1.3117522816542841	
0.0	0.0	0.0	0.0	0.0	0.0	0.0	1.9699782140140962	3.911255171512475	0.0	
1.6514769070951612	0.0	1.5745020210270988	0.03063272526354554	0.0	0.0	0.6520085680858432	0.0	1.7942662113932897	1.51200184775136	
0.36592906081506515	0.0	0.0	1.6116658123957848	0.5285709859060597	0.0	0.0	0.0	0.0	0.0	
0.02287236445266244	0.0	0.18062263621843883	0.659664460309603	1.1300286877753083	0.3347478321491021	0.0	0.0	0.0	0.0	
0.0	0.01793408074578972	0.0	1.635672414231211	0.0	1.5070887192356577	2.2222383205933367	0.0	0.0	1.825476248582725	
1.2802679662855065	0.0	1.0779696547436837	0.0	2.9823007709733913	0.16660342416141183	0.0	0.0	0.0	1.1175470059111778	
0.0	0.0	0.0	0.0	0.0	0.0	4.136137256383632	0.0	0.0	0.0	
0.1666937621298141	0.0	1.093656225627649	0.0	0.0	0.5277686533162804	0.3234447539620346	0.0	2.7145015735042715	0.917151450931443	
0.0	0.0	0.4084924091623102	0.3428672861386489	0.0	0.0	0.0	1.2336511805167152	0.0	0.9915539172129747	
0.0	0.8378135584098022	0.0	0.0	0.0	0.0	0.5749528636990463	0.47274592421966305	0.0	0.0	
0.0	0.0	0.0	0.0	0.0	0.0	3.8646394481018067	0.21139321392884244	0.0	0.0	
0.0	0.0	0.0	1.0419487298274617	1.138551292183345	0.0	0.32712863094946054	0.0	0.05764855110257791	0.25561142585529384	
0.9325830258120753	0.0	0.0	0.0	1.215117873680012	0.5523133333405529	0.38179248899251683	1.1861226165513445	0.0	0.0	
0.3505836430667335	1.091141044208841	0.018268776733580783	0.02247903929779178	1.52438201791793	0.15258990812197687	0.7930684562855684	0.033324681295066584	0.6199610933468364	0.0	
0.0	0.12036754741821931	0.0	0.0	0.03462271530544693	1.6437857956553739	2.373973781282089	0.0	0.0	0.7099353788614585	
0.0	0.0	0.0	0.0	0.0	0.0	0.0	1.634626895614582	0.0	0.0	
1.3682153277286897	1.0933203651323506	0.0	0.0	1.4665870928407725	0.5398747183387753	1.6361671388088266	0.0	1.2805326581118788	0.046121048359194255	
0.0	0.0	2.614263685782352	0.0	0.0	0.0	0.0	0.2973759509109069	0.16503668870464236	1.2854211886383582	
0.0	3.4191294937129566	0.489091752509589	0.0	4.07005702097705	1.0543269831877882	0.0	0.0	0.0	0.0	
0.0	0.0	0.0	2.3678860300158457	0.0	0.0	0.0	0.0	0.0	0.0	
2.23140517842741	0.0	0.0	0.0	2.1670010615991093	0.0	0.0	1.1502770927964714	0.0	0.0	
0.0	0.6818461444120538	0.0	1.9490178338811168	0.0	0.8727535092763934	0.853562840827057	0.0	0.29067835401626024	0.0	
1.4829841343030978	0.2606238638497479	0.0	0.27164300965767746	0.28597128833978774	1.4118327275497573	3.4740066801960876	0.6118074746916365	1.2554905343956375	1.00167931775022	
1.0229808759834285	0.0	0.6281467877407896	0.9443349447427662	0.887853901927654	0.0	0.0	0.33531617453456947	0.0	0.20913491965697345	
0.0	1.0117230849054775	0.0	0.0	0.08994089203619424	1.0507220004104998	0.5291539293989208	0.0	4.353287785550707	0.0	
1.0742110768202824	0.0	0.0	0.4790612888265354	0.0	0.0	0.0	1.8622825412988222	0.0	0.0	
0.0	0.0	3.0262303996027424	0.7654261270241086	0.0	0.0	0.0	0.0	0.0	0.0	
0.0	0.0	0.0	0.0	0.0	0.0	0.0	3.3016415848283867	0.2986862553985968	0.0	
0.22799628407187195	0.001749052754507359	0.0	0.9285666144194977	0.0	0.0	1.4258077337080686	0.70471055670457	0.0	0.12912462975520694	
0.0	1.5485171381655438	0.0	0.0	2.26706445378765	0.0	1.3007187916276517	2.0213815590350497	0.0	0.0	
0.0	0.741814641843133	0.12588111212512182	0.0	1.4564677872944176	0.10996367032731896	0.0	0.175628939358125	0.9104420485132485	0.4921208987177462	
1.2018369692864905	1.212452635342361	1.2865866367300818	4.319702976780902	0.7368923908466941	1.6811140420265158	0.0	0.09666976752557262	0.0	0.0	
0.0	0.0	0.0	0.0	0.0	0.0	0.0	2.824885611907292	0.0	0.0	
0.5981470469713309	1.5963439994075663	0.0	0.0	3.1774968567363726	0.0	0.13057311367061647	0.0	0.0	0.0	
0.0	0.0	0.0	4.576162230393991	0.0	0.0	0.0	0.0	0.0	0.9941646968623257	
0.0	0.03747354620083606	0.0	0.7067550926162035	0.0	0.0	0.0	1.2287707993646106	1.334520266687975	0.6993317934969318	
0.0	0.0	0.0	0.0	0.0	0.0	0.0	2.4201053139687896	0.4623750140402966	0.0	
0.18412199434815818	0.0	0.0	1.0628710356879663	0.0	2.8262257981726497	0.0	3.473359814699674	0.0	0.0	
0.0	0.0	0.0	3.7119596766183287	0.0	0.0	0.7345475414857692	0.49453838319763566	0.22980004442807264	0.0	
0.0	0.0	0.0	1.0086289023779489	4.69508666900923	1.1276737002485164	0.10102825947844299	1.909490139471192	0.0	0.32150790254591466	
0.0	1.9449913578504499	0.558900686311095	0.0011547396347515366	1.5707301303069283	0.0	0.3494851573134107	0.10664184834255892	1.1540798947507032	0.042208649244283636	
0.39987300622809785	1.7024562214076533	0.0	0.0	0.0	0.0	0.0	0.0	0.0	0.6091570101595813	
0.0	0.0	0.0	0.0	0.0	5.024205822687581	0.0	0.0	0.0	0.039530964808999265	
0.0	0.0	0.0	0.0	0.0	1.4474433496774888	0.0	3.2586844733814555	0.504568158853008	0.0	
0.0	1.0713381325848739	0.0	0.08147684572232435	0.22728908739883713	0.0	0.0	1.4095257691253178	0.0	0.0	
0.864140125842588	0.0	0.7365292462263171	0.44745963850853326	0.1930237643087103	0.0	0.0	0.0	2.5366320500605304	0.7619739178218177	
0.0	0.0	0.0	4.0382442198267405	0.0	0.0	0.8544534014621687	0.0	0.0	0.0	
1.7556626098714578	0.30721690108664207	0.0	0.0	0.0	0.0	0.0	2.1846347392310084	0.0	0.5723947639809115	
0.18699755232091386	0.0	1.2167263884803345	0.0	0.0	1.4043552749349164	0.0	0.5680411790188096	0.0722315412550188	0.0	
0.0	0.0	2.6389406197850858	0.5078069624694826	0.0	3.619413933130963	0.0	0.0	2.4848513011697264	1.0370964363853319	
0.0	0.8121947179188638	0.0	1.254825935848352	0.2828657259743195	0.0	0.007381773059565159	1.6015165264234017	0.0	0.0	
0.0	0.0	4.705026535985411	0.0	0.0	0.0	0.0	0.0	0.0	1.15815410274581	
0.0	1.8136856465583393	0.0	1.2675892079251159	0.0	0.7471820291476293	0.0	3.737646061662337	0.0	0.0	
0.0	2.1028156951229913	0.0	0.0	0.0	0.0	0.0	0.0	0.0	0.0	
1.9670732933415587	2.290504484386917	0.9213959384420546	0.0	0.11189336660052872	0.0	0.0	0.6164443385076385	0.0	0.9227987632083984	
0.0	0.0	6.508491782160339	0.0	0.0	0.0	0.0	0.0	0.0	0.0	
0.0	0.0	0.0	0.0	1.7325171140527187	0.0	0.0	0.2149051676278306	0.0	0.0	
0.24298097858607515	0.0	0.0	0.09272950967082658	0.0	0.6718010608734035	0.6316520919152314	2.4053790568790605	1.051382716363699	0.6613853599217684	
0.0	0.0	0.0	2.351987458971243	2.237978279511377	2.5463316017503	0.12689116503477815	1.733623554421288	0.0	3.0309654187249735	
0.0	1.9730789469601595	0.0	0.0	0.0	0.0	0.03528827003429105	1.3769716493286615	0.503045537347301	1.342806223743353	
0.5641936519511344	0.0	0.9399921527130184	0.0	3.835644568752863	0.0	0.0	0.0	0.0	0.9204350252382748	
0.0	0.0	0.0	2.8896247533320185	0.0	0.5011231965422577	0.0	0.0	0.0	1.3094660894410397	
0.7394454511131408	3.791457089108806	0.0	0.0	0.13872868078065742	0.4066794901803844	0.3303389934737414	0.10589760896976201	0.0	0.0	
0.0	0.4920249521359155	0.0	0.0	0.0	0.0	0.9818917200468744	0.0	0.0	0.9887771387426875	
0.0	0.0	0.0	1.3632836172717206	0.0	0.0	0.0	1.2878732359040161	0.0	0.0	
0.0	0.0029471532019793856	0.0	1.5719565408104188	3.4292655795396008	2.9205643248369144	0.0	0.0	0.0	0.0	
0.4271323697335551	0.0	0.0	0.0	0.0	0.0	0.0	4.2420726677752	0.9928168269207696	0.0016810148481792681	
2.352884066757241	0.3479871226237097	0.0	1.9948594023327726	0.38211607144109205	0.8925310388193989	0.037752129878136725	0.0	0.46067674363339783	0.7125350711964689	
0.0	0.0	0.0	0.3365355584169277	0.6887543884593411	0.0	0.0	0.0	0.8741097630553755	0.0	
0.0	0.0	0.0	0.0	0.84298412383921	0.0	0.0	0.0	1.8513259233517563	0.35025196091974886	
0.0	0.0	0.9187288696282216	0.0956317199594661	1.4120542551597528	1.6067602300582404	0.0	0.05778976892759	0.0	0.0	
3.9121517054675032	0.0	0.09277647942297584	0.8019242999466313	1.227409838510868	0.0	0.0	2.184107873852538	0.0	0.0	
0.32683006767107387	0.0	0.0	0.0	0.0	0.0	1.0393128723256695	0.0	0.0	0.0	
0.0	0.0	1.286796264096648	0.14207286937866576	0.38081566659346283	2.471900538975651	0.07678764579511713	0.0	2.509242144281408	0.0	
0.0	2.425437516471022	1.0592963521105474	0.01738663941837456	0.0	0.0	0.0	0.0	0.0	2.239036761931632	
0.0	0.0	1.0720180040597747	0.0	0.0	0.43684232674215384	0.5648579430117205	0.0	0.9887815812301144	0.0	
0.0	0.023749726331266357	0.0	1.6412648672066705	0.9042526844341282	0.24099410264562537	0.22663334381686476	1.5559598160934147	0.1985011350071249	0.5658372955553724	
0.0	0.7017118852711701	0.0	2.035557635755362	0.0	0.2905846752476101	0.0	0.735248560738206	0.0	0.1559423599587496	
1.387813451283422	0.8232330284825347	0.0	0.3370703692190625	1.0153504379973055	0.0	0.0	0.8700054229379826	0.0	2.701926695211707	
0.0	0.0	0.0	0.5343318712166008	0.0	1.6464514556177454	1.950407913068318	0.042382519297748916	0.0	0.0	
2.017369301030113	1.908063983854978	0.0	0.0	0.0	0.0	0.0	0.04938836399939167	0.0	0.0	
0.0	0.05557202870187822	0.0	0.0	0.0	2.233054346627542	0.0	1.1129192032934012	0.0	3.3708256996471593	
0.0	0.7252532466440927	0.0	3.699548340839258	0.0	0.0	0.0	0.0	0.0	0.4989452976214672	
1.0234211352348468	0.0	0.02426733958282431	0.0	4.261478985194217	0.3127988312620688	0.9522256913681931	0.0	0.14981818133601724	0.009273787205301904	
2.4540563260711226	0.0	0.0	0.0	1.0333460720913776	0.0	0.0	0.4499692622498311	0.7294109581347569	0.0	
0.0	1.853453991940275	0.031274114669481795	0.03335145171486488	0.0	0.0	1.918833832304329	0.0	0.029237044053210107	0.0	
0.0	1.8082118283139204	0.0	0.3117970995979756	0.0	0.2686542955207541	0.0	1.2258412065653455	0.0	0.0	
0.0	1.3096217303250182	0.0	0.6001853562616906	0.0	0.0	0.0	0.0	2.6182068876441864	0.0	
0.21672680998284222	0.20716055554035084	0.0	1.0122347235794165	1.2654618574500616	0.0	0.7167912421723277	0.0	1.1515772440711467	0.06555569743616035	
0.4692495545516652	0.0	0.0	0.8054200531642217	0.0	0.0	0.0	0.0	0.0	0.0	
0.5492248860286187	0.0	0.0	0.0	0.6728582461045943	0.0	0.0	0.0	0.0	0.0	
0.0	0.0	0.0	1.8707500387399827	0.0	0.5998779479568231	0.46059033170275815	0.0	0.0	0.0	
0.0	0.0	0.0	0.568058115272878	0.0	0.18953061481275044	0.0	4.53837135309359	0.0	0.0	
0.9682887042887838	3.2622913151143265	1.187427794996881	0.23313810901115598	1.1191879176444095	0.0	0.664192498030173	0.0	0.0	0.0	
0.38877594764696854	0.7418791667803548	1.1109252382993167	0.0	1.2162568395029114	0.0	0.18323685859980193	1.0088256343344948	2.423586124955294	1.4217861030544576	
0.0	0.0	1.189754161630774	0.0	0.0	0.0	0.0	3.311952731346872	0.0	0.0	
0.18524545863281447	0.0	0.0	0.0	2.1202214726092796	0.0	0.0	1.507455810627356	0.0	0.42862373602163173	
0.0	0.0	0.0	0.0	0.21973852634874164	0.0	0.020893658608403615	6.082749160837915	3.2955003012930724	0.6892763531744497	
1.1213866927868512	0.0	0.0	0.0	1.4329907197908864	0.0	0.0	1.9632570682142618	4.4417200061164115	0.30641620666755737	
0.0	0.0	0.0	1.3445548164168313	0.8301715268763462	0.7654319960372696	0.0	0.0	0.0	0.8328904241665441	
0.0	0.0	0.0	0.015447201858598245	2.519430274537084	1.0285062192137702	0.0	0.0	0.45245188624583715	0.0	
0.0	1.1023076302031312	0.0	1.6320401737036767	0.0	0.0553362981763244	0.0	0.0	0.0	0.0	
0.9132933336457041	0.0	0.0	0.006386261378129672	0.0	0.0	0.0	0.0	0.0	0.0	
0.6653519911931132	0.0	0.45674900848789557	0.7743179216840755	0.13247099561706835	0.44621771327091886	0.0	0.0	2.5759257450004416	0.1275237463110227	
0.0	0.0	0.0	0.0	0.6912588324084256	1.660585394098212	0.0	0.0	0.8036467678025158	0.0	
0.0	0.0	0.0	0.8378208919022369	0.0	0.0	0.0	0.0	0.0	0.0	
0.0	0.4677920447868807	0.7064643386702347	0.9063179915964554	0.19326586251686692	1.502931903528638	0.0	0.0	0.0	2.5044568302384724	
0.0	0.0	0.0	0.0	0.0	0.0	0.0	5.237894143563204	2.8718043934090383	0.3881366807207772	
0.0	0.0	0.0	0.0	1.8599921124776828	0.0	0.0	0.0	0.0	0.0	
1.2565923172609137	0.0	0.0	0.4103536115762985	3.291690714400177	0.0	0.0	0.003008828907524077	0.0	0.8047910419353771	
0.0	0.0	0.0	0.0	0.0	0.0	0.7585855458423152	0.0	0.9844574700989868	0.0	
0.0	2.831660308658449	0.0	0.11812879486301145	4.258134218766154	0.26572483783674455	1.0416064200779092	0.23794946330673766	0.0	0.0	
0.0	0.0	0.0	0.0	0.0	0.0	0.0	0.0	5.4051535353600295	0.2669501571501576	
0.0	0.0	0.0	0.0	0.0	0.0	0.0	3.7966301631204917	0.0	0.0	
0.0	2.713958936978143	1.9158130502626758	0.0	0.4817052075050487	0.0	0.0	0.0	0.0	0.0	
0.4362953255191886	0.0	1.0099246561697808	0.0	0.0	0.0	0.0	0.0	0.0	0.19650306112189198	
0.0	1.392096755423264	0.0	0.0	0.0	0.0	0.0	0.0	0.0	0.0	
0.3652842021037367	0.0	0.0	0.0	0.36746202456486465	0.0	0.9599445492546981	2.3028673055724704	0.0	1.0695850450312818	
0.0	0.0	0.0	0.0	3.206217607538128	0.0	0.0	0.0	0.0	0.0	
0.0	2.5573200938319425	1.8499367384793457	0.0	2.9099988084311295	0.0	1.2667444632999947	0.0	0.0	0.0	
1.7286276458109606	0.0	0.0	0.0	2.235059366937925	0.0	0.0	0.0	0.0	0.0	
0.0	0.0	0.0	0.0	5.13416625156835	0.0	0.0	0.0	0.02407237174967947	0.0	
0.0	0.0	0.0	0.5618944873970021	0.0	0.0	0.0	0.0	0.7370561062097941	0.0	
0.0	0.6779225908357454	0.0	0.0	5.76678285746228	0.0	0.0	0.935078558539888	0.0	0.0	
0.0	1.027628064197597	0.0	0.0	1.006133398599965	4.2493480509749295	0.0	0.850597423467698	0.0	0.7958271886721056	
0.0	0.716663947169525	0.0	0.0	0.6814035206192394	0.18608701354350787	0.0	0.0	4.782711706661123	0.5354735883071757	
0.0	2.29565652883514	0.0	0.9459094608536115	0.38206643300730114	0.0	0.0	0.0	0.0	0.48122392661845936	
0.0	0.943947452918619	0.0	1.7935938294307379	0.0	0.0	0.0	1.9369039802428365	0.0	0.0	
0.0	0.0	5.179956968493131	0.0	0.0	0.8350986323241503	0.0	0.0	5.78997442193788	0.0	
1.263540836266058	0.0	0.0	0.0	0.0	0.0	0.9440092051430788	4.175896059601748	0.0	0.0	
0.0	1.7210072217030037	0.0	0.0	4.410693644432266	0.40147558174582354	0.0	3.7032246328061493	0.0	0.05463593402317506	
0.4251692176973887	0.09658722172744312	1.5529165836057646	1.3060170712086083	0.6495601439573404	0.0	0.0	2.0246237416910624	0.0	0.0	
0.0	0.0	0.0	0.0	2.2225373804467616	0.0	1.2465461978704881	0.4035685358181662	0.4986627107449896	0.0	
0.0	0.0	0.8273204616554073	0.0	0.0	0.0	0.0	0.0	0.0	0.7414920927005477	
0.3158477221444312	0.02502155266623142	0.0	0.7622365364123667	0.35157499484861954	0.0	0.0	0.6077116433848443	0.0	0.5705768985930705	
0.0	0.0	0.0	0.0	1.9138631203876653	0.0	0.0	1.9488916371716118	0.0	0.0	
0.0	0.0	1.5836142034086729	0.0	1.4032409230582101	0.5388577871534198	0.0	0.0	0.0	0.0	
0.0	2.390310526116647	2.073056934147217	0.4768842720645099	0.0	0.0	1.5538036293626059	0.0	0.2628120862780179	0.0	
0.0	0.0	0.0028098668402909473	0.0	0.009044300955810769	0.0	0.21635865502171686	0.04543907388539574	4.796313965425177	0.3135559384445105	
1.145677078609137	0.3438643210609882	0.0	0.2204316890145496	0.0	0.0	5.152783886459341	0.4425761627994357	0.44252940304678484	0.0	
0.0	0.0	0.11768648624408883	0.0	0.0	1.4561778746878296	2.7066028419459296	0.8856639704896712	0.0	0.4204114552167307	
0.0	0.0	0.0	0.6748703525142415	0.0	2.5796320039559784	0.0	0.0	2.921335615831408	0.0	
4.389177668577946	0.0	0.0	0.0	0.3416542866174504	0.0	0.0	0.0	0.0	0.3134460289202526	
0.0	0.0	0.0	0.0	3.548412767789781	0.0	0.0	0.5755303526264677	0.0	0.0	
0.0	0.0	0.0	1.6966492651726819	0.0	0.0	0.0	0.0	0.0	1.0642829755507444	
0.0	0.8763797810517526	0.0	0.0	0.17481599847137042	0.0	1.6712221356662396	0.42288298208511704	0.11431610535352758	0.4837338495030604	
0.053492004997295006	0.0	1.5812786528964407	0.0	5.3876854889364685	0.0	0.0	0.0	0.0	0.2839247746515734	
1.896331646271755	3.676456713477241	0.0	0.0	0.0	0.0	0.0	0.0	0.22002813564577625	0.0	
0.0	0.0	0.0	0.0	0.0	3.5452744071907736	0.0	0.381192387881999	0.0	0.06881453393430347	
0.0	0.0	3.701984739862406	1.2096088917764438	0.0	0.0	0.0	0.0	1.4377280630284175	0.2422059678174697	
0.0	0.0	0.0	0.0	0.0	0.0	0.0	1.7448032376262173	0.0	0.0	
0.0	1.1195298688509154	0.0	0.0	0.0	0.7227405884044165	0.0	0.0	0.0	0.0	
2.2159407140225005	0.0	0.0	0.0	3.1437341506459293	3.400566143904501	0.48229666693058093	0.0	0.0	0.0	
0.0	0.0	0.0	0.0	0.0	0.0	0.0	0.0	0.0	5.321299171347595	
0.0	0.002815222199467831	1.091239262219138	1.7952855164174573	0.0	0.7246976150048512	0.0	0.059868611292594354	0.0	2.1939030018293315	
0.0	0.0	0.15816462317466648	0.037132188455349165	0.7674071021635495	0.0	0.0	0.0	0.0	2.6779722202431695	
0.0	0.0	0.0	0.0	0.6480190472985606	0.0	1.4424126184217612	0.4409054212346316	0.793704673930597	0.0	
0.0	0.0	0.0	0.0	2.552024910851473	0.0	1.3780225132589654	0.0	0.0	0.0	
1.8362758377055577	0.0	0.0	1.0562837898203807	0.0	0.0	0.48870412099187843	0.0	0.0	0.0	
0.0	0.0	0.0	1.0081178024291346	2.4962441059346605	1.6682318389193336	0.0	0.0	0.0	0.9726944420406509	
0.0	0.0	0.0	0.0	1.0034871460875645	0.0	2.2312139389036134	0.0033257264782174077	0.0	1.0057250614414124	
0.0	0.0	0.0	0.0	0.0	0.0	3.8656849673115885	0.0	3.9768705389096404	0.0	
1.5835286545987217	0.6297395122284944	0.0	0.0	2.892889593904489	0.04947044039561938	0.903818483584132	0.0	0.5591959467402398	0.9851446198119461	
0.0	0.6238627834625334	1.4047752651023528	0.19439970855547659	0.0	0.5668208470259197	0.0	0.0	0.0	0.004574068364806441	
0.0	0.0	0.19855612069142614	0.0	0.7567003870706	0.0	0.0	0.0	1.1830414246590624	0.0	
0.0	0.14957813530405137	0.0	0.0	0.0	0.0	0.0	2.423160553553675	0.0	0.0	
0.0	0.0	2.3103428556368497	0.3914189732985673	0.0	0.0	0.0	0.0	0.0	0.0	
0.0	0.0	0.0	0.0	0.37559347485099986	1.6485309630199974	0.4145787418744347	0.0	0.0	0.0	
2.2213739144236393	0.0	0.0	1.0308661738785463	0.0	0.0	0.0	0.0	0.0	0.0	
0.0	0.0	0.5820127960808761	0.9495774479201531	0.0	2.1276459329738553	0.0	0.0	0.0	0.0	
0.0	0.5886448858879522	0.0	0.0	0.0	0.0	0.4622558362361358	0.0	0.0	0.5561779029019406	
0.0	0.0	0.0	0.0	2.683425040858168	0.017686825543522147	2.017536858840489	0.0	1.4690251315073144	0.0	
1.7576190386610502	0.0	0.0	1.5468105817845215	0.0	0.0	0.0	0.0	0.0	0.02952779654392993	
1.3022423403601109	0.0	1.4328574429516803	0.0	0.4187063349276894	0.0	1.3066646544315614	0.0	0.0	2.040403236540148	
0.0	0.0	0.8143903447946859	0.33801255128181196	0.0	0.0	0.6697083561735293	0.0	0.32762152760786506	0.0	
0.0	0.0	0.0	1.6553754544260333	0.4813890326565588	2.7228719876101284	1.9202564781689562	0.0	1.6047428152585155	5.022184480754546	
3.026151848499533	1.8607453681861785	0.0	0.7928434713211172	0.5757289790057148	1.4639190438512388	0.0	0.0	0.0	0.0	
0.0	0.0	0.0	0.0	0.0	1.1660181247980037	0.0	4.531028591471052	0.0	0.5069309395772257	
0.0	0.0	0.0	0.625763515485293	1.3063060671901565	0.0	0.13378063127112186	0.0	0.0	0.0	
0.0	1.6084217717296367	0.0	0.5645491731140816	0.0	0.0	0.0	0.0	0.0	3.2980786124671484	
0.0	2.406690837481081	0.0	0.0	0.0	1.5795051804683435	0.0	0.0	0.0	0.0	
0.007438974236221347	0.0	0.0	0.0	0.0	0.0	0.0	3.3038423530109258	1.1149885892990075	0.5140711925674499	
2.7117416350204158	0.42533742891216675	0.0	0.0	2.1437035765855317	0.0	0.0	0.17439069153984815	0.0	0.0	
0.0	0.0	0.834699499756714	0.0	0.0	0.5330900354641893	0.0	0.45972112937412635	0.0	0.0	
0.38142581544317083	0.02264583337256909	0.0	1.2610543996047279	0.08300406828591116	1.3024013936183085	0.0	0.40851832933318244	0.0	0.0	
1.426430759506587	0.0	0.0	0.0	0.0	0.0	0.0	0.0	0.699816042444744	0.0	
0.0	0.0	0.0	0.5746404986115141	0.06736477517295315	0.0	0.0	0.0	2.0012507675917712	0.0	
0.0	2.837130745182523	0.0	0.0	0.0	0.0	0.0	0.5644010581920551	0.0	2.0302140750045767	
0.0	0.0	0.0	0.0	0.18662380528402625	1.835328009757167	0.0	0.0	0.5627080880960097	0.0	
0.5666252330734713	0.7480757890726796	0.09095732958094195	0.0	1.316682619372215	0.45093040700214926	0.0	3.137103075896876	0.012073009784083693	0.03593435273894038	
0.0	1.3215327977939637	0.008386695168380556	0.21797867222534167	0.06554060946430414	0.0	3.5286918833302017	0.0	0.0	3.7648887503853734	
0.0	1.0746317265221264	0.0	0.7306235322026916	0.2020737522680059	0.2620598095200352	0.0	0.0	2.518120888766804	2.021649587853664	
0.0	0.0	0.5520131764954584	0.511972944413217	0.1457312609294413	0.0	0.0	0.0	2.028693726873943	1.4606531088343677	
1.3439229107324386	0.0	1.2089056232340172	2.3985350709024127	0.0	0.0	0.0	4.395741441878268	0.0	0.0	
1.4081044043142181	0.56750892298156	0.0	0.9958962549818305	1.2352623924335093	0.0	0.0	0.1298778051084997	0.0	0.22100888094086837	
0.21292859329026903	0.0	0.8430474998555197	0.0	0.05489666319979167	2.525204495931611	0.0	0.0	0.0	0.1658644355595856	
0.0	0.0	0.0	0.0	0.0	0.0	0.0	1.7224860055207727	0.0	0.0	
0.0	0.0	0.0	0.0	0.0	0.0	0.0	1.3876769149877901	0.0	0.0	
1.6793949103274226	0.23698494294661598	0.0	0.0	4.192777570760222	0.0	0.0	1.591394145553121	0.07598714286203768	0.0	
0.0	0.0	0.0	1.3842962611011838	0.0	0.0	0.0	0.0	0.0	0.0	
0.0	0.0	0.0	0.0	0.0	1.3568576272643342	0.0	0.0	0.0	2.989009725256597	
0.0	0.0	0.0	0.0	0.0	0.6910814312015235	0.0	0.0	0.06772396894961769	0.6690727560347838	
0.0	0.0	0.23330148682559076	0.0	0.0	0.0	0.0	3.17370132847608	1.2659533744012013	0.0	
0.028347514615746153	0.0	0.0	0.7907527443739919	2.2076265714932535	0.0	1.4406109686017559	0.0	0.0	0.0	
0.0	0.0	0.0	0.0	1.9609538555387132	0.0	0.0	0.0	0.0	0.0	
0.0	0.0	0.0	0.0	0.0	0.0	2.5419347174492737	0.0	0.0	0.0	
0.0	0.0	0.0	0.1517292368861574	0.3218143962720161	0.0	0.0	0.0	2.6662384289934318	0.0	
0.0	0.30043903456025783	0.14333532074413038	0.3690588945418731	2.1385345365634683	0.5368129278248959	0.7975022047774198	0.0	0.36692244936884755	0.0	
0.0	0.0	0.0	0.0	0.0	0.0	0.0	0.0	0.0	4.364291602844936	
0.8484829628725462	0.0	7.750686113330899	0.0	0.0	0.0	0.0	0.0	0.43354737161804957	0.0	
0.0	0.0	0.0	0.0	2.8727230385854097	0.0	0.6542300515707885	0.0	0.0	0.7881964009499401	
0.6342570445713482	0.0	0.6203206731330817	1.6247134084454646	0.0	0.03633412886374808	0.0	0.0	0.20317675649484457	0.17919946451438692	
0.0	0.6455471053965456	0.0	0.0	0.0	0.0	0.0	1.206712471911931	0.0	0.23195118961018132	
1.9664107839851668	0.0	0.0	0.0	0.0	0.0	0.0	1.446256607566075	0.8510652544729918	0.0	
0.09185512762975956	0.0	0.0	0.2623054423967801	0.0	1.9297893672217528	0.0	0.0	0.0	0.7579273795195195	
0.0	1.9146820868899348	0.0	0.0	0.0	0.0	2.3403496394335037	0.0	0.323641017260545	0.0	
0.04159725430671908	0.0	0.0	0.0	0.0	1.518725767370577	0.018173296495910464	1.556410890589264	0.0	0.0	
0.0	2.4591698805701263	0.0	0.0	1.6218907752544007	0.0	0.0	0.0	1.3953634500074754	0.0	
0.0	0.0	4.935405977910947	1.504460949635425	0.0	1.0571009708031271	0.0	0.18215645344409925	1.0646558391128758	0.42617424785960784	
0.0	0.0	0.0	0.0	0.2122988765529192	0.0	0.0	0.0	2.1765728822033448	0.0	
0.0	0.0	0.9886034324029845	0.0	0.0	0.8198392005635766	0.0	0.0	0.957617669715261	0.0	
2.7526042556852306	0.0	0.0	0.0	0.0	0.0	0.0	5.015941377374729	0.0	0.0	
0.0	0.5565812731327494	0.0	0.2336154628150232	0.0	0.0	0.14642274206288225	0.0	0.0	0.0	
1.6900503200861805	0.0	1.5804601160302076	0.6578076854726966	0.0	0.0	0.03462865342667381	0.7389409556802611	1.116134719280571	0.5763671753529268	
0.0	0.0	0.0	0.48898699750301144	0.0	0.0	0.0	4.545975607587979	0.0	0.0	
0.0	1.3777834069708095	0.0	0.0	0.0	0.0	0.43082105439163043	0.0	2.232289564583563	1.2353463800518512	
0.0	2.438167716029254	0.0	0.3416276249571453	0.003071345397361843	1.242637640435804	0.5193709072654576	0.0	0.0	1.9445941076569926	
0.0	0.0053982073960494575	0.21217666846498803	2.5274393801594788	0.0	0.12519595373328968	0.0	2.030724602475508	0.0	0.0	
0.0	1.5029948505952824	0.0	0.0	0.0	0.0	2.1020685756026856	0.0	0.0	0.0	
0.33519686018982225	0.0	0.6996803938825807	0.0	1.6052195288325035	0.0	0.0	0.8392431123950512	0.0	0.3076719949875902	
0.5287546604535149	0.0	0.0	0.0	0.07239582478589954	0.0	0.2875192599832906	0.0	0.0	2.8638696425104264	
0.0	2.071659008401588	0.0	0.0	0.7628344473487988	0.0	2.2553110488778216	4.058547381435092	0.20905731506776976	0.0	
0.0	0.0	0.0	0.9989847849111267	0.01567441326432879	1.8547731709909028	0.5009723052007571	0.0	0.0	0.0	
0.0	3.6620872876792885	0.0	0.0	0.0	0.0	0.0	0.0	0.0	0.0	
2.7382769598749817	0.28021754131891086	0.0	0.0	2.2060135427162733	0.0	0.0	0.7427129605792532	3.183265844721346	0.3710747934268351	
0.9066168691532039	1.102279387658163	0.0	0.0	0.7836157708085174	1.4823144272355278	0.10173475828765208	0.0	0.0	0.4313945969928951	
0.0	0.15495621094294723	0.0	1.4447049118403383	0.48485103100753046	0.42901580376845777	0.0	0.0	0.0557253559366359	0.9208393544440591	
0.29021907389395285	0.0	0.0	0.0	0.0	0.3168611910154706	0.0	3.843995558142925	2.52505332328764	0.0	
0.23882774107970114	0.0	0.023199713296866774	0.6479514858430478	0.9760433307529981	0.7293870120531846	0.0	0.0	0.0	0.6846866933694269	
1.2389938188993905	0.0	0.0	0.0	0.0	1.1291889357511102	1.651720998988346	0.0	0.0	0.0	
0.0998221917338718	1.767429131862405	4.342699903699692	1.1885849748758601	0.0	0.0	0.9969000781955561	0.0	0.0	0.0	
0.0	0.0	3.7389180313576684	0.0	2.7102088648256095	0.0	0.0	6.714156993539116	1.8306219578167762	0.01193611974592848	
1.5266309219006673	0.0	0.0	0.0	0.4012443580590145	0.0	3.6174495188805365	0.0	0.5626903066101613	0.0	
0.0	0.8639113566044756	0.19832405157319744	4.55902630446919	2.0087037614856507	0.24510081402091222	0.0	0.0	0.0	0.48290935820248726	
0.0	1.3125083248205172	0.0	0.0	0.9803524233941445	0.0	0.07709210305999378	0.0	0.0	1.370562422849297	
0.05240332731088848	0.06051949095001737	0.0	0.0	0.0	0.0	0.009398511282224966	3.163501401125005	0.9062838068199229	0.0	
0.053329121925085224	0.0	0.0	0.0	0.0	0.0	0.0	1.2928976725567272	2.2440253543870967	0.0	
0.0	0.0	0.0	1.0521715307419586	0.0	0.0	0.0	3.1425861880396897	0.0	0.0	
0.0	2.0594749371147474	0.0	0.0	1.7421842935180647	0.9682072037640033	0.615624318849888	0.0	0.0	0.0	
0.0	0.0	0.0	0.0	0.0	0.0	0.0	0.0	2.9048229231398213	0.0	
0.0	0.0	0.0	0.0	0.0	0.0	0.0	0.0	0.0	0.0	
0.0	0.0	0.0	0.10782420307765123	0.0	0.0	0.4093024613280203	0.0	1.901862670431312	0.3067332969907238	
0.0	0.0	0.0	0.0	5.668945100377937	0.0	0.0	0.0	0.08935478961075524	1.1382310409231404	
0.0	0.0	0.0	0.7973774878728296	0.0	0.0	4.529489844542463	0.0	0.0	0.04361544699931866	
1.6670817587727804	0.0	0.0	0.615946418418006	0.0	0.0	0.0	0.0	0.0	0.0	
2.429056662842386	0.034988610026220876	0.17686369764039475	0.22345545477819762	1.1868121376805143	0.0	0.0	2.638024735661504	0.0	0.03573343014596656	
2.3214116843939725	0.0	0.0	0.0	0.0	1.9400307856150583	0.06241614856810737	0.0	0.0	0.35265118958359093	
0.9600400336355938	0.0	0.5894845552954948	0.0	0.0	0.0	0.9637116218533157	0.0	0.0	0.2310919929404979	
0.0	0.0	0.0	1.76952251945218	3.9362750210750037	0.2150202465034227	2.529703789876114	0.6429592137045756	0.07879821417275651	0.0	
0.0	0.0	2.718778683740268	0.0	0.00819043485185705	0.0	0.3491579079668329	0.8963832308650483	4.298226698679505	0.18681404746085445	
4.133486353806594	0.0	0.0	0.0	0.0	0.0	0.4870247998974967	0.0	0.0	0.0	
0.0	0.4752300236061673	0.0	0.4517756692026604	0.0	0.0	0.0	0.9219763379551476	2.68260542519917	1.0858164347268437	
0.0	0.0	0.0	0.0	0.0	0.0	3.0794865677133485	0.0	0.5700682746724374	0.49018814092159035	
0.0	0.0	0.0	0.0	0.0	3.1022337233538444	0.0	0.0	0.0	0.0	
1.1865451337596291	0.0	3.392806284001063	0.9240856944023833	0.22872486059010125	0.0	0.0	0.0	0.0	0.0	
0.0	0.0	0.0	0.0	0.0	0.0	2.6153502393211983	0.0	0.0	2.5138173100104906	
2.1955493943744435	0.0	0.5092717449246907	0.0	1.143062059081169	0.0	0.0	0.0	0.23630888871119382	0.0	
0.0	0.2436247688163995	0.0	0.0	0.8915136441625999	1.3051208274853867	0.0	3.0023821668720982	0.0	0.5229255482853764	
1.0128339048240278	0.0	0.0	3.4782827983067985	1.9970260801574435	0.0	0.36374140981848624	0.0	0.0	0.0	
0.46256677014148345	0.25242449000387407	0.0	0.0	0.0	0.0	0.0	1.5061376659996462	1.072110286825501	0.1822967840818124	
0.0	0.0	0.0	0.0	0.5933718193311758	0.0	0.0	1.3702579512499649	0.0	3.8597135553447877	
0.0	0.0	0.0	0.0	0.7977272415256907	0.0	0.0	0.8503830340917157	0.0	0.2663064188180246	
0.0	0.0	0.0	1.3213686468297778	4.153630837959661	0.0	0.5907822033435777	0.0	0.0	0.32714483007822703	
0.0	0.2095773783421982	0.0	0.13417286987339908	0.0	0.0	0.0	1.2463874456906403	0.0	0.0	
0.0	1.0895522243424798	0.3038502821443123	0.14892483413793253	0.4630967201994625	0.024839863158897114	0.0	0.0	2.0989284426347274	0.0	
0.03819256102946912	1.919007605710471	0.0	0.5626809936144256	0.36388349391439345	0.0	0.1655629887444986	0.0	0.0	1.3635577809431618	
0.0	0.0	0.0	0.0	0.0	0.0	0.0	0.0	2.8073183371778923	0.0	
0.0	0.5774116671085214	0.0	0.0	2.8450989101256536	0.2323884370278708	0.6206469012544941	0.0	0.0	0.06894990525216767	
0.0	0.0	0.0	0.0	0.0	0.0	0.0	1.972541255451715	0.0	1.0873172778828573	
3.120941825074934	0.0	0.3299259250294091	0.846420303952656	5.098740763690617	0.0	1.6626623446059658	0.0	0.7598168980906943	0.0	
0.0	0.39416372259951205	1.3909178764796635	1.7198819009042545	0.4765357037007341	0.0	0.0	0.0	1.326167038674992	0.0	
0.0	0.0	0.0	0.0	1.549263929628038	0.0	0.0	0.0	0.0	0.0	
0.0	0.0	0.0	0.0	0.0	0.0	0.1232113420992578	1.474883205284407	2.9939885278760996	1.278132288259537	
0.09325309286311745	0.0	0.0	0.0	0.0	0.0	0.0	0.24221728523714137	0.6228425971491082	0.0	
1.9477997851178062	0.0	0.0	0.0	1.1830188773422767	0.0	0.0	1.877391432708163	0.0	0.9847340347488068	
0.199099268927536	0.0	0.0	0.0	0.0	1.24422327078244	0.0	4.107090962632493	0.0	0.0	
1.3897793661654736	0.041711692184423374	0.0	0.547553263310065	0.0	0.8927683827048678	0.05184462073351643	0.013746155907105161	0.5813658104036976	0.3973105089332528	
0.21173689028061402	0.0	1.582789448059761	0.0	1.4858596868156742	0.0	0.0	2.251167488534622	0.11761761453841156	0.0	
0.0	0.0	2.1058770695973634	0.0	0.0	0.0	0.0	0.0	1.8818099327812428	3.017009431446409	
2.4764260742978683	0.0	0.0	1.263877512340955	0.0	0.33504069973222445	1.9095774548842035	0.0	0.9215536098487964	0.0	
0.0	0.0	1.111771887826757	0.0	0.0	0.0	0.0	1.0241250112251838	0.0	0.0	
3.9369011996489425	0.19172799566687773	0.0	0.0	0.0	0.0	0.0	0.1106226680614657	0.0	1.7290244338513678	
0.0	0.0	0.0	0.0	1.7389804422479083	0.7739986060808819	0.0	0.0	0.0	0.0	
2.8594391243186044	0.0	0.0	0.0	0.0	0.0	0.4259229437340184	1.2301648680560278	0.0	0.0	
0.0	0.3437452816578608	0.0	3.3664788287360303	0.10019695435523993	0.0	0.0	0.0	0.6287202257020549	0.0	
0.4493432124620891	1.7153699344751392	0.0	0.0	0.0	0.0637493075071942	0.04005498634688206	0.0	0.0	0.025363311239495437	
0.0	0.09297228447606747	0.0	0.0	0.0	0.0	3.3791974015630566	0.0	0.0	0.1550147388923324	
0.0	3.5336896948081313	0.8311469265314043	0.9642184023760964	0.0	0.0	0.0	0.0	0.0	0.7181649012678077	
0.0	0.0	0.0	0.0	0.0	0.0	2.4224061496152016	0.0	0.0	1.034794070991204	
0.0	0.0	0.0	6.754385651988048	2.3136768427827676	0.0	0.0	0.0	0.0	3.3047798405498163	
2.126999722703046	0.29341749351858093	0.0	1.9196932032587573	0.0	0.0	0.0	0.8783615505953012	0.0	0.9435143196400958	
0.0	0.05470149124899604	0.0	1.1337804124481523	0.0	0.0	1.0015159301977732	0.334567060915173	0.0	0.0	
0.0	0.0	0.0	2.6171339479587274	0.0	0.0	0.0	0.0	0.0	0.0	
0.0	1.0323012741113633	0.0	0.0	0.04301202023200605	0.0	0.0	0.0	0.0	0.052851653276724114	
0.0	0.7040894639331986	1.5635598385216927	0.0	0.47708969194138656	1.2121414633116983	0.0	1.4353878021694095	0.0	0.0	
0.0	1.3910642223618712	0.0	0.0	0.17110526366037804	0.0	0.0	0.18398697896630492	0.0	0.0	
0.0	0.0	0.572199373247408	0.3992355095267312	1.8558469672681985	0.26134696451094763	0.0	0.0	0.0	0.1973120340596231	
0.0	0.0	0.0	0.0	0.0	1.856479526020663	0.0	0.32761190507152094	0.0	1.9149154097474643	
0.0	0.0	0.0	0.0	2.9493862079491904	0.0	0.0	0.0	0.0	0.0	
1.3935332302788286	0.5442158044673884	0.0	0.0	0.0	0.0	0.0	0.0	0.6635465691664747	0.23239456690019483	
3.0657331286296463	0.0	0.0	0.0	0.24814656216469913	0.0	0.0	0.0	0.0	1.8313806777948256	
2.360876295001318	0.0	0.0	0.5674339529050083	0.4757805024801816	0.0	0.0	0.0	0.0	0.2548032412377649	
2.591786826756297	0.0	1.0078943938212137	0.0	0.5210467978431217	0.0	0.11782960397586376	0.42584399195826184	0.0	0.0	
0.0	0.0	0.0	0.8247561739781388	4.215004023594221	0.0	0.0	0.0	0.0	0.623576907516495	
0.0	0.0	0.0	3.090507891165769	0.0	0.7957786142671317	0.2665377974752529	3.748181094866782	0.0	0.0	
1.3105443739726426	0.9614597841059455	0.0	0.0	0.0	0.0	0.0	0.0	0.0	1.0503297476127165	
0.0	0.0	0.0	1.0203606351158492	2.4702452089283455	0.0	0.0	0.0	0.0	0.0	
0.37975471651178055	0.01183754054839446	0.0	0.0	0.0	0.0	0.0	0.724594507221639	0.0	0.0	
0.0	2.161260848069418	0.0	2.4031825366834463	0.0	0.0	0.0	0.0	0.0	0.0	
0.0	1.717025489871001	0.715873535354903	0.0	1.183379562482981	0.0	1.0069006844013462	2.314630848946605	0.5889210587188332	0.0	
0.0	0.15571827658831935	0.0	0.0	2.3402060397861955	0.9509124702575429	1.5417430884744203	1.9004852682877607	0.08764744585187512	0.0	
0.0	0.0	0.6869476583520273	0.0	0.0	0.0	0.0	0.0	0.0	0.5115085637205146	
0.0	0.0	0.0	1.7501656197549431	1.4128176904870275	0.0	0.9809326960916063	0.0	0.4677267732255814	2.143954704925806	
0.0	2.110650143963854	0.001876107689698786	0.20188334187414683	1.2278900673248196	0.0	0.0	0.0	0.0	0.4735287697964857	
0.0	0.0	0.0	0.0	2.1319925725039415	0.0	1.0707990729276076	0.0	0.0	0.32826230154640096	
0.0	2.043445728144884	0.0	2.0911585478482477	0.37197740656332723	0.1645209630924484	0.0	0.0	0.0968373295191709	3.5451378759535	
0.0	0.0	0.0	0.0	0.0	0.0	1.3351230239793521	0.0	0.0	0.42824982956874413	
1.456779538439148	1.7728830201965442	0.0	0.0	0.0	0.0	0.0	0.0	0.0	1.1544327916423351	
0.0	0.0	0.0	0.0	0.0	0.0	0.0	0.32916422060217626	0.0	3.144528778132281	
0.0	0.0	0.0	1.4964359694540974	0.0	1.156576932288355	0.4824883370549207	0.3507258526572837	0.0	0.0	
2.689117666249673	0.0	0.0	0.051000932704450525	0.0	0.8436296944151618	0.0	0.0	0.0	0.0	
0.0	0.32892318425212463	0.0	3.1668268865218754	0.24141757431533248	1.0957600693775702	0.0	1.6157972343647347	0.0	1.069637806520527	
0.0	0.10344633529904414	0.0	0.29996635019785534	0.0	0.46161389910196693	0.0	1.419189422492395	0.7265030293405504	1.34612360279335	
0.0	0.0	4.014304733642468	0.0	0.0	0.0	0.0	1.3461621264935388	0.4659758007263132	0.4058585512383819	
2.1705884629357226	0.0	0.0	0.0	0.0	0.0	0.0	0.0	0.0	0.0	
2.4943944840947276	0.0	0.07096462280958246	1.9963930507370786	1.5403472662264082	2.026682648521411	1.495399027487407	0.0	0.0	0.0	
0.0	0.0	0.0	0.5901891027187132	0.0	0.056842846967104864	0.0	0.0	2.002674808468471	0.0	
0.025204158599543468	2.2700307365414956	0.6224535927579821	0.0	0.06055011356609928	0.0	0.0	0.0	0.08746380300933262	0.0	
0.0	1.0127684774680958	0.0	0.6069613251071584	0.0	1.6792595554505199	0.0	0.0	0.0	0.0	
0.0	1.4397191832456648	0.0	0.0	0.47636329141699985	1.1499958827680141	0.0	0.0823546167522221	0.0	1.0876302817884185	
0.0	1.491481561395815	0.0	1.2592671080975715	0.0	0.0	0.0	0.650265956097606	0.0	0.017618957647731748	
0.0	1.4198564071412465	0.0	0.0	0.0	0.0	0.0	0.059752098785769814	0.30052919352743096	0.0	
1.1144775410503893	0.0	2.320142679563452	1.184399250480374	0.2520488939172419	0.7310961785520851	0.0	0.21313989855763404	0.0	0.0	
0.0	0.6256739620004437	0.0	0.25553178917613634	5.111142462316464	0.0	0.0	0.11968578947683642	0.0	0.5324676977296279	
0.0	0.0	0.12167886156629998	0.0	0.0	0.2747401970294462	0.0	0.8473116674497865	0.0	0.5163884275012603	
0.0	0.0	0.0	1.3274485286408306	2.9074847781940067	0.7410981209809159	0.0	0.0	0.0	0.0	
4.04009073046858	0.0	0.0	0.0	2.2915775624195396	0.0	0.044126828032827886	0.0	0.0	0.0	
1.6426390900003163	0.0	0.0	0.0	0.0	0.0	0.0	1.079388241935435	2.589493818144006	0.0	
0.45299318558730306	0.0	0.6944265413703563	0.0	0.0	2.2318918961875966	1.0603555278564725	0.0	0.0	0.0	
0.0	0.0	2.8592238597668014	1.3135200151221502	0.0	0.0	0.0	0.17110814464398316	0.0	2.9116694232055216	
0.0	0.6279526494228325	0.0	0.0	0.0	0.0	0.4050294918817647	0.9730948321480442	2.4027594754275996	1.39092351624135	
0.0	0.0	0.0	0.0	2.8706417621230726	0.0	0.0	0.9327449802585773	0.0	0.0	
0.0	0.16457907585116835	0.0	0.7119007253201066	0.0	0.0	3.063958530998397	0.0	0.0	0.010832432432658915	
1.4220726879455885	0.0	0.0	0.0	0.0	1.4776811043440716	0.23957701162398828	0.0	0.0	0.0	
3.626079372080793	0.0	0.0	0.0	1.9786196740136217	0.0	1.1031015876559325	0.0	0.0	0.0	
0.0	1.8408995869112708	0.0	0.0	0.0	0.0	0.0	0.0	0.41913768661125717	0.36881772017722403	
0.0	0.0	0.0	0.28469685252218807	0.0	0.0	2.005715789710759	0.0	0.0	2.0078880075594503	
0.45906005008410167	0.0	0.0	0.0	0.0	0.0	0.0	0.0	0.0	0.5385583498649602	
0.0	0.31609876668056247	0.0	0.0	4.389858899601712	0.0	0.855902214250439	0.32971755436890726	0.9055344127743459	1.4513547739214412	
0.0	0.23648432795369373	1.706007042696817	0.0	1.2487371784041748	0.0	0.0	0.0	0.0	0.0	
0.0	0.0	0.0	0.11856197035580596	0.0	0.0	1.8226729692301122	0.0	0.0	1.199523216603665	
0.0	0.0	0.0	0.0	0.0	2.5811948200621493	0.0	0.0	0.0	1.1473804211115421	
0.0	0.0	0.17772661210188337	0.0	1.0398876468538336	0.0	0.9292365635750912	0.0	0.010395727733738144	1.2311488846787986	
0.0	0.0	0.027582733505124905	0.0	0.0	0.0	0.0	0.0	4.855769040909586	0.0	
0.0	0.3357702622353424	0.0	0.0	1.7971396446401489	0.0	3.496852929059332	0.0	2.173719736783548	0.0	
0.0	0.0	0.0	0.0	0.0	0.0	5.212118110643217	0.0	0.0	0.0	
0.0	0.0	0.0	0.0	0.0	0.0	0.349619585325733	1.1601700435463838	1.6553285586402111	0.08916094705330163	
0.0	0.0	0.0	0.0	0.0	0.0	0.0	4.175023154902494	4.837470288945817	0.0	
0.0	1.0069190220750373	0.0	0.0	0.0	0.0	0.0	0.0	0.0	0.0	
0.0	0.31200768804891454	0.0	0.0	0.38712428126468035	0.0	0.0	0.052201406423067406	0.0	0.0	
2.343617345966042	0.0	0.3544797652776347	0.0	0.5834895024727472	0.5964740885306792	2.02932554517685	0.0	1.6126614551266405	0.0	
0.0	0.0	0.0	0.0	0.0	1.3612815693022209	0.8466613183791292	0.0	0.0	0.0	
0.0	0.023722687891935216	0.0	0.0	1.9142759259682203	0.1779071007272055	0.7252664990036832	0.9249059288895505	0.32817841632678074	0.8658198737683395	
0.6370297968312928	0.0	0.0	0.0	0.0	1.1441284362274837	0.0	0.0	1.620653182569061	0.016191427513367933	
0.3739306213353283	0.0	0.3708982098754289	0.0	0.0	0.0	0.0	0.0	0.0	0.0	
0.0	1.1755153889374514	0.0	0.0	0.0	0.21137765686942042	0.954386861439894	0.0	0.0	0.0	
0.0	0.0	3.3925534561158694	0.0	0.7934635451451836	0.0	0.0	0.0	0.0	0.0	
0.0	0.0	0.0	0.0	0.0	0.0	0.0	0.0	0.4417277761155681	1.7230639809135484	
0.0	0.0	0.0	0.0	0.0	0.0	0.0	0.0	0.0	0.0	
0.0	0.0	0.0	0.0	0.0	0.0	0.9422588747810827	0.0	3.471493255778359	0.0	
2.4140903358148256	0.0	0.0	0.0	0.0	0.0	0.0	2.7613349293181573	0.0	0.0	
0.0	0.0	0.0	0.0	0.34543973423282603	0.8944406905215601	0.8087778685986374	0.0	2.5499850176917374	1.322914398429333	
0.0	0.0	0.0	0.0	0.0	0.0	2.7182722369900096	0.0	0.0	0.0	
0.804761609361605	0.0	0.0	0.0	0.0	0.0	0.0	0.0	0.0	1.126816733386109	
0.4493283033586954	0.0	1.1454881936897867	0.0	0.0	0.0	0.5176606418903368	0.0	1.231636609744076	0.0	
0.45190604591196354	0.6339494118898803	0.0	0.0	0.0	0.0	0.18874392089968126	0.7904746857317849	0.0	1.063225437970909	
0.8918889724712574	0.0	0.3592111167815803	0.7388975573409551	0.05389582986325353	0.0	0.3068095431297879	0.0	0.41402875564430236	0.11462533708657399	
0.0	0.0	0.0	3.834008493704294E-4	0.0	3.996978199199254	0.0	0.0	0.0	0.3500195228731967	
0.0	0.0	0.0	0.0	0.0	0.0	0.0	3.7038500417122378	0.0	0.0	
1.9481340283011297	0.0	0.0	0.0	0.0	0.0	0.0	0.0	0.0	0.31390405245768904	
0.4124062382255712	0.0	5.051998432790775	0.0	0.0	0.0	0.0	0.0	0.0	0.0	
0.899844206983241	0.8138668808510756	0.057215958232697234	0.19203719024614654	2.694615075894879	0.0	0.0	0.0	0.4698651643249015	0.9068986520529371	
0.0	0.9076376979094518	0.0	2.9112325202660863	0.0	1.4876611552293493	0.0	0.0	0.7599094721833718	0.0	
0.0	0.5317263910749799	0.0	0.5311356618470171	0.4888106196108877	0.0	0.0	0.07242053443432764	0.0	0.0	
0.5602290749043526	0.0	0.0	0.0	0.8803012789899136	0.0	0.0	0.0	0.0	0.30126253228713157	
0.0	0.0	2.345886668471912	0.0	0.0	0.0	0.0	1.2392040234730413	0.0	1.0289928563331547	
0.0941755909401773	0.0	0.019242111101880364	0.0	0.0	2.2328424029869076	0.0	0.0	0.0	0.5671865988928652	
0.0	2.023972352989824	5.072126756969443	2.395831183518989	1.156175932749242	1.9000772632838	0.0	0.0	1.157444877638779	0.0	
0.0	3.41011902360431	0.0	0.396332850358495	0.9478544163444353	0.2998005202506286	2.446145627058979	0.0	0.0	0.0	
0.03248059937239377	0.0	0.0	0.0	2.0689760431160984	0.0	0.0	1.922551188666126	0.0	0.0	
0.0	0.0	0.0	0.0	0.0	0.0	0.0	0.0	0.0	1.132465774814195	
0.0	0.0	0.0	0.0	0.20261567924732904	0.0	0.0	0.0	0.0	1.3869733164501632	
0.0	0.0	0.0	0.0	1.7091118357940902	0.0	0.0	2.925284629811319	0.0	0.0	
0.0	0.2123805350909373	0.0	0.0	0.0	0.0	1.112594474064229	0.0	0.0	0.0	
0.0	1.0652422663018555	0.0	0.0	0.0	0.0	0.0	1.6136792619939402	0.0	0.0	
1.5296391556307805	0.0	0.0	0.0	0.9824935934062113	1.5368169484649625	0.16502110314510954	0.0	0.0	0.5113194253660291	
0.0	0.0	0.06375612634136915	0.37179542364844054	1.4592602568042958	0.0	0.0	0.0	0.0	3.306138852131553	
0.0	1.0596067550649133	0.0	0.2002235460388498	0.0	2.8774807894966568	0.0	0.0	0.0	0.0	
0.0	0.0	0.5019536943388326	3.0877774924228287	0.0	0.2766372790307323	0.0	0.1063276423749803	0.0	0.0	
0.0	0.0	0.0	0.0	0.0	0.0	0.0	0.9682461953002381	0.0	0.0	
0.0	0.0	2.2937499490735522	0.0	0.9614766452502218	1.1763520535321692	0.0	0.0	0.0	0.9211036116495691	
1.4333224948916787	0.0	3.716746269909706	0.0	0.0	0.0	0.0	0.0	1.0964279648695991	0.0	
0.0	2.6916755867336524	0.0	0.0	0.6056253606996059	0.0	0.0	1.3346781072030693	0.0	0.0	
0.0	0.0	0.0	0.0	0.0	2.075405880816938	2.149904480424005	1.8157649213761928	0.0	0.0	
0.8502918554670928	0.0	0.0	0.0	0.29464743553373696	0.0	2.4250234543326927	4.022418702245426	1.5894366385687972	0.25839804546938683	
3.3324585071430626	0.2511901645234109	0.11892244226094247	0.0	1.7719210112742039	0.0	0.0	0.0	0.38256950853234273	0.08305425991153087	
0.0	0.0	0.0	0.0	0.18266814617120003	0.0	0.0	0.0	1.0312482555061908	0.9720578693546423	
0.29719428134144155	0.0	0.0	0.0	0.0	1.5563886412466295	1.816632656605749	0.0	0.0	0.0	
0.00941623452860948	0.0	0.010410005611203577	1.2991874690403002	0.0	0.0	0.4511316054338966	0.9709297491604244	0.7780568236916002	0.0	
0.0	0.0	0.0	0.0	2.2443290384828325	0.0	0.0	4.688457510671598	0.0	0.0	
0.0	0.0	0.0	0.0	1.6164684724046898	0.0	1.0418587097243546	0.0	2.617520985408636	0.298134199861068	
0.0	1.4986074497167667	0.0	0.0	0.0	0.0	1.774498754522	0.027200925846494424	0.5414678795653328	0.0	
0.0	1.0094790537620986	0.0	0.0	0.0	1.921984975073986	0.0	0.0	0.0	0.0	
0.0	0.23477048737433054	0.0	0.46223670385081805	0.0	0.0	0.0	0.0	0.0	1.0819215932843589	
0.9474781886516455	1.128134350626551	0.0	0.918753935389031	0.0	0.0	1.9229599590732716	0.0	0.0	0.0	
0.8809211306490177	0.0	0.0	0.0	0.0	0.0	0.5485004481889101	0.0	3.3498078609838826	0.05900208837954937	
0.0	0.0	0.0	2.3955921613737363	0.4188006741586166	0.3025931580305038	0.0	1.5915549200734804	0.0	0.0	
0.0	0.0	0.0	0.0	1.4960871311088368	0.0	0.0	0.0	0.0	0.0	
0.0	0.9949220944118016	0.0	0.7508704274722591	1.0468401730053045	1.7919443835646256	0.0	0.0	0.0	0.29972680719064515	
0.0	0.0	0.0	0.0	0.0	2.3132674174540053	0.0	0.0	0.0	0.0	
0.0	0.24454605510984884	0.773330206380623	0.0	0.6095986258459871	0.3700754729276083	0.0	0.0	0.798478326502729	0.9579739349069748	
0.0	0.24268754493997408	0.0	0.0	1.0652191349655478	3.025733608948474	0.0	0.0	0.0	0.0	
0.0	1.3029685106953937	0.0	0.8402465221763056	0.0	0.0	0.5334056273593061	0.0	0.0	0.0	
1.2469780970243398	1.6640844298727766	0.0	0.0	0.0	0.0	1.0162827410476176	0.025550346537335383	0.7744320220653144	0.0	
0.0	0.4370217613582438	0.33143824529480853	0.45503201554847283	0.7831733713990697	0.0	0.8826882741511279	1.2618233459250507	0.10475925061659774	0.0	
0.0	0.0	0.0	0.7285154161841249	0.0	0.0	0.28197350209959193	1.786845826226555	0.0	0.0	
0.0	0.0	0.0	0.8771272110200745	0.0	0.0	0.0	0.0	0.0	0.680269603767215	
3.128982811355045	0.0	0.0	0.0	0.0	0.6286375611039625	0.0	0.06390021894628804	0.0	0.0	
0.0	0.0	0.0	1.3173815223902356	0.0	0.2914147367897725	0.0	0.0	0.0	0.960323734174167	
0.0	0.8586321201237654	1.4074063316775032	0.08493279473614118	0.0	0.0	0.0	1.7800738841748118	0.0	0.0	
1.5433727576510952	0.6427744972142847	0.0	0.0	0.0	0.0	0.0	0.9191314787264332	0.0	0.046747207390234004	
0.3022132526486071	0.868980490523075	0.0	3.5099764126682818	0.0	0.0	0.0	0.0	0.0	0.0	
0.0	0.18000979746376203	0.005014045104252255	4.780675134441113	0.0	0.7608564600869397	0.0	0.0	0.0	1.1740289707529086	
0.0	0.0	0.0	0.8506880407306066	0.0	0.0	0.0	0.7306074712065204	0.0	1.5859086847571042	
0.0	0.0	0.0	1.1328336096690825	0.0	0.0	0.0	0.7174169563555468	0.0	0.0	
0.4110087333563235	0.0	0.17601434918457562	0.0	0.0	0.0	0.0	0.0	0.0	0.0	
0.0	0.0	0.0	0.0	0.0	0.0	2.1236781826559494	0.8995053952261252	1.823807563495742	0.0	
0.0	0.0	1.1983997846691767	0.0	0.27771402630124176	0.0	0.0	0.3908840634400251	0.0	0.0	
0.0	0.0	0.0	0.0	0.0	0.0	0.0	1.6576862907137662	0.0	0.0	
0.5140539786732089	0.13267542628051102	0.0	2.6737407089585794	0.0	0.21215921205386337	2.5617612671297114	1.3560463419328324	0.02185296655643857	0.6982899701139814	
0.0	0.0	0.0	3.1053451337999145	0.0	0.0	0.0	0.0	0.0	0.0	
0.0	0.6077183730712687	0.0	0.0	0.0	1.6036615403119023	0.0	0.0	0.0	0.8954141064377352	
0.0	0.0	3.269278578557159	0.0	0.0	0.0	1.498597884849506	0.11800939500359543	3.2561501560709742	0.0	
0.0	1.383334395888224	0.0	0.0	0.4658019798659219	0.0822350113665968	0.0	0.0	0.0	0.3118870627467983	
1.6845664662715345	2.13624118353072	0.0	0.7324423277424978	0.0	0.0	2.0985088909566447	0.0	0.0	2.1966484873079595	
2.8686358137938703	0.0	0.0	0.27965153150797056	1.2183138009006371	0.0	1.0013404785186233	0.0	1.27494926504583	0.0	
0.0	0.9417712020247148	0.0	0.0	0.0	0.0	0.0	0.0	0.0	0.0	
0.2087256709061762	0.0	0.5122653340085722	0.0	0.0	1.4140403746488999	0.0	0.0	0.0	0.4391202316207767	
2.4270546257758734	0.0	0.0	0.0	0.0	2.046023216433249	0.0	0.0	0.23860937444349165	0.0	
0.0	0.0	0.0	0.0	0.0	0.0	1.4986255230579084	0.0	0.0	0.0	
0.0	0.0	1.3940252589775521	0.0	0.0	0.0	0.5441210087152515	0.0	0.05191893101750552	0.580147334149556	
0.16117153856993682	0.07187875637464831	0.0	0.00926753043315623	0.0	0.0	1.3129114946887357	0.0	3.0311247847535303	0.0	
0.0	0.0	0.0	0.0	1.083838417036793	0.0	0.0	2.814011380902956	0.0	0.0	
0.0	0.0	0.16001610679384703	0.5431024400012214	2.187689498511987	0.0	0.0	0.0	0.0	0.5195647640701802	
0.0	0.0	0.0	1.7410204875077853	0.0	0.0	0.0	0.0	0.0	1.386989785524342	
0.9391493963668385	0.0	0.0	0.0	0.0	0.44659417560386505	0.5242154531635381	0.15181123479685085	3.840887373091718	1.7546700015228267	
0.6251749065519064	2.136873415509563	0.0	0.0	0.0	0.6531035849163482	0.0	0.0	0.0	0.0	
0.0	1.0835867630885283	0.0	0.0	1.5244587849106799	4.4282941295366225	1.433111582370789	0.0	0.0	0.0	
0.0	0.0	0.0	0.0	0.0	1.2703903678900559	0.0	2.7987057751579054	0.3400849057856019	0.0	
0.0	0.0	0.0	0.0	1.0704270124834716	2.5869814067431425	0.0	0.0	0.0	3.607854108395548	
0.0	0.0	1.7161005287194335	0.0	1.1949358507278902	0.0	0.0	2.2276524991566897	0.10824549085260562	0.0	
0.0	0.0	0.06226118147225361	0.46132794438803454	0.0	0.7758068310978702	1.029330275311454	0.0	0.25693288168358125	0.0	
0.0	0.0	0.0	0.0	0.0	0.0	0.7498064277702162	4.50539188633808	0.0	2.24505759111879	
0.0	0.0	0.0	0.0	0.0	0.0	0.0	3.943689422219472	0.0	0.0	
2.964472087460365	0.9122910275063288	0.0	0.0	1.7971718087640856	0.5806534393848439	1.0090862154325388	0.0	0.22075102233136867	0.0	
0.0	0.0	0.0	0.0	0.0	0.0	0.0	3.157001465150139	0.0	0.0	
0.0	0.0	0.0	0.0	0.0	0.0	0.0	0.876019625056042	1.8090056353632653	0.0	
0.0	0.6620120230163486	0.0	0.0	2.5210867115826696	0.0	0.6919829643547002	2.6288745857583553	0.0	0.0	
0.0	0.0	0.0	0.0	3.1536646509340502	0.0	0.0	0.0	0.0	0.0	
0.0	0.3387044730655772	0.0	0.0	4.4927690101246025	0.0	0.0	0.0	0.0	0.0	
2.0483817383659177	0.0	0.0	0.0	0.0	0.719796901912287	0.0	0.12494010248947157	1.3743464496542723	0.0	
7.265008638052469	0.0	0.0	0.0	0.0	0.0	0.0	0.0	0.0	0.0	
0.0	0.0	0.0	0.0	1.0967962509503275	0.9252096877622968	0.0	0.20290798716455355	0.10122371397350804	0.5012655937110657	
0.0	1.0753436709155721	0.0	0.0	2.5653664659544937	0.0	1.112964957706934	0.0	2.3350427663060334	0.17937548553209023	
1.6906329075896422	0.0	0.7117296549099338	0.0	0.0	0.0	0.6056447056215924	3.1242970724521246	0.0	0.0	
0.0	0.0	0.0	0.0	1.707635241535393	0.0	0.0	0.0	0.0	2.761320920622356	
0.0	2.025656213184398	0.0	0.0	0.0	0.0	0.0	0.0	0.0	0.0	
0.9450654462966569	1.2015951251062833	0.3117225674077531	0.8793417751778135	1.085547952137708	0.04576822121235686	0.0	0.7833039256136174	1.0001955056604641	0.0	
0.0	0.583976466958789	0.0	0.0	0.6806421078960271	0.0	0.0	0.0	0.0	0.0	
0.06525222503801811	0.0	0.0	0.0	1.3680053740866533	0.0	0.0	1.5115518469844202	0.0	0.0	
0.0	0.0	0.0	0.0	1.4810450902171546	0.0	0.0	0.0	0.0	0.0	
0.12989843719056698	0.0	0.0	0.0	0.0	0.0	0.0	1.2027162962367077	2.476399559796218	0.0	
0.0	0.0	1.2302819831157967	0.0	0.16541567566402557	0.502746201734144	0.0	6.641515716298252	0.0	0.2297116974619245	
0.8524241101152961	0.0	0.0	0.0	0.0	0.0	0.0	2.1677001457308323	1.726979702961793	0.14363373864752346	
0.0	0.0	0.0	0.0	0.0	0.6818748321399147	0.7330881155538527	1.549897923802721	0.0	0.0	
1.9788056549242683	0.0	0.0	0.0	0.682099530950409	0.11509677273636995	0.08399684294984802	0.0	0.0	0.0	
0.0	0.0	0.16418861707921928	0.0	0.0	0.3098785072935327	0.0	0.2829173582293821	2.0369194962627053	0.7448513813721669	
0.0	0.6713305453187987	0.0	1.1388291372655703	0.0	0.0	0.0	0.0	0.553375918799257	0.0	
3.6925987042394035	0.4768360396311315	0.0	0.0	0.0	0.0	0.0	0.45169550916293827	0.0	0.0	
0.0	0.0	0.0	0.0	0.0	0.0	0.0	0.0	0.0	0.0	
0.0	0.0	2.2346481983413766	0.0	0.0	0.0	0.0	1.0662932726443126	6.379949356806194	0.45229181277461483	
0.0	0.0	0.0	0.0	0.0	0.0	0.18947505396192962	0.0	0.0	1.965873923667863	
0.0	0.4411238032015652	0.0	1.8079815724118573	2.392715338200676	1.020252104974132	0.0	0.0	0.0	0.0	
0.4556480554669536	0.0	0.0	0.0	0.0	3.569918205085169	0.0	0.0	2.850536306323341	0.8682546545840959	
0.6948451614468546	0.1515294625139474	0.0	0.0	0.0	0.031840387765831035	0.0	1.055470081888241	0.8313517913753582	0.8354952753456925	
0.0	0.0	0.0	0.0	0.0	0.0	0.0	0.0	0.0	0.0	
1.8190627125291638	0.0	0.13397240975913494	0.0	0.0	0.0	0.0	0.7244536939382139	0.0	0.0	
1.6846469438871265	0.0	0.1095563094195153	1.098272745386338	2.0629149286180097	0.0	0.0	0.0	0.0	0.25508948811417	
1.1759537239325377	0.0	0.0	0.0	0.0	0.0	0.0	0.9608808553383327	0.0	0.0	
0.28402756115071703	0.0	0.0	0.0	0.0	0.0	0.0	3.5133966158537397	0.0	0.0	
0.0	0.4280722557857852	0.0	0.0	0.0	0.0	0.0	0.0	0.0	0.6733042226363006	
2.4511877241320787	0.0	0.0	2.8081494720471376	0.0	0.0	0.4832629987806804	0.0	0.0	0.0	
0.0	0.0	2.1023195699727255	1.557306228064428	0.0	0.0	0.0	0.0	3.2215846387103513	1.3948845802234142	
0.0	0.0	0.0	3.0484185424348427	0.9073543172013809	0.0	0.0	0.0	1.0994096440291425	1.0066837955906618	
0.0	1.0229184645601699	0.0	0.0	0.0	0.0	0.0	0.0	0.0	0.0	
0.0	0.14928011446301098	0.0	1.0390187475455257	0.09681681133310692	0.0	0.5738631182114244	2.0885493144872926	0.0	0.779049136085683	
0.0	0.0	0.0	1.3750967551460653	0.0	0.0	0.0	0.0	0.0	0.2667746120637134	
3.1039102964561476	0.0	0.0	0.0	0.0	0.12320879079938361	0.0025110189887664887	0.37639610203817586	0.0	0.0	
1.3403395923018706	0.0	0.0	0.0	0.0	0.0	0.6482822673426759	0.0	2.233697357024517	0.0	
0.0	0.0	0.10941379843097578	0.07971802594645364	0.0	0.09631376142527992	0.12998425621886206	3.024508866199111	0.0	0.48912600837596737	
0.0	0.0	0.0	0.0	3.8335752245328543	0.0	0.0	2.6810624032544346	0.0	0.0	
0.0	0.0	0.0	0.0	0.7561296475158965	2.549546448529772	1.9864775475026386	0.0	0.0	1.4266721985081705	
0.0	0.1950018548664771	0.0	0.0	0.0	0.3439770852663005	0.0	0.0	1.2476267221785526	0.7149684134688815	
0.0	0.0	0.0	0.0	0.0	0.7884307734251319	0.0	0.43550463312336374	0.0	0.0	
0.0	0.3600957647993794	0.0	0.5917408786307483	1.6577966383956484	0.0	0.6416586646008005	1.625419310209413	0.0	0.0	
2.670381049608476	0.0	0.22674378297786735	0.0	4.1877177270537365	0.3209244493971153	0.8463964840560313	0.0	0.0	0.0	
0.0	0.9931468387945046	0.0	0.0	0.40584471700243696	0.0	1.9308682806019788	0.7111703259446132	0.0	0.7669125150666588	
0.0	0.0	2.7510480338067	0.16541793942119698	0.0	0.0	1.011800900798983	0.0	0.0	0.0	
0.0	1.8124947094856543	0.0	0.0998461308325258	0.0	0.13891236176090135	0.0	0.19040319154246255	0.0	0.0	
0.0	0.20367182801520206	0.0	0.0	0.2134360446707942	0.0	0.21968728582175845	1.0281790393906562	0.0	0.0	
0.23504846026294773	0.0	0.0	1.6952719970660275	0.0	0.0	0.0	0.0035244377503820257	0.0	0.24084250991626474	
0.4251649947702749	0.0	0.0	0.0	1.9518254805893485	0.0	0.0	2.43943184412944	2.077796120399833	1.3691651318012987	
0.0	0.0	0.9587418483507465	0.0	1.1897864902091149	0.0	0.0	0.0	0.0	0.0	
0.0	0.0	0.0029454298913025897	0.0	0.7313842422012172	0.0	0.0	0.0	1.4606646924540665	0.3512192040399546	
0.0	0.0	0.0	0.5443385917681639	1.9298027211276234	0.18307790319945683	1.8104056706790315	0.0	0.3780239765018877	0.16801502453627687	
0.0	0.0	0.13616898186540938	0.0	2.352577883920188	0.0	0.0	0.0	0.0	0.0	
0.0	1.5123262261908477	0.0	0.0	0.0	3.1081348920873566	0.026882386595892226	0.40619357041536147	0.030051237577721133	0.0	
0.0	0.0	0.0	0.0	0.0	1.7410724585597468	1.6747964430202789	0.0	0.68014189210969	0.0	
0.0	0.0	0.0	0.0	0.0	0.0	1.415509119255827	0.0	0.0	1.7145807118886278	
0.0	0.0	0.0	0.0	0.0	0.8581909456934135	0.0	0.0	1.5040655514322647	0.34161077601350953	
0.0	0.0	0.0	0.0	3.6035196700258867	0.0	0.034866515255049135	0.0	0.0	0.2133954909558393	
0.0	0.0	0.3029463711837446	0.0	0.0	0.12495820438933503	0.0	1.7325270608154821	0.0	0.0	
1.4327107230243956	0.0	0.0	0.0	0.9904049404397474	0.0	1.348322540436319	0.0	0.21440484370909418	0.0	
0.0	0.0	0.3014670546992785	0.0	0.0	0.0	0.0	5.0132838522792635	2.6544363944438545	0.0	
0.0	0.7574913859527769	0.0	0.0	0.0	0.0	2.1679633121608144	0.0	0.0	0.0	
0.14751799534795934	0.0	0.0	1.8683420943710538	0.0	0.0	0.0	0.0	0.0	0.37500175661008706	
0.0	0.0	0.0	0.0	1.015812645616784	0.0	0.0	0.0	0.0	0.0	
0.0	0.0	0.0	0.0	0.0	0.0	1.664285856980306	0.0	0.29773862224679754	3.7305300652550524	
0.0	1.5543469495273827	0.0	0.0	0.0	0.0	0.0	0.0	0.0	0.0	
0.0	1.3056351948741816	0.0	0.0	0.0	0.3867396422377903	0.0	0.0	0.0	0.5971003875799142	
0.0	0.0	0.0	0.0	0.4036102398033296	0.9872766511722829	0.0	2.4065299794740005	0.0	0.0	
0.8379116369241311	4.93853859130567	0.0	0.0	2.954214694090137	0.0	1.8385398345149822	0.0	1.5751450431635508	0.0	
0.0	0.0	0.5479097841306816	0.0	0.0	0.0	0.0	0.0	0.6125132051754577	0.0	
0.0	0.0	0.0	0.0	0.9344112299384915	3.7569453074722468	0.0	0.0	1.847226415859691	0.0	
1.4921469589041187	0.0	0.0	0.0	0.0	0.0	0.0	0.0	0.0	0.0	
0.0	0.0	0.0	0.0	0.0	3.3338624273229724	0.0	0.0	0.0	0.0	
2.394351341617075	1.0336538655793304	1.2089787655064923	0.0	0.0	0.0	0.0	0.24438059167850942	0.0	0.0	
0.43058185428081136	0.0	3.0790765551759622	0.0	0.0	0.8204136064115486	0.0	0.0	0.0	0.0	
0.5295020590759294	0.0	0.0	2.470615342786999	0.19047583270765017	0.0	0.03473813389031694	0.20279873840181942	0.0	0.0	
0.0	0.0	1.1445484559420374	0.0	0.0	0.0	0.0	0.0	0.0	0.0	
0.0	0.0	0.0	0.0	2.3635953497068787	0.0	0.0	0.0	0.0	0.0	
0.0	0.0	0.0	0.30231285786360845	0.9899514555798813	0.0	0.0	2.082627643968511	0.8232794164083367	0.003290383704676006	
3.1262332398576564	0.0	0.0	0.0	0.5607098162757663	0.0	0.0	4.009028211232363	0.0	0.49257720260139776	
0.0	0.0	0.0	0.015674957256086912	0.0	0.0	0.0	3.848073745167429	0.0	0.3102330003618986	
0.0	0.0	0.821374009715123	0.0	0.0	0.0	0.0	0.0	0.0	0.0	
0.0	0.0	0.0	0.0	0.9994566057658364	0.0	0.0	2.8330990981811537	0.0	0.0	
0.0	0.0	0.0	0.0	0.019054736627735415	0.0	0.2222976355395784	2.5439151372756257	0.0	0.0	
0.0	0.0	0.0	0.0	0.0	0.0	0.0	0.22137132485189964	2.3816754487880893	0.0	
0.0	1.7875807390243614	0.0	0.8952912082473328	0.6777988031170106	0.0	0.0	1.2609342365983003	0.0	0.0	
0.0	0.0	0.0	0.0	2.3972753672215195	0.0	0.0	1.662342262340367	0.5469697460837931	0.1953560460871178	
0.3640578908300476	0.19844559601297843	0.0	0.5775844712679488	1.3099148429707317	0.0	0.0	2.319052993695012	0.0	0.0	
0.7695898224132559	0.5615953651608397	0.0	0.0	0.0	1.1957978831437515	0.0	0.0	0.0	0.03910355579084622	
0.0	0.0	0.0	0.0	0.9777372024520419	0.0	1.15202039941893	0.0	0.0	0.0	
0.8607132579693721	0.0	0.0	0.0	4.689683004547722	0.0	2.004874827212588	0.0	1.950485765625845	0.21829955982694352	
0.0	1.0490402670398247	0.0	0.0	0.0	0.0	0.0	0.0	0.0	1.7682268976985667	
0.0	0.0	0.7272645325386566	0.0	0.0	1.7433517968229957	0.0	0.0	0.0	0.0	
0.0	0.0	0.0	0.0	0.0	0.0	0.11704052772074335	0.0	0.0	2.1661416350580094	
0.5177958494907988	0.0	0.0	0.0	0.0	0.0	0.0	3.8116226495170875	0.0	0.0	
4.00262987006624	0.0	0.0	0.0	0.0	0.0	1.2151943941037917	0.0	0.0	0.0	
1.2647394674212578	0.0	0.0	0.0	0.0	1.2825705326146715	0.0	0.0	0.4828961529276756	0.0	
0.0	0.0	0.0	0.0	3.529590254223975	0.0	0.0	0.0	0.0	0.0	
0.0	1.5207811704269765	0.0	0.0	0.0	0.0	0.04485347918206671	0.0	4.317061345977737	0.754593692834485	
0.9203686147439236	0.0	0.0	0.16208626550504568	0.8407439754600676	0.7284236741501275	0.0	0.0	0.0	0.0	
1.8179116223964533	1.7476178234799538	0.0	0.0	0.0	0.33684093156277156	0.0	0.07439480527480186	0.0	2.682710538057053	
0.09100135510609758	0.0	0.0	0.0	1.1087124479907309	0.2951810343545635	0.5605075294639689	3.3297353231744293	0.0	2.2180845200871895	
0.0	1.5075151904331094	0.0	0.0	0.5463915431006233	0.26231965802674295	0.0	0.0	0.0	0.0	
0.0	0.0	0.8563341086152407	0.5117606791446108	0.6370145557179976	1.1216870486796724	3.6052253074435496	0.0	0.0	0.0	
0.0	1.181603004806283	0.0	0.6085374506745249	0.0	0.0	1.47193824710144	1.9973503961620367	0.2089419880858031	0.0	
0.0	0.0	0.0	0.0	0.0	0.45548090488595905	0.09240224009800256	0.3510321817650032	0.0	0.0	
0.0	0.0	0.0	0.0	0.0	0.9126582342227517	0.7557995317087821	0.0	0.8826335387931552	0.0	
0.484855747854202	3.6290995303303704	0.9906653492995544	0.204357458279133	2.1802032066065586	0.0	0.0	0.28914083985769035	0.0	0.38117981009348856	
0.690754507671604	0.0	0.0	0.0	0.0	0.0	2.4478481500041642	0.0	0.46917189600643777	0.0	
1.206749799610073	0.0	0.0	0.427925273489747	0.027162293627815547	0.5423164154613075	0.06702063027036156	0.0	0.0541591617250126	1.005987022219278	
0.0	0.0	0.0	4.718825639744679	0.0	0.0	0.0	0.0	0.0	0.0	
0.0	2.7170316470143905	0.0	0.0	0.0	0.0	0.0	0.6081579448831261	0.0	1.2126905683939198	
0.0	0.0	3.648759677360973	0.02181950074234222	0.0	0.7609848938793926	1.6020649211679252	0.0	0.0	0.0	
0.0	0.0	0.0	0.07078796176750948	1.6109981827618896	1.2329322880285771	0.0	0.0	0.5745229081950622	0.0	
1.9528825104818128	0.0	0.6130524673590801	2.914306737049077	0.0	0.0	0.0	0.0	3.5818176655885043	0.0	
0.0	1.2332118224188104	0.0719340924339828	0.0	0.0	0.0	0.0	0.0	0.0	0.0	
0.0	0.741388289030647	0.0	0.0	0.0	0.0	0.0	1.2077247595721154	1.8169993643033	0.3270222012718467	
1.7466270345192265	0.0	0.0	0.011340817956109276	0.0	0.0	0.0	3.5035534924570118	0.5016169110457352	0.03983810679996089	
0.0	0.6343547514954672	1.6516090330439306	0.25407292352480226	3.484754264427884	0.0	0.0	2.0018011558622755	0.03376115686516653	1.0467244646749314	
3.2284650251434335	0.0	0.0	1.3960673757698527	0.0	0.0	0.0	0.0	0.0	0.0	
0.46978044593146745	0.5572133711071322	0.3462810505228709	0.27082875405607126	0.0	0.0	0.0	2.523744755049994	0.587005003524224	0.0	
0.4040787486614264	0.0	0.9202946569611025	0.0	0.0	0.0	3.046696134933512	0.0	0.0	0.0	
0.0	0.0	0.0	0.0	0.5800134257912296	0.8654450777965003	0.0	0.0	0.0	0.0	
0.0	0.0	0.0	0.5076636130130775	0.0	1.0454684878265996	0.0	2.6040323389682185	0.0	0.22534784240828987	
0.6363111358305495	0.0	3.380182010797042	0.0	0.0	0.0	0.0	0.0	1.6969486445904465	0.0	
0.0	0.0	0.0	0.0	0.0	0.0	0.0	0.0	0.0	1.6944295517345755	
0.0	0.0	0.0	0.0	0.6187297817495352	0.0	0.0	1.3920195589339106	0.0	0.0	
0.0	0.0	0.0	0.0	4.067010767428145	0.0	0.0	3.069578221248365	0.4759598160648542	0.0	
1.3679762908799002	0.0	0.0	0.0	1.5860429974664232	0.0	0.0	0.0	0.0	0.0	
0.514959184842607	1.6976143337824279	0.0	0.41717024722760654	0.0	0.0	0.0	0.8328694016716918	0.0	1.717825100303687	
0.0	0.0	0.0	0.0	0.0	0.0	0.0	1.5128553343583298	0.0	0.0	
0.0	0.0	1.025290235516228	0.0	0.0	0.0	0.0	0.0	1.1812520320783746	0.23106925751648294	
0.0	0.0	0.0	2.9487568411222336	0.0	1.680662219924358	0.0	0.021256166003374245	0.0	0.0	
0.0	0.0	1.4432918453409525	0.0	0.8982232928502958	3.0203053585773474	0.0	0.0	0.0	0.0	
0.0	0.7817377177075864	0.0	0.0	0.11160473351774569	0.5480369134863472	0.0	0.6610341474284261	0.0	0.7766986349191637	
0.0	0.0	0.0	0.0	0.0	0.0	0.0	0.0	1.306555896206669	0.0	
0.0	0.0	1.1973821784535197	0.0	0.0	0.0	0.4086380558017304	0.5098999757499891	0.8951873500675162	0.9392255292546906	
0.0	0.0	0.0	0.0	0.47570242086006786	0.06650090796126573	0.0	0.13153726743717106	0.18974703712181665	1.535123653266124	
0.0	0.0	0.0	0.0	0.0	0.0	0.0	3.24834043899989	0.0	0.0	
0.0	0.269493012270506	0.0	1.163651135083775	1.3466217419120914	0.467769303356217	0.46647497877551913	0.0	0.0	0.0	
0.0	0.0	2.8777490920724693	0.0	0.01180986097527164	0.0	0.0	0.0	0.5718106581993554	0.5315873585120495	
0.15720385347154864	0.0	0.5007289096604433	0.2817320626012987	0.0	0.0	1.9254197961437707	0.9139589070019961	0.6485629492000872	0.7596239314353697	
0.0	1.3197839650313161	0.0	0.0	0.0	0.0	3.1223966005318418	2.662110468725848	0.0	0.0	
0.0	0.0	0.8785304942366035	4.0411087930662415	0.0	0.0	0.11390906550347715	0.0	0.0	0.0	
0.0	0.0071775659013495405	0.0	0.0	0.0	0.0	0.0	3.919670922417704	0.0	1.2158723075652043	
2.2831446636171617	1.7286956671492002	0.0	0.0	0.0	1.3559896759051873	1.0821913737136668	0.0	0.0	0.0	
0.0	0.0	0.0	0.0	4.91034021175137	0.0	0.0	0.0	0.0	0.8470029694457303	
0.0	0.7032039648290811	0.0	0.0	0.0	0.0	0.0	0.0	0.0	0.0	
1.400930748051405	0.0	0.0	0.25094019884232055	1.7815159406926102	0.0	0.0	0.0	0.0	0.0	
0.0	1.0561654776491087	0.6017901593813286	0.0	0.0	0.0	0.19238344161932225	1.2178191616220677	2.1072752880148538	0.0	
0.0	0.0	0.0	0.0	0.0	0.0	0.0	2.730354333410701	0.0	0.0	
0.805728891867525	0.0	0.0	0.0	0.0	0.0	0.0	0.0	0.0	0.0	
0.15602778658256475	0.0	2.4136573085383306	0.0	0.0	0.0	0.0	0.0	0.22691469964838867	0.0	
0.0	0.3050602987904861	0.46882285947887775	0.0	0.0	0.0	3.425553743834793	0.7833978234173262	0.0	0.0	
0.0	1.1872914176387703	0.23264615488931842	0.0	0.0	0.20403699882393073	0.0	0.5849531227828184	0.0	0.0	
0.0	0.0	0.0	0.0	0.0	0.0	2.0063861772757714	0.1806092728924214	0.0	0.33484231703337275	
0.0	0.0	0.0	0.0	0.6252503201782353	0.0	0.0	3.4920193611468857	0.09835692435583154	0.0	
0.0	0.0	1.0689671061497419	0.0	2.1516065963862174	0.0	0.0	0.0	0.0	0.16868978112927419	
0.0	0.14733356675135031	0.48531687318876215	1.78654932005988	0.026725966961033906	0.9599004728600523	0.0	0.0	0.0	0.21721911297891505	
0.0	1.6491784764908413	0.0	2.354205986558146	0.0	0.7185127466417939	1.751695601578175	0.8271919830683342	0.0	1.9022256281965575	
0.8026795277598903	0.0	0.0	2.1252012555021005	0.0	0.0	1.7241504084897672	0.9103116995155538	2.306207179321228	0.0	
2.666176863658117	0.0	0.0	0.0	0.0	0.0	0.0	0.0	0.0	0.7519185162917069	
0.0	0.0	0.47300707704990763	0.0	0.0	0.0	0.03629993382371765	1.8341342177571447	0.0	0.3489624439081403	
0.0	1.2563940192472123	0.0	0.0	0.544838005453156	0.0	0.0	0.0	0.0	0.0	
0.0	1.0134205875447144	0.7190808637616048	0.5072713254224358	0.0	0.0	0.0	1.7604397842764328	0.0	0.028010101751308497	
0.0	0.0	0.0	0.0	0.0	0.0	0.0	0.37630206011231826	0.0	1.416934922334012	
0.0	0.0	0.0	0.0	0.0	0.5366513273146971	0.0	0.0	0.0	0.0	
0.0	0.0	3.0670970074413146	0.0	0.0	0.0	0.0	0.0	0.0	0.0	
0.15676082588314147	0.011637597152820279	1.2634843153346564	0.0	0.858040063313528	0.0	0.0	0.9090684320331752	0.09908593929082662	0.0	
0.7590946319440621	0.0	0.0	0.0	2.379141688341209	0.9588732657277379	0.0	0.0	0.0	0.0	
0.352186028911318	0.0	0.2697333339903478	2.7609814924410543	0.0	0.0	0.0	0.17781125631975714	0.0	0.0	
0.0	0.0	0.0	0.0	0.0	0.0	2.502241462907953	1.9646396082003137	0.0	0.0	
0.0272861786075249	1.5453568769590964	0.0	0.0	1.9431912779994591	0.0	0.0	0.0	0.0	2.897671805893335	
0.0	0.0	1.8840177764073616	0.0	1.064373629666308	0.3434564770507916	0.0	0.0	0.0	0.9550043826153342	
0.0	0.0	0.0	0.0	0.0	0.0	1.303828205428118	0.0	0.0	0.515440120618069	
0.2809836939806004	0.24094351400321803	0.0	2.1819358442557237	0.0	0.41220558156499426	0.40355768255107305	1.2851235147519027	0.0	0.07602079597977515	
0.0	0.0	0.0	0.0	0.0	2.2180309507002995	0.0	1.1150670739210835	0.0	0.0	
0.6316278597235041	1.7054368492962966	0.34396367361486246	0.0	1.0168102743975573	0.3152430502535276	0.42562151468183157	0.0	1.3605209233043283	4.4203367580367905	
0.0	0.0	0.0	0.0	0.0	0.0	0.0	1.204955261924795	0.0	0.0	
0.0	0.0	1.7825640724712075	0.21406376746732148	0.0	2.216383464196503	0.0	0.0	0.0	0.0	
0.0	0.0	0.0	0.0	0.287023810621144	0.0	2.058430681752793	0.0	0.0	0.0	
0.0	0.0	0.0	0.0	0.0	0.01921686578033676	3.1727203690729096	1.262366492405267	0.0	0.7086026944890986	
0.8413829571835907	0.0	0.0	0.0	0.0	0.0	0.36853070055398973	0.0	0.0	0.0	
0.2936334750893577	0.0	0.0	0.8968750545668711	0.2565031219078957	0.0	0.0	0.28681065631462893	0.0	0.0	
0.8694536455227805	0.0	0.0	1.4539341784759474	0.0	2.9786391170712183	0.0	0.0	0.0	0.0	
1.1694805187193502	3.1126175027676553	0.9296740033112021	0.0	0.0	0.0	0.5029194687237841	0.0	0.0	0.0	
0.006563272321583472	0.0	0.0	0.11747741274035634	0.58254014282269	0.0	1.0455035976813014	0.0	0.0	0.9726111084736155	
1.4624307200596045	0.0	1.4525846177120103	0.0	1.7518982674713754	0.0	0.0	0.0	0.0	0.0	
0.3837801001726731	0.6461920820426317	0.0	0.903937097732647	0.0	0.0	0.0	0.0	4.323555169017275	0.0	
0.0	0.0	0.24224240241011755	0.0	0.0	1.2862893274385	0.0	0.0	0.0	0.0	
0.0	0.0	2.6158430180936754	0.0	0.0	0.7950466177987124	0.0	0.0	1.3590926313930627	0.0	
0.6332260255901125	0.0	0.0	0.0	0.681133731277869	0.0	0.0	0.0	0.0	0.6682585995839706	
2.378603414073988	0.0	0.0	0.0	0.0	0.0	0.0	0.17926867939248273	0.0	0.0	
1.17213198498467	0.28425864020987557	0.015097013732006939	0.0	0.0	0.0	0.0	1.8748895972028978	0.0	0.0	
0.0	0.0	0.09939993324746671	0.0	1.3740892625994967	0.0	0.0	2.216330474366131	0.0	0.0	
0.0	2.621725337436527	0.0	0.4692450235741506	0.0	0.18312896457762937	0.0	0.0	0.0	0.0	
0.0	0.0	2.214689980642617	0.0	0.0	1.0457718475330284	0.0	0.0	0.0	0.0	
0.5904793635055626	1.8102134843193154	0.006554240794097723	0.9754643626929106	1.3429379791368743	0.5652057684744912	0.0	2.1261567912807013	0.0	0.0	
0.0	0.0	0.0	0.0	2.0641428789596934	0.0	0.0	0.0	1.5136843784971683	1.266213155031157	
1.3533090142910618	0.0	0.0	0.0	0.0	0.6383881107792062	0.0	0.0	0.0	3.863915771829068	
1.068199400288328	0.0	0.0	0.0	1.3917026977882192	0.37171205399650636	1.2513499555839946	0.0	0.0	0.004883532339904897	
0.0	0.0	0.0	0.0	0.5893652794061568	0.534931397080897	3.5049621272217704	0.0	0.8236828154443088	0.0	
2.0336912563819105	0.0	0.40461419338613847	1.3848632396866658	0.0	0.0	0.0	0.0	0.0	0.0	
0.0	2.5203505103885013	0.0	0.0	0.0	0.0	0.0	0.0	0.0	0.0	
1.1188473566708745	0.0	0.0	1.0236593994281191	0.0	0.6499516347079785	0.0	0.0	0.0	1.2855974052469528	
0.0	0.0	0.0	0.0	0.0	0.0	0.0	3.4029357041861337	0.0	0.0	
0.0	0.7720782835629791	0.0	1.116509313204177	0.0	0.0	0.0	0.0	0.0	0.0	
0.0	0.0	0.0	0.0	2.0701748394613717	0.0	0.0	0.0	0.4463985901350989	2.939295324743991	
0.0	2.402181434843654	0.0	0.9527377672698838	0.0	0.1145569717550842	0.0	0.23197308056381954	0.0	2.581072206117524	
2.273370686778634	0.0	2.4518142828079648	0.0	0.0	0.0	0.0	0.0	0.0	2.1815564263213636	
0.0	0.07307938350175759	0.07865789210008997	0.0	0.0	0.0	0.37567810904672255	3.7700191672548775	0.0	0.5739506257943756	
2.0671301157757345	1.8427394171817604	0.0	0.0	0.0	0.0	0.0	0.0	0.0	0.0	
2.1682122632547176	0.17932923097096895	0.0	0.0	1.4561064587390475	0.0	0.0	0.05615923826461727	0.0	0.0	
0.0	0.0	0.0	0.307474257289787	0.0	0.568691446992307	0.0	3.4097660718542824	0.0	0.0	
0.0	0.0	0.0	0.0	0.0	0.0	0.0	0.0	1.183985119262592	1.4739290762036685	
0.0	0.0	0.0	0.0	0.0	0.0	0.0	5.3129369503653034	0.0	0.0	
0.0	0.0	1.138389553329313	0.0	0.25580936412944494	0.4444798487748329	0.0	0.0	0.0	0.49406723011319353	
0.0	0.2941646759222277	0.0	0.0	0.5281271918999741	0.0	0.0	0.49379542329008447	2.7550686289650983	0.026559864174249444	
2.7441075838865934	0.0	0.0	1.4946299673097323	0.0	0.0	0.0	0.0	0.0	0.0	
0.0	0.0	0.0	0.0	0.0	0.0	0.0	0.0	0.0	0.0	
0.0	2.7235165593302915	0.0	0.0	0.6878149873957138	0.0	0.0	0.0	0.0	0.0	
0.0	0.22199250520673955	0.0	0.0	1.5031214063870388	0.08034331581740829	0.0	0.0	0.0	0.26813019529800963	
0.0	0.0	0.4266725630204296	0.0	0.15763283054496086	0.3769766545089417	0.0	3.2922111517870083	0.8477912884735785	0.8881505535499828	
0.0	0.03409538686190994	0.0	1.7277508273040132	0.0	0.052154699816710226	0.0	0.15032300668648302	0.0	0.6724523522031844	
1.4664999120284394	0.0	0.16851103634082087	1.264192887211538	0.0	0.0	0.5215015774109988	0.0	1.9178071609182572	0.2590120829015694	
0.0	0.0	0.6491532174500416	1.4104467882745695	0.0	0.23796580996472036	1.899330709691375	0.0	2.3598355734509036	3.652623235200023	
0.0	0.0	0.0	0.0	0.0	0.0	0.0	0.0	0.0	4.9491273346585665	
0.0	0.0	0.0	1.4372649210348427	0.0	0.0	0.0	0.0	0.0	0.0	
4.273453884600069	0.0	0.0	0.0	0.0	0.0	0.0	0.0	0.0	0.0	
0.0	0.4248258581518585	2.735482291661956	2.5260073044991582	0.5172544721858692	0.0	0.5476201751148886	0.1879256590770245	0.0	0.028144035562437483	
0.0	0.0	0.0	0.6725118058831084	3.0065725761312843	1.7730377658935765	0.0	0.0	0.7700158656263788	0.0	
0.0	0.0	2.3523103668803627	0.0	0.0	0.0	0.0	0.0	0.0	0.0	
0.0	0.0	0.0	0.0	0.24739961246233055	0.0	1.6341654734394129	0.0	0.0	0.0	
1.7087273211463807	1.4941389678632082	0.2918898199002954	0.0	0.5069764116556768	0.05063870811396557	0.0	0.0	0.0	0.0	
0.0	0.0	0.0	0.8035630062381777	0.0	0.0	3.3235190611454875	0.1904144861458314	0.0	0.0	
0.9146650692088659	0.0	0.0	0.0	1.2938101734121106	0.4927100753948597	0.0	0.0	0.0	0.0	
1.9985447239689773	0.0	0.0	0.002464586147370611	0.0	0.0	0.0	0.0	0.0	0.5316600270172352	
2.391995011601148	0.09075686169104924	0.004102264690475295	0.0	2.839320312671441	0.0	0.7108232056992304	0.8894716129723702	0.6058475556322857	0.46115134259133617	
0.0	0.0	0.033993410660339146	0.0	0.7785604942766116	0.0	0.5775302525106336	2.8714331022128143	0.0	0.0	
0.0	0.8373264386791791	0.021957434435923073	1.906337355997127	0.0	4.05692629821993	0.0	0.0	0.0	0.0	
0.0	0.0	0.0	2.5884767666756137	0.14000468944524433	0.0	0.0	0.0	0.22868178163677877	0.0	
0.0	0.0	0.0	0.0	0.0	0.0	1.1085002670043538	2.721598830610407	0.0	0.666910478814515	
0.5146298647083856	0.0	0.0	0.0	3.735188979251824	0.0	0.6685112684833884	0.0	0.7129967182160286	0.0	
0.920783955516451	2.374277438332804	0.0	4.006251907969792	0.0	0.3176926142026883	0.7336103098397453	0.0	0.0	0.0	
0.0	0.0	0.0	0.0	4.129151325093638	1.2754833968763195	0.2695688939546226	0.0	0.0	3.151915206708429	
0.0	0.0	0.0	0.0	0.0	0.8524990025615256	0.0	0.0	1.7011537092040032	0.0	
0.0	0.0	0.0	0.0	3.35478970133873	0.0	0.0	0.0	0.0	0.0	
0.01030443578855739	0.0	0.0	0.9014070801614521	0.7216142001780927	0.3517100707176129	0.0	0.0610618181075228	0.0	0.3699687102336995	
1.4198432029413228	0.0	0.0	2.639028177881839	0.0	0.0	0.0	0.0	0.0	0.03617883025573574	
1.0366135071837512	0.0	0.24815256320927348	0.0	0.43436205141746054	1.6773297051591924	0.0	0.0	0.0	0.0	
0.0	0.9479797750865782	0.0	0.10713022071048468	0.0	0.02585917284236485	0.0	1.8535656476399305	0.0	0.0	
0.0	0.0	0.0	0.0	0.0	0.034324814205863655	1.8176170948761876	1.8267711145169705	0.0	0.0	
4.362897261732474	0.0	0.0	0.0	0.648455809720093	0.0	0.0	0.0	0.0	0.0	
0.9907899037268032	0.0	1.5140886131183922	0.0	0.0	0.0	0.0	0.0	0.0	0.0	
0.0	0.0	0.0	0.0	0.0	1.3254181470281359	0.6909446818979427	1.4229375968864268	0.9073870739158645	0.08106408664278364	
0.604273854882259	0.0	0.0	0.7556705705649326	0.0	0.0	0.0	0.0	0.025858951222182805	0.0	
0.0	0.0	0.0	0.1277174930583761	0.0	2.3554635081839237	1.2408250076596672	0.0	0.0	1.0538387793016935	
0.0	0.0	0.0	1.6342020180383987	0.0	0.0	0.2433292657020824	0.0	0.0	0.0	
0.4999524971893355	0.0	0.0	0.0	1.300112182648972	0.1266750108121151	0.408638974642089	1.9929449967983859	0.0	1.203727472390145	
0.0	0.0	0.0	0.029504947879720203	3.2111106537914464	0.0	0.0	0.0	0.0	0.0	
0.0	0.0	0.0	2.631612821844359	2.408329096135493	0.0	0.0	0.0	0.0	0.8152923750192459	
0.0	0.0	0.2599986753333158	0.0	0.0	0.0	0.0	0.8336311286343543	1.916555480465303	0.0	
0.0	0.0	0.0	2.192300249984866	0.15152313119309427	0.0	1.145858111516494	0.0	0.0	0.0	
2.366790430239079	0.0	0.0	0.0	0.1530994112526076	0.6958349991916434	0.2859191636256546	0.0	0.0	0.0	
0.7302787533715117	0.0	0.0	0.5077306568214643	0.7867703381171116	1.8878975114369976	0.0	0.145824791176232	2.1029558232200856	0.0	
0.0	0.5233229307650503	0.0	0.0	2.7559455613529815	0.28393451359052696	0.0	1.2183736324569403	1.870154953818394	0.16003908998882366	
0.0	0.3892192435437513	0.0	0.0	2.577011948800121	0.0	0.0	0.0	0.0	0.059594573571556675	
0.0	0.5998126044722267	0.0	0.0	3.810726092177089	0.0	0.0	0.0	0.0	1.4318594801454403	
0.0	0.0	0.020782444360745084	0.7019956174942233	0.0	2.766752311194202	0.0	0.0	0.0	0.0	
0.45563426142235386	1.309669372251846	0.0	0.0	0.0	0.0	0.9032343683158944	0.0	0.0	1.003470598369608	
0.9578917336732449	0.0	0.0	4.048065732665395	0.0	0.8064052905861163	1.4368567271933215	0.0	0.0	0.0	
0.0	0.0	0.0	2.818448533984475	0.0	0.0	0.0	0.0	0.9865603343608581	0.0	
0.0	0.0	0.0	0.0	0.0	0.0	0.0	0.0	0.8838436345324413	6.722695057546524	
0.0	0.0	0.0	0.0	0.0	0.0	0.0	0.0	4.782104024478676	0.5914591112415599	
0.0	4.060893552122323	0.0	0.0	0.0	0.0	0.0	0.0	0.0	0.0	
0.0	0.0	0.1550009457171799	3.2000176818810253	0.0	0.0	0.0	0.0	0.0	0.0	
0.3268987560735938	0.0	0.0	0.6079110472775967	0.0	0.0	0.0	0.22692624132266215	0.6094076117473634	0.0	
0.5357706909731813	0.0	0.0	0.8667905370393424	0.0	0.0	0.0	1.432258366182145	0.0	0.0	
0.0	1.4660116785690307	0.0	0.0	0.0	0.0	0.451325971571849	0.0	3.7538987932765373	0.0	
0.0	0.0	0.0	0.0	0.0	1.9578727597633059	0.0	0.0	0.8145805604206581	0.4532597533224436	
2.0311681481763535	0.0	0.52427996376476	1.039325696240354	0.0	0.38886181000197007	0.0	0.0	0.0	0.0	
0.0	0.0	0.0	0.0	0.0	1.487884578318606	0.0	0.28633200836828926	0.0	0.0	
0.0	0.0	0.3933521097853273	0.0	0.0	0.8354051307646609	1.8607053525501827	0.0	0.0	0.4400318954144738	
0.0	0.0	0.0	0.0	0.0	1.0930630793800562	0.0	0.0	0.0	0.7233235431934569	
0.0	0.0	0.0	0.7546381116827028	3.276535322477363	0.8223946179211962	0.0	0.0	1.0960587753447704	0.6226807572092097	
2.3752463573412843	0.8598960332777154	0.0	0.0	0.0	0.0	0.0	5.665217042947181	0.0	0.0	
1.0328890327086335	0.0	0.0	0.0	0.0	1.1154062746128324	0.0	0.0	0.0	0.8997754685112301	
1.9367882293506664	0.0	0.28138617519383124	0.29207616549379134	1.7685729364255405	0.0	0.041421897936869914	0.0	1.422444980991947	0.0	
0.0	0.9930704705707282	0.0	1.2206734781725157	0.3386236820355818	0.0	0.0	0.0	0.0	0.22926921270853876	
2.8717699199910047	0.0	0.0	1.0072086016298392	0.0	0.0	0.0	0.0	0.0	0.8600217978820072	
0.0	2.8629045705573137	0.0	0.42476356447800084	1.8210184412238173	0.0	0.0	0.0	0.0	0.8924145526109378	
0.0	1.6819287409764776	0.0	0.0	0.0	0.0	0.0	1.2152502941748293	0.0	0.2660377200493489	
0.0	0.0	0.0	0.0	4.663227032965629	0.7219510041787274	0.0	0.0	0.0	0.0	
0.0	1.694832655633706	0.0	0.0	0.044591857468346846	0.0	0.0	0.0	0.0	0.39907509682787073	
2.1845562246104318	0.0	0.0	1.0473595068568877	3.441368266556345	0.0	1.088843393492679	0.0	0.0	0.0	
0.0	0.12780792685125286	0.0	0.0	0.0	0.0	0.0	0.0	0.0	5.791056636231043	
0.0	0.0	0.0	0.0	1.8383239960191953	0.4669736834715653	0.0	0.0	4.990462175674135	0.0	
1.6237665788965483	0.0	0.0	3.417400239584128	0.0	0.0	0.0	0.0	0.0	0.0	
0.0	0.0	0.3587938906110111	0.0	1.4098656206426021	0.0	0.0	0.40473939596956654	0.04694648617097531	0.0	
0.4349350109000702	0.0	0.0	1.6397679199399087	3.5797531322650613	0.0	0.0	0.7362117321421806	0.0	0.2332352385417456	
0.0	0.0	0.7116798107295296	0.0	2.659659533126594	0.0	0.0	0.0	0.0	1.0235718099277438	
0.0	0.48466644552097204	0.0	0.019943191708543737	0.0	0.0	0.0	0.0	2.0898767715826785	8.129322649731812	
1.3363455182429544	0.0	0.024080910450729253	0.054115250744411966	0.9799903191082662	0.49805518808538785	0.0	2.4674473885571375	0.0	0.0	
0.10546001561633299	0.0	0.0	0.0	1.4205715424920993	0.0	0.0	0.9869541397304158	0.0	0.0	
0.32010792073878475	0.0	0.15291967826540326	0.0	0.0	2.8394738895304847	0.0	0.0	0.029155779984723712	0.0	
0.0	0.0	0.0	0.0	0.0	0.0	0.2291113528418866	3.586091476066957	0.0	0.0	
0.0	2.8150158365215456	0.0	0.0	0.0	0.0	0.0	0.26502466874288244	0.0	0.6744972171457341	
1.095629465427344	0.0	0.0	0.0	0.7300858405169113	0.0	2.006375682597128	0.0	2.7892215500180657	1.190673058371196	
0.0	1.796141396305295	0.0	0.42620835991911976	0.0	0.0	0.0	0.0	0.0	0.5102511579340693	
0.0	0.0	0.0	0.0	0.0	0.0	0.0	0.0	1.5030951880826828	1.5550982823875048	
0.0	0.0	0.49628533418911025	0.05331255119290267	0.0	1.6764465255881245	0.2536481906725498	1.5360941265324277	0.8061194080297203	0.3581395656685468	
0.8435622937700794	0.0	0.11660738760286915	0.6640856997644502	0.34215080229868344	0.0	0.0	0.0	2.344279821188099	1.5638186844099986	
5.016441691780979	0.0	0.0	0.0	0.19054940854839578	0.38562675401499785	0.0	0.0	1.2094854993733413	0.4843669836105252	
0.0	1.7336339161753154	0.0	0.0	0.15694620113703492	0.0	0.5869702014010689	0.18064934299888982	1.3254897159690175	0.0	
0.8215720498781851	0.0	0.0	0.0	0.0	0.0	0.0	0.038931789941008724	0.0	2.1843326448366724	
0.9721423778217446	2.022872657385224	0.2469982141932179	0.23922616420505172	3.645708940167325	0.3859177321724705	0.11675663099170681	0.30176574400783107	0.6149864747842781	0.6159022823131104	
1.5436342219355736	0.06601669511926861	0.0	0.0	1.5035447697787097	0.0	0.36300636937959285	0.0	1.7991833422556351	0.0	
0.0	0.0	0.42673933268230324	1.135727714728523	0.9931658971264988	2.597178873108982	1.2422440386245162	0.0	0.0	0.0	
0.0	2.4097283293884892	0.26135862876627014	0.0	3.850270369167698	0.0	0.0	0.0	0.0	0.0	
0.0	0.06077018572886835	0.0	1.219914717921056E-4	4.6289194616310505	0.0	0.4324633654876547	2.2347714216833072	0.0	0.0	
0.0	0.745936657596118	1.0039354276655132	0.4507154923853692	0.6471949323213027	0.0	0.0	0.0	0.0	0.0	
0.0	0.0	1.2658183772642242	0.0	0.0	0.0	0.6496499742807741	0.0	0.36781117012823933	0.0	
1.6176443714560713	0.0	0.0	0.21982371568907888	0.0	0.0	0.0	0.0	0.0	0.0	
0.0	0.0	0.0	0.0	2.8054132343756653	0.0	0.0	0.0	0.0	0.0	
0.0	5.339292486254445	0.0	0.0	0.0	0.0	0.0	0.0	0.0	0.0	
0.0	0.6183081763309545	0.6878162727884782	0.6964215874617097	0.0	0.0	0.0	0.7448872652479824	0.0	0.0	
0.5967462401597659	0.0	4.871294313745113	0.0	0.0	0.0	0.0	0.0	0.0	0.0	
0.0	0.0	0.0	0.3500608838691906	0.0	0.0	0.7001886532342758	0.6254509553649833	0.8949953153274808	0.869428371029467	
3.379231589021935	0.0	0.0	0.5818186534540958	0.4307893184117543	0.0	0.0	0.0	0.0	0.0	
1.1086563007540946	0.0	0.2648145566238853	1.0440881115285283	2.476161893451664	0.0	0.0	0.0	0.0	0.0	
0.0	1.3580315421531426	0.0	0.00927606159538048	1.3258926420076218	0.0	0.8944882051995373	2.563444838248118	0.0	0.0	
0.0	0.0	0.0	2.2969235698920802	0.039613358312087586	0.5219923329558803	3.211567449456773	0.0	0.0	0.0	
0.0	0.0	0.0	0.0	0.0	0.0	1.1237848611825727	1.5267136881625776	0.0	0.0	
0.0	1.0227567651773135	0.0	2.6756206287176387	0.0	0.0	0.0	3.5193683967201115	0.0	0.30023684338523615	
2.644384965260379	0.23502750448228002	0.0	0.5708313842649058	0.0	0.0	0.7396804730235285	0.7398808936758089	1.1341783033790767	0.0	
0.2589595376969337	0.0	0.0	0.0	0.0	0.32351310885727885	0.0	0.0	1.2536752624645426	0.9940320252764738	
0.6584597977069528	0.0	0.0	1.932006768699868	0.0	0.9437949817405078	0.5336993326104333	0.0	0.0	0.0	
0.0	0.07461819273572586	0.0	0.0	2.510119605589384	0.0	0.0	0.8507385024944502	0.0	0.6343971585919954	
2.011531828592842	0.0	0.0	0.0	0.0	1.0904357651193748	3.2842799491443335	0.0	0.0	0.0	
0.7264856696660874	0.0	0.0	0.0	1.8155416687586876	0.0	8.695182946554729E-4	2.46483246081186	0.0	0.3676391189849373	
0.0	0.0	0.1471832193965223	0.0	0.5463192339959138	0.0	0.6531137590549317	0.0	1.812943924188234	0.0	
0.0	0.0	3.2181373576998595	3.5631938741146145	0.0	0.0	2.712161326160734	1.2868111211730833	0.25891270320388277	1.3132014534971026	
0.0	0.0	0.0	0.0	0.0	0.0	1.2489645688392759	1.2636610858641901	1.6084725506669175	0.0	
0.0	0.0	0.0	0.0	1.8509280991380488	0.0	0.0	0.0	0.0	1.8758268830255789	
0.0	1.472246267925765	0.0	1.0227468026154662	0.0	0.0	2.652472199558807	1.1967612533429965	0.0	0.0	
0.0	1.660142619408087	0.021971329022106058	0.0	0.7979992960979442	0.0	0.0	1.172687316032357	0.0	0.7186209843731033	
0.0	0.0	0.0	0.022145492599432125	0.0	1.1201352665939135	0.0	0.0	0.0	1.594523792507488	
0.0	0.0	1.6068354455510792	0.13225923167798515	0.0	0.0	0.0	0.0	0.0	0.0	
0.0	0.0	0.0	0.0	0.0	0.0	0.0	0.45463457767454124	0.39267315726263186	2.005030286341288	
0.0	0.0	0.23710438862043642	2.8823049471379982	0.49669210911239803	0.0	0.0	0.0	0.7435418397705529	0.0	
0.07839231958788251	0.937963538103237	0.0	0.0	0.0	1.4406763550387494	0.0	0.022033565468073994	0.05179878324750206	1.4847355413777465	
0.27451481885016943	0.0	2.416532965437126	0.0	0.741283758332811	0.0	0.0	0.0	1.1173241170664645	0.0	
0.0	0.4733815809751314	0.0	0.0	1.9665405946647092	3.497084645153659	0.0	0.0	0.0	0.7621176827338918	
0.0	0.0	0.0	0.0	0.0	0.0	3.024530748085513	0.0	0.0	0.0	
0.0	1.045017705687015	0.0	0.789865949587164	0.0	0.0	0.0	0.0	0.0	1.1968576713611476	
0.0	0.0	0.0	0.0	0.0	0.0	0.0	5.4314055234114615	0.0	0.9054088845277688	
0.0	0.05284641181402537	0.0	0.0	0.0	2.546257209743621	0.0	2.1428144508333116	0.7218576624359784	0.0	
0.2900750097805116	0.0013253207221414515	0.0	0.9443483474140638	0.0	0.0	0.0	1.147251415176944	0.0	0.468399919081512	
0.0	0.0	0.0	0.0	1.5983018041569583	0.0	0.0	0.0	0.0	0.0	
0.7731875971749497	0.0	0.0	0.0	0.0	0.0	0.0	0.0	1.369507211955087	0.0	
0.0450735132252828	0.0	0.0	0.0	0.0	0.0	0.0	1.8957015763271265	0.48670494347689447	0.0	
0.0	3.5674977092453117	0.0	0.0	0.1792344038263562	0.0	0.03992022572162796	0.0	0.0	1.9115803459202858	
0.0	0.0	0.0	0.0	0.08342642577161363	0.0	0.0	5.7049015184039895	1.229835417791759	0.0	
0.2942439452436614	0.0	0.0	0.0	0.0	3.0186718435241477	2.2681540356547414	0.0	0.0	0.0	
0.0	3.4766537333562675	0.12603550633263222	0.0	0.0	0.6905965139316746	0.0	0.0	0.0	0.0	
0.0	0.0	0.0	0.0	0.0	0.0	0.0	2.0326543283933147	0.0	0.0	
0.32926331784341517	0.0	0.09427886088692772	0.0	0.0	0.0	4.289241247351239	0.3046688130334825	0.010035014393589833	1.182350363950024	
1.137670636975085	3.179271628297533	1.1842989153091628	0.8251157647609516	0.2751208390925136	0.0	0.0	0.0	0.0	0.0	
0.0	0.0	0.0	0.0	0.0	0.0	0.3372610239112442	0.6166926110922697	3.1851131175981293	1.3145624249670729	
0.0	0.0	0.0	0.280235727866939	3.0685043513043944	0.0	0.0	0.0	0.0	0.0	
0.0	0.029407792331697	0.0	0.22340322795532416	0.4266136303758943	0.0	0.3595973961447523	4.674344589471426	0.0	0.0	
0.0	0.10456663350516461	0.0	0.0	0.0	0.0	0.042450833667250026	1.6016845761357654	0.8832877138203944	0.844015355873293	
0.0	0.0	0.0	0.0	0.0	0.0	1.6236823600314363	0.0	0.0	0.0	
0.0	0.0	0.0	2.8330106365302834	0.0	0.0	0.0	0.0	0.0	0.0	
0.9141280741422019	0.0	0.0	1.403483732284073	0.8419852126229851	0.0	0.0	0.0	0.0	0.0	
0.0	0.0	0.0	0.013327176117318306	0.0	0.0	0.9486661536175987	6.765455109300277	2.1842290806557467	0.0	
2.041562956824547	0.6345771083407823	0.0	0.0	0.5999269426919516	0.0	0.0	0.0	0.0	0.0	
0.0	0.0	2.191996513809499	0.6501708715308542	0.7189708186671693	0.0	0.0	0.0	0.0	0.0	
0.0	0.0	0.0	0.0	0.0	0.0	2.3246075861955524	0.0	0.0	1.8700067941253977	
0.0	0.0	0.0	1.9697266752957943	0.0	0.0	0.0	0.0	0.0	0.0	
0.0	4.608915530036717	0.0	0.0	2.668702656970297	0.0	0.0	0.0	0.0	0.0	
0.0	0.0	0.0	0.0	0.0	0.0	0.0	2.9308698863676486	1.8892085228985684	0.4885498430639705	
0.0	0.48887663478462917	1.8273715224143336	1.180919036640407	0.0	0.0	0.0	0.06696496240431317	0.0	0.0	
0.0	0.0	0.0	2.525485655887497	0.7157679000012489	0.0	0.0	0.0	0.0	0.0	
0.0	0.0	0.0	0.0	0.0	0.0	0.5170867410465133	0.70872426914137	0.0	1.6977365347215805	
0.0	0.0	1.420462015890643	0.0	0.0	0.0	0.0	0.0	0.0	0.0	
0.0	0.0	0.46581433503085146	0.03124415147475053	0.0	0.0	0.0	0.0	0.5308925916666976	0.1837499104775853	
0.6509764645154499	0.0	0.0	0.0	0.825909554578506	0.0	0.0	0.0	0.0	0.0	
0.0	0.29462407787626205	0.0	7.618055655105362E-4	0.0	0.0065396744885691735	0.7425816268123786	2.6201135403603324	0.0	0.0	
0.0	0.0	0.0	0.0	0.0	0.0	1.515511579484619	0.0	2.3543556820084626	0.698368385604603	
0.0	2.7333916630941775	0.0	0.0	0.0	0.0	0.0	0.0	0.0	0.25348631079845496	
2.988356210482515	0.0	0.0	0.0	0.0	0.0	0.0	1.1512182598602891	0.0	0.0	
0.0	0.38973889241439724	0.37617627220615873	0.0	0.874986162606345	0.8966446491494349	0.0	2.409586671944347	0.04372515890158619	0.39024729891419585	
0.0	0.0	0.0	0.0	0.0	0.0	1.734817546947568	0.15612190148633687	0.0	0.0	
0.09837189105541577	0.0	0.0	1.479806095307004	0.0	0.0	0.8834347160538522	0.0	0.0	0.0	
0.3948218416171443	0.0	0.8329560481969148	0.0	1.1047754806911227	0.0	0.0	0.0	0.0	0.0	
0.14926678312761715	0.46329568550187417	0.6705479770250193	0.0	0.0	0.0	0.7020232470977553	0.0	1.6841965474435194	0.5648479817988902	
0.0	1.4864620549236724	0.0	0.8949719766475335	0.21055796885462497	0.0	0.0	0.0	0.0	0.0	
0.0	0.0	0.0	0.0	0.0	0.6119512283872969	3.1975964478793135	0.565217011272261	0.0	0.015368912458121331	
0.0	0.0	0.0	0.0	0.0	0.0	0.0	0.0	3.5116915584971147	0.0	
0.23426196039544867	0.0	0.0	1.745828511549817	0.0	0.0	0.0	0.0	0.0	0.0	
0.0	1.1022891497362715	0.3615893150879773	0.0	0.0	0.0	0.0	0.0	1.0284458664124574	0.0	
0.0	2.2215504934326136	0.0	0.0	0.0	0.0	0.0	2.7695794858139458	1.4807105349601049	0.0	
0.0	0.0	0.0	0.0	1.5111557069339052	0.0	0.0	0.0	0.0	0.0	
2.531747714987115	0.34774066644512075	0.0	1.6561847109180141	0.0	0.0	0.0	0.0	0.0	0.0	
0.03329843839219944	0.0	0.2103571189551973	0.0	0.0	0.0	0.0	0.0	1.9350347766091205	0.0	
4.548426184906618	0.2995591706533984	0.0	0.0	1.1639044533004066	0.0	0.3484979857870355	1.3537456184150725	0.0	0.0	
0.0	0.0	0.9186790082772259	0.0	0.0	0.49695552283896016	0.0	0.0	0.0	0.0	
0.0	1.4215792047436122	0.0	0.6079715878868653	0.0	1.041155731691755	0.0	0.0	0.3872645128562566	0.9893107437984612	
0.00519734970685054	0.0	0.0	0.0	0.0	0.0	0.0	2.5604912933850263	0.0	0.0	
0.0	3.053785215905555	0.0	0.0	0.5798562307473756	0.0	0.0523667953690881	0.0	0.8025935328269306	2.4141180457880504	
0.0	0.0	0.0	0.0	0.0	0.2884624000377907	0.0	1.7263900345390444	0.0	0.7346752839072329	
2.763640225063265	0.0	0.0	0.0	1.379816456891592	0.0	0.40199909568771014	0.5166444520545723	0.5354312433664973	0.0	
0.07774229196777917	1.7733528357968822	0.5408797028929492	0.8094139082017798	0.18930539618016565	0.00390934750648229	1.2552403027065162	0.0	0.0	0.0	
0.0	0.0	0.6195605514663631	0.0	0.0	1.2704522868222987	0.006127496062105651	0.0	0.7069028298763885	0.0	
0.12195400507396033	1.2516613536949934	0.0	0.0	0.0	0.04847538146170167	2.569614905169451	0.0	0.0	0.0	
0.0	0.0	0.0	0.0	0.0	0.0	0.0	0.0	0.0	0.0	
0.0	3.4648870221471553	0.0	0.0	0.0	0.0	1.7003360690645488	0.0	0.0	0.0	
0.0	0.8430072763515232	0.0	0.0	0.6578454299514591	1.798183991845024	0.0	0.0	0.0	0.01895069502651498	
0.0	0.0	0.0	0.0	0.0	0.0	0.0	0.0	1.554429127260958	0.46955208997757436	
0.0	0.0	0.0	0.0	0.0	0.0	0.0	1.9209765663488783	0.0	0.0	
0.7331508889612017	2.5377350748132512	0.0	0.0	0.0	0.0	0.0	0.0	0.0	0.0	
0.0	0.0	0.0	0.0	2.8884058677696496	0.0	0.0	0.0	0.0	0.0	
1.0500715665491838	0.0	0.0	1.7319192433002075	0.0	0.0	0.0408228219483054	2.0497898111427904	0.0	0.0	
0.0	0.0	0.0	0.0	0.0	0.0	0.0	1.43904207047767	0.6905820132522186	0.030930862569667927	
0.0	3.8572355566776424	0.0	0.0	0.0	0.0	2.9412395544035363	0.0	0.0	0.0	
0.0	0.0	1.295977359738631	0.0	0.0	0.0	0.5162599719155426	2.5549360875035383	0.0	0.0	
2.08886693466283	0.0	0.0	0.0	0.0	0.0	3.0889668977987004	0.0	0.0	0.0	
0.0	0.0	0.0	0.0	0.283820090524881	0.838991941668124	0.0	0.0	0.0	0.0	
1.8642091331445123	0.0	0.0	0.6569332616890154	0.0	0.0	0.0	0.0	0.0	0.6700561637958182	
5.478911151113451	0.0	1.6358057108780122	0.0	0.702604414666671	0.0	0.0	0.0	0.0	0.0	
0.0	0.0	0.0	0.0	0.0	0.0	0.0	0.0	0.0	0.0	
3.8726444903471196	0.0	0.8816647515456497	0.0	0.2586433335921269	0.0	0.0	0.0	0.16522322967119257	0.0	
0.00878596951629853	0.10751151408276957	0.41220942001003114	1.5898801158856115	0.0	0.0071932173924725805	0.012510267553468526	0.6100746849020019	0.0	0.760834322811161	
0.0	4.090697340315132	1.3083412659998561	0.0	0.0	0.0	0.0	0.0	0.0	0.0	
0.0	0.0	0.0	0.7708685943937805	0.0026317786010389165	0.0	0.0	0.0	0.0	4.342771183084716	
0.0	1.5129958507508172	0.15867113032655059	0.0	0.12066515995388788	0.11308628359188233	0.0	0.0	0.0	0.0	
0.0	1.3505612902159996	0.10132962979418805	0.1152326382737721	0.05531344706210499	0.6749581179379774	2.235414089535882	0.13365727502533808	0.0	0.0	
0.631500885548188	0.0	3.038984364748899	0.1308983017671566	0.0	0.0	1.260899913396101	0.5544477743412373	0.0	0.0	
0.0	0.0	0.0	0.0	2.525198011886183	0.0	0.0	0.0	0.0	0.0	
0.0	0.0	0.5474139415992105	0.0	2.898585816316253	0.0	0.0	0.0	0.0	0.0	
2.2192707932827664	0.0	0.0	0.0	0.0	0.0	0.0	0.0	0.0	0.0	
3.7641048365645227	0.0	0.0	0.0	0.0	0.0	0.0	0.8226330442908363	0.0	0.0	
0.0	0.0	0.0	0.0	0.0	0.0	0.9225524396830816	0.8123435514268308	0.0	0.1824491439303078	
0.0	0.0	0.0	0.0	0.0	0.0	2.6479592133086705	0.0	0.0	0.0	
0.0	0.0	1.49489899770659	0.5652680436250164	0.0	0.3825325038507896	0.0	0.820151224309284	0.0	0.5321617871059569	
0.09537711520900904	0.0	1.0477140693355746	0.0	0.0	0.0	0.0	0.0	3.5904391906594375	0.0	
0.0	0.7636339153123609	0.0	0.0	0.79552642371095	0.0	0.0	0.0	0.0	0.910237431919632	
0.13650884746179445	0.2872876480113444	0.5097237195106906	0.6618929516103174	0.0	1.4205309010231704	0.23681197372392299	0.1413777675684776	0.05625405127608329	0.0	
0.0	3.982604283683094	0.0	0.0	0.0	0.0	0.0	1.6852733881928235	0.13500702558168842	0.9502105648837802	
2.4516922027483603	0.16453268566811521	4.544861882137381	0.0	0.5028201243187149	0.0	0.0	0.0	1.9761181972153683	0.0	
0.0	0.0	0.0	2.1971458354535836	0.0	0.0	0.0	0.0	0.0	0.0	
