0.0	0.0	1.4112833730997447	3.585670490830984	0.0	0.0	1.2712266362730764	0.0	0.0	0.6274637939020978	
1.8975179647834282	0.0	0.44527632571640297	0.0	0.0	0.0	0.0	0.0	2.9739737753694797	0.0	
0.0	0.0	0.0	0.0	0.307990808682436	0.0	0.0	1.0048222124528388	0.0	0.0	
0.0	0.8593991276446701	0.0	0.0	0.0	0.0	2.446926440347958	0.0	0.0	0.0	
0.0	0.0	2.0423644895265864	0.0	0.0	0.38432680766436356	0.0	1.1529072005754255	3.9440125190123267	0.37074029725370056	
0.0	0.0	2.3554234143097466	0.0	0.0	0.35629258457549573	0.0	0.0	0.0	1.8892468842226107	
0.0	0.0	0.0	0.0	0.0	0.0	0.0	4.937130137636945	3.862163868554359	0.0	
0.0	0.0	0.0	0.0	0.8125864972133242	0.21363714920270696	0.0	1.8593343411031509	0.0	1.298119453623013	
0.0	2.1741244223861185	0.0	1.688330633287272	0.056135438555405384	0.0	0.0	1.3076272288313173	0.0	0.0	
0.5447011383146649	0.0	0.630134125364143	0.03631965479530981	0.0	2.5370085435080783	0.0	3.967089681782447	0.0	0.0	
0.0	0.0	0.0	0.0	0.0	0.0	0.0	8.694770705443055	0.0	1.7284477274652548	
0.0	0.0	0.0	0.0	2.5686120493660725	0.0	0.0	4.845109997453785	0.0	0.0	
0.0	0.0	0.8061770418487629	0.0	0.0	4.7992821499049345	0.0	0.37999243226935625	7.87990359363201	0.6428110395424033	
0.9678427922181684	0.0	0.0	0.0	0.0	0.5934258346921345	0.0	1.8040596713609756	0.0	0.0	
0.0	0.0	1.1685984370680336	0.9545308109319561	0.0	0.0	0.0	0.0	0.0	1.2746526046613975	
0.0	0.12571841893788172	2.7417451684132024	0.6883749106202107	0.0	0.0	0.10401166616823297	3.1139699969233616	6.233842946509983	0.9680844922566095	
3.471385204044371	0.0	0.0	0.0	0.0	0.0	2.8754329180729776	0.0	10.320465732261694	0.05701964462923172	
0.0	1.3108764285024448	0.0	0.0	7.852969930198094	0.0	0.2868007773102923	0.0	0.0	0.0	
0.0	0.0	1.8062404699262398	1.0133070101976611	2.067519518603386	0.0	0.0	0.0	0.0	0.0	
0.0	0.08605970829842986	0.0	0.0	0.010122638719922234	0.4757085870498977	0.12920528665526354	0.21490122079076285	0.0	1.1108380789577117	
0.0	0.0	0.0	0.03265023359697666	0.0	0.0	0.0	2.9784224800493915	0.0	0.0	
1.7463122415795984	0.0025974167192203863	0.5779168753832312	2.99770005963912	1.8897641843125603	0.0	0.01749348121321894	1.7116708490577892	0.0	2.153585991251058	
0.0	2.575386158142542	0.0	0.0	0.0	0.0	0.0	0.0	0.0	0.0	
0.5981682842299828	0.011473795984771485	0.0	2.104096871940583	3.891923071288226	0.15345267365667675	0.048379012145127416	0.7305532110953977	0.08091266590403041	2.071665981058754	
0.0	0.0	0.0	0.0	0.0	0.0	1.9835234954036212	2.2377174617289803	0.0	1.4526628757376354	
0.0	0.0	1.002989674382307	0.0	0.0	0.0	0.5763101207995605	2.0480959201999998	2.463170606044188	0.0	
0.2968376102997122	1.3465226572736695	2.178977257530885	2.438243033293473	1.2031942919964895	0.0	1.4142345169689112	1.668242988018993	2.103928470377644	1.4929743308388734	
0.2216210857092693	2.2951689410859175	1.6126087671551848	0.0	0.2975834513842738	0.4120310815706574	0.597885779227803	0.0	11.269812979799976	0.5219539672526191	
6.397400186883852E-4	0.0	0.0	0.6103476918505448	0.0	2.684324942417002	0.06970614362190064	1.8695939227772918	2.6090700972532823	0.0	
2.521919778534677	0.0	0.0	2.8721548066624543	1.2492347420490868	0.0	0.0	0.0	0.0	0.5162521163937166	
0.0	0.0	0.0	0.0	0.0	0.0	0.0	0.0	0.0	0.0	
1.4325070235483903	0.03377749506904477	0.0	3.1539300274701505	0.0	0.0	0.0	0.3473291439872065	0.0	1.0133974813574946	
0.0	0.052269360185426814	0.0	0.0	1.6430271523164697	0.0	0.0	3.9188614413048444	0.0	0.8257063965481846	
0.0	0.0	1.3434439338817579	1.4119692789518614	0.5078988950338841	0.04651807355292626	0.0	6.890370021432347	0.0	0.0	
0.0	0.0	0.0	0.0	0.0	0.0	3.67032823917996	0.0	2.806798142202746	0.0	
0.0	5.885300668979465	0.0	1.0398178845607566	0.21152397576560475	0.0	0.0	1.051473339635913	0.0	1.1999927780275998	
0.0	0.20028418425162248	0.0	0.8061310437386561	0.0	0.0145001746309197	1.8016011928115163	0.0	3.343728727351226	1.4074443588104928	
0.0	0.0	0.0	0.0	0.3076011120756333	0.9971647412845313	0.5159681346868085	0.0	2.1188956520116506	3.486787220953006	
0.0	0.0	0.0	0.0	0.0	0.0	0.0	2.29028873602758	0.0	0.0	
0.09140253162156922	0.44965786518799084	0.6613402344595919	0.011833611136063609	0.0	0.0	0.0	1.1824648112562484	0.0	0.0	
0.0	0.0	0.0	0.0	0.0	1.3345050631567987	0.05608090163543923	4.380068184849561	0.0	0.0	
0.0	0.0	4.311599388969248	0.8774616983199585	7.115008683733378	0.0	0.0	1.761218614221433	0.0	0.0	
1.1750350551605115	0.0	0.0	0.6882924097825895	1.5756311922078685	0.0	0.0	3.5200823352305703	0.0	0.691167083336824	
3.096484415605949	0.0	0.0	0.0	0.0	3.486917311553666	0.0	0.0	0.06943697047754127	0.4789873368439269	
3.6156548625665352	0.0	0.0	0.0	2.940136057456372	0.0	12.633158159697675	0.0	4.075052204541233	0.0	
0.0	0.0	0.0	0.0	0.0	0.0	0.0	0.0	1.76093674755199	0.0	
0.0	2.048206523146744	0.0	0.0	0.5651795742211382	0.0	0.0	1.4473852740111182	0.0	0.0	
0.0	0.0	0.0	5.508487784992164	1.9031719973389891	0.0	0.0	0.0	0.0	0.9652181188176261	
1.1920162796047225	0.0	1.0978445575306337	0.0	0.9000151225480035	0.3912095553776411	0.0	0.0	0.0	0.29670926197137226	
1.8317392013314284	2.9600832195297855	0.0	2.051324052737205	0.0	5.270596762138731	0.0	0.0	0.0	0.0	
0.0	2.3811217529384976	1.2254667499151242	0.015083556456038982	0.03538485391918659	0.06685571315986291	0.0	3.3846451959542074	4.617786797166279	1.4182916269333292	
2.4788934866727472	0.0	0.0	0.0	0.0	1.9495131239302097	0.03318878270015039	0.005409749455781125	4.320532885372301	0.048399305574083756	
2.246307550734655	0.0	1.497590300048134	0.0	0.5346174391462638	0.0	0.005820524350834961	0.11291879150837916	0.0	0.8994998356835474	
0.0	0.0	0.0	1.3930821458425369	0.0	0.0	0.0	0.0	5.876635204225236	0.0	
0.946040728316257	0.5220468464704517	0.0	1.1290214060351018	0.0	0.0	0.0	1.5648165634983315	0.0	0.0	
0.0	0.0	0.0	1.4654550581772456	1.3751334176341912	5.4741321535365906	0.0	1.4483364377440413	0.0	0.6646895233255992	
1.0801931857655624	0.0	0.0	0.0	0.0	0.0	0.0	1.7795918248472653	0.0	0.0	
0.0	3.213552479390323	0.0	0.0	0.0	0.0	0.0	0.0	1.0288878271746815	0.4564761835411674	
0.40800629031424457	0.4998417971841137	2.6188885749367974E-4	0.05445308005605564	0.0	1.4321481064405543	0.0	3.411517635826434	0.0	0.0	
0.0	0.0	0.0	0.0	2.5810553936587253	0.0	0.0	5.335741378954384	0.0	0.0	
4.7360069456255856	1.0344614392427698	0.8155810967994733	0.0	2.2730337991541973	0.5610261488055315	0.0	0.0	0.0	0.0	
1.7398642933935604	0.0	0.0	0.0	0.613778795394092	0.0	0.0	0.2272013597342706	3.998998354943216	1.6022927771546212	
0.7061806123775498	0.0	0.10376960109624685	0.0	0.0	0.0	0.0	7.239180011659365	0.0	0.8165015290112938	
0.0	0.0	3.8941811953598986	0.0	0.43716836830950634	3.037419035449777	0.0	0.0	0.0	2.412717825565156	
0.0	0.0	0.0	3.033876826298235	1.7075487659395165	5.619389422499804E-5	0.0	0.0	0.10605108702746417	3.547142473691341	
0.0	0.0	0.0	0.0	0.0	0.0	0.0	3.8321964179635843	7.539579099230623	0.0	
1.8278549439208926	0.0	2.004305007632894	0.018808437934070315	0.0	0.0	2.183996441329695	0.0	1.696456818393512	2.1485332400532884	
1.635330604174681	0.0	0.0	0.6365592008726626	0.11851190871923625	0.0	0.0	0.0	0.0	0.0	
0.8200265436510839	0.0	1.6710332831731778	0.9976346088298479	0.7575980514722589	0.27194338414746955	0.0	0.0	0.0	0.0	
0.0	0.33392133876503266	0.0	2.1676581683988574	0.0	0.5472419268293996	3.47775371023811	0.09610684948772094	0.0	2.2303444595830584	
0.6448199903902186	0.0	1.2336901758508083	0.0	3.7119830401811607	0.0	0.0	0.0	0.0	1.998399724302097	
0.0	0.0	0.0	0.0	0.0	0.0	4.495018531278019	0.0	0.0	0.0	
0.0	0.0	1.2237523122127825	0.0	0.0	0.21169304913614842	0.3375330837827245	0.0	3.0377439922726115	2.2301987586455163	
0.0	0.07562003314350295	0.3086224509905423	0.7271516259928338	0.0	0.0	0.0	1.3823902552213811	0.0	1.3563568776977104	
0.0	1.0813320655331395	0.0	0.0	0.0	0.0	0.9806772383106913	1.2102877261162317	0.0	0.0	
0.02947028441717435	0.0	0.0	0.0	0.0	0.0	4.843526856856603	0.6571057719036797	0.0	0.0	
0.0	0.0	0.0	1.1590166191012503	1.4735875567827208	0.0	0.10492501474662504	0.0	0.16398442821958067	0.9725832198164549	
0.9225057759172889	0.0	0.0	0.0	2.1106263713595848	1.286496268048199	1.4437451915983917	1.238270385337128	0.0	0.0	
0.6462578115695117	1.4123686346993114	0.11648894049284272	0.1251245813763565	1.6938444859189834	0.13522001029232372	1.395034103200395	0.31611376539109637	0.42355520800789	0.002991540595298621	
0.0	0.26002478327611583	0.0	0.0	0.0	1.8950493725768434	2.9573238557115946	0.0	0.0	2.9110257079820197	
0.0	0.0	0.0	0.0	0.0	0.0	0.0	2.0872289463904155	0.0	0.0	
3.000121407571542	0.48314567938802916	0.0	0.0	2.0897655480531103	1.173512199593966	2.878192170507427	0.0	1.9171777340078109	0.0	
0.0	0.36854739343796666	2.969265252590363	0.22920957046720594	0.0	0.0	0.0	0.10937512774742	0.0	2.566542784377219	
0.0	5.0841054119812235	0.13132916011265883	0.0	6.078833073909331	0.5153656592095045	0.05486477062640551	0.0	0.0016607000364534576	0.04712265302521915	
0.0	0.0	0.0	1.313625552732073	0.0	0.0	0.0	0.0	0.0	0.0	
3.833497961985422	0.0	0.0	0.0	3.7105293309463034	0.0	0.0	2.2706155874236673	0.0	0.0	
0.0	0.5807582615995988	0.0	2.230306476976437	0.0	1.5434591500166843	1.3236562654361723	0.0	0.41616963085595565	0.0	
3.2951264744313926	0.2945020919991933	0.0	0.05178684579360871	0.0	1.4509117911941665	6.766282108933808	0.09548567917313677	1.363649854912763	1.0687167579489565	
0.7592500585104258	0.0	1.339966743885661	1.2457340931088452	1.1804447116020738	0.10221289775216687	0.0	1.1817749889705813	0.0	0.2009016940464148	
0.0	1.3781721575150367	0.0	0.0	0.40893370969535026	1.0491780748349953	0.8427132169257604	0.0	8.507602896401057	0.039298035065992075	
1.0851029793649276	0.0	0.0	0.0	0.0	0.0	0.0	3.5005807249797116	0.0	0.0	
0.0	0.0	4.794380335941326	1.4008970273982169	0.0	0.0	0.0	0.0	0.0	0.0	
0.0	0.0	0.0	0.0	0.0	0.0	0.0	2.428232774251509	0.51277121073177	0.0	
0.0	0.0	0.0	2.4419297392944768	0.0	0.0	1.7543643476983466	0.44159300199305307	0.0	0.5903032240172825	
0.0	2.010821119925076	0.0	0.4344853115377181	3.5635623144431428	0.0	1.5526518829721958	2.4119854360508404	0.0	0.0	
0.0	1.5120459877210846	0.0	0.0	2.6855666039824913	0.6379577880721382	0.25814384727725487	0.0	1.0330614346684464	0.7687339052693161	
1.6045061038502249	1.5240126047581894	0.3482263382323255	5.463308166999225	0.07774403645624745	2.407372226982998	0.0	0.0	0.0	0.0	
0.0	0.0	0.0	0.0	0.0	0.0	0.0	5.504084420874731	0.0	0.0	
1.7104699879142335	1.7016045939483413	0.0	0.0	4.096717879819767	0.0	0.37883547609233	0.0	0.0	0.0	
0.0	0.0	0.0	7.890181146208446	0.0	0.0	0.0	0.0	0.0	2.1704911239696263	
0.0	1.7490360973149832	0.0	0.8528956899308356	0.0	0.0	0.03713549402978323	0.4171398664305262	0.33955261486029936	0.593916908639359	
0.0	0.0	0.0	0.0	0.0	0.0	0.0	3.482877436594672	0.9089652086107001	0.0	
0.0	0.0	0.0	0.2112659174063925	0.0	4.663169889013706	0.0	3.5437938717925017	0.0	0.0	
0.0	0.0	0.27105414734344613	5.1039098144127735	0.0	0.0	2.2679372823233344	0.2977680206312754	0.4231277764247636	0.0	
0.6082873384775624	0.0	0.0	1.1305626409644958	6.1631177533256665	1.8647821970809195	0.9856815898729911	1.433542875903747	0.0	2.4585813662668605	
0.0	1.400199201220455	0.4253475699823198	0.0	2.315566909157442	0.0	0.5194967696709452	0.5203388817367403	2.6865180102874944	0.6609719759167276	
0.7634105199458788	1.1263629962727684	0.0	0.0	0.0	0.10457552094873471	0.0	0.0	0.0	1.2056582778417462	
0.0	0.0	0.0	0.0	0.0	5.506722352161334	0.0	0.0	0.0	0.0	
0.0	0.0	0.0	0.0	0.0	1.9548411685270468	0.0016790666271478156	3.9305784318285575	1.3276494137362742	0.0	
0.0	0.833951409355739	0.0	0.04989703205055317	0.06378504754162138	0.0	0.0	3.5639173428180677	0.0	0.06980121026916904	
2.985893006422762	0.0	0.09998318542844827	1.9105642560919098	0.0	0.0	0.0	0.0	4.343317876588534	1.3171888204770972	
0.0	0.0	0.0	7.569609862492502	0.0	0.0	0.47998048516619796	0.0	0.0	0.0	
1.9573734555399827	0.0	0.0	0.0	0.0	0.0	0.0	4.007519078640939	0.0	1.242223794956897	
0.5314418343500329	0.0	1.807267642344538	0.0	0.06836612201466703	1.0657712866214688	0.0	1.835192761787944	0.0	0.0	
0.0	0.0	3.0793337218429846	1.7248327535171788	0.0	6.239179310175319	0.0	0.0	2.712307694279256	0.9694007966941218	
0.0	0.8344798833288468	0.0	3.656339463801819	0.7369798487849776	0.0	0.20325666610177698	1.017704825556148	0.0	0.0	
0.0	0.0	5.009470372200067	0.0	0.0	0.0	0.0	0.0	0.0	3.2564652368544786	
0.0	1.7376982102713907	0.0	0.408645997056238	0.0	1.0520121604643944	0.0	5.8009874606356	0.0	0.0	
0.0	4.2919392409061485	0.0	0.0	0.0	0.0	0.02904971240542383	0.0	0.0	0.0	
2.6671796071919744	3.070097341020669	0.5923080170228245	0.0	0.0	0.0178543582452799	0.0011935423176018156	0.4239258877968937	0.0	0.7453732729961737	
0.0	0.0	8.88442518164497	0.0	0.0	0.0	0.0	0.0	0.0	0.0	
0.0	0.0	0.0	0.0	4.177947045164226	0.0	0.0	0.4942857089718236	0.0	0.0	
0.0	0.0	0.0	0.0	0.0	1.252802832172136	1.1025833001728331	2.6949396159028325	0.36792163994446003	0.0	
5.8825736656552646E-5	0.0	1.9085441177458802E-4	3.353658418674902	3.4241484082778504	0.8474463721031992	0.9197554580431765	2.6166695518440637	0.017232334113072203	4.10467145948333	
0.0	1.660110042912571	0.0	0.0	0.0	0.0	0.8593338377509923	3.344896059844471	0.32461468030071616	2.2575154773193793	
0.5106746063465427	0.0	0.6970160081355355	0.0	5.921838805006081	0.0	0.0	0.0	0.0	2.4924721585456098	
0.0	0.27573588535318416	0.0	5.916750485206497	0.0	0.0	0.0	0.0	0.0	0.9814217190118748	
1.425486943781101	4.627274617139919	0.0	0.0	0.0	0.0	0.0	0.11699721263113201	0.0	0.0	
0.0	0.21053676181504863	0.0	0.0	0.4729745841082022	0.0	1.9333224620404406	0.0	0.0	2.4606620309276104	
0.0	0.0	0.0	2.5721273394143718	0.0	0.0	0.0	1.8292544575046	0.0	0.0	
0.0	1.1051709120856301	0.0	3.2436238438518123	3.2304785741140596	4.529153188987108	0.0	0.0	0.22399747921033533	0.24733550764441709	
0.30821023698733147	0.0	0.0	0.0	0.0	0.0	0.0	6.640978924303253	1.1448781198282936	0.7843171762129627	
2.6324171627504924	0.41785543870815983	0.0	1.310786926568012	2.779996840061882	1.800096870857189	0.38454422037234465	0.0	0.0	0.0	
0.0	0.0	0.0	0.4019790358581859	1.0993555108129645	0.0	0.0	0.0	1.734234720579202	0.00673619066521117	
0.0	0.2519081130192983	0.0	0.0	1.5955713863523338	0.0	0.00508111369520529	0.0	3.1558695928279468	0.385543898137223	
0.0	0.0	1.0330590053893522	0.0	3.07765875733696	2.546915930217839	0.0	0.0	0.0	0.0	
6.5116607010145975	0.0	0.2927319604465037	1.2740169770220722	1.3159275002397421	0.0	0.0	3.226833605484725	0.0	0.0	
0.0	0.0	0.0	0.0	0.0	0.0	2.079061380788019	0.0	0.0	0.0	
0.0	0.0	2.979497447442631	0.6635113045751556	0.0	2.7950907013439084	0.7632815496674012	0.0	4.156765558273975	0.0	
0.0	2.4789623650616024	1.1603540526506866	0.0	0.0	0.0	0.0	0.0	0.0	3.3770547668476487	
0.0	0.0	0.7569434896810476	0.0	0.0	2.942239868441911	0.9433256200821722	0.0	1.9628210680618332	0.0	
0.0	0.3711991673188422	0.0	2.13477734043224	0.7776473077232043	0.5629861477711341	0.0	2.3178983722482465	0.3922362468836333	0.8882729523380458	
0.0	0.4664545678489037	0.0952514758035621	3.1748341478938453	0.0	0.15659573282266565	0.0	0.02794225295584431	0.0	0.016192596509711346	
1.4315675691069831	0.7934188276478868	0.0	1.4123800657617158	1.53992401410139	0.0	0.0	0.5401597615534536	0.0	4.916239036950575	
0.0	0.0	0.0	0.5350497141855953	0.0	3.8581985135877903	0.8885727606085079	0.0	0.0	0.0	
2.266311095249619	2.8792946674749627	0.0	4.727085145504831E-4	0.0	0.0	0.0	0.02605087213624964	0.0	0.0	
0.0	0.37525046927154476	0.528372467535331	0.0	0.5050242752997584	3.540832954785784	0.0	2.4332203881194108	0.0	3.2836502893342416	
0.0	0.0	0.0	6.010563528197196	0.0	0.0	0.0	0.0	0.0	0.8108261342561567	
1.5275871264246448	0.0	0.0	0.0	7.8320658935038034	0.29416724181134235	1.7383565921142072	0.0	0.0	0.0	
3.9442315644168	0.0	0.0	0.0	2.135794167658981	0.0	0.0	1.8348511951586257	2.2882939290640145	0.0	
0.0	2.1189961403467414	0.7286516917104212	0.0	0.0	0.0	2.5730177081053216	0.0	0.0	0.0	
0.0	1.5122719936169027	0.0	0.0	0.0	0.6191788164022153	0.0	1.1777633826698133	0.0	0.0	
0.0	1.5591150443802932	0.0	0.36674280228898215	0.0	0.0	0.0	0.0	5.151246106060387	0.0	
0.4366618302162379	0.06553192800817206	0.0	0.2903331395209079	1.0850634953459684	0.0	2.619038388973507	0.0	2.1251875004578746	0.0	
2.526141003844931	0.0	0.0	0.0	0.0	0.0	0.0	0.0	0.0	0.0	
1.2355887738265257	0.0	0.0	0.0	0.8824369902827974	0.0	0.0	0.0	0.0	0.0	
0.0	0.0	0.0	3.108307187047864	0.0	0.8412796282018229	0.6289600653117665	0.0	0.0	0.0	
0.0	0.0	0.0	0.0	0.0	0.0	0.0	7.718632055625326	0.0	0.0	
1.8219513648867451	4.448126968012868	1.618096612522913	0.40368712152039093	1.7368455485019274	0.0	0.10601057125549603	0.0	0.0	0.0	
0.0	1.547965799480008	1.6003037403737985	0.0	1.309595464066918	0.0	0.2985657752903949	1.9279081185791573	2.939543976842521	2.5153364421800206	
0.0	0.0	0.6677505261168577	0.0	0.0	0.0	0.0	4.618785127355495	0.0	0.08189012568581927	
0.6110924732497071	0.4252987048588286	0.023645112799280426	0.0	2.887738701066838	0.0	0.4099408461062691	3.4410142996646846	0.0	0.05328521836495659	
0.0	0.0	0.0	0.0	0.0	0.0	0.6785323781195357	9.489476061808091	3.695413028234123	1.3490530596225143	
1.7393211521833798	0.5551599200179769	0.0	0.0	1.9206523620483187	0.0	0.9080372944605507	1.3349285705573972	6.409426184598222	0.5794410383215108	
0.0	0.0	0.0	0.8672788910604379	1.1853477886300237	1.8392859511786603	0.5055170057815063	0.0	0.0	0.48849321654524996	
0.23013043503119673	0.0	0.0	0.020049860439879587	3.5367915586197722	1.333988656957847	0.0	0.0	0.9347946265522339	0.0	
0.0	2.684168828310452	0.0	1.6703021971340177	0.0	0.0	0.0	0.0	0.0	0.0	
3.078401495001463	0.0	0.0	0.09666807049087549	0.0	0.0	0.0	0.0	0.0	0.0	
0.9631656044179985	0.0	0.6266186429745891	1.5447113343977459	0.11875965672744543	0.539788796384944	0.04959124511452026	0.0	3.483877117978266	1.0911476924964691	
0.0	0.0	0.0	0.0	0.7255124881829496	1.1094132139793207	0.0	0.10390782542580593	1.1464462896015282	0.0	
0.3893763835843258	0.0	0.0	1.9437806458671307	0.0	0.0	0.0	0.0	0.0	0.0	
0.0	0.47402140254610936	0.699411580315303	1.2899054809058055	0.9910166094580354	3.2172239811977748	0.0	0.0	0.0	4.239577966967871	
0.0	0.0	0.0	0.0	0.0	0.0	0.0	6.493019127827285	1.4540227525701115	0.9327343434980125	
0.04949308080856171	0.0	0.0	0.0	2.7045844946512343	0.0	0.0	0.0	0.15657404642096662	0.0	
3.143915361643133	0.021266395209731833	0.0	1.7120583748646316	5.38083963055508	0.013706369639561632	0.0	0.614991332239144	0.0	0.874714061157854	
0.0	0.0	0.0	0.0	0.0	0.0	1.246294952671475	0.0	0.8334269765327719	0.0	
0.14955763803978517	3.0935692675953277	0.0	0.0	6.3006224920744485	0.35534740338848625	2.6487864349648005	0.5853261320502776	0.011257657476693581	0.2956030945127016	
0.0	0.0	0.0	0.0	0.0	0.09051787666890007	0.0	0.0	7.324469996375976	0.6201260941783471	
0.0	0.0	0.0	0.0	0.0	0.0	0.0	5.652670559889077	0.0	0.0	
0.0	5.202469112774177	2.868167792972021	0.0	0.0	0.24322635399128978	0.0	0.0	0.0	0.12101920403705771	
0.0	0.0	0.6199424919091019	0.0	0.0	0.0	0.0	0.0	0.0	0.7595408487212644	
0.0	1.2660854916935422	0.1986216734594464	0.05000287824449224	0.0	0.0	0.0	0.0	0.0	0.0	
0.0	0.0	0.230343563790093	0.0	1.0624475417230597	0.0	1.3105004835065914	3.30201091551726	0.0	1.0586820237716044	
0.0	0.0	0.0	0.0	5.985514840792491	0.0	0.0	0.4065376127266141	0.0	0.0	
0.0	2.3619027034593394	1.5814256851917305	0.0	3.7455561625093723	0.0	1.8109179750634767	0.0	0.0	0.0	
3.1114325267410248	0.0	0.0	0.0	3.547119590247677	0.0	0.0	0.0	0.0	0.0	
0.0	0.0	0.0	0.0	7.892494756638743	0.0	0.0	0.0	0.3613132365090194	0.0	
0.0	0.0	0.0	1.013018537638055	0.0	0.0	0.0	0.0	1.5632653812442097	0.0	
0.0	0.0	0.0	0.0	8.40196113673501	0.0	0.0	1.921481267676962	0.0	0.0	
0.0	1.4937611291991917	0.0	0.0	0.7188012781218556	4.906338275363044	0.0	1.0953657226883715	0.0	1.1698107911216602	
0.0	1.4767091833984876	0.0	0.0	0.20767949321775256	0.04120377662641709	0.0	0.0	6.622662482446131	1.3143871833314014	
0.0	2.181504299636558	0.0	1.785810692784175	0.9294237140070513	0.0	0.0	0.0	0.0	0.2755464146485897	
0.0	0.39760239491050525	0.0	3.368810768453977	0.0	0.0	0.0	2.3652202655592642	0.0	0.12330551154686395	
0.0	0.0	6.991818200372271	0.0	0.0	1.879219470887536	0.0	0.0	7.516959896537557	0.0	
2.218733127619685	0.0	0.0	0.0	0.0	0.0	1.0109574530344339	4.872472852332798	0.0	0.0	
0.0	2.8207030717598185	0.0	0.0	6.182575383469181	2.4101698411809274	0.0	6.464255426124812	0.0	0.6189050655608545	
0.26660141302987994	0.24645506620351823	2.4798059633312257	0.38719055021830306	0.7917920294362796	0.0	0.0	4.184875258873209	0.0	0.0	
0.0	0.0	0.0	0.0	2.589511818209651	0.0	1.5174048642951494	0.13927146725307754	0.5810914039082288	0.012634943253950218	
0.0	0.19044194465710051	1.4892665727948087	0.6647886745817004	0.0	0.569454060915621	0.6741029076589338	0.0	0.0	0.2640272829602693	
0.0	0.01913401231316609	0.0	1.3247840348782067	0.5981277247808617	0.0	2.0655949721110837E-4	1.3418168857062998	0.0	0.6060425171670323	
0.0	0.0	0.0	0.0	1.8022388005481986	0.0	0.0	3.312179530694345	0.0	0.0	
0.0	0.0	1.0717979491890204	0.0	0.21498533194387168	1.8005214698013718	0.0	0.0	0.0	0.0	
0.0	3.8231086950137327	3.01784914712603	0.0	0.0	0.6307950049882448	2.8348300377705202	0.0	0.035870776939277337	0.0	
0.0	0.018999574988683432	0.0	0.0	0.19433682176993486	0.0	0.7910786603323564	0.041927841578173156	8.539078033704461	0.5268893564076252	
1.446908237564165	0.0	0.0	0.0	0.0	0.0	7.538010090379684	0.8236960487467978	0.5571133860987398	0.0	
0.0	0.0	0.3040442746475903	0.0	0.0	2.4706689416516	2.428699966637007	2.9888647784743925	0.3581586335866564	0.6704667413371352	
0.0	0.0	0.0	1.8630656131177863	0.0	2.8029707172628933	0.0	0.0	4.873653060845024	0.0	
6.751001041093178	0.0	0.0	0.0	0.0	0.0	0.0	0.0	0.0	0.4964534476020534	
0.0	0.0	0.0	0.0	3.3162712096198947	0.0	0.0	2.5228297527793893	0.0	0.0	
0.0	0.0	0.0	2.8041309268909895	0.0	0.0	0.0	0.0	0.0	1.5181261565668382	
0.0	1.0454667639987187	0.0	0.14145095002330518	0.3973047122621154	0.0	1.0434753937627557	1.014920191400182	0.9263096388571432	0.2231960809543338	
0.0	0.0	2.4886146137587013	0.0	8.435049601851032	1.0280299222815701E-4	0.0	0.0	0.0	0.40635554348723313	
3.4312166963359654	3.9806706625389046	0.0	0.0	0.0	0.0	0.0	0.0	0.6177156206908444	0.0	
0.0	0.0	0.0	0.0	0.0	5.1047598306504	0.0	1.1932879359998472	0.0	0.0	
0.3844801064450912	0.10263861806139261	4.360472217717998	2.3173341493900645	0.0	0.0	0.27683020713316175	0.12635427751197684	1.7960701147058424	1.0134986871625138	
0.0	0.0	0.0	0.0	0.0	0.0	0.0	2.6768182620549674	0.0	0.0	
0.0	0.9206570848367586	0.0	0.0	0.0	2.5301962310122215	0.0	0.0	0.0	0.0	
2.1698916435107427	0.5119679739972903	0.0	0.06288880055539624	3.9795668427555264	4.524037499926631	1.092377619320444	0.016465238633315518	0.0	0.5794922095505229	
0.0	0.0	0.0	0.0	0.0	0.0	0.0	0.0	0.0	5.390404325271777	
0.0	0.0	0.0	2.4407478245111953	0.0	2.1674249846433145	0.0	0.3544686590936113	0.0	4.8641570331938935	
0.0	0.0	0.7992245116909202	0.0	0.843903084459703	0.0	0.0	0.0	0.0	4.3666457885663315	
0.0	0.0	0.0	0.0	1.2244600183388565	0.42676310623534136	1.9310543917214553	0.2429609959740785	1.2389030083970205	0.0	
0.0	0.0	0.0	0.0	2.7080336603972675	0.0	1.6327170776082538	0.0	0.0	0.0	
3.1628312570391963	0.0	0.0	2.609332929212352	0.0	0.0	2.9409356096105648	0.9771207001544957	0.0	0.0	
0.0	0.0	0.0	2.5474015567634796	0.9663664976997346	4.130284978870066	0.006583349310474429	0.0	0.0	1.5621769233604357	
0.0	0.0	0.0	0.0	0.0	0.00892509234683678	3.957382988892494	0.0	0.0	1.1142301569031687	
0.0	0.0	0.17358584881844544	0.0	0.0	0.0	6.474814270076884	0.0	5.700467286827508	0.0	
2.4513176847816176	1.1479527516090875	0.0	0.0	4.024701062328268	0.9316045388122672	0.19101085460816722	0.0	0.7833267313095871	1.577746192324896	
0.5229803214147585	1.0822585278188075	2.3594414251885554	0.8661106347456686	0.0	0.11280249275946376	0.005670689897406954	0.0	0.0	0.0	
0.0	0.0	0.08124674588409499	0.0	1.1035305517567384	0.0	0.0	0.0	2.5884810335404334	0.0	
0.0	0.4810172932566141	0.0	0.0	0.0	0.0	0.0	4.701603483979156	0.0	0.0	
0.0	0.0	2.070150893064685	1.536538818136994	0.0	0.0	0.0	0.0	0.0	0.0	
0.0	0.08979586592120338	0.0	0.109581122333333	0.6318779297645041	2.8671400654897035	0.4619309356562184	0.0	0.0	0.0	
3.332664359469247	0.0	0.0	3.032745892277474	0.0	0.0	0.0	0.0	0.0	0.0	
0.0	0.23294008758385532	0.0022086350930190825	0.7426436419048064	0.0	3.446865902220352	0.0	0.0	0.0	0.0	
0.0	1.2098038644045537	0.0	0.0	0.0	0.0	1.1084559017541369	0.0	0.0	0.19435094581145013	
0.002511046578467162	0.0	0.0	0.0	3.6758127270316	0.5097806894675414	1.5691209242123962	0.0	1.8056410192309684	0.0	
2.691243697301389	0.0	0.0	2.79691765299158	0.0	0.0	0.0	0.0	0.0	0.0	
0.6237301844008905	0.0	1.9325496766862535	0.0	0.4553444072571106	0.6857963694746904	2.331125590218947	0.0	0.0	3.2390781376158215	
0.0	0.0	1.1389534310191627	1.0873364978000812	0.0	0.6371223351422897	0.7677420695971923	0.0	1.0354786265316145	0.0	
0.0	0.0	0.0	0.9582289635867757	0.0	3.5790570542405242	1.9377349634548697	0.0	1.0965049176495487	6.674227951151838	
2.8839999721048497	2.300763766684228	0.0	0.8681288239175428	0.3203404878540637	3.0841916317340656	0.0	0.0	0.0	0.13885590323052227	
0.0	0.0	0.0	0.0	0.0	2.829471637852079	0.0	6.063585693122777	0.0	0.0	
0.0	0.0	0.0	1.2652830260847168	1.1474656262155565	0.0	0.6627704230762772	0.0	0.0	0.0	
0.0	1.9474020994795986	0.0	0.6602352198099358	0.0	0.0	0.0	0.0	0.0	5.9227795238685825	
0.0	4.146198463998771	0.0	0.0	0.0	3.01219454927547	0.0	0.0	0.0	0.0	
1.5458313640813095	0.0	0.0	0.0	0.0	0.0	0.0	5.069562603349922	1.6798853559040787	0.6988632349609527	
4.071851717433152	0.16610499678594565	0.0	0.0	3.050317878013748	0.0	0.010339145882240412	0.2685841588515169	0.0	0.0	
0.0	0.0	1.2293012291780392	0.0	0.0	0.49682683359439295	0.0	0.38871753021145283	0.0	0.0	
1.1144179668811567	0.0	0.0	1.5464737395987291	0.0	0.817311124042793	0.0	1.889880683055609	0.0	0.0	
1.6692682824590193	0.0	0.0	0.0	0.0	0.8206843106013858	0.0	0.0	0.4969543274650585	0.0	
0.0	0.26656226989512727	0.17786896548797582	1.0390764524793445	0.0	0.0	0.0	0.06394356002503376	4.007541521994403	0.0	
0.0	3.123501073533101	0.0	0.0	0.0	0.0	0.0	0.20311148683053393	0.0	2.9663614845607706	
0.5879067625898844	0.0	0.0	0.0	1.1717161989897706	3.4545049272689843	0.0	0.0	0.7368056463290668	0.0	
0.3296521978260221	0.697005099374917	0.0	0.0	1.8082929182042677	0.6049557733204395	0.0	4.760073545837998	0.0	0.4543812428353012	
0.0	1.687097756952597	0.37879938752266096	1.0795188217771623	0.2450886215938191	0.0	4.984784519699311	0.0	0.0	7.0978400304023275	
0.0	0.7026114619862553	0.0	1.4918841701106387	0.0	0.45184093926706204	0.124593716936578	0.0	2.489511634017985	1.8511000382589557	
0.0	0.0	0.5787142731794049	0.0	0.7817995227737901	0.0	0.0	0.0	2.1393575554285205	1.7953444588109182	
1.1702592162051475	0.0	2.055204295708988	2.7939662763686597	0.0	0.0	0.022852230120247438	7.78242614001246	0.0	0.0	
1.1949070966179463	0.7560321012063197	0.0	1.852590342422932	2.289951016714815	0.008332522090819675	0.0	0.05559819967407494	0.0	0.15161932078321277	
0.0	0.0	0.7680214600672545	0.0	0.004785662514489408	3.3383552049408443	0.0	0.0	0.0	1.350310316497741	
0.0	0.0	0.0	0.0	0.07490938206054912	0.0	0.0	3.021936206165626	0.0	0.0	
0.0	0.0	0.0	0.0	0.010852163035446987	0.0	0.0	2.1827519346835533	0.0	0.0	
2.1764307025664587	0.0	0.0	0.0	5.512395754990884	0.0	0.0	1.8097282803802497	0.0	0.0	
0.0	0.0	0.0	2.078076452910119	0.0	0.0	0.0	0.0	0.0	0.0	
0.0	0.0	0.05879803260762858	0.0	0.0	1.530218060717874	0.0	0.015314432990803432	0.0	4.54962106717338	
0.0	0.0	0.0	0.44216246806466525	0.0	0.0	0.0	0.0	0.12677255831040216	1.6657556813073695	
1.1264746982946081	0.0	1.208819512003811	0.0	0.0	0.0	0.0	6.07213027753378	1.0884043979825648	0.0	
0.8200300741635458	0.0	0.0	0.6204333643877679	4.507360942795183	0.0	1.93803682815612	0.0	0.0	0.0	
0.0	0.0	0.0	0.0	2.7749632356120126	0.0	0.0	0.01890760073452904	0.0	0.0	
0.0	0.0	0.0	0.0	0.0	0.0	4.48032883596422	0.0	0.0	0.0	
0.0	0.0	0.0	0.6529705574902428	0.6928422858514254	0.0	0.0	0.0	4.807730493680069	0.0	
0.0	0.0	0.0	0.0	2.5135266875348394	0.11720634906973357	1.6142627707617978	0.0	0.15554519868918554	0.0	
0.0	0.0	0.0	0.0	0.0	0.0	0.0	0.0	0.0	6.418568056340302	
1.5756940209980266	0.12881396078033408	10.500498363724601	0.33416893258083646	0.0	0.0	0.0	0.07814345799127186	0.46863379233951097	0.0	
0.0	0.0	0.0	0.0	5.116671491068515	0.31998843872935423	0.0	0.0	0.0	1.1341989993043815	
0.3266197632164743	0.0	0.4622348283151794	2.026958047272504	0.16716389248374697	0.0	0.0	0.0	0.7634825468296844	1.0207780980484686	
0.0	1.1308788033388342	0.0	1.500417690986633	0.0	0.0	0.0	0.7987885679983161	0.0	0.2684189967562563	
3.212514203269908	0.0	0.0	0.0	0.0	0.0	0.0	2.9502682659491315	0.8743877297108799	0.0	
0.0	0.0	0.0	0.6577145017367154	0.0	2.605965974662607	0.0	0.0	0.0	1.0812638043602623	
0.0	3.33388789161114	0.0	0.0	0.0	0.0	3.179385044124673	0.0	2.046682089316855	0.0	
1.6891950631991366	0.0	0.0	0.0	0.0	0.027384534638087776	1.0227084873961703	2.9578681583972064	0.0	0.0	
0.0	2.9239341072876393	0.37642395512077137	0.0	2.7147817558420853	0.0	0.0	0.03985922596081856	1.563488227603998	0.0	
0.0	0.0	6.980007855418976	1.100326518125136	0.0	0.9812663923545729	0.0	0.0	0.40083954453451837	0.0	
0.0	0.0	0.0	0.0	0.0	0.0	0.0	0.0	2.9354646268363678	0.0	
0.0	0.0	0.7232411345706479	0.0	0.0	1.3406544801351064	0.0	0.0	2.317208724189458	0.0	
4.686910716476037	0.0	0.0	0.0	0.0	0.0	0.0	8.943856863068648	0.0	0.5750845914847398	
0.0	0.5899609177510836	0.0	0.022979002095261124	0.0	0.0	1.4438376022226884	0.0	0.0	0.16798246763820643	
1.3889932782693986	0.0	1.911917394613194	2.627094662672451	0.0	0.0	0.6341921886178626	0.9985633935963758	0.3136801247099021	2.425142675683625	
0.0	0.0	0.2661224994196597	0.19244659244049014	0.0	0.0	0.0	8.374037241007743	0.0	0.0	
0.0	0.9661197494645041	0.0	0.0	0.0	0.0	0.0	0.0	4.003936492759427	2.9027069459875467	
0.0	3.6380979487282072	0.0	0.628526230372268	0.0	2.0579737767495216	0.41234779292539436	0.0	0.0	2.5446193151819236	
0.0	0.0	0.2904442181227918	3.2550502319068673	0.0	0.7878512085031112	0.0	1.4897416947932192	0.0	0.0	
0.0	2.3818431611737405	0.0	0.0	0.0	0.0	3.241176267196593	0.0	0.0	0.0	
0.23317806843284106	0.0	0.5831650950791555	0.0	1.70212841287764	0.0	0.0	1.0194697449960681	0.0	1.4823164651333975	
1.1664517874580682	0.0	0.0	0.0	0.05543594332684385	0.0	0.27239682271529003	0.0	0.0	5.371104309868654	
0.0	2.308778970983429	0.0	0.0	0.9507481161601911	0.0	2.9457192077184517	5.39121417765292	0.1828695746394055	0.6219233125346649	
0.11026931280569545	0.0	0.0	1.4375387160811752	0.012654263674866056	2.1768750095558502	0.6141546839302484	0.0	0.0	0.0	
0.0	3.9117230225200874	0.0	0.0	0.0	0.0	0.0	0.2026338699493255	0.0	0.0	
4.56302492641508	0.0	0.0	0.0	3.2291959599582163	0.0	0.0	1.1500358574701057	4.187394146821883	0.37606574358230704	
0.9603688968220095	1.7152943701403711	0.38188606523551694	0.0	0.0	2.7624542638008975	5.271192729465569E-4	0.0	0.0	0.0	
0.0	0.0	0.0	2.2504690436902224	0.5942063915977814	0.6928155550988301	0.0	0.0	0.9934902624307357	2.1735416672301042	
0.0	0.0	0.0	0.0	0.0	1.543670012816061	0.0	6.328674567809997	1.57650781599593	0.0	
0.5372276269697734	0.0	0.0	0.6422630976326696	1.6826738237230534	0.9057477692575358	0.0	0.0	0.0	1.0828760872264716	
2.9494944597427324	1.4006491698896086	0.0	0.0	0.0	0.9134261559988498	2.341249451032603	0.0	0.0	0.0	
0.0016647636838728296	2.257335763038372	5.73771066534986	1.25174014705915	0.0	0.0	1.0114999220310408	0.0	0.0	0.0	
0.0	0.0	3.526956255429459	0.0	2.5260659344809	0.0	0.03175457831067867	9.66854696069582	2.431102934734615	0.32212383230114355	
1.992480883402626	0.0	0.0	0.0	0.0	0.0	5.689503854049191	0.0	0.018449748375541766	5.382654474373421E-4	
0.0	0.45899524533572733	0.22207019290508892	7.238777768603522	2.8095192544272662	0.520811090798392	0.006317613904044075	0.0	0.0	1.0987158902118814	
0.0	2.605606289275252	0.0	0.0	1.448566479494612	0.0	1.0603111840449484	0.0	0.0	2.2171594408673156	
0.01800101791124033	0.1467757300028798	0.0	0.0	0.0	0.0	0.34132336980874417	4.0477139155220865	1.223474058758579	0.14454855364381183	
0.009389057040261418	0.0	0.0	0.0	0.0	0.0	0.0	1.5767936981795758	5.566810827897067	0.0	
0.0	0.0	0.0	2.505263320257135	0.0	0.0	0.23870848873408473	4.5201910367351035	0.0	0.0	
0.0	3.9851951940084303	0.0	0.0	1.8930002141394433	2.615575753544392	0.689683468822288	0.0	0.0	0.2015423498375152	
0.0	0.0	0.0	0.0	0.0	0.0	0.0	0.0	2.154622568828513	0.0	
0.0	0.0	0.0	0.0	0.0	0.0	0.0	0.0	0.0	0.0	
0.0	0.0	0.0	1.9474521995109826	0.0	0.0	0.03132899491191788	0.0	4.104571724414427	0.25080763997218447	
0.0	0.0	0.0	0.0	9.74362835771542	0.0	0.0	0.0	0.0	1.7936283116842735	
0.6767129955289212	0.0040681313714996436	0.0	0.4023009690940841	0.0	0.0	7.802011551416236	0.0	0.0	0.3127524970363077	
3.1042694659044625	0.0	0.0	0.3776104485798536	0.0	0.0	0.0	0.0	0.0	0.0	
3.153252108353273	0.07701513477191538	0.0	0.12107053122740291	0.6887422450552524	0.0	0.0	5.145963000948999	0.0	0.6566846119814236	
2.8226255490760916	0.0	0.0	0.0	0.0	3.613261813020519	0.0	0.0	0.0	1.6902890237265864	
1.4333918312906726	0.0	0.3054147696864515	0.0	0.0	0.0	1.7744054251625374	0.0	0.0	1.3296021729280685	
0.0	0.0	0.0	0.49174184879922267	5.775719361996078	0.2599758651037723	1.749899082644493	0.3782987673194201	1.3877082510378218	0.0	
0.0	0.0	3.454248043579798	0.0	0.8361951593360843	0.05565389514737263	1.1505553258150838	0.5443195473962231	5.813490058159495	0.5872989911587863	
6.017162548495238	0.0	0.0	0.0	0.0	0.38931274827563583	0.934866561112533	0.0	0.0	0.0	
0.0	0.0	0.0	0.9113380035801516	0.0	0.0	0.0	2.1689830562601595	4.075665660838494	0.778781735564868	
0.0	0.0	0.0	0.0	0.0	0.0	5.4664084637918675	0.0	1.1830222946830387	0.06326791054968159	
0.23612374477141565	0.0	0.0	0.0	0.0	3.7643936971636407	0.0	0.0	0.0	0.0	
0.512556566512559	0.24789737682186808	4.794455787506108	1.25759791867605	0.13381460402462506	0.18924332306253494	0.0	0.0	0.0	0.6349280000297892	
0.0	0.0	0.0	0.0	0.0	0.0	2.810921570968718	0.0	0.0	2.755191689386871	
3.387365695688247	0.0	1.3071314973407147	0.0	1.0008757555800527	0.0	0.5446913877882005	0.0	0.47719732016715016	0.2864264667673373	
0.0	0.6251440862738861	0.2653997802532964	0.0	1.4850554935762421	2.2809738454007458	0.0	5.083092103557062	0.0	0.8780983760860724	
1.3741493077130278	0.0	0.0	4.43143649450775	3.0972761385180956	0.0	0.0	0.0	0.0	0.0	
0.0	0.1111279803188336	0.0	0.0	0.18628543653776614	0.07186772247828917	0.0	1.9245846026141036	2.114942532165757	0.5435062713439245	
0.0	0.0	0.0	0.0	0.002258165730711138	0.0	0.008330032187238727	2.0917267797653745	0.0	4.580435782611321	
0.0	0.0	0.0	0.0	0.467811616566284	0.0	0.0	1.2806351407445358	0.0	0.9465292879586136	
0.0	0.0	0.0	1.675449269172017	5.565729124224573	0.0	0.5195131785387737	0.0	0.0	1.560414524982468	
0.0	0.21198271228303606	0.0	1.4194437386989724	0.2262481447719172	0.0	0.0	1.0220030471301558	0.0	0.0	
0.0	1.5463164785771593	1.1463595340570611	0.0	0.17540756484078454	0.16343793082446123	0.0	0.0	4.212528565114642	0.0	
0.026516340666514156	3.140463291246614	0.0	0.646359195991601	0.5144308287318478	0.0	0.0	0.0	0.0	2.841133162473142	
0.0	0.0	0.0	0.0	0.0	0.0	0.0	0.0	3.3062292428031403	0.0	
0.0	0.3934304090111542	0.0	0.0	4.478918220656678	0.2992478440036465	0.5159612505786193	0.0	0.0	0.5125803872363088	
0.0	0.0	0.0	0.0	0.0	0.16666553915278418	0.0	4.1670530786667195	0.0	1.1950056045114588	
5.514855700459928	0.0	0.0	0.8433767068580629	6.631162095655761	0.34356212529598923	3.301530843553138	0.2946306324898577	0.46289382681097346	0.0	
0.0	1.7348049600556965	1.465443079064748	1.7347120108083163	1.7096999919580713	0.0	0.0	0.0	0.8876515186368288	0.0	
0.0	0.0	0.0	0.0	3.393747368598015	0.0	0.0	0.0	0.0	0.0	
0.002022884775878155	0.0	0.003110643822140934	0.0	0.0	0.0	0.536878363906086	1.0931369215060784	5.657978190509899	1.538859763009032	
0.2802663306507171	0.0	0.0	0.0	0.5967718675221689	0.0	0.0	0.3615889706222044	0.2767858032116254	0.0	
2.024394529548436	0.0	0.0	0.0	0.9160432902341391	0.0	0.07248174646988335	2.0090212735947452	0.0	2.4506850665945237	
0.0	0.0	0.0	0.0	0.0	0.7914734565425712	0.0	5.607499160950526	0.0	0.0	
1.93119437050901	0.04547189055142898	0.0	1.0507801663558314	0.0	1.2100071643916233	0.42696527087869796	0.06639505114415743	0.0	0.0	
0.22311996734576353	0.0	1.9409712183592671	0.0	0.7559476984899719	0.04181277750085583	0.23721424506974967	4.058678859688391	0.06511653758983955	0.0	
0.0	0.0	2.6120225476170487	0.0	0.0	0.0	0.0	0.0	3.226240869301982	4.82458261972384	
3.565875470990557	0.0	1.811290696997565E-5	1.291353455492731	0.06963341901889661	0.0	3.2564965039136258	9.37512935423223E-5	0.4962428286074284	0.0	
0.0	0.0	2.156343334452551	0.0	0.0	0.0	0.0	1.5708801616531582	0.0	0.0	
6.66046996889191	0.655577394231316	0.0	0.0	0.0	0.0	0.0	0.14034779964270228	0.0	2.8005470188447785	
0.0	0.16029059004804908	0.18822596224400437	0.6352882983175976	2.0404929103801406	0.737648919149008	0.0	0.0	0.0	0.0	
6.801741551592253	0.0	0.0	0.0	0.0	0.0	0.797812661528296	0.0050914526116505494	0.0	0.0	
0.0	2.145711602786816	0.0	2.86883979022858	0.00920158779342413	0.0	0.0	0.0	0.7450923097162269	0.46633485314667816	
0.7642038900430631	1.7683609513173446	0.0	0.0	0.0	0.0	0.0	0.0	0.0	0.0	
0.0	0.0	0.0	0.0	0.0	0.0	4.231689395790881	0.0	0.0	0.7448801451092144	
0.0	4.283531682812516	1.8154651963470676	0.9550690064121488	0.0	0.0	0.0	0.0	0.0	0.05682095559292871	
0.0	0.0	0.0	0.0	0.0	0.0	3.7497743136033863	0.0	0.0	0.9723250435391374	
0.0	0.0	0.0	9.392281443391065	2.105571779282781	0.0	0.0	0.0	0.0	4.563700341038851	
3.393065904261725	0.0	0.0	2.1117454644246934	0.0	0.0	0.0	3.1324311896768795	0.0	2.842287252859771	
0.0	0.3283650769692692	0.0	3.1144825984458864	0.0	0.0	0.953895244929947	0.0	0.0	0.0	
0.0	0.0	0.0	2.726536535826068	0.0	0.0	0.0	0.0	0.0	0.0	
0.0	1.7968833907770025	0.0	0.0	0.28591428770207256	0.0	0.0	0.0	0.0	0.010521088833982015	
0.0	1.7765375131518795	1.527312324141405	0.0	0.0	1.5943322114573155	0.0	1.8427194866868224	0.0	0.0	
0.0	3.269665808785102	0.0	0.0	0.0	0.0	0.0	0.0	0.0	0.0	
0.0	0.0	0.0	0.0	3.169592063653518	1.0046066115793704	0.0	0.0	0.0	0.6097978711750854	
0.0	0.0	0.0	0.0	0.0	3.4443884889431606	0.0	0.0	0.0	2.81411597428083	
0.0	0.0	0.0	0.0	3.323866734010046	0.0	0.0	0.0012790846527410082	0.0	0.0	
2.2109778885693925	1.3630637344654313	0.0	0.0	0.0	0.0	0.0	0.0	0.9553917994468966	0.10836434591427029	
4.466194182134056	0.0	0.0	0.0	0.0455327443720908	0.0	0.027399334281230567	0.0	0.0	1.6958415014588506	
4.549717126022562	0.059282546396053674	0.0	0.9131604923724624	0.36911198229106296	0.0	0.0	0.0	0.0	0.0	
4.63431857106261	0.0	1.1582348848547808	0.05611323804351665	0.1996731662417543	0.0	0.6660098695689806	0.0	0.18431506901134367	0.0	
0.0	0.0	0.0	0.4499805879712148	6.307001406051682	0.0	0.0	0.0	0.0	1.5178609718501321	
0.0	0.0	0.0	4.2626239614261365	0.0	0.5737942225981638	0.0660015721807126	7.777921954416012	0.0	0.0	
1.4442288907077896	0.9987313304030159	0.0	0.0	0.0	0.0	0.0	0.0	0.0	1.7093383251622218	
0.0	0.0	0.0	2.0269413610244187	3.3017291139786282	0.5199199199404466	0.0	0.26838648534493226	0.0	0.0	
0.2167164347727637	0.3683008192336263	0.0	0.0	0.0	0.0	0.0	0.4517254988880619	0.0	0.0	
0.0	2.1515182582391796	0.0	3.488157282779076	0.0	0.0	0.0	0.0	0.0	0.0	
0.0	4.036517028230836	0.18893673640294784	0.0	0.09521592833934181	0.0	0.46226310432975015	2.504373088209044	0.24335935284039203	0.00142014972767928	
0.0	0.7798263030834632	0.0	0.0	4.56930686037767	0.8817210924166032	2.5283330674386346	0.06436268930619576	0.7384923554644709	0.25247701278709284	
0.0	0.0	0.0	0.0	0.0	0.0	0.0	0.0	0.0	1.9417287727330392	
0.3121457888042461	0.0	0.0	2.200450299677999	1.0883807040268163	0.0	1.066123289385044	0.0	0.5736626222916076	2.5511486272212864	
0.11137554211623023	3.5053162793796293	0.0	0.0	0.7168764631667089	0.0	0.7864229606187733	0.0	0.0	0.0	
0.0	0.0	0.0	0.0	2.390219381748132	0.0	1.9008950759794505	0.0	0.0	1.0942649537524656	
0.0	2.134050393971425	0.0	3.639375174522526	1.3554565791490523	0.5485461882537246	0.0	0.0	0.2790858558537808	5.743724576183351	
0.0	0.0	0.0	0.0	0.0	2.207076258694034	0.12988241446603804	0.0	0.4225496069634794	0.514063209559607	
2.1688051568350364	3.309345665277486	0.0	0.0	0.0	0.0	0.0	0.0	0.0	1.1616395139190219	
0.0	0.0	0.0	0.0	0.0	0.0	0.6621395040926606	0.8487578301578284	0.0	3.750864198419527	
0.0	0.0	0.0	1.9364644470934662	0.0	0.7320406335754236	0.26115534753468395	1.604871492520014	0.0	0.0	
4.626388150880489	0.0	0.0	1.420865550134712	0.0	0.19014209504305218	0.0	0.0	0.0	0.0	
0.0	0.3801579679006301	0.0	3.7442245903520757	0.10475522016419607	0.8992073376998118	0.0	1.8156244388186624	0.0	1.2491014980706745	
0.0	0.23190986544257056	0.0	1.0039516356707658	0.0	0.0	0.0	3.448868771520516	0.9827166981075429	0.9220935750750502	
0.0	0.0	6.487165849497735	0.2000387959222984	0.0	0.0	0.44360977358236325	1.058899326209836	0.2964338973299278	2.414754127834004	
2.82409511720911	0.0	0.0	0.0	0.0	0.0	0.16757305193770325	0.0	0.0	0.0	
2.2137268025516756	0.0	0.0	3.807224486949633	0.7326186539996831	1.9211508341275743	1.6189931038786096	0.0	0.0	0.0	
0.0	0.18082669291909279	0.0	0.527909216943087	0.0	0.0	0.0	0.0	3.780716521947518	0.0	
0.1690203908634129	1.7687049564649984	0.5601276053960722	0.0	1.2561167907867388	0.4759973235671872	0.04721111896512683	0.09031367010766783	1.1487439208273533	0.0	
0.0	3.497432898409527	0.0	0.4804764716906173	0.0	1.2568441629656715	0.0	0.0	0.0	0.0	
0.0	1.4151796748786203	0.09181675543367483	0.16995743443051747	0.0	0.500231828751888	0.22814759700917264	0.0	0.0	2.3365381663289417	
0.0	1.7013968145145686	0.0	1.4819460055105254	0.0	0.286628309955293	0.2357802489066109	0.254809137186058	0.0	0.5087020744865235	
0.0	1.6449005775052794	0.0	0.0	0.0	0.0	0.047842771695009126	0.0	0.6710986380816941	0.0	
0.9125250850815387	0.0	2.844635346204462	2.2705346033575573	1.132375764997805	1.3882789925738488	0.0	0.0	0.0	0.0	
0.0	0.9229770869553303	0.0	1.3372391056556396	7.163578476907789	0.0	0.0	0.0	0.0	2.2339232195322927	
0.0	1.3467809491195555	0.0025097074722611884	0.0	0.0	0.07554590726745025	0.0	1.1768790509892146	0.0	0.17593847721820371	
0.0	0.0	0.013750060803779288	2.561616217025777	3.675006325515968	0.8425490084680668	0.0	0.0	0.0	0.0	
6.462419259567811	0.0	0.0	0.0	3.262124067964338	4.055098320387661E-4	0.9606014272610112	0.05851652785694291	0.11333285234776802	0.0	
2.5623126983909077	0.0	0.0	0.0	0.0	0.0	0.0	2.2012007436559275	4.608383977954205	0.0	
0.8678459508749737	0.0	0.4609978381019915	0.0	0.0	4.914093821419172	1.054862160604908	0.33662941208715147	0.0	0.0	
0.0	0.0	3.893844222484816	0.004124684335788213	0.10611636976278492	0.0	0.0	0.3755913192706105	0.0	5.548016987873808	
0.0	1.0200255809414263	0.0	0.0	0.0	0.13913936295485363	0.6884032067274348	0.8761834009984474	4.883767147508998	3.3276105650020433	
0.0	0.0	0.0	0.0	4.943461263697952	0.0	0.0	3.014547134218837	0.0	0.0	
0.0	1.1253880146414383	0.0	0.23631077287023405	0.0	0.0	5.586318880341671	0.0	0.0	0.2809687359288612	
0.8276931068014036	0.0	0.0	0.0	0.0	1.836930769629645	0.0	0.0	0.0	0.0	
5.190898861655657	0.0	0.0	0.0	3.8702517522796875	0.0	0.9665634242348758	0.0	0.0	0.0	
0.0	3.975116782380779	0.0	0.0	0.0	0.0	0.0	0.9989971955057322	1.3221587202456535	0.0	
0.0	0.0	0.0	2.048415749108064	0.0	0.0	3.239981615947915	0.0	0.0	3.2343235311987257	
0.33844909257390193	0.0	0.0	0.1563726820607587	0.0	0.0	0.0	0.2593374567909595	0.0	1.227800629765192	
0.0	0.0	0.0	0.0	7.202264071666794	0.0	1.1208004877233195	1.0190809352317112	0.095418853255657	1.7977744265017845	
0.0	0.0	2.977542337512152	0.0	1.5022601143100012	0.0	0.0	0.0	0.0	0.0	
0.0	0.0	0.0	0.0	0.0	0.0	2.1906354871808267	0.0	0.0	3.0255417869681738	
0.0	0.27271186849466106	0.0	0.0	0.0	6.052998031665641	0.05495969331787977	0.0	0.0	2.3109730476649726	
0.0	0.0	0.20202454577932805	0.0	1.520020289758019	0.0	1.6196445950672063	0.0	0.0	2.4459809494924776	
0.0	0.0	0.7422083411907434	0.0	0.0	0.0	0.0	0.13062439625673655	8.303506918079906	0.10290593197812592	
0.0	1.2767440512288561	0.0	0.0	3.038665980126549	0.0	5.651077282508718	0.0	1.393546493318105	0.0	
0.0	0.0	0.0	0.0	0.0	0.0	6.16561359156904	0.0	0.0	0.0	
0.0	0.0	0.0	0.06631858248171693	0.0	0.0	0.24624338299743703	1.5243433033137843	2.9992145794009555	0.12252039141539349	
0.0	0.0	0.0	0.0	0.0	0.0	0.0	7.050599976996374	6.011101808403337	0.0	
0.0	1.8251892573491046	0.0	0.0	0.0	0.0	0.0	0.0	0.0	0.0	
0.0	0.5530215198297568	0.0	0.3263027638035615	0.0711541170253589	0.0	0.0	0.0	0.0	0.0	
2.675454741253832	0.3705093998598795	0.0	0.1850123602342413	0.6831915089597755	1.2367874253239837	3.1995203024253542	0.0	0.8093633899209146	0.0	
0.0	0.0	0.0	0.0	0.0	0.66021975011495	1.578317746945912	0.0013691538846931305	0.0	0.0	
0.0	0.0	0.0	0.0	0.9586801978114544	0.0	0.7221935484810564	2.212786330528305	0.0	1.5702078989789323	
1.898779368537619	0.0	0.0	0.0	0.0	1.5940965123309736	0.0	0.0	1.1550367770555265	0.0	
0.1695284807137281	0.0	0.5750972937420953	0.0	0.0	0.2103039023625288	0.015728965200267613	0.0	0.0	0.0	
0.0	1.0275072765612696	0.0	0.0	0.0	0.47663474033906406	0.9509766120024623	0.0	0.0	0.0	
0.0	0.08979010741868876	4.750046921412551	0.0	1.225244022429187	0.0	0.0	0.15018337265990034	0.0	0.14972264975087288	
0.0	0.0	0.0	0.0	0.0	0.0	0.0	0.0	0.4025280064261932	3.68092376682936	
0.0	0.0	0.0	0.0	0.0	0.0	0.0	0.0	0.0	0.0	
0.0	0.0	0.0	0.0	0.0	0.0	0.0	0.0	6.3494790178085045	0.0	
3.177046848891122	0.0	0.0	0.0	0.0	0.0	0.0	4.6931761633960285	0.0	0.0	
0.0	0.0	0.0	0.0	0.0	0.0	0.7981514804997575	0.0	5.277049006026225	1.857870925830355	
0.0	0.0	0.0	0.0	0.0	0.0	3.7242104732381227	0.0	0.0	0.0	
1.0141489530248822	0.0	0.0	0.0	0.22097880637618825	0.0	0.0	0.0	0.0	1.5136529902720852	
1.2356322055498452	0.0	1.1302192423065325	0.5340677595290007	0.0	0.0	0.29892751598470585	0.0	2.0660674277616535	0.0	
0.7275876999552424	0.0	0.0	0.0	0.0	0.78720706694142	0.39422677066492523	0.8827256595193568	0.0	1.992267336849763	
1.0267560128783613	0.28331657457876136	0.24700702465030494	1.1210778524722758	0.0	0.0	0.45734620298518747	0.0	0.7013014816914759	0.4097273400498674	
0.0	0.0	0.0	0.0	0.0	8.591962422222613	0.0	0.0	0.0	0.0	
0.0	0.0	0.0	0.0	0.0	0.0	0.0	4.629043037076203	0.0	0.0	
3.183066200829004	0.0	0.0	0.0	0.0	0.0	0.0	0.0	0.0	0.6771036229622809	
0.0	0.0	7.2209652092585905	0.0	0.0	0.0	0.0	0.0	0.0	0.0	
1.1231021150583413	0.0	0.0	0.0	5.176979029615826	0.0	0.0	0.0	1.7800761159599583	0.5263655986490199	
0.0	0.0	0.0	2.8932755789633076	0.0	1.0210251427520631	0.0	0.0	0.0	0.0	
0.0	0.0	0.0	1.2500440722732464	0.7728108770678795	0.0	0.0	0.0	0.0	0.0	
0.5690098183419426	0.0	0.0	0.0	0.3586453450418742	0.0	0.10020653604137812	0.0	0.0	0.8345893681631128	
0.0	0.2660808673867207	2.90179793707653	0.07859386746607355	0.0	0.0	0.0	0.8791426922307379	0.1852751008911487	2.3920785940454725	
0.6428671590336782	0.0	0.0	0.0	0.0	2.4700378472927325	0.0	0.0	0.0	0.37960768404136397	
0.0	2.335911315283431	8.394687252084804	3.2803176776357175	0.0	3.5272863827977785	0.0	0.0	1.2057737419817172	0.0	
0.0	4.652964265010151	0.0	0.0	1.529008628670588	0.11422999522505731	2.823732522001268	0.0	0.0	0.0	
1.0034232168166932	0.0	0.0	0.0	3.059767316880224	0.0	0.0	1.82678818459146	0.0	0.0	
0.0	0.0	0.0	0.0	0.0	0.0	0.0	0.0	0.0	1.1152953237277465	
0.0	0.0	0.0907670999321347	0.0019064297973501194	0.0	0.0	0.0	0.0	1.3045098229489822	0.8137925585379643	
0.0	0.0	0.0	0.0	2.3003208331597094	0.0	0.0	4.16392469782304	0.0	0.0	
0.0	0.0	0.0	0.0	0.0	0.0	2.0726917435876167	0.0	0.0	0.0	
0.0	0.5800480072420555	0.0	0.0	0.0	0.7520815587449733	0.0	1.470786726140575	0.794271404929735	0.8616690469835346	
0.43008995206078793	0.0	0.0	0.0	2.0203688215707816	4.1729175293221505	0.0	0.0	0.0	0.5476923557614328	
0.0	0.0	0.0	0.0793921436256601	3.4479642903599506	0.0	0.0	0.0	0.0	4.134764376340629	
0.0	1.817900818902468	0.0	0.6620417530799024	0.08673770214364403	2.1313658204919372	0.0	0.0	0.0	0.07275915033644385	
0.0017491462133130415	0.0	0.3316869565621645	6.186937301002342	0.0	0.0	0.0	0.0	0.0	0.0	
0.0	0.0	0.0	0.0	0.0	0.0	0.0	0.9640577705105173	0.0	0.0	
0.0	0.0	4.677702768975566	0.0444333506849633	1.6084394781965758	3.385778555489943	0.0	0.0	0.0	3.051307830497594	
3.079968415512893	0.0	6.683703630759413	0.0	0.0	0.0	0.0	0.0	0.697864918642354	0.0	
0.0	3.39369180110742	0.0	0.0	0.04200823660298283	0.0	0.0	2.3085329647299555	0.17652627358342352	0.012482748351728086	
0.0	0.0	0.0	0.0	0.0	2.8685460825333844	1.741557854723651	3.3812636442978428	0.04197397504310849	0.0	
0.0	0.0	0.0	0.0	1.4874199277167641	0.0	5.306108704052804	6.542372650302462	1.8911902517549508	0.05731562740642687	
5.221433381165016	0.10401360018188689	0.5845654310517374	0.0	2.9521627372015993	0.0	0.0	0.0	0.5799270858086505	0.0	
0.0	0.0	0.0	0.0	0.810200610137187	0.0	0.0	0.0	0.8653905121952574	0.4296476049371926	
0.0	0.17874939069369705	0.0	0.0	0.0	0.5751822356700078	3.1730683907586825	0.0	0.0	0.0	
0.0	0.0	0.0531254951117112	2.8563024417978147	0.0	0.0	0.0	2.301178144284792	0.4044066377706411	0.0	
0.0	0.0	0.0	0.0	2.93647593969867	0.0	0.0	7.4819615417224945	0.0	0.0	
0.0	0.0	0.0	0.0	2.9728856357973292	0.0	1.7351743490499312	0.0	4.839547276700341	0.0	
0.2883148202769455	2.1335703163834947	0.0	0.0	0.0	0.0	1.8122295875297867	0.0	0.03345899826354052	0.0	
0.0	1.9593383550384516	0.0	0.0	0.007705002332934705	3.4253625683410966	0.0	0.0	0.0	0.0	
0.0	0.0	0.0	0.5482977915332957	0.0	0.0	0.0	0.0	0.0	0.9173264171425957	
0.9277183037421642	2.0191847010378274	0.0	0.5602737565044232	0.0	0.0	2.7051173584271697	0.0	0.0	0.0	
1.8707284240813027	0.0	0.0	0.0	0.0	0.0	0.20729464823792632	0.0	5.2974117081480205	0.23890840767627008	
0.0	0.0	0.0	4.034343290947594	1.16661258175684	0.35565092086955546	0.0	1.892174705284537	0.0	0.0	
0.0	0.0	0.0	0.0	2.151687297177617	0.0	0.0	0.0	0.0	0.0	
0.0	1.6579888761016455	0.0	1.2808790865528443	0.7567302795757982	2.1298737076035907	0.0	0.0	0.0	0.24068034452468018	
0.0	0.0	0.0	0.0	0.0	3.1731729692243418	0.0	0.0	0.0	0.0	
0.0	0.3787022174593499	1.0847066646962598	0.09777550574057152	1.293087507402362	0.18504889131649302	0.2938110613556819	0.0	0.8105934364022931	2.6267032544050712	
0.0	0.0	0.0	0.0	0.3318315561625531	4.605228997022361	0.0	0.0	0.0	0.0	
0.0	2.796502645208174	0.0	0.0	0.0	0.0	0.8253301849553009	0.0	0.0	0.0	
1.4844458213915461	1.3625561450152672	0.0	0.0	0.0	0.0	1.293135349998985	0.0	1.7684391004078717	0.0	
0.0	0.0	0.004706686992934744	0.7061250582885441	1.903120166672192	0.0	1.1044082099570727	2.6958267162149223	0.0	0.0	
0.0	0.0	0.0	0.43652799047577456	0.0	0.0	0.5794543581899483	2.1579330929440896	0.0	0.0	
0.0	0.0	0.0	0.6620797769427386	0.0	0.0	0.0	0.018182896782374225	0.0	1.9328365114787545	
4.7679155470062575	0.0	0.0	0.0	0.0	0.9742732672961497	0.0	0.0	0.0	0.0	
0.0	0.0	0.0	2.5462707003217466	0.0	0.15492530690216377	0.0	0.0	0.5163019394130147	1.151858676327227	
0.011059291506698661	0.0	3.6517015875386862	0.0	0.0	0.0	0.0	1.5426650486003632	0.5923396565743316	0.0	
1.298812114502341	0.4446300071525891	0.0	0.0	0.0	0.0	0.0	2.3529479180954147	0.0	0.9866854593574791	
0.4275625016507718	1.2524529920687735	0.0	5.205877588625562	0.0	0.0	0.0	0.0	0.0	0.0	
0.0	0.008435914671636575	0.0	7.46593901939938	0.0	0.9774290272911651	0.07153518687973424	0.0	0.04871140188755171	2.139006675789966	
0.0	0.0	4.848003720391474E-4	1.1868101053000704	0.0	0.0	0.0	0.3000869038981441	0.0	1.9032674681058035	
0.0	0.0	0.0	0.7186789497502685	0.0	0.0	0.0	1.4676082870960665	0.0	0.0	
0.547245789280762	0.0	0.44805317839301867	0.0	0.0	0.0	0.0	0.0	0.0	0.0	
0.0	0.0	0.0	0.0	0.0	0.0	3.878193018314538	1.3305130686948852	1.8139505496705166	0.0	
0.16444730918264153	0.0	1.6394459668990227	0.0	1.1338540661742034	0.0	0.0	0.07189918250871219	0.0	0.0	
0.0	0.0	0.0	0.0	0.0	0.0	0.0	1.353568586353702	0.0	0.0	
0.0	1.0128033369643374	0.0	2.4457843762976874	0.0	0.0	4.144216172111349	1.1321574657206188	0.0	0.3509440593521567	
0.0	0.0	0.0	5.852519008444704	0.0	0.0	0.0	0.0	0.0	0.0	
0.37901613486310354	2.213911467100785	0.0	0.0	0.0	2.9433793440826914	0.0	0.0	0.0	0.1350807997599306	
0.0	0.0	3.7595634212247977	0.0	0.05222030664828599	0.0	1.2376487784131869	0.0	3.8718219906091216	0.0	
0.0	1.8330073194468621	0.0	0.0	0.0	0.9882070627333669	0.0	0.0	0.0	1.5830895739554498	
3.4194803135340375	2.9185283514979696	0.0	0.6364806710086345	0.0	0.0	3.0829314138289026	0.0	0.0	3.6097884678819776	
5.842297043157486	0.0	0.0	1.068986468937567	0.40924707180138997	0.0	0.011170659451010314	0.0	1.9642898435991605	0.0	
0.0	1.5483773109535002	0.0	0.0	0.0	0.0	0.0	0.0	0.0	0.0	
0.0	0.0	0.0	0.0	0.0	3.610827365327805	0.0	0.0	0.0	1.8965550384598902	
1.4330557524454066	0.0	0.0	0.0	0.0	3.0010194710446036	0.0	0.0	0.0	0.0	
0.0	0.0	0.0	0.0	0.0	0.0	1.0312942533093237	0.0	0.1586453148442792	0.0	
0.0	0.0	1.495721020062878	0.0	0.0	0.0	0.9589648449807103	0.09952433614347002	0.009767389399723074	2.641638014994303	
0.119269500426763	0.15360853911353062	0.0	0.02538928649403274	0.0	0.0	1.4220456744788676	0.0	4.855548637818956	2.2135475653167153E-5	
0.0	0.0	0.0	0.0	1.4507557680088135	0.0	0.0	4.530733610228274	0.1734763601104023	0.0	
0.0	0.0	0.0	0.03666811158856255	3.492162909959652	0.0	0.0	0.0	0.0	1.0684133436730407	
0.0	0.0	0.0	3.267085042656242	0.0	0.0	0.0	0.0	0.0	2.1266160310178126	
1.454287117703217	0.0	0.0	0.0	0.0	0.8871716306996794	0.0	0.19600128442997952	7.551388584637898	2.823172529654268	
2.2447349495013498	1.12881052346701	0.0	0.0	0.0	0.9641286421133684	0.0	0.0	0.0	0.0	
0.0	1.2055309901233509	0.0	0.10810760940270284	0.620985997700081	7.432318479955207	1.0879862245516112	0.0	0.09577821846252263	0.0	
0.0	0.0	0.0	0.0	0.0	2.310167558600809	0.0	3.8139484135639368	0.6276645244653111	0.0	
0.0	0.26835410631980083	0.0	0.0	2.132019416518959	5.049018593365311	0.0	0.7828817859661248	0.0	5.966793037722661	
0.0	0.0	2.198898423793032	0.0	1.7958581513116103	0.0	0.0	2.3390469375504948	0.827999257786072	0.0	
0.0	0.0	0.3105009590408468	1.0079537000505658	0.0	2.0080751961750662	1.7937530056929825	0.0	0.09539085456524186	0.0	
0.0	0.0	0.0	0.0	0.0	0.0	0.0	6.84145833744544	0.0	2.2657582332003923	
0.0	0.0	0.0	0.0	0.0	0.0	0.0	4.578079956348959	0.0	0.0	
4.186064270714683	0.0	0.0	0.0	3.1330968334603653	0.1452034370198673	1.4523405647528802	0.0	0.0	0.0	
0.0	0.0	0.0	0.0	0.0	0.0	0.0	3.3774475606727536	0.0	0.0	
0.0	0.0	0.04371895132557027	0.0	0.0	0.0	0.0	1.2671235289281237	3.331594181615646	0.0	
0.0	0.18031169676929917	0.0	0.0	2.4059540793341654	0.0	2.2568386112710654	3.4838671350349393	0.0	0.0	
0.0	0.0	0.0	0.0	5.7263054887983005	0.0	0.0	0.0	0.0	0.0	
0.0	0.0	0.0	0.0	7.214001766788947	0.0	0.0	0.0	0.0	0.0	
0.6664892423918434	0.0	0.0	0.0	0.0	1.8990717758931774	0.0	0.4530574443332088	3.063451027584287	0.0	
8.519536092600351	0.0	0.0	0.0	0.0	0.0	0.0	0.0	0.0	0.0	
0.0	0.0	0.0	0.0	2.1685794768134756	1.0923772019613742	0.1807850691897501	0.6567039215371236	0.28116242606774206	0.8271667846187365	
0.0	2.184202782780541	0.0	0.09379210683026075	2.686831439633643	0.0	0.0	0.30650070615084496	4.1744933257237165	1.2917647831626435	
2.586061936065799	0.0	1.005616743466887	0.0	0.0	0.0	0.7676415761657456	6.193144056034752	0.0	0.0	
0.0	0.0	0.0	0.0	2.3232981507455457	0.0	0.0	0.0	0.0	3.8030330464421684	
0.0	1.8676061378350113	0.0	0.0	0.0	0.0	0.0	0.0	0.0	0.0	
1.967857485096839	0.0	0.8734927271546379	1.3810922803045234	1.2771638032299	0.5844804294509883	0.0	0.940987087383186	0.9298836573367921	0.0	
0.0	0.7934252478787437	0.0	0.016099514636841335	1.635728430377257	0.0	0.0	0.0	0.0	0.0	
0.0	0.0	0.0	0.0	0.18465559817107835	0.0	0.0	2.705500596903789	0.0	0.0	
0.0	0.0	0.0	0.0	2.0539686794068923	0.0	0.0	0.0	0.0	0.0	
2.6325180681550635	0.0	0.0	0.0	0.0	0.0	0.0	2.789959037979987	3.629992053335783	0.0	
0.0	0.0	2.4710845147073646	0.0	0.05152068303984788	0.0	0.0	9.608697530782251	0.0	0.0	
1.4968694207044626	0.0	0.0	0.0	0.0	0.0	0.0	3.422603185054595	2.540967641923761	1.060579035918609	
0.0	0.0	0.034883703316313824	0.0	0.0	0.1614234560959556	0.8709814765243491	3.441080603900686	0.0	0.8824052914043763	
2.8041591412431193	0.0	0.0	0.0	1.0833071061490698	0.0	0.8360506116399213	0.0	0.18890872008635093	0.0	
0.0	0.0	0.30954321791901285	0.0	0.0	0.2276119984576212	0.0	0.0	3.053509173408206	1.4599403366028039	
0.0	0.07448043642633273	0.0	1.8875797243537962	0.0	0.0	0.0	0.0	1.1137725348940433	0.0	
4.6199405704554	0.007465439007445972	0.0	0.0	0.7795070139783882	0.0	0.03629732565262352	0.19481327310609495	0.0	0.0	
0.0	0.0	0.0	0.0	0.0	0.0	0.0	0.0	0.0	0.0	
0.0	0.0	2.682803065370428	0.0	0.0	0.0	0.0	0.9117421841308646	8.328148572718806	2.4392891350700596	
0.0	0.09714104169254627	0.0	0.0	0.0	0.0	0.29209614505286713	0.0	0.0	4.941611770309078	
0.0	0.0	0.0	2.4413159093142562	2.8535838268784577	2.7941271085492323	0.0	0.0	0.5729331512785268	0.0	
0.7288633811649003	0.0	0.0	0.0	0.0	5.984751945829666	0.0	0.0	4.59526954383574	1.5197038528494764	
0.4495836129080931	1.9941346436798053	0.0	0.0	0.0	1.0302566699312767	0.0	0.39154075396832844	1.3576471537063421	0.2739622110287583	
0.0	0.0	0.0	0.0	0.0	0.0	0.0	0.0	0.0	0.0	
2.2742559720592967	0.0	2.4193394229172895	0.0	0.0	0.0	0.0	0.0	0.0	0.18416850749992347	
2.5266047663480022	0.0	0.3663111014351955	2.9260674355064547	3.0297756417370802	0.0	0.0	0.0	0.0	0.5143934934759482	
0.5712267185703935	0.0	0.5146620383955955	0.0	0.0	0.017849898579307685	0.0	1.6144146601219855	0.0	0.0	
1.2280910558833642	0.0	0.0	0.0	0.0	0.0	0.0	5.755760193986245	0.0	0.0	
0.0	1.0064327652442373	0.0	0.0	0.0	0.0	0.09917685862609567	0.0	0.0	0.979029074669183	
3.9819190032020177	0.0	0.0	3.7917765439513795	0.0	0.0	0.7483455739307058	0.0	0.0	0.0	
0.0	0.0	2.5444837261918067	2.1444953319304023	0.0	0.0	0.0	0.0	4.62067312841429	2.107144240727618	
0.0	0.0	0.0	5.178817778603451	0.11488021319462845	0.0	0.05959560762754522	0.0	1.6440466636666151	1.7314924916493422	
0.0	2.0185913236851407	0.0	0.0	0.0	0.0	0.0	0.0	0.0	0.0	
0.0	0.15990007676386933	0.0	0.24029039622520346	0.3277904240676505	0.0	2.226119572986193	3.138826060204587	0.0	0.7831815665320293	
0.0	0.6516489869758157	0.0	1.2212755020668815	0.0	0.0	0.0	0.0	0.0	0.38812841787934915	
5.113900626083235	0.0	0.0	0.0	0.0	0.23110420516483865	0.0	0.8531432000358791	0.0	0.0	
0.6756751632093917	0.0	0.0	0.0	0.0	0.0	0.7000288762345023	0.0	3.7523489015146176	0.0	
0.0	0.0	0.02482330082381686	0.3534475842918894	0.0	0.0	0.13149458078178583	4.494038500078284	0.07710970151349833	1.1697503451892917	
0.0	0.0	0.0	0.0	6.324648707761104	0.0	0.0	4.619179184457295	0.012532964310410392	0.0	
1.7206527525122795E-4	0.0	0.0	0.0	1.0504760979100176	4.4100625879058555	1.8000931297021152	0.0	0.0	1.1866732752240605	
0.0	0.0	0.0	0.0	0.0	1.0750591108184915	0.0	0.0	0.8815072855693152	1.8162150271284119	
0.0	0.8198570671431025	0.0	0.0	0.0	0.5334992828867872	0.0	0.5467905226249998	0.0	0.0	
0.0	0.3666818460189297	0.0	0.0	0.3212642621902941	0.0	2.336778679529792	4.474664898603645	0.7548010511188332	0.0	
3.403689583743851	0.0	0.0	0.0	6.931365856499098	0.7504540371026792	0.11291026496320596	0.0	0.0	0.0	
0.0	0.9623415413346863	0.0	0.0	0.4310735970403487	0.0	3.4300839554075115	2.145951324003483	0.0	0.2058230087460739	
0.0	0.08566424337183183	5.0216925919602895	1.7997199948173466	0.0	0.0	1.1638736719487925	0.0	0.0	0.0	
0.0	2.893361955334988	0.0	0.0	0.0	0.0	0.0	0.4520443574518016	0.0	0.0	
0.0	0.0	0.0	0.0	0.5392346434450423	0.0	0.13810541540810783	2.0757494687722695	0.0	0.28129405033855825	
0.5925666546651766	0.003110153451112604	0.0	2.008674983607296	0.0	0.0	0.0	0.02789503188363423	0.0	0.48810429585842185	
0.9347775629326369	0.0	0.0	0.0	2.559969230785898	0.0	0.0	3.611886690927666	2.680563223465361	2.754481385129223	
0.0	0.0	2.791870592131449	0.2704335286200487	0.5854803839893093	0.0	0.0	0.0	0.0	0.0	
0.355541163354339	0.0	0.04721576267573078	0.00435858311474686	0.40086378517918086	0.0	0.0	0.0	1.121339106499168	0.0	
0.0	0.0	0.0	0.7300535953286809	3.3348544070296007	0.0	3.303487833994083	0.0	0.697966668346249	0.0	
0.05486030690524119	0.0	0.007456463265532069	0.0	1.639748464695964	0.0	0.0	0.0	0.0	0.0	
0.03122651583422323	2.5593705257295376	0.013634440339432759	0.0	0.0	4.182973783988999	0.04590413330460773	0.029292484523976148	0.03231228774578875	0.0	
0.0	0.2204678464454136	0.0	0.12406534820036262	0.6588482861575713	2.913129356754639	2.2128355847030776	0.0	0.785016865581637	0.0	
0.0	0.0	0.0	0.0	0.0	0.0	3.3079887658736067	0.0	0.0	2.219622418506876	
0.0	0.0	0.0	0.0	0.0	1.6843186165898487	0.0246277390028383	0.0	0.4816417455920002	1.000750792252464	
0.0	0.0	0.0	0.0	5.2845261672173	0.0	0.002577193790889993	0.018111052480553037	0.0	0.0	
0.0	0.0	0.0	0.0	0.0	0.1605039337491832	0.0	3.8067541745203206	0.0	0.0	
2.229040875463492	0.0	0.0	0.0	1.1543352307097399	0.0	1.623572781220246	0.0	0.5140710975315689	0.0	
0.0	0.0	0.0	0.0	0.0	0.0	0.0	7.920443262062988	3.402368850871757	0.31685245372842463	
0.0	1.326740607438756	0.0	0.0	0.0	0.0	3.324795486565749	0.0	0.0	0.0	
0.023229645158919433	0.0	0.0	3.1925565504441056	0.0	0.0	0.0	0.0	0.0	0.6567943441239394	
0.0	0.0	5.094219782477678E-5	0.0	1.333938463359967	0.0	0.0	0.0	0.0	0.0	
0.0	0.0	0.002239619107214149	0.006728426707169043	0.0	0.0	3.3708556849653637	0.01630174872969376	0.5192238437085674	6.105506482129836	
0.022339718890494912	1.7572253792137942	0.0	0.0	0.0	0.0	0.0	0.0	0.0	0.0	
0.0	1.8755196386175084	0.0	0.0	0.0	1.084622017865216	0.0	0.0	0.0	0.0	
0.0	0.0	0.0	0.0	1.2729054008508522	1.6843387029369845	0.0	2.1605899317066073	0.0	0.0	
0.0	7.905491964142242	0.0	0.0	3.387767718205023	0.0	2.7860870041008603	0.0	2.5833728224328505	0.22631952394830043	
0.0	0.0	0.8575453949700377	0.0	0.0	0.0	0.0	0.001046478866895616	1.0911400090356513	0.0	
0.0	0.0	0.0	0.31725800997211595	1.192564609393418	5.22804037288571	0.0	0.0	0.7636556836859392	0.0	
2.741101439805656	0.0	0.0	0.0	0.0	0.0	0.0	0.5113555235675724	0.0	0.0	
0.0	0.0	0.0	0.0	0.0	2.454612766928575	0.0	0.0	0.0	0.0	
2.243730780509258	2.783415803258133	1.0425040655633064	0.0	0.0	0.0	0.0	0.738015972301117	0.0	0.0	
0.8766490318025638	0.012883363986766025	5.524367614345725	0.0	0.48021862095103995	1.6336061232881947	0.0	0.0	0.0	0.12705047152790838	
0.33059967246179467	0.0	0.0	2.93832139528114	0.0	0.0	1.0931135934575793	0.06724395992356422	0.0	0.0016816384458303321	
0.0	0.0	1.1153858572581228	0.0	0.0	0.0	0.0	0.0	0.0	0.0	
0.0	0.0	0.0	0.0	4.744856424223312	0.0	0.06430843340875644	0.0	0.0	0.0	
0.0	0.0	0.0	0.0	0.650912873611515	0.0	0.0	4.176330175177179	0.4936189729250703	0.0	
3.8228189326089095	0.0	0.0	0.0	0.0	0.0	0.0	6.3944985121141515	0.0	1.3126670126784232	
0.0	0.01995516886913877	0.0	0.634639544333023	0.0	0.0	0.0	5.857280978376053	0.0	0.1507869621220948	
0.0	0.0	1.4968447731980796	0.0	0.0	0.0	0.0	0.0	0.0	0.0	
0.0	0.0	0.0	0.0	1.65655756138686	0.0	0.0	5.909160092020482	0.0	0.0	
0.0	0.0	0.0	0.0	0.0	0.0	0.7326189192553445	3.4442553179574746	0.0	0.0	
0.0	0.0	0.0	0.0	0.5234000836129696	0.0	0.0	2.854261365753721	2.8263440783799423	0.0	
0.0	3.2591908962152862	0.0	0.28057810572854386	1.5498721295570457	0.0	0.0	1.3360712260744458	0.3839088523728671	0.470125964881541	
0.0	6.633554913066713E-5	0.0	0.0	2.911563270748961	0.0	0.0	3.147287820451016	1.0630568827200328	0.5861248988020757	
0.26593013995063497	0.0	0.0	2.3566190166208426E-4	2.4750626130691886	0.0	0.0	4.444663713222593	0.0	0.0	
0.2256313986525188	0.7487673517006667	0.0	0.4031177412753693	0.0	2.370829933149926	0.0	0.0	0.0	0.0	
0.0	0.0	0.0	0.0	1.384057006035912	0.0	0.9741031827851265	0.0	0.0	0.0	
0.0	0.0	0.0	0.0	7.750693490208005	0.0	1.7264799056175684	0.0	4.162633217813044	0.7626011853265356	
0.0	0.8519490767342893	0.0	0.0	0.0	0.0	0.0	0.0	0.0	3.6422377307202467	
0.0	0.0	1.6141534938637707	0.0	0.0	3.778936917624421	0.0	0.0	0.0	0.0	
0.0	0.0	0.0	0.0	0.0	0.0	0.868545192416681	0.0	0.0	3.1258407959037515	
1.2076989173380273	0.0	0.0	0.0	0.0	0.0	0.0	5.557118770610419	0.11636882433173683	0.0	
4.826244822777123	0.0	0.0	0.0	0.0	0.0	1.8053852052291013	0.0	0.0	0.0	
0.23123914951403352	0.0	0.4826187630343935	0.0	0.8191181315754642	1.0890342342375448	0.0	0.0	0.8055428773765776	0.0	
0.0	0.0	0.0	0.0	6.144531186503681	0.0	0.0	0.0	0.0	0.0	
0.0	2.2757588289256976	0.0	0.0	0.0	0.0	0.0	0.0	4.981070759727764	1.4778783893317562	
1.3467807257896331	0.0	0.0	6.179432928565117E-4	2.83946960552839	0.88793893161014	0.0	0.0	0.0	0.0	
2.60469733981623	3.0619499025990806	0.0	0.0	0.0	0.9379245253491301	0.0	0.559210699140874	0.0	2.310683020292489	
0.11106553842556578	0.0	0.0	0.0	0.0	1.3824787145774993	0.08507611027096734	4.545215516160596	0.0	3.582602536178623	
0.0	2.6545523259288553	0.0	0.0	1.429832643530514	0.12248315683886143	0.0	0.0	0.0	0.0	
0.0	0.0	0.9007601146715956	0.0	1.7925638256546053	0.40689166809245925	5.480756057450617	0.0	0.0	0.0	
0.0	2.1793436816618232	0.0	0.7948317806849907	0.0	0.0	2.3679477858120332	4.8158285211359315	0.27996486345719235	0.0	
0.0	0.0	0.0	0.0	0.0	0.4941480183719373	0.0	0.22021528160967577	0.0	0.0	
0.0	0.015328036644799408	0.0	0.0	0.036874703007015515	1.2456313962396226	1.4188473344488166	0.0	0.28553841503385957	0.0	
0.2782989654646205	6.54349446133771	0.31991153978898995	0.3981349199065142	3.198714925527178	0.0	0.0	0.13595693366011785	0.0	0.0	
1.2628259716671675	0.0	0.0	0.0	0.0	0.0	3.853788332585129	0.0	1.2930055750872465	0.0	
1.5681362256038252	0.0	0.0	0.0	0.0	0.399917107558545	0.5128544974011138	0.0	0.40633437881533907	0.8208012628740883	
0.0	0.0	0.0	6.848715593066205	0.0	0.0	0.0	0.0	0.0	0.0	
0.0	2.5159555133126785	0.0	0.0	0.0	0.0	0.0	1.2078348442414584	0.0	2.316850874829458	
0.0	0.0	6.904514163066805	0.0	0.0	0.38864917986242076	2.7472347919265894	0.0	0.0	0.0	
0.0	0.0	0.0	0.0	2.461654066643158	1.3849878453718776	0.0	0.0	0.6782803027546754	0.0	
1.7435202490781099	0.0	0.0	4.558368964535867	0.0	0.0	0.0	0.0	4.36231927179143	0.0	
0.0	0.6550321703972058	1.3582886558597798	0.0	0.09494088919615666	0.0	0.0	0.0	0.0	0.0	
0.0	1.610416965511943	0.0	0.0	0.0	0.02033459857415104	0.0	2.521463910271194	2.9433001646643193	0.0	
3.139775006585693	0.0	0.0	0.027763400995128484	0.0	0.0	0.0	4.774580650649958	0.0	0.2646126100620754	
0.0	0.7874178047753958	3.2957253731586813	0.0	4.691863098975988	0.0	0.0	3.6424407202047826	0.0	1.049050148303857	
3.087335803956372	0.0	0.37446227748391125	0.7250495561827407	0.0	0.0	0.0	0.0	0.0	0.0	
1.2019919363211806	0.5463115839462459	0.6622681566263566	0.4843020761990259	0.0	0.0	0.0	3.4404880520132437	0.0	0.0	
0.0	0.0	1.812952830904044	0.0	0.0	0.0	4.9801061401527695	0.0	0.0	0.0	
0.0	0.0	0.0	0.0	0.71733825636181	1.0897092564794209	0.0	0.0	0.0	0.0	
0.0	0.056700321459010807	0.0	0.0	0.0	2.141864674457734	0.0	4.689746795926307	0.0	0.5151334956861581	
1.2652976348639455	0.0	5.322846143234449	0.0	0.0	0.0	0.11206444004280469	0.0	2.086102902273998	0.49115807389799737	
0.0	0.0	0.0	0.0	0.0	0.0	0.0	0.0	0.0	3.912426779823991	
0.0	0.0	0.0	0.0	1.0582432079640318	0.0	0.0	1.004988473313983	0.0	0.0	
1.104031767405756	0.5478219022055248	0.0	0.0	6.888725832005635	0.0	1.0784350494983432	6.514917999449506	1.3140382293095292	0.0	
1.4617975869777453	0.0	0.0	0.03776338149741048	2.110369322205745	0.0	0.0	0.0	0.0	0.0	
0.6597101140420931	1.9885154070250397	0.0	0.8472652467802746	0.0	0.0	0.0	0.746248403593155	0.0	2.918895929250456	
0.0	0.0	0.0	0.0	0.0	0.0	0.0	2.7749670840748526	0.0	0.0	
0.0	0.0	2.218317277433005	0.0	0.0	0.0	0.0	0.0	2.7717285691132068	0.37050203763744227	
0.0	0.0	0.0	4.292355132187352	0.0	2.2866351344753504	0.0	0.07233234493477772	0.0	0.0	
0.02387874428619795	0.0	0.6815209860323183	0.0	0.9103236240411609	4.072985845721678	0.0	0.0	0.02551976200267678	0.317936468413311	
0.0	1.209138350599778	0.0	0.0	0.0	0.38453824363981337	0.0	0.5448460245259444	0.0	1.625128356807254	
0.0	0.0	0.0	0.0	0.0	0.0	0.0	0.0	1.998186335178525	0.0	
0.0	0.0	2.3293132708274578	0.0	0.0	0.0	1.332957781112374	0.24824635060889735	0.3935461475421327	2.3027083105992454	
0.0	0.0	0.0	0.17035519529074916	0.8599064124025179	0.0	0.0	0.10186578682875924	0.0	1.6877701662442182	
0.041134919015668625	0.0	0.0	0.0	0.0	0.0	0.0	6.170100075660432	0.0	0.0	
0.0	0.0	0.0	1.6639977205437249	3.0921913987014444	1.2194302108216593	0.0	0.0	0.0	0.0	
0.0	0.04007908851699184	4.608736856427538	0.3938439463993819	0.0	0.0	0.0	0.0	0.8702891963212638	0.862386902743036	
0.0	0.0	1.0268530591809908	0.9660401300299926	0.008716234859762287	0.0	3.953868361126685	0.8407640382637189	0.0	1.231769497333245	
0.0	1.5485299752325825	0.0	0.0	0.0	0.0	5.505573163861015	4.025636891738321	0.0	0.0	
0.0	0.0	0.8831752416146358	5.783661232533267	0.0	0.0	0.0	0.0	0.0	0.0	
0.0	0.0	0.0	0.0	0.0	0.0	0.33038530362503843	5.635726116340824	0.0	2.887101411736829	
3.090318669109275	3.125482072261893	0.0	0.0	0.0	1.8250792040822277	1.4851607807602003	0.0	0.0	0.0	
0.0	0.0	0.0	0.0	7.673870858591002	0.0	0.0	0.0	0.0	1.7600970106477851	
0.007519661446861043	0.6585832973095358	0.0	0.0	0.0	0.0	0.0	0.0	0.0	0.7132939073199028	
2.960531094464579	0.0	0.0	0.0	2.0910724093317623	0.0	0.0	0.0	0.0	0.0	
0.0	2.2016472883835023	0.0	0.1719427227283733	0.2848986483406143	0.0	0.6007221075859844	0.0	2.4345524288575615	0.0	
0.0	0.0	0.07580207650909213	0.0	0.0	0.0	0.0	5.1285335912697025	0.0	0.0	
1.279081773222725	0.0	0.0	0.0	0.0	0.0	0.0	0.0	0.0	0.0	
0.43868768529268026	0.0	5.052944594465102	0.0	0.0	0.0	0.0	0.0	0.0	0.0	
0.0	0.07959969411874884	0.0	0.0	0.0	0.0	6.328739984201383	0.0	0.0	0.0	
0.0	0.9894472210617066	0.0	0.0	0.0	2.0581877131147155	0.0	0.0	0.0	0.0	
0.0	0.0	0.0	0.0	0.0	0.0	1.2451868064585625	0.0	0.0	1.1658302089086954	
0.0	0.0	0.0	0.0	0.003863714721929112	0.0	0.0	5.538247250206231	0.0	0.0	
0.0	0.0	1.1443473720378128	0.0	2.526040388887421	0.0	0.0	0.0	0.04304123286747629	1.1954194039427755	
0.0	0.11780842182949325	0.7624070087218182	3.99260995886434	0.0	0.23898955601658722	0.0	0.0	0.0	0.0	
0.0	1.8363042104972316	0.0	4.04898902535589	0.3322416588015527	1.0878973012617217	2.085403893952496	1.0175528194452645	0.0	2.525919135338432	
2.1125911910930086	0.0	0.0	1.527537394828618	0.11406466976913103	0.0	1.6383459300417529	0.34385308933234493	4.393651865440397	0.32921740819533557	
3.4883064087085813	0.0	0.0	0.0	0.0	0.0	0.0	0.0	0.0	1.0044991110003694	
0.0	0.0	0.2958207095487875	0.02470148434362566	0.0	0.0	0.0	3.4192833756301155	0.7136102818177252	1.001132434901353	
0.0	1.13857185020786	0.0	0.0	1.0572133596968838	0.0	0.0	0.0	0.0	0.0	
0.0	2.737930799978672	2.4642237762087453	0.8047302697581991	0.0	0.0	0.0	2.1584589228467177	0.0	0.0	
0.0	0.0	0.0	0.0	0.0	0.0	0.0	1.5076846742912995	0.0	1.7352751433146065	
0.0	0.0	0.0	0.0	0.0	1.2994178864846135	0.0	0.00757989883512538	0.0	0.0	
0.011444505213867914	0.0	3.262625759160916	0.0	0.0	0.0	0.0	0.0	0.0	0.0	
1.1624491361930598	0.46101006958679186	0.9951794784030299	0.526559638980622	0.11751851548806845	0.0	0.0	1.3490333533862864	0.0	0.0	
0.1346943650526642	0.0	0.1079177953694293	0.0	4.200029290648238	1.448123967672806	0.0	0.0	0.0	0.0	
0.0	0.0	0.2794149534960761	3.41306483747426	0.0	0.0	0.0	0.0	0.0	0.0	
0.0	0.0	0.0	0.0	0.0	0.0	2.875713791769479	3.4771523938653957	0.0	0.0	
0.31927638961950083	1.4760543455503259	0.0	0.0	3.983067684505509	0.027051345715284433	0.0	0.0	0.0	5.1358233379279525	
0.0	0.21136559933733326	3.3141144815502015	0.001881268558594401	1.3299039046279832	0.6777075976015315	0.0	0.0	0.0	0.7392743222687578	
0.0	0.0	0.0	0.0	0.0	0.0	2.1536626637425087	0.0	0.0	0.2002142336569035	
1.630455374028294	0.0	0.0	4.206181366202648	0.0	0.0	0.0	2.0420455916866143	0.19890352977136708	0.03984569744974521	
0.0	0.0	0.0	0.0	0.0	2.6772022241698408	0.0	0.0	0.0	0.0	
0.6799796181234914	2.2421254355077602	0.49134501481221887	0.0	0.8931069945125308	0.3522559489552692	0.8090869515800916	0.0	2.2379557523393148	5.931837369794072	
0.0	0.0	0.0	0.0	0.0	0.0	0.0	1.7680675920035727	0.0	0.0	
0.0	0.0	3.0169660897229074	1.7475119319491472	0.0	3.0643300947132257	0.0	0.0	0.0	0.0	
0.0	0.0	0.0	0.0	0.4161620016405306	0.0	3.8002293008557153	0.0	0.19629935488087835	0.0	
0.0	0.0	0.0	0.0	0.0	2.365062402230885	5.487537422423799	0.6069349042907365	0.0	0.0	
0.41538647300253334	0.0	0.018191537862940987	0.2639178289783025	0.0	0.0	2.4595937904448335	0.0	0.0	0.0	
0.5057623897678267	0.0	0.0	1.913727927785594	0.0	0.0	0.0	0.7630161455513774	0.0	0.0	
0.30089251364378017	0.0	0.0	1.4038945767293287	0.0	4.780046883442586	0.10250917649772018	0.0	0.0	0.0	
0.42402736601280994	4.155260343327297	0.4291218901568308	0.0	0.0	0.0	0.15608251994432285	0.0	0.0	0.0	
0.0	0.0	0.0	0.6866039642118626	0.4633336384368292	0.0	1.128514801532055	0.0	0.0	1.2296363692076162	
3.2124636481961693	0.0	3.1121006503939563	0.0	3.207328601494661	0.0	0.0	0.0	0.0	0.030323624922789415	
0.0	0.37478895130408096	0.0	1.9818775440332297	0.0	0.0	0.0	0.0	7.7596580117497265	0.0	
0.0	0.0	0.6547389363979772	0.0	0.0	2.093935837908298	0.0	0.0	0.0	0.0	
0.0	0.0	4.180868304960145	0.0	0.0	0.4920838417525565	0.0	0.0	2.959969819180699	0.0	
1.1984274485560078	0.0	1.5491805532730953	0.0	0.0	0.0	0.0	0.0	0.0	0.5343803414544279	
3.1139553907457245	0.0	0.0	0.0	0.0	0.0	0.0	1.5049495142932703	0.0	0.0	
0.8887158667548856	0.3337092640754339	0.2358954477327848	0.0	0.0	0.0	0.0	4.1719318935422836	0.0	0.19935505810910106	
0.0	0.0	2.5816572827965523	0.0	0.9266003041540033	0.0	0.0	3.162754871515674	0.0	0.0	
0.0	3.4457883645566323	0.0	0.4581574202397682	0.0	0.0	0.0	0.0	0.0	0.0	
0.0	0.0	2.810136360937493	0.0	0.0	0.3615874931521638	0.0	0.0	0.0	0.0	
1.563688458052971	2.1308843510122575	0.2510448787766763	1.0112787328130892	1.573747133684058	0.5660099582936203	0.0	3.480040417492237	0.0	0.0	
0.0	0.0	0.0	0.0	2.9385857775567037	0.0	0.0	0.0	2.135484438429779	1.3066873002058412	
2.249836525501029	0.0	0.0	0.0	0.0	0.8926185673282108	0.0	0.0	0.0	6.342514756336765	
0.6002375258792505	0.0	0.0	0.01861415973503527	2.7886063234073224	0.015476223977625941	1.148044875137751	0.0	0.12725780403042491	0.11282211128451289	
0.0	0.0	0.0	0.0	0.5722971072542856	0.6127695739170257	4.429819431939141	0.0	0.4152647271793181	0.02975668069021347	
2.38439165651096	0.054244114647344056	0.0	1.3401413567583775	0.0	0.0	0.0018393089750494227	0.007629955659255936	0.0	0.12700872638905467	
0.0	4.1926571855963415	0.0	0.0	0.0	0.0	0.0	0.0	0.0	0.0	
0.48276373709254966	0.0	0.0	2.0806443053940926	0.0	0.0	0.1531518502773997	0.0	0.0	2.2074346955219193	
0.0	0.0	0.0	0.0	0.0	0.0	0.0	5.809845813795265	0.0	0.0	
0.0	1.9457636764868804	0.0	1.455465016097116	0.0	0.0	0.0	0.0	0.0	0.0	
0.0	0.0	0.0	0.0	2.8600081969409974	0.0	0.0	0.0	0.29959947847334784	3.926332980181898	
0.0	2.4715125081010987	0.0	0.171420274158992	0.0	0.5533496993693132	0.0	0.0	0.0	4.839977316559656	
2.4445971385645713	0.0	3.823246573256878	0.0	0.11724604747472465	0.0	0.0	0.0	0.0	2.2281141256477373	
0.0	0.10804020115431343	0.975359767700997	0.0	0.0	0.0	0.6852458347769121	6.2975193681069905	0.0	1.9207024454016521	
1.8533189596640023	3.3743456212141267	0.0	0.0	0.0	0.0	0.0	0.0	0.0	0.0	
3.3412129366290735	0.6780214442386093	0.0	0.0	2.1347875254052413	0.0	0.0	0.0	0.0	0.0	
0.0	0.0	0.0	0.2639662954951316	0.0	0.0	0.0	5.075531559935169	0.0	0.0	
0.0	0.0	0.0	0.0	0.0	0.0	0.10864123379245992	0.0	2.349880339091207	2.91228121129415	
0.0	0.0	0.0	0.0	0.0	0.0	0.0	6.190397078399489	0.0	0.0	
1.7643530627639885	0.0	0.40521484931130847	0.0	0.4569041581312055	0.0	0.0	0.0	0.0	1.738682360606945	
0.0	0.48384659018431897	0.008209384959797873	0.0	0.8951157734174147	0.0	0.0	0.21551974117324785	3.8811903185150785	0.025121012213515776	
4.205189952023021	0.0	0.0	3.0110372111471144	0.0	0.0	0.0	0.0	0.0	0.0	
0.0	0.0	0.0	0.0	0.0	0.0	0.0	0.0	0.0	0.0	
0.0	4.350580765278246	0.0	0.0	0.2625686955795854	0.0	0.0	0.0	0.0	0.0	
0.0	0.0	0.0	0.0	2.5103413545924806	1.045364909576929	0.0	0.0	0.0	1.106617170387673	
0.0	0.0	0.0	0.0	0.0	1.0794995728984818	0.0	3.378771881727383	2.037915308713206	1.1355314469107938	
0.0	0.0	0.0	2.7266458119516455	0.0	0.0	0.0	0.014282167037123785	0.0	2.3297923713645416	
2.02088768153883	0.0	0.47388096038772276	2.527377401757721	0.0	0.0	0.3468820570252485	0.0	2.9565002771377347	0.20636915213860282	
0.0	0.0	0.8143591393481687	1.856943632933859	0.0	0.0	3.3769813297705866	0.0	3.592997890616781	5.817615889808198	
0.0	0.0	0.0	0.0	0.0	0.0	0.0	0.0	0.0	6.8392630336034	
0.0	0.0	0.0	1.839132143091042	0.0	0.0	0.0	0.0	0.0	0.0	
6.869336068582668	0.0	0.0	0.0	0.0	0.0	0.0	0.0	0.0	0.0	
0.0	0.0	3.021012599013854	3.8729412693898504	0.8846102889332239	0.0	1.2887811273988738	0.0	0.0	0.0	
0.0	0.4081973410265261	0.0	1.4069400257248688	4.036219246261007	1.2620895589356458	0.0	0.0	0.10776216023769829	0.0	
0.0	0.0	2.4476421346969413	0.0	0.0	0.0	0.0	0.0	0.0	0.0	
0.0	0.0	0.0	0.0	0.8498465914706348	0.0	1.4924398112581707	0.0	0.0	0.0	
0.847601644545771	1.771780339763872	0.39381154315265077	0.0	2.511413173606429	0.0	0.0	0.0	0.0	0.0	
0.0	0.0	0.0	0.7689448072168339	0.0	0.0	4.670853470726399	0.6445980886742626	0.0	0.0	
0.8416985479406355	0.0	0.0	0.0	2.512742509412589	0.687130944459575	0.0	0.0	0.0	0.0	
3.827470604980364	0.0	0.0	0.3545436650967264	0.0	0.0	0.0	0.0	0.0	0.2805885654166847	
3.102980405745384	0.12270815805065932	0.0	0.0	4.362212749281668	0.0	0.40583903547574773	1.157691884423502	1.3367697489016304	1.5828783926547416	
0.0	0.0	0.0	0.0	0.286106648099272	0.0	4.150604870476876	2.1056230267785145	0.0	0.0	
0.0	0.3383884540802296	0.0	2.630966382502283	0.0	7.143471274786775	0.0	0.0	0.0	0.0	
0.0	0.0	0.0	5.49268454390497	0.0	0.0	0.0	0.0	0.0	0.0	
0.0	0.0	0.0	0.0	0.0	0.0	1.7447007023608536	4.130638648200107	0.0	1.387135226248217	
0.0	0.7169627410750669	0.0	0.0	6.076160960768795	0.0	2.1411167272068417	0.0	0.0	0.0	
1.0613960823989697	2.2349575115125564	0.0	5.731861030185166	0.0	0.3090493191335228	0.490836735494665	0.0	0.0	0.0	
0.0	0.0	0.0	0.0	6.078540089663678	1.1924123765734307	3.758808784198451E-4	0.020532966925747263	0.0	4.03305154505671	
0.0	0.0	0.0	0.0	0.0	0.0	0.0	0.0	4.179769238911866	0.0	
0.0	0.0	0.0	0.008109681660500093	6.404859085002944	0.0	0.0	0.0	0.0	0.0	
0.12109933160540272	0.0	0.0	1.072222710400943	1.0260445984209003	0.8082200357428359	0.0	0.33840744549329543	0.0	0.0	
2.1941366650744922	0.0	0.0	4.562046416383976	0.0	0.0	0.0	0.0	0.0	0.0	
1.3820624425299468	0.0	1.0891611594219177	0.0	0.8954298309212942	2.627112226787122	0.0	0.0	0.0	0.0	
0.0	0.34657187920649873	0.0	1.6152767248192077	0.18908474892151386	1.3157894082671788	0.32444892948307774	1.6618944605120933	0.12080287757017723	0.0	
0.0	0.0	0.0	0.0	0.0	0.0	1.80710878966888	1.7188357886627323	0.0	0.0	
4.894259187018618	0.0	0.0	0.0	0.7300534784649555	0.0	0.0	0.0	0.0	0.0	
2.0071180604612007	0.0	1.1696134441980361	0.0	0.0	0.0	0.0	0.0	0.0	0.0	
0.0	0.0	0.0	0.0	0.0	3.4090349363362225	0.08852593223760384	2.2887280258523344	0.6828368923421566	0.17822276335897183	
0.0	0.0	0.0	2.885850132271933	0.0	0.0	0.0	0.0	0.04692189949682348	0.0	
0.0	0.026624377470876495	0.0	0.08654105658990022	0.0	3.1413543526652368	2.3675491821311994	0.0	0.0	1.3785251810772041	
0.0	0.0	0.0	2.0465846917035546	0.0	0.0	0.0	0.0	0.0	0.0	
0.3404192046056135	0.0	0.0	0.0	0.45566046057663756	0.0	1.563504658800565	0.9992002893356084	0.0	2.994118327684965	
0.0	0.0	0.0	0.3763629255917663	4.1788576061471705	0.0	0.0	0.0	0.0	0.0	
0.0	0.0	0.0	4.482706657331805	2.1386989423128773	0.0	0.0	0.0	0.0	1.1541635904817098	
0.0	0.536453679373727	0.46051900285119757	0.0	0.0	0.0	0.0	0.6472717922830317	2.0714072966991033	0.0	
0.0	0.0	0.8733325001712745	3.1778762886197973	0.1565251522494317	0.0	0.6217366635027132	0.0	0.001512488690336478	0.0	
3.1780378236726188	0.0	0.0	0.0	0.0	1.5039136028454707	1.0261467357850846	0.0	0.0	0.0	
0.09155268931218051	0.0	0.0	0.6090947483587145	1.6459401571922754	2.8817378037841848	0.0	0.04025779477427602	3.204246259661525	0.0	
0.0	0.09264940910318688	0.0	0.0	4.191254281350668	0.0	0.0	0.0	2.886716961082225	0.0	
0.0	1.3826495788145	0.0	0.0	3.953317334231565	0.0	0.0	0.0	0.0	0.0	
0.0	0.4064709822845181	0.0	0.0	5.11156681516349	0.0	0.0	0.0	0.0	1.8645691777757372	
0.0	0.0	0.07278846093236978	0.6102111075089656	0.0	4.557680018854548	0.0	0.0	0.0	0.0	
0.21473317859724986	2.0836664901861477	0.0	0.0	0.0	0.0	0.6003263583012404	0.0	0.0	0.9862314438170084	
1.6735404605348678	0.039325141935933026	0.0	6.207363888102406	0.0	0.4925926264316992	2.645328610014215	0.0	0.0	0.0	
0.5867454302190137	0.0	0.0	3.7476481856180945	0.0	0.0	0.0	0.0	0.2965781038759922	0.0	
0.0	0.0	0.0	0.0	0.0	0.0	0.0	0.0	1.6698256371759126	8.974163591284562	
0.31395836305071945	0.0	0.0	0.0	0.0	0.920551790542167	0.723565858630987	0.0	6.254026107263265	2.2269822247427236	
0.0	3.420241427141124	0.0	0.0	0.0	0.0	0.0	0.4811836122418462	0.0	0.0	
0.0	0.0	0.0	5.879733753927721	0.0	0.0	0.0	0.0	0.0	0.0	
0.2073955682964425	0.0	0.0	1.4722929257308424	0.0	0.0	0.10885307706243696	0.0	0.360704927646775	0.0	
0.2915973058961017	0.0	0.0	0.5556562098128616	1.189195652859458	0.0	0.0	1.0419902438095943	0.0	0.0	
0.21451191454173607	0.23900332079076467	0.0	0.0	0.007472169900792971	0.0	1.9925279247156582	0.1568001964763492	3.7814948841459555	0.0	
0.0	0.0	0.0	0.0	0.0	3.307507534526991	0.0	0.0	1.541375830573646	0.0	
3.2720721124352528	0.0	0.0	2.7446310248682457	0.0	1.0774177472963438	0.0	0.0	0.0	0.0	
0.0	0.0	0.0	0.0	0.0	1.0989926595393285	0.0	1.232246396712835	0.0	1.0746887937179614	
0.0	0.0	0.0651170633891716	0.0	0.0	1.6174942191195205	2.6355443176951203	0.0	0.0	0.6762138876536558	
0.0	0.0	0.17544464523327868	0.05403159074343204	0.12433554150638838	2.8733560781829746	0.0	0.7307425965352196	0.0	0.008915295289224355	
0.0	0.0	0.0	0.48788501632421843	4.401018702597111	2.27301022150462	0.0	0.0	1.7708502696132775	1.0264498209391806	
6.222071611800201	2.074088365616742	0.0	0.0	0.0	0.0	0.0	9.906091491716372	0.0	0.0	
0.8212300083255051	0.010502855486052858	0.0	0.0	0.0	1.3630732779923573	0.0	0.00620561614857145	0.0	1.9917856101777809	
2.4131507069718903	0.0	0.0	0.9198846383945495	3.174994206862245	0.36640594126188464	0.0	0.0	2.2165823471978805	0.0	
0.0	0.3446021265912079	0.008796715338648672	3.37004992509946	0.0	0.0	0.0	0.0	0.0	0.5780102774174246	
2.0381202996907675	0.4416029583535698	0.0	1.052011298522535	0.0	0.0	1.00932346744709	0.0	0.0	2.2563293780357507	
0.0	2.8246318821569156	0.1701060529088861	0.7131160533896844	3.2690769823324843	0.0	0.0	0.0	0.35578290268201906	0.06992563794185219	
0.1319235741674934	2.136948885532134	0.7680346261993057	0.0	0.0	0.034628368562807495	0.0	2.4546857956621295	0.040327060941142766	0.8443841720636717	
0.0	0.0	0.0	0.0	5.835934151105178	1.214205686679571	0.0	0.0	0.0	0.0	
0.0	2.4040776471120595	0.0	0.0	0.0	0.0	0.0	0.0	0.0	0.0	
4.42945911377176	0.0	0.0	1.8337446599282488	3.7134893378697753	0.0	0.6244777189652477	0.0	0.0	0.0	
0.0	0.0	0.0	0.0	0.0	0.0	0.0	0.0	0.0	8.912984352637668	
1.2581562502226507	0.0	0.0	0.0	0.46455290969155955	0.13438802155649004	0.0	0.0	8.263383410484723	0.0	
2.400658645827886	0.0	0.0	5.087816082695099	0.0	0.0	0.0	0.0	0.0	0.0	
0.0	1.349940534035393	0.0	0.0	1.2487286418071735	0.0	0.0	0.41367499947132125	0.0	0.0	
0.0	0.0	0.0	1.5345826514914338	5.582963430279258	0.0	0.0	1.6232794102551404	0.0	0.23084858686156232	
0.0	0.0	0.4221917422497294	0.6207604312869238	4.1976721978738665	1.2503530692520735	0.0	0.0	0.0	0.16749440742785077	
0.0	0.0	0.0	1.3867094531014967	0.0	0.0	0.0	0.0	3.747085628084366	13.542050736425962	
2.189516123916683	0.0	0.0	0.0	0.27777481098088636	1.0422466532288752	0.0	3.9016412146506925	0.0	0.0	
0.5914359890573402	0.0	0.0	0.0	1.4535877441022294	0.0	0.0	0.9930131053299147	0.0	0.0	
0.2484045264655896	0.0	0.3250682605518678	0.0	0.0	4.153996893367466	0.0	0.0	0.0	0.0	
0.0	0.0	0.0	0.0	0.0	0.0	0.0	3.8475378123985093	0.0	0.0	
0.0	3.720355090168117	0.0	0.0	0.0	0.0	0.0	0.0	0.0	1.212556331187698	
1.5611821366951317	0.0	0.0	0.011903157721819551	0.7302631408420251	0.0	2.6813388841154233	0.0	2.894057462374083	0.9388641959712065	
0.0	2.540498934501602	0.0	0.6575485104245007	0.0	0.0743679916064021	0.0	0.0	0.0	0.5824852985249936	
0.0	0.0	0.0	0.0	0.0	0.0	0.0	0.0	1.8398199361503629	2.3871856793917647	
0.0	0.0	0.0	0.0	0.0	2.3682108912426183	0.08155504668966133	2.0980405827132547	2.619929098596569	0.15455323175161712	
0.0	0.0021136209831539754	0.0	0.07154784332996433	0.033121298913138204	0.0	0.0	0.0	4.296920500601931	2.7724392839232954	
5.814314136096901	0.0	0.0	0.0	0.0	0.0	0.0	0.0	5.136808473578885	2.836217236332692	
0.0	3.041864195056729	0.0	0.0	0.13261207157244506	0.0	0.41280393652323877	0.0	2.5581810931195714	0.0	
1.9774488449873835	0.0	0.0	0.0	0.0	0.0	0.0	0.0	0.0	3.7118888772912575	
1.7902696370021718	1.7655509554692495	0.0	0.0	5.038759577570035	0.0	0.0	0.7087658715421693	1.3196509798308387	0.0	
2.456826305664629	0.8745629073387183	0.0	0.0	0.7100235748078166	0.0	0.30127067725537904	0.0	3.271658779007899	0.0	
0.0	0.0	0.6473599261218365	0.15062548134812337	0.6490799747886005	3.413007343034012	2.2124182103229786	0.0	0.0	0.0	
0.0	2.1939116480691876	0.006027570709090296	0.0	6.890237192837098	0.017624347946374304	0.0	0.0	0.0	0.0	
0.0	0.648373402891515	0.0	0.16773448400183236	6.932333778719286	0.0	0.11966962037944658	3.9013502363960475	0.0	0.0	
0.1395526109014538	0.8709102783887269	2.4541961035671176	0.16587243562316104	1.4831438849006007	0.0	0.0	0.0	0.0	0.0	
0.0	0.0	1.4929579049483812	0.0	0.0	0.0	0.9371480396733319	0.0	0.23593900750003638	0.0	
3.3462100129326595	0.0	0.0	1.2010921907159617	0.0	0.0	0.0	0.0	0.0	0.0	
0.0	0.0	0.0	0.0	4.013528413441446	0.0	0.0	0.0	0.0	0.0	
0.0	5.7811542739742565	0.0	0.0	0.0	0.0	0.0	0.0	0.0	0.0	
0.0	2.056872265065765	0.0	0.0	0.0	0.0	0.0	0.30600349268865035	0.0	0.0	
0.0	0.0	7.2840793914504705	0.0	0.0	0.0	0.0	0.0	0.0	0.3119650413923072	
0.0	0.08047815960640857	0.0	0.0	0.0	0.0	0.9520085948758827	1.028212126625736	0.6308435313287442	2.3387380197908354	
5.282944418566464	0.0	0.0	0.4230037303474499	0.6159468191856254	0.0	0.0	0.0	0.0	0.0	
2.244533629444414	0.0	0.49019432522540174	1.6760052367391762	3.412216413292143	0.0	0.0	0.0	0.0	0.0	
0.0	1.7830447519253074	0.0	0.0	4.138711163051516	0.0	1.114409691297983	5.348709264607017	0.0	0.0	
0.0	0.0	0.0	3.830627512810731	0.0	0.1023294755435052	4.422094722948959	0.0	0.0	0.0	
0.0	0.0	0.0	0.0	0.0	0.0	1.0860292283718553	1.9452686661842844	0.0	0.0	
0.0	0.27192933530239527	0.0	4.479850737961642	0.0	0.0	0.0	6.394763297690072	0.0	1.0261592188123196	
3.0080827980665155	0.5835775221851158	0.0	0.0	0.0	0.0	0.0	1.521739609631777	0.8891021431337284	0.0	
1.4042742092610656	0.0	0.0	0.0	0.0	1.0870540175212653	0.0	0.0	1.452800385631719	2.094001499752596	
0.7336664766444969	0.0	0.0	2.5096157717608163	0.0	1.629478700441735	0.0	0.0	0.0	0.0	
0.0	0.052161373184643006	0.0	0.0	4.633855174234673	0.7331966084253081	0.0	0.38590884968607486	0.40487525376490296	0.5584209386373238	
3.5370472064208394	0.0	0.0	0.0	0.0	1.2231524448290418	4.127555778654494	0.0	0.2193515613613732	0.0	
1.5146010121024263	0.0	0.0	0.0	4.321922292556631	0.0	0.0017676493824601968	4.2259070281400195	0.0	0.43196328862183686	
0.0	0.7130298188311506	0.0	0.0	1.9452438738797297	0.0	0.7493133291158711	0.0	1.2007333726099885	0.0	
0.0	0.0	4.8654257459404375	5.658207208996028	0.0	0.0	4.069421579801671	2.447964226962972	0.0	1.0546452798280717	
0.0	0.0	0.0	0.0	0.0	0.0	2.4809463354272703	0.7671279950169112	3.134886616254035	0.0	
0.0	0.0	0.0	0.0	2.3389924515636005	0.0	6.930084488749518E-5	0.0	0.0	1.2537527021599981	
0.0060604129438417515	0.6586830182974919	0.0	1.6732976673137891	0.0	5.752373243815615E-4	4.250793264361888	1.516338573604828	0.0	0.0559343227569064	
0.0	2.6991127204461187	0.0	0.0	1.2653641473632231	0.0	0.0	0.37547161794087247	0.0	0.5183156671784073	
0.0	0.0	0.0	1.0790342071456382	0.0	0.0	0.0	0.0	0.0	3.284303021459701	
0.0	0.0	2.4943181703715958	0.0	0.0	0.0	0.0	0.0	0.0	0.0	
0.0	0.08181548782830328	0.0	0.0	0.0	0.0	0.0	2.3832617822527746	0.0	1.4164759308297987	
0.0	0.0	0.0	3.849067504744056	0.0	0.0	0.0	0.1676116972997344	1.0613824004473313	0.0	
0.11137081363425401	1.0634317097530839	0.0	0.3206266044477804	0.0	1.012605013779875	0.0	0.5503654046442457	0.0	4.468087385730172	
0.0	0.0	3.6908822338141625	0.0	1.6864153424516206	0.0	0.0	0.0	3.391062689145339	0.0	
0.0	1.9572106137121952	0.0	0.0	2.4432685717732414	5.9479564057232	0.0	0.0	0.0	0.0	
0.0	0.0	0.0	0.0	0.0	0.0	4.015174279044257	0.0	0.0	0.0	
0.0	0.09052070312968657	0.0	0.8196656738447328	0.0	0.0	0.602342162903269	0.0	0.0	2.68143016849059	
0.0	0.0	0.0	0.0	0.0	0.0	0.0	4.525657122371299	0.0	1.4454699018265915	
0.0	0.231102162302641	0.0	0.0	0.0	4.2634652349166515	0.0	1.36108322187391	0.23847444178725555	0.0	
0.54197838054325	0.0	0.0	1.3577593509887198	0.0	0.0	0.0	2.8190070060633654	0.0	0.6950313831149072	
0.0	0.0	0.0	0.0	2.030054922467103	0.0	0.0	0.0	0.0	0.0	
0.0	0.0	0.0	0.0	0.0	0.0	0.5074988538613587	0.0	2.5019163384235377	0.0	
0.4579733160729817	0.0	0.0	0.0	0.0	0.0	0.0	2.5166515453287674	0.0	0.0	
0.08173393078977274	3.6811618499388414	0.0	0.0	0.0	0.7295771086525505	0.20921262059777884	0.0	0.0	3.331076790637294	
0.0	0.0	0.0	0.0	0.0	0.0	0.0	9.206188097406548	1.3093972523596307	0.0	
0.4538125270927379	0.0	0.0	0.0	0.0	3.5894301322279283	1.761441298274009	0.0	0.0	0.0	
0.0	5.019703778137276	0.0	0.0	0.0	0.7092238806838991	0.0	0.0	0.0	0.0	
0.0	0.0	0.0	0.0	0.0	0.0	0.0	2.131225772452104	0.0	0.0	
0.5384959225066713	0.0	0.0	0.0	0.0	0.0	6.400761542457898	0.006398117023130848	0.0	2.885892436811854	
0.14181457866453345	4.264263650847162	1.8102723178964166	1.3055396094636178	0.02800298737969329	0.0	0.0	0.0	0.0	0.0	
0.0	0.0	0.0	0.37562125622316445	0.0	0.0	8.39867007648764E-4	0.7675886706088213	4.408507823971206	2.1005619484690197	
0.0	0.0	0.0	0.17974568169694413	5.168432382469389	0.0	0.0	0.0	0.0	0.0	
0.0	0.020058672099657688	0.012728992027925094	0.15669578004125287	0.0	0.0	1.0047771992953936	7.23865788067805	0.0	0.02356611605654699	
0.0	0.0	0.0	0.0	0.0	0.0	0.003207822951250849	4.314005688228508	1.3784198348086893	0.7989917077722255	
0.0	0.0	0.0	0.0	0.0	0.0	1.6379210621423919	0.0	0.0	0.0	
0.0	0.0	0.0	3.4097204786679463	0.0	0.0	0.0	0.0	0.0	0.0	
2.8292214286931032	0.0	0.008441755458630858	2.139188895135789	0.21192164043183062	0.0	0.0	0.0	0.0	0.0	
0.0	0.0	0.0	0.0	0.0	0.0	1.1201941903337431	11.097064812671348	1.9870471694884402	0.3891755650600019	
2.6564223282333552	0.030095881975334172	0.006520671964470183	0.00818521937862866	1.2316747434186102	0.0	0.0	0.0	0.0	0.0	
0.0	0.0	2.0542358254432784	0.21188571397534864	1.886777521265457	0.0	0.0	0.0	0.0	0.0	
0.0	0.0	0.0	0.0	0.0	0.0	2.3941773996467153	0.0	0.0	3.4755540904260203	
0.0	0.0	0.0	2.5793644964755704	0.0	0.0	0.0	0.0	0.0	0.0	
0.0	5.974462460003495	0.0	0.0	2.84792750317676	0.0	0.0	0.0	0.0	0.0	
0.0	0.16799079024760152	0.0	0.0	0.0	0.0	0.0	5.5925584634733925	1.727858148492015	0.4536176517501687	
0.0	1.4974582398183856	1.8245921770358977	1.5161618680985192	0.0	0.0	0.0	1.0907413309659235	0.0	0.0	
0.0	0.0	0.0	4.801965941382199	2.360866235661406	0.0	0.0	0.0	0.0	0.0	
0.0	0.0	0.0	0.0	0.0	0.0	2.146372320688962	1.1700762441618777	0.0	2.755993478035615	
0.0	0.0	1.7181339531469053	0.0	0.0	0.0	0.0	0.0	0.0	0.0	
0.0	0.0	0.671105858109742	0.26515169645242814	0.0	0.0	0.0	0.0	0.22074442816707443	0.12355891532208592	
0.0773547997493269	0.0	0.0	0.0	1.4717903925153972	0.0	0.0	0.0	1.9756617384973059	0.0	
0.0	0.9845401689829569	0.0	0.0	0.0	0.0	0.0	4.720228089888591	0.0	0.0	
0.0	0.0	0.0	0.0	0.0	0.0	0.2083454941541476	0.0	3.820181355733447	1.3137538590283404	
0.017439760330831635	4.5803017490293465	0.0	0.0	0.0	0.6727346732614369	0.0	0.0	0.0	0.253045453700116	
4.087933141269504	0.0	0.0	0.0	0.0	0.0	0.0	2.0095043428632438	0.0	0.20272069340015067	
0.0	0.33161366127069947	0.8735489063013289	0.0	0.01417346114099635	1.5957040700406	0.0	3.707966598950386	0.0	1.0984075836447158	
0.0	0.0	0.0	0.0	0.0	0.0	3.325908198967936	0.0	0.0	0.0	
0.0	0.0	0.0	2.8738482590432213	0.0	0.0	0.9972183262075851	0.0	0.0	0.0	
1.7959424045265802	0.0	1.4988664330446235	0.0	1.8018895048456063	0.0	0.0	0.0	0.0014640560181208434	0.0	
0.0	0.949410839464519	0.5477561088004689	0.1825134387968875	0.0	0.0	1.211275822192172	0.0	3.991029686033065	0.42144491785165544	
0.0	1.1063463335536137	0.0	0.8534996859693375	1.2945869687079579	0.0	0.0	0.0	0.0	0.0	
0.0	0.0	0.0	0.0	0.0	0.45898616966168226	4.426593633906032	0.057641998275914874	0.0	0.32015125666910504	
0.0	0.0	0.0	0.0	0.0	0.0	0.0	1.4230575400024739	5.179815214809843	0.0	
0.6979354783765656	0.0	0.0	2.044657154031246	0.0	0.0	0.0	0.0	0.0	0.0	
0.0	2.3558059385545835	1.0853793747868803	0.0	0.0	0.0	0.0	0.0	1.212133820003038	0.0	
0.0	2.970859496480659	0.0	0.0	0.0	0.0	0.0	4.339940752982857	2.083114645713451	0.0	
0.0	0.0	0.0	0.0	2.1861993978519347	0.0	0.0	0.0	0.15277806106823372	0.0	
5.555097666869875	0.0	0.0	1.9285770218204337	0.0	0.0	0.01389158450612871	0.0	0.0	0.0	
0.0	0.0	2.2481722532889807	0.0	0.0	0.0	0.01859210722621306	0.0	2.885916665472553	0.0	
8.155192777061687	0.0	0.0	0.0	1.3421423282987825	0.0	0.0	1.9243628999286584	0.0	0.0	
0.0	0.0	1.5365717197338242	0.0	0.0	0.16504367563691108	0.0	0.0	0.0	0.0	
0.046412282461018056	0.940910580275833	0.26912644801362334	0.058604808844875365	0.0	1.3104627754078295	0.0	0.0	0.6552112272082348	2.364254159432361	
0.07024885294048204	0.0	0.038225271833014475	0.01852353504831023	0.0	0.0	1.3713757180500614	2.446822462524969	0.05019202622806428	0.0	
0.0	4.261280723284038	0.0	0.0	0.9513914167076274	0.0	1.043192085238157	0.0	1.2065728244329645	1.9849358528290881	
0.0	0.3283232354158304	0.0	0.0	0.0	1.7050260607270942	0.0	2.0465875853150535	0.0	0.96187129188824	
5.273715909625872	0.0	0.0	0.0	1.9654920327402963	0.0	0.409608238763667	0.05248044961315765	0.8246329625241227	0.0	
0.0	1.360232358251931	0.35920825534211887	1.8053746982086611	0.5815444406800881	0.0	2.546740193209562	0.0	0.0	0.0	
0.0	0.0	0.9424586206342818	0.0	0.0	2.2271328175764564	0.0	0.642467882288584	1.414256209662297	0.0	
0.0	1.9187498427060532	0.0	0.0	0.0	0.7674690469355958	3.4258288465953286	0.0	0.0	0.0	
0.0	0.0	0.0	0.0	0.0	0.0	0.0	0.0	0.0	0.0	
0.0	4.218799567852679	0.0	0.0	0.0	0.0	3.2922335786377173	0.0	0.0	0.0	
0.0	0.9712217460991182	0.0	0.21487265409049117	0.9510492759139114	2.9977926741276932	0.0	0.0	0.0	0.0	
0.0	0.0	0.0	0.0	0.0	0.0	0.0	0.0	1.9033480240515734	2.3676621094390793	
0.0	0.0	0.0	0.0	0.0	0.0	0.0	2.4508483461032013	0.6217760746201426	0.0	
0.3633590102934959	3.520597933465899	0.0	0.0	0.7948970293176897	0.0	0.0	0.0	0.0	0.0	
0.0	0.0	0.0	0.0	3.721814542119312	0.0	0.0	0.0	0.0	0.0	
0.0	0.0	0.0	2.659539366352753	0.0	0.0	0.0	4.041390256191012	0.0	0.0	
0.0	0.0	0.0	0.0	0.0	0.0	0.0	2.1321305475455694	0.7640466614206376	0.1512233427716873	
0.0	6.160394980923153	0.07277589601650293	0.0	0.030268990870801656	0.0	5.418278821369729	0.16835834316441095	0.2395076278957479	0.31428629694491333	
0.0	0.0	1.7786855116349272	0.026934740026602125	0.0	0.0	0.2559357455046002	3.6532222733603184	0.0	0.0	
1.9168142720043588	0.0	0.0	0.0	0.0	0.0	4.468638278693875	0.0	0.0	0.0	
0.0	0.0	0.0	0.0	0.7320983948757839	0.8865586959012898	0.0	0.0	0.0	0.0	
2.628011621044912	0.0	0.0	0.901165066993406	0.0	0.0	0.0	0.0	0.0	1.9723812113561143	
6.147184955902191	0.0	1.0932219460801462	0.022652216968792258	0.0740742848580075	0.0	0.0	0.12827240115865193	0.24877661165352438	0.0	
0.0	0.0	0.0	0.0	0.0	0.0	0.0	0.0	0.0	0.0	
5.50367847046189	0.0	0.984692985731846	0.0	1.2932573136938956	0.0	0.19876015969868846	0.0	0.754906588744932	0.0	
0.0	0.0	0.069949006817251	2.7720462160620603	0.0	0.0	0.030278589607405745	1.7263260351612673	0.0	1.0155206284264686	
0.0	4.2786310715070766	1.1579293981247427	0.0	0.0	0.0	0.0	0.0	0.0	0.0	
0.0	0.0	0.0	1.59838799611342	0.0	0.0	0.0	0.0	0.0	4.439295004303808	
0.0	1.5432886701595168	0.0	0.0	0.0	0.7070432823129312	0.0	0.0	0.0	0.0	
0.0	2.335176838875565	0.0	0.0	0.0	0.9736897021330062	3.819627142282757	3.060796459510208E-5	0.0	0.13646272169775908	
0.6118939814878012	0.0	5.4115533009047745	0.0	0.0	0.0	1.2048953948570178	0.24323450248241277	0.0	0.0	
0.0	0.0	0.0	0.0	3.0367343522281502	0.0	0.0	0.0	0.0	0.0	
0.0	0.0	1.1197675175624036	0.0	3.9156640277258608	0.0	0.0	0.0	0.0	0.0	
3.4885568932162605	0.0	0.0	0.0	0.0	0.0	0.0	0.0	0.0	0.0	
7.431197160930694	0.003356935869884024	0.0	0.0	0.0	0.0	0.0	1.051015293033474	0.0	0.28981111094827144	
0.11081347318258203	0.0	0.0	0.0	0.0	0.0	0.901752708701368	1.172810577314951	0.0	0.07934856887131342	
0.0	0.0	0.0	0.0	0.0	0.0	2.8590658905463977	0.0	0.0	0.0	
0.0	0.0	2.9904983501068187	0.8337655895058588	0.0	0.0	0.0	1.2428377225538847	0.0	0.10444738662282531	
0.0	0.0	1.4159815278485413	0.0	0.0	0.0	0.0	0.0	5.300739713043272	0.0	
0.0	0.8841439711091332	0.0	0.7397594862520779	0.5647327365740673	0.0	0.0	0.0	0.0	1.1216740848826003	
0.0	1.5176541679705735	0.0	0.0	0.0	1.0992762649667522	1.2221603850413054	0.19210639484161263	0.0	0.0	
0.0	4.929210729467263	0.0	0.0	0.0	0.0	0.0	2.432874644624061	0.0	2.065596959580743	
3.1345236314425664	0.0	5.073139106310826	0.0	0.6455556520791458	0.0	0.0	0.0	1.2145682941604024	0.0	
0.0	0.0	0.0	4.596557308017574	0.0	0.0	0.0	0.0	0.0	0.0	
