0.10050549410355811	0.04445868003660037	0.18015310772290838	0.14633387456639846	0.03694514460068478	
0.21752433325971135	0.20447754936897017	0.4295944186947658	0.06285068260241598	0.41052161880320515	
0.0	0.0	0.0	0.0	0.0	
0.33700560319687944	0.1060013072058138	0.1878443193929835	0.4993620748258834	0.344200300350216	
0.0	0.0	0.0	0.0	0.0	
0.0	0.0	0.0	0.0	0.0	
1.3449153958250377	1.4208719868647046	0.4560080943371566	1.1422764401088739	0.18593810719667184	
0.8690512168614716	0.5404558696945982	0.0	0.9047823716399344	0.11798123666605823	
0.1930525071189492	0.3400574835954961	0.31687374762025666	0.8839527093511128	0.6583212098714141	
0.548104386622076	0.315714739142736	0.0	0.48279185446883555	0.48355523819920093	
1.5236549845021656	0.18498919448594697	0.9278813936019821	0.7086252750928097	0.9729029119022901	
0.24461836242246918	0.9918128119875766	0.5318010985862653	0.10626651575950315	1.3559118491480033	
1.0056381874604228	0.38031771673405335	0.234032540294818	0.08426190898198616	0.9409535399042912	
0.0	0.0	0.0	0.0	0.0	
0.0	0.0	0.0	0.0	0.0	
0.828294320377989	0.4587058468690699	0.5457609455511125	0.5444940918051049	0.48889140679271187	
3.535678332535467	1.8332457590587588	0.8727287620341171	0.509404218985049	0.66084448345094	
0.0	0.03397891572023135	0.2770242833554724	0.7335992506005297	1.029578857083963	
0.003947052857876909	0.2369709163450255	0.7135445400557506	1.6161768705003467E-4	1.1152245483128458	
0.0	0.0	0.0	0.0	0.0	
0.0	0.0	0.0	0.0	0.0	
0.4964831801630614	1.1147634906801303	1.7857441601669939	0.1429367076110236	1.3999012344758335	
0.2296839862012775	0.7094517284778151	0.0	0.09769790846430414	0.3296064911394449	
0.2611155958584762	0.29951343023206833	1.0228672104490981	0.09257479004391747	1.280482375419823	
0.424340690628372	0.03604189013132887	1.1077645852046025	0.08621239625813276	0.5717211738172685	
0.5014953838639464	0.45266875720401517	0.906385386120407	0.38880685087464645	1.0337278260616538	
0.10464595693657869	0.5528141050889408	2.0833586493603713	0.0	1.9552008185631096	
0.030908742204423842	0.12469193741520226	0.5964636426860416	0.25770125182361603	0.9589308801821422	
0.6454664422038244	0.43549802752011973	0.32768569199652414	0.30683596314024625	0.5722857186261624	
0.3617216979730063	0.0	0.42009606994480153	0.2535041468977609	0.6756588932530112	
0.0	0.0	0.0	0.0	0.0	
0.608738921800627	0.0	0.3120459171164785	0.3194120068841817	0.8163534425552089	
0.35671980282722887	0.08612258724766847	0.8546984495642697	0.3456508171434441	1.1464481567891136	
0.2501998865114192	0.15517004200682094	0.48849015504815374	0.24385917323855852	1.1042901758281547	
0.0	0.0	0.0	0.0	0.0	
0.0	0.5265099537143512	0.7207446810809635	0.4280071236109231	1.1551926810413893	
0.4674267729738358	0.2589858448809113	0.5105824715082077	0.34336538281096896	0.3099888557851776	
0.5722108216544217	0.30848329466865415	0.04079261853239863	0.2953382223673142	0.3683150309830801	
0.0	0.0	0.0	0.0	0.0	
0.0	0.0	0.0	0.0	0.0	
0.0	0.0	0.0	0.0	0.0	
0.5066510102161292	4.876571886123705E-5	1.2857779061411443	0.12862802961544553	1.1481255953808245	
0.3941269998140684	0.32682059132641583	0.6710494518439497	0.4775624056462518	0.6825741889413407	
0.5942258671747086	0.2781581336137951	0.0013858423234553857	0.49694597700409754	0.2999991528881782	
0.6515935805863193	0.6046480118623341	1.556114024280899	0.0	1.3431390156080627	
0.0	0.0	0.0	0.0	0.0	
0.0	0.0	0.0	0.0	0.0	
0.5335495821630997	0.03554894166840088	0.0	0.7126431224075926	0.9398232629502007	
0.0	0.0	0.0	0.0	0.0	
0.2899134391519635	0.7793353406052655	0.923301902931824	0.5957349636800758	2.1285674319523493	
0.03002501913047599	0.5751189119378204	0.440949033609126	0.5940972660177755	0.37458502303289704	
0.06132365025215895	0.07410149242051538	0.2905456872872378	0.5628686991925226	0.8487318770921077	
0.0	0.0	0.0	0.0	0.0	
0.0	0.0	0.0	0.0	0.0	
0.13405904104172892	0.1388332932479766	0.21909215567787765	0.04651644193302738	0.4089680570765026	
0.6542953454360538	0.6380084461199138	0.026417030478851657	0.5812301427130551	1.5775614970318241	
0.09309364977480375	0.043968280359390766	0.16987517489186604	0.1975229900326034	0.19860588875054017	
0.4937104118121668	4.866882250700589E-6	0.8321451594958719	0.03266674311932954	0.5956618385069699	
0.23873057550692103	0.1815230577046663	0.5505434541048854	0.34431138173187176	0.558844015821459	
0.0	0.0	0.5302238336254057	0.24427689534478353	1.1521964682535057	
0.3678787292259855	0.6459750049694942	0.0	0.5360110134161941	0.3999500527165091	
0.6088781384001255	0.26268769686889665	0.34567914041848136	0.257374016133121	0.5465840862954086	
0.575279039249944	0.48107501537768843	0.6745419716202002	0.24468396491378688	0.7961895420911249	
1.0313294938509139	0.7594939245159644	0.6210726130265993	0.5557267739108269	0.11644751299671639	
0.0	8.042446562145222E-5	0.5061798087441829	0.38906442729322566	1.0286388141688219	
0.5031532343542634	0.8464436722688543	0.6464173433970537	0.06844362461964176	0.917234003346466	
0.47905884860666725	0.47116352023267705	0.5174236291065456	0.10939263825261314	0.475022395443543	
0.0	0.0	0.0	0.0	0.0	
2.6442498137152577	3.0939410200249786	3.151530828306968	2.54914724495624	2.838428540795233	
0.483424818257094	0.9801568575576487	0.0017806972835681051	0.6652263358686826	0.41663256356557266	
0.46243422030367826	0.20908046674908815	0.0	0.4079893410838683	0.27752817315489214	
0.0	0.4534172395309233	1.2699887531021403	0.1957252780014883	1.2282282406965073	
0.3867554058978711	0.5900297914429113	0.6245532276586439	0.3416404721190758	1.131336130646824	
0.0	0.0	0.0	0.0	0.0	
0.0	0.0	0.0	0.0	0.0	
0.0	0.12410838091848558	0.21696511080108036	0.06665344726351567	0.4636556369602157	
0.0	0.0	0.0	0.0	0.0	
0.26309148792762765	0.01855145321018036	1.1987482006740202	1.6925377624202118	0.0	
0.30653620689077254	0.48169651776490335	0.28625963840908575	0.05878929790130754	1.0403667014372586	
0.0	0.0	0.0	0.0	0.0	
0.0	0.0	0.0	0.0	0.0	
0.15253859986823282	0.0	0.6427057318759002	0.8062590835084185	0.953973798413031	
0.38858158310197943	0.700169960909903	0.004722387873822053	0.0	0.8045019648949194	
0.25876316418566536	0.36463828208347737	0.5963769048364611	0.3528023940094165	1.274658287137937	
0.0	0.0	0.0	0.0	0.0	
0.5087928217136121	0.2871009799216358	0.2377037989756003	0.7111187226717642	0.705938514557828	
0.44167693500418737	0.1855406831009436	1.1825767943731105	0.6747425764690999	0.8074454234660781	
0.14973614847962355	0.0	6.200498603753074	0.005942679668380436	5.43401563955228	
1.9995771061590122	2.1926672649383088	2.5016168417417557	2.036924594908907	1.3057977037329165	
0.6978062346140832	0.2795450399866419	0.878012734949203	0.43845366774130007	0.8895983993145048	
0.39965751926417825	0.1063601765947143	0.2851458299616272	0.6474970501091064	0.1434907783293392	
0.40975876251036447	0.3613189235078755	0.08265337265777017	0.23480034277010664	0.7737627574875123	
0.0	0.0	0.0	0.0	0.0	
0.13704144230667664	0.5288687466158015	0.21731239987890016	0.46809044384223986	0.7169728559641775	
0.0	0.001209726524946475	0.7011000167953575	0.18873436417085368	1.3382660655096639	
0.3998505375314527	0.30475098188209726	0.22830568739769241	0.05981381646082387	0.5471942251446351	
0.0	0.5805453664319603	2.8575912687687843	0.08814458965475465	5.15538859292206	
0.2200613442712472	0.2847169335628699	0.35348702983869595	0.29891560679132884	0.42733264263133375	
0.1685746091706152	0.4465785026083206	1.029522995267015	0.11573660119758868	1.3558050261192132	
0.09618443844560655	0.5052125635304993	1.1354609533536448	0.3008078459727898	1.0808315198660041	
0.301883182440576	0.38684928882522374	0.19669753314007557	0.5571188196238187	0.5430263908634757	
2.6839421634681417	2.677842376027879	2.0603494223950065	2.4911156519921014	1.5867522061661392	
0.15918833796193613	0.2550241888908495	0.9619806421999636	0.26462928294419147	1.7118444394226804	
0.2277715678983008	0.36580574986677006	0.9850048501234718	0.08549260270382952	1.1817012115734147	
0.45845896687308163	0.06363071881869509	0.43914812611312765	0.36732205154168357	1.2969295142435062	
0.10935464952588685	0.8468101405086071	0.59222194111065	0.2813001505516054	0.9844451165534603	
0.0	0.0	0.0	0.0	0.0	
0.0	0.0	0.0	0.0	0.0	
0.5793372294831888	0.3792500466709928	0.6763024524912221	0.20398327126130705	0.8993953443385103	
0.0	0.0	0.0	0.0	0.0	
0.7074281929879018	0.4366591462721313	0.9852021886850725	0.08777815813185469	0.896866202887431	
0.16881079513867825	0.32764081672876194	0.48072727495924655	0.3654719495513884	1.438141587475217	
0.47332238279344374	0.5387179983976393	0.6419022505667983	0.3672214497637137	0.8368100223949175	
0.5595478645559242	0.09738942834552837	0.6164858245959696	0.06441960053384141	0.8362659574257526	
1.1748812587348205	0.6656844527712619	0.3379116803943728	0.11787157207007568	0.4506154893879129	
0.14453680203956132	0.2997604935938554	0.9854401152197115	0.44627734755290244	1.2727223766330023	
0.7496516333911359	0.27689246260302014	0.20339291115470373	0.20094017487811353	0.32840798662619114	
0.8502172661838022	0.6071067021842461	0.10120081238197895	0.5252298772380788	0.7824867514743165	
0.0	0.0	0.0	0.0	0.0	
0.37007852068603875	0.33367607713063485	0.4822807625680549	0.639711029831358	0.7874341578505577	
0.0	0.0	0.0	0.0	0.0	
0.9056704860261429	1.0096102965130145	0.5575361587362184	0.5942268864020247	0.6682039010841864	
0.7368838751901142	0.7550704056591984	0.0049630461381035525	0.04816330634005761	0.14377067653597872	
0.8010497686766238	0.5608276329953438	1.3441644590974962	0.2715067469462683	1.2780569870010967	
0.7388862312499986	0.4502075568696885	0.7033645164443767	0.015809521952535502	0.8349609588209677	
0.4336613685526579	0.10692304997493764	0.4130722525785015	0.7480236933939334	0.7994796648865896	
0.0	0.40622679364920455	0.6364203761648197	0.5492804504308345	0.6984422080111357	
0.6139166659017739	0.0	0.6758332768929498	0.3363593925266338	0.6471483711969044	
0.0	0.0	0.41228645502209166	0.30462651300525645	0.9649886505528944	
0.13556855569933618	0.0	0.16919551274472241	0.1486512347391431	0.20665926462249812	
0.9523250350862378	0.18383473918059207	0.08961378973748967	0.064021432869638	0.5965465326623781	
0.3197925596564786	0.45486699074896625	0.531666619617518	0.0	0.8910796148951702	
1.1269839451152472	1.0043574483194548	0.8818618735044399	0.6901632655662931	0.005481347316784557	
0.0	0.0	0.0	0.0	0.0	
0.3316198501777819	0.5228608613521063	0.5409319121179565	0.26117825659009997	0.6158982095542402	
0.7157496736958281	0.1911062849175389	0.7108588475490161	0.004583908155499017	0.856334885348985	
0.5183601495089794	0.0	0.32587392110438895	0.724623760026632	1.102348790538539	
3.3204835637083314	3.4087122439464355	3.274147360234974	2.927281555552214	2.681055782850439	
1.22599359730308	0.2758122949043295	0.031870429661488085	0.28087663647518746	0.4357726253071377	
0.09747666260299873	0.029574071710118926	0.17541130711759179	0.2986515370589305	0.545281123432495	
0.24110989116982148	0.6613661241242917	0.31211271148302383	0.0	0.5766438015452671	
0.4148984681115297	0.48036932531662624	0.8741933810467972	0.39752147114047115	1.0996965540633485	
0.1969225901468611	0.19215095954384415	0.5006680211175181	0.26226821550527807	0.48117010250556946	
0.767272950274378	0.025574902816597515	0.3389358064673714	0.5221422528199515	0.9223403601767886	
0.007336557316311611	0.05850836008670281	0.2598959152423902	0.9481362450021255	0.7495495937306006	
0.35192192070461414	0.17974338409823662	0.5078064149629617	0.4795615152918112	0.5772550151451624	
0.5418620437750755	0.0	0.5734918314194559	1.1911520654164334	0.26516375958692173	
0.0	0.0	0.0	0.7286478381038616	0.5223402145869869	
0.285313477578897	0.09411898162652596	0.5845560363254473	0.763040816119691	0.5348445847224074	
0.4773505724939353	0.7520655656537798	0.46763413730827247	0.288958737966406	1.0648916203318664	
0.13684858347959838	0.5317040404135227	0.4217160309071673	0.5196528317215877	0.7333127546981806	
0.325071625409309	0.023643125594229264	0.3118035947862627	0.3050669799524205	0.48367125482708617	
0.2310564466811539	0.1095067581564135	0.6203512745368518	0.07001370385740363	0.8319098496929207	
0.0	0.13341728091066662	2.303046513176394	0.3608460056703211	2.1335409298764025	
0.0	0.0	0.0	0.0	0.0	
0.0	0.0	0.0	0.0	0.0	
0.15941360534984286	0.2503554947202307	0.5252487395110226	0.38795513260725634	0.6431132638452796	
0.17477337888473768	0.5243897896336989	1.0096140944012693	0.3451949205025852	1.0929951127393671	
0.2246036927512172	0.9099431447955978	0.03815692004672701	0.6609226304049239	1.2578301536942451	
0.8545694341650052	0.9906897643225591	1.5515056508249927	0.7486185143415651	1.5934792749093056	
0.38458859705104986	0.0	0.4376956934901418	0.0	0.25225006533792804	
0.2995416752524258	0.0	0.2150776308221325	0.23155241864511864	0.5464681923335601	
0.288255643209957	0.5690718414038707	1.360418115486187	0.0036080061834735883	1.3077290258188334	
0.7347163104806967	0.28904851525682074	1.0203637783903272	0.23771255603904962	0.9499641113291871	
0.37449318240726515	0.0	0.90245138538942	0.46271396951045196	0.3683544173600189	
0.4391084716637681	0.40137121137973353	0.1465079601758579	0.815446569860983	0.5475008014658334	
0.21548447825185965	0.010213029272349163	0.24391867440360254	0.5773823113344575	0.6756711204575583	
0.37070433221644516	0.0	0.5378324401136428	0.408698551875369	0.22888295027433223	
0.2461498015769951	0.39910366009778414	1.123576876069671	0.0017960342641799745	0.6142794021968259	
0.13933466714423995	0.09376808834500053	0.2488685789459744	0.5339547260028077	0.43276592355087035	
0.0	0.0	0.0	0.0	0.0	
0.13717180610117452	0.2678631069089058	0.42573021158660124	0.47424911647276063	1.0089614005650729	
0.20706108144340887	0.03686295844445181	1.6738312857550057	0.16401328647062555	1.244189120021041	
0.0	0.0	0.0	0.0	0.0	
0.3946549055402523	3.6565956540322235E-4	0.7549189185222689	0.48731729589834394	0.8363281379487031	
0.0	0.0	0.011052515099226525	0.6173329325084788	0.0	
0.4327563385030218	0.35811854760031	0.33355320798441673	0.8654531404682609	1.291811715190314	
0.594818680422631	0.24583722615148654	0.4174781133226554	0.0	0.9733358139668147	
0.0	0.0	0.15893490892454548	0.28584418530421063	0.7675810243156171	
0.230028657409064	1.1905133164652733	0.031117382555017937	0.39938784251590254	0.6279954301697718	
0.0	0.0	0.0	0.0	0.0	
0.0846186994215246	0.12686500783157195	0.0674708672638603	0.004591149318467213	0.34609843763187653	
0.42950878315900615	0.5844330749652078	0.13413815767992837	0.5615083939505147	0.4737578414764451	
0.3673108616532396	0.12690883193077993	6.60026659754745E-7	0.4455222817108412	0.3592471381917511	
0.06633494108134294	0.5621695220960696	0.862545007140905	0.4049810033014034	0.8491964833342044	
0.08571836605802818	0.16487184027386625	0.4508439339720712	0.007815010900587952	0.9563762698394581	
0.0	0.2568220211134254	0.657233779010263	0.5677721473451318	0.4460273592180384	
0.0	0.0	0.0	0.0	0.0	
0.8089554792374084	0.4431660511869266	0.8608732430602161	0.41970891966694573	0.4573430085270508	
0.8045579902141506	0.21722867560346162	0.18679415281008052	0.7033544535221598	0.8190866184739709	
0.7100334487450672	0.879955908404793	1.2522893361773861	0.6880369060775612	1.1500991759445833	
1.2354799282441609	1.9420397505230396	0.30532012558769567	0.2019367561880637	0.2607569813489664	
0.06379935082764368	0.34511335611567645	0.7688368989650681	0.35287106114309563	0.7660612834166746	
0.9343199335636979	0.7110314653323909	0.16591584228336306	0.5688034704203446	0.3326547383343764	
0.350408128823422	0.5835324362498283	0.4765801407369628	0.5854002993745521	0.1252083271392684	
0.9267683704979385	0.0	1.3242766168660234	1.456764309117642	0.8447241473690631	
0.2606946944274215	0.16213194989072813	0.3446717652241486	0.3609213009923605	0.6866261191512474	
0.10824834346542232	0.157901543263733	0.2954046248421404	0.3135684296266219	0.8948810155887534	
0.016209334966595445	0.49270626872707574	1.4608535490647403E-7	0.0	0.2407372357168415	
0.0	0.0	0.0	0.0	0.0	
0.0	0.0	0.0	0.0	0.0	
0.0	0.0	0.0	0.0	0.0	
0.0	0.26481673879382406	0.33880940596784787	0.593428488707752	1.1051314689610738	
0.5497604342727795	0.3723387221793777	0.5318801970745314	0.09490153135025994	0.22286588576516883	
0.285373376040092	0.0	0.5760706618158737	0.561722288998458	0.30055797150618796	
8.582144558664999E-4	0.7525621506718427	0.38571910941531623	0.6567127178850302	0.1380271441466709	
0.17988622327115206	0.7831102972961902	0.0	0.0	1.78545732830446	
0.5696678313307961	0.0	0.10941311884876595	0.6936762742106642	0.8750150356446151	
0.2858437440685949	0.254135667012702	0.993880216467075	0.6569936920365508	0.7022357864094654	
0.15361863985875804	0.2881270232009298	0.19413357988762747	0.3249883139133125	0.37918019500395556	
0.3085756877725026	0.21970778098084146	0.34852728057589266	0.2105962804367421	0.44046956352228445	
0.5884159597318659	0.0	0.07106003427100718	0.371286963423332	0.6369575869458926	
0.21508636472542464	0.08538857890419284	0.641522292519903	0.5754618609658756	1.0461183096480704	
0.2953130759485257	0.0	0.0	0.3590749645370369	0.18435747119801593	
0.14313437726338993	0.27598407008358206	1.2914267641141999	0.0	1.344339103674264	
0.0	0.0	0.0	0.0	0.0	
0.5628938327353797	0.13987955213742412	0.11052311769188784	0.2397075502135384	0.6625531604380973	
0.9671780121354249	0.3563939083993928	0.20691420315165848	1.1310520553260455	0.9409202556513365	
1.1902679692769635	1.153990656342656	0.3513345470070885	1.3039290262045118	0.0	
0.4516601869213279	0.38383730736005833	0.3598027258389524	0.2739182275025091	1.294860350542274	
0.2536992735697737	0.3098143906522262	0.33280042621917627	0.24304799016467515	0.11472181388351103	
0.7209237637074314	0.47604996153110946	0.0	0.5456149312113812	0.0	
0.19916613380114248	0.49561622648485076	0.0	0.16021494150912138	0.19563616376059187	
1.562993817248557	1.0329642747481222	0.3532564426162883	0.2539099750757079	0.35747535623152443	
0.27766200550383524	0.5585969299174841	0.5027797749951556	0.6537465065679967	1.2723104119695616	
0.4043770137911926	0.9009166208798449	0.945727784424418	0.3699165111073141	0.9603069402971305	
0.82264947008955	0.41666345335352456	1.1906351606159682	0.0	0.6877451072333931	
0.1271089980724498	0.0550151181077206	2.996107098256319	0.0	2.880272467037229	
0.3252060710394222	0.6151454971118928	0.055840059610519605	0.16896528899877408	0.3397227850345615	
0.0	0.0	0.0	0.0	0.0	
0.15942990057863632	0.12555620671934337	0.028217004751188466	0.45900569978287414	0.47304567729724056	
0.0	0.0	0.0	0.0	0.0	
0.1507192420814423	0.19896912642474085	0.11863100984837018	0.21070526385783864	0.4991652840293431	
0.4547331552670133	0.0	0.04077675510264909	0.6494282967632148	0.8080235540264145	
0.0	0.0	0.0	0.0	0.0	
0.10674005341678833	0.9956797272844123	0.6847984318337265	0.020890101787481682	0.11506517040842004	
0.820277740266954	0.5978493024414518	0.273622135489357	0.5621581025406452	0.3621509625487195	
0.25609112543830004	0.1095302111550071	0.6424603046687352	0.4535460126770469	0.6724868904035429	
0.2058016501988136	0.07272725086714033	0.7207839905305365	0.2896926149048896	0.8947516212944834	
0.8809573890449671	1.3395062960419357	0.793038846843831	1.0407660479608618	0.8747864252149954	
0.6838246435248926	0.21615939310814114	1.364742071695331	0.7713991027008192	1.4408651573731552	
0.5003679311906899	0.11435579636147812	0.8037823292113033	0.21567736305643323	0.7649877774918444	
0.4510638329784715	0.44140261347082366	0.5006210960320945	0.40419317970666996	1.317017913262539	
0.4550998714684375	0.3126737242309149	0.23566715009402617	0.531095296360874	0.2133684934970972	
0.11308934882883397	0.0	0.8194996670048421	0.04400281353398685	1.1098167610942857	
0.31662407693577715	0.6232301263929961	0.5438597675806955	0.2030931096623413	0.5400972207678458	
0.8199511204022919	0.818419732255411	0.47840264001667687	0.3368524187285313	0.40050290414108697	
2.3129920228038015	1.5717077789260334	0.0	1.8561675449819182	0.5026840475409632	
0.26999536202931745	0.18592702466481736	0.42159520369438735	0.0	0.28777009489743177	
0.33817096819429826	0.24474388812916467	0.6203355847857295	0.5188758725878485	0.5327538653075123	
0.21242410868369987	0.4326295767787044	0.5697194117481327	0.2018700952497349	0.25151909176545895	
0.2918721216176538	0.37389298500172113	0.2778459543220465	3.3094513304463816E-8	0.399830935959555	
0.3176172845863457	0.4098962522633125	1.0741550950146739	0.11935971209913682	1.3302677633222957	
0.05915258346911806	0.4363837602609413	0.1887913240039125	0.3113979282041316	0.7513486671952585	
0.5378449812883823	0.59348108418076	0.14163172632500418	0.1852029758817767	0.6118156177028555	
3.485375556267852	3.594745943347995	0.0	1.674595274339073	0.0027608665949080116	
0.060803365364742484	0.04445401264886789	0.9875604678896447	0.7359600694822249	0.37970900132412805	
0.5222997020997717	0.4900867965402252	2.4384882902896612E-6	0.27166409792077134	0.042485023337867064	
0.48696593843558894	0.06494959010604845	0.9500630533706562	0.48061436579129174	0.8050456698070375	
0.4252976466445393	0.33587476315077397	0.05363769062870725	0.6083758541616433	0.34733367657617925	
0.019820222784313824	0.15605069405207636	0.36333573057563484	0.3571184710030491	0.395226209418735	
0.30682803916947726	0.24964648621928076	0.0	0.09731277466873603	0.08004331189800368	
0.5277546153148107	0.0	0.3541105082605368	0.17304426853424124	0.22128388089350787	
0.16255452100403503	0.017734144928517433	0.2850341233966346	0.4372595705882145	0.5050218215255846	
0.0	0.0	0.0	0.0	0.0	
0.6239997390748507	0.20203527618049566	0.2530652754735583	0.0	0.3045749351380797	
0.11352908322205742	0.0	0.5202116144516622	0.34581467403086313	0.31679984465694544	
0.549637446902775	0.27864846837895224	0.7672088721534376	0.3177937007052127	1.0244836917676983	
0.6105952502179993	0.49004843871186327	0.1952184747884245	0.5307593603375568	0.9902908886850571	
0.3567917879359855	0.24490306345491533	0.10569164477046243	0.4114824425630007	0.5157168654997294	
0.6056004101339449	0.08708570718479375	0.21428060860958315	0.5776239043681026	0.4413201588615991	
0.10615166064185896	0.4625050575818856	0.4552331032824807	0.07085871607698974	0.5760977935299474	
0.22292896045419003	0.3832250355456397	0.0424316665594658	0.1426624594527805	0.25714767756078644	
0.48448782443334526	0.460348648809805	0.020741290150177293	0.0	0.0	
0.012529468421276835	0.6943044045288834	0.2778853269909875	0.3603616750241674	0.48611714767459935	
0.863463256331199	0.6368040387528476	0.5110689520261232	0.8105333013652284	0.30675535095811984	
5.898603602245298	6.376380541434286	5.219323987037236	6.083906410678618	4.894753966293103	
0.31504295569750934	0.6017395718729256	0.16673184399764365	0.4638858804219515	0.18586214535763174	
3.382894932399683E-5	0.0	0.23296395060893332	0.6645885680831342	0.7033415696389191	
0.32702733169438697	0.5608072399543061	0.0	0.15765195401920362	0.4940444973951706	
0.09706145592100088	0.12693808037443838	1.837501250845859	0.011142719269961068	0.9504914691054037	
0.25542536551406125	0.0	0.08158552279783014	0.40090712736637524	0.9104210666695632	
0.6554677845845592	0.5144126608762791	0.40326481396828606	0.11087876948520617	0.6796955414310402	
0.0	0.0	0.0	0.0	0.0	
9.31007962853052E-4	0.1674526167332595	0.20070016368635313	0.7164412955514022	0.024859235302597652	
0.3438120255086031	0.1642726809435427	0.43936587911603897	0.23411662169607497	0.25260854185758763	
0.8873802321907235	1.3927499961715994	0.8832183053767022	0.10229277224004237	0.8459974165964115	
0.0	0.0	0.0	0.0	0.0	
0.7432239417373953	0.33956067248294325	0.7706980692714663	0.6339951446482048	0.812263804768569	
0.0	0.0	0.34050735852606073	0.5059150739175862	0.719660950929464	
0.5279286998460191	0.309061591804081	0.6469773585139621	0.2901105276622368	0.24662064707408646	
0.40111549303036864	0.4085704475258533	0.17441626270327193	0.6557480965294881	0.40855908652478307	
0.20997009380595022	0.5047857366745515	0.30299320600469637	0.3124532292366008	0.5160467905177257	
0.0	0.01606108640599577	1.153172382690373	0.3179965748779741	0.9567194310656592	
0.29859854826175747	0.17821284228366288	0.5564913476492289	0.3626765186593997	0.6377071195940727	
0.1477119323755774	0.0	0.5545943116840429	0.14203880916632994	0.15019327181584885	
0.8527194386058403	1.6383760138544605	0.21431308656235754	0.8084694802578748	0.007756230107037427	
0.43744813095576907	0.4011027300690642	0.27269526601265653	0.4977632136441159	0.5674571166409199	
0.0757960704947775	0.001574758021141825	0.8611194410662606	0.4140974830188739	1.1956944016002828	
0.7191760236046101	0.7288961513747639	0.3511890885956219	0.3508570265074034	0.6643670149871086	
0.19053574598459808	0.43369823544010483	0.3323447535932246	0.2655436462131611	0.7706725404526832	
0.3209968132907403	0.5487174112770279	2.8139696884629983	0.0	2.0253434213563972	
0.6913306887932434	0.5670602011383963	0.09158391727072927	0.36903286215025033	0.09970422361036825	
0.4926050052536489	0.21923418884927998	0.2358523825662047	0.018412436789152775	0.3335085201258721	
0.34506833948072313	0.0	0.644986943435709	0.9518946339859746	0.9581531672061214	
7.31608230870027E-7	0.16325966199353245	0.6100083294156566	0.0	1.202127104545017	
1.5250367837924477	1.211171599409055	1.1771618165645146	0.29488192926981804	1.51058528642583	
0.21777721568853534	0.0	1.7479917057951082	0.0	1.2050978968592383	
0.3146700711247723	0.016848745602924046	0.6145176481667737	0.721793424202799	0.917066365555968	
0.5768862602649505	0.12304859741890674	0.3565819847104118	0.7250493737506082	0.2743204811236092	
0.0	0.0	0.0	0.0	0.0	
0.46310009129088325	0.2859985138862529	0.4599225220528848	0.22085126028195382	0.39207169334965036	
0.21182694584697212	0.044468093360741055	1.245227466424407	0.49955624351999706	1.3184342544998602	
0.0	0.34949813098945476	0.485191190714977	0.44156201636436543	1.4599556540872876	
0.0	0.0	0.0	0.0	0.0	
0.0	0.0	0.0	0.0	0.0	
0.002358765599312694	0.2879917307873236	1.0134308808742831	0.06632093392117931	1.1611053734461199	
0.3394079803199162	0.09476870520758184	0.21816789220446636	0.5001819461720809	0.31793097941882864	
0.15241598599521022	0.600800379995177	0.6486978659383391	0.008410542985967016	0.5333041856207581	
0.7261144621119572	0.10106240195184102	0.286114967873218	0.14588162227812396	0.771239609685453	
0.5228442053698499	0.7519755750802656	0.5639445302225444	0.5158704596629842	0.5329162092689972	
0.06334549772103107	0.32421831422778363	2.8878471222960115E-6	0.7593648120874601	0.6636554093942556	
0.3225459323580995	0.0	0.4234453086266138	0.3904978873079702	0.1415814937080111	
0.4116984347015784	0.40516748837266786	1.2913688876218197	0.32675268392840984	1.3614011224730873	
0.35393576523433234	1.3440379220779684	0.2780818886241173	0.22135306678666172	0.04259354308637862	
0.08389228621240001	1.0935844641700716	0.24161180509697844	0.2657157656253551	0.6598644525504568	
0.5180796942951749	0.20313192360956525	0.6524795778973309	0.0	0.5260361242218109	
0.0603718087588804	0.45414444254244096	0.2029685340001974	0.10484598367423062	0.31500217023562277	
0.16764397934954833	0.0	0.667637023304455	0.7177619538535176	0.21422851841673035	
0.3085385611125963	0.27859320081261146	0.27855481274337773	0.5822557572057409	0.7417624352156645	
0.0	0.0	0.0	0.0	0.0	
0.4246572014166021	0.4562407574572906	0.36760944446256594	0.30809359068151754	0.6682903608812227	
0.38328721744526423	0.5120418280714711	0.5563732993315716	0.5754411366200327	1.0116651560845262	
0.7001870089843487	0.47549325810456256	0.9844564001357277	0.6035273353491172	0.8971164805973436	
0.3710041368419642	0.05803369164577577	0.26914625711957096	0.011964695127082241	0.44938968141622093	
0.6541686371620073	0.13508282204006475	0.15755118274884541	0.7694932314779578	0.409009977566156	
0.2203077341976149	0.0	0.20719428178372218	0.31459832385340797	0.1006095488651002	
0.5048480985715795	0.0	0.5469448433421424	0.2923689699464148	1.4876523203197123	
0.0	0.0	0.0	0.0	0.0	
0.33999868736116584	0.3610329834762964	0.456896266711988	0.7435280046139626	0.4807222193049753	
0.3202558296226411	0.4639347747501992	0.6324673849060878	0.6680160217726075	0.9425789546353857	
0.0	0.0	0.0	0.0	0.0	
0.09111956448610448	0.23492462812769851	0.3830951743120939	0.09745952797257265	0.32010656046255187	
0.518611022767378	0.27596051073945504	0.3893762741556146	0.001222491506332153	0.1338356988230948	
0.5950540213536486	1.0298713030460709	0.4412426959320493	0.3763789548880115	0.29701214529112213	
0.27317305373516465	0.47017604160369847	0.3583882832030274	0.08165673802683458	0.9045059316890256	
0.35957276890123707	0.3534024965033745	0.0	0.6299951525083561	0.0	
0.44333105504619463	0.5434821583522662	0.7935813792589497	0.044775760678399654	0.7370190202503271	
0.0	0.0	0.0	0.0	0.0	
0.6052607755220278	0.3187578713946137	0.8918445651917514	0.39993266189974586	0.5149718943640522	
0.3181036972616428	0.20887202829629045	1.2050225654474203	0.41324831937112677	1.1717761674573208	
0.7686235234069193	0.3783965482590118	0.7699997363238795	0.11843796497680119	0.31354782681617027	
0.9871910294831875	0.4523163761580778	0.24024588455405474	0.40934722049773076	0.4873637097559999	
0.2854147392795773	0.6047415403504066	0.3102290469313155	0.2791924981999865	0.25106271306560707	
0.29202763168604456	0.3602857189510313	0.8704878100651733	0.19961222053748004	1.0011745476497829	
0.0	0.5245738953411399	0.0	0.7054853282405397	0.20695140653012367	
0.7911932418421916	0.49210660975899856	0.0994680301568768	0.8022914282009411	0.642976094789386	
0.3878312457717197	0.23643341098983373	0.0	0.3429000979800165	0.35175688407767497	
0.0017634982361202916	0.15789497480555892	1.3488921484106584	0.5590065709147716	0.6388985358054174	
0.47968382836084017	0.5025345817783562	0.3920372882967099	0.29202400025212977	0.019919566520462305	
0.0	0.0	0.0	0.0	0.0	
0.33378139528168804	0.02566045217886807	0.020105301444425176	0.3538987616702493	0.7115773851898407	
0.1683675004147518	0.21579510166590574	0.8287183813315138	0.12307866730809017	0.9771566675350454	
0.07354334249595247	0.30679106612480633	0.23372105749497343	0.298234273544478	0.4979367577715859	
0.37011061668834244	0.0	0.9868592185360046	0.7390280119475552	0.601608389410804	
0.4189575452373077	0.12468720428774313	1.041991598748511	0.3240763099561496	0.9861347035564403	
6.1986685809769835E-6	3.153789543581872E-7	0.20258453903827453	0.4199922098760577	0.6052256699934532	
0.05431584998892755	0.0076090296981481025	0.5408664781524277	0.22508893413878267	0.30188401821957056	
0.0	0.0	0.0	0.0	0.0	
0.5406504901884374	0.42344836615464093	3.1278520357002314E-4	0.6248341623275299	0.21495242124956776	
0.0	0.0	0.05370247529766425	0.1322860017106119	0.2742273206073472	
0.2872608857949304	0.6363996231182893	0.21359642927350372	0.32476934490140125	0.324447527911965	
0.4788437084943354	0.16683074241668927	0.2598208588431132	0.25715121613739156	0.2921931861212074	
0.2811812053094559	0.44422139679020833	0.3115391089423799	0.13051452853781362	0.6574272526303371	
0.0	0.38861800471281815	0.5288702994176814	0.29407607748843234	0.21152265710914547	
0.4050173173069491	0.19161974758014527	0.3237654527405836	0.48579721968198103	0.43424642347180287	
0.09474172779649294	2.0672475405004414E-6	0.0030862412424147163	0.4851140385472329	0.6802395311265276	
0.24806479698303735	0.18910192348585345	0.6686685958320121	0.1321954874866011	1.249226597646935	
0.0	0.38928919428474335	0.5570395962757246	0.1976560401253382	0.7675398828279044	
0.5386110442776111	0.19821836089408773	1.1676730669533715	0.28521283141095105	1.6287065465316712	
0.22285664505967878	0.46879792740566983	0.30992671658057297	0.0	0.5691359456828256	
0.28253236501079904	2.4944943476911367E-4	0.25209393115172596	0.248300262704798	0.4591167535641884	
0.0	0.0	0.0	0.0	0.0	
0.0	0.842407828149587	0.5874703256289562	0.3493517357435837	0.408739839067987	
0.42119063416264607	0.6164362459424073	0.07671700494610781	0.6761594862798116	0.7646967132282468	
0.7005094080541538	1.7337957419545382	1.200997322524154E-4	0.21256740609886307	0.0	
1.5537945073382213	2.3310749973193947	0.7648605194183721	2.270584985789671	1.2215980832015243	
0.30262933929376895	0.3824472896183509	0.18908530472728569	0.11764946242459354	0.3385157147597985	
0.011357981908232727	0.09759737685953215	0.1610835039549942	0.5072184672315483	0.4954814552299039	
0.15910174958834836	0.13836333835659975	0.4832859732414735	0.2975848628338082	0.5604754457245988	
0.5113650868675305	0.05439347214957954	1.8983010193617476	0.4866888097798486	1.6884662356494913	
0.0	0.4893656969647218	0.2047679004997793	0.0	0.0	
1.3497929875151924	0.8551143714729875	0.2641734967862921	1.4447003317133815	0.698611338549825	
0.09640668886716984	0.7702485100168801	0.16161977627724491	0.30184745537263225	0.16524373166511402	
1.3663495889789785	1.6618230703626717	1.0892083610635739	1.3374437024312653	0.8627671751986901	
0.5530423766271537	1.0374241117232263	1.0358889187435574	1.4391876098828424	1.4957339300152894	
0.5959815260248891	0.0	0.22531902576385265	0.19785776471117716	0.5907440465467805	
0.0	0.0	3.4681198471457093	0.0	2.5999832469944297	
0.32639627821947675	0.3627860367251953	0.46116621371591116	0.004764450207187499	0.8326988342618843	
0.033471909514443635	0.6563102778597718	0.0	0.4478991161456224	0.39689042807576796	
1.234168301921618	0.21351066988454653	0.674572942370464	0.7919975046604297	1.232223886309925	
0.8383981067595319	0.09597913808194466	0.4432215665563522	0.26605851722557644	0.4845694634943187	
0.41910331178698423	0.5852116173428306	0.23772296123736394	0.43331851169938423	0.4350044868628897	
0.0	0.2749283228152949	0.015076375117894319	0.20523441899997236	1.2679243184423945	
0.4231199735969332	0.5959775688263083	0.1376860338952128	0.646639203269334	0.24952601731560245	
0.09762578611626622	0.33968504289060086	0.5572005879413535	0.0435316817839159	0.8822592230194815	
0.8794245492205058	0.9363483346082451	0.0	1.0683501511822178	0.009339395776307942	
0.11209615681492872	0.3172391268966526	0.5160312025283095	0.25432164064350476	1.008535998296412	
0.3415849053247321	0.06596008033157601	0.04290780014313561	0.7325751106807126	1.0832000137263442	
0.0	0.0	0.0	0.0	0.0	
0.3548056109254622	0.13579670136779426	0.02600375977337444	0.11697005032913532	0.5907364968484298	
0.6865708900801624	0.26375589145286404	0.427407559271684	0.6752965479346047	0.6570498686393327	
0.6075933491275115	0.1438983386582564	0.9706615506228675	0.5673716326783876	1.0086719612519162	
0.1463486227832195	0.0	0.4795658428845154	0.52470317326795	0.4985092587376843	
0.44639220918107264	0.45796814107885453	0.5727960536662128	0.06236336510199032	0.42594231515723624	
0.35545181255737324	0.4555869632966638	0.8185058687831309	0.23341915359453486	1.0875429649841473	
0.5212925220328806	0.0	0.05584503624081865	0.5826080638542315	0.2313442080868572	
0.9513074668769989	0.4254177836852862	0.7429106749517458	0.4786900623800952	0.2567231635838242	
0.0	0.2943207699871395	0.13412630428600436	0.360291046553717	0.41507080140306574	
0.040658190013332506	0.2894836282263736	1.0309218914624532	0.5102174408718142	1.0812736919017873	
0.167611480428526	0.3742610315355146	0.43590257770439705	0.04314398976936018	0.1404728693618236	
0.1168790625064065	0.420349351185673	0.8550223621653348	0.34287483684089687	0.9676555244391553	
0.8842066031367517	1.125104271706069	0.0	0.9547382946267189	0.0	
0.378700066816801	0.6677575670113653	1.101773008805104	0.09994711232105603	1.352363997821952	
0.0	0.0	0.0	0.0	0.0	
0.0	0.5320500569299778	0.11641153757192205	0.5230246499294912	0.4817050934511461	
0.05867877466628534	0.1079346815446383	0.3733562358191059	0.6385724191197515	1.1006276527279502	
0.24760153125643794	0.4855469907718449	0.33463596729294715	0.4997520901724297	0.38814480244461974	
0.19969220724543946	0.0	0.7570052552714812	0.6734891397877716	0.10093912156543118	
0.6441053473349571	1.2564535417565832	0.5450326575570694	0.07861661014973095	1.3093834725396019	
1.0361637420696046	0.8816356471547754	0.4550885326838991	3.473633833571387E-8	0.7262915077733074	
0.4087649406261776	0.0	0.9504973547411965	0.23984464678230558	0.10532659334761726	
0.4735788953260757	0.4899112852843954	1.1556123576079569	0.05836851248856065	1.2303956354173413	
0.0	0.0	0.0	0.0	0.0	
0.0	0.0	0.0	0.0	0.0	
0.657647774475017	0.12490536073118919	0.14104622466791225	0.1360270306269606	0.4826786975156266	
0.06146180928232425	0.0	0.46471817757375083	0.6826798814884701	0.3544482447916632	
0.046857954156299494	0.8280236901173069	0.3295447741843032	0.47670728938148654	0.49528073449266485	
0.28413954224191007	0.021596427251100267	0.6784834529079067	0.4797833633999624	0.29890800000202405	
0.3359823760790888	0.49584560876573747	0.0	0.21817904622428924	0.0	
0.0	0.0	0.0	0.0	0.0	
1.3355726577041145	0.3079731042398669	0.5046319445053519	0.26671334278601116	1.0691533069784351	
0.4261258838655046	0.10859564345393677	0.05616009088102008	0.16772978404809993	0.4119970436720251	
0.0	0.0	0.0	0.0	0.0	
0.11357410645213885	0.8205810774852014	0.2636352546278125	0.09624095039979624	0.7307104140626481	
0.04021778680611749	0.10424906469485312	1.2606988320789632	0.1389592437754293	1.3409559610103658	
0.7528049168953174	1.09552609707795	0.19267869838762625	0.894239742788004	3.60162694655678E-7	
0.0	0.7929791477383284	0.6321963005446938	0.0	0.0	
0.4599253233136252	1.0146452925248108	0.0	0.8844806881212672	0.10152093408350121	
0.4291997119512814	0.0	0.1075665710948396	0.6874746487413615	0.0	
0.1695302729969428	0.3176953210127982	0.2867205852466987	0.2745517023837546	0.21081759713974899	
0.0	0.0	0.0	0.0	0.0	
0.2681007609273762	0.5259721112295835	0.0	0.5436397857774172	0.4584383964579532	
0.0	0.0	0.0	0.0	0.0	
0.12216558882520864	0.5072779492617526	0.0	0.37723886579091487	0.1949333238542283	
0.6445608627079203	0.15704513608469153	0.00590390628410274	0.23802803015375606	0.5660625731989799	
0.21150070199850096	0.09502904230288692	0.7907918776794445	0.2143700549749547	0.5455886689590511	
0.0	0.0	0.0	0.0	0.0	
0.0	0.0	0.0	0.0	0.0	
0.17023252755060764	0.32519543453404137	0.3698365628763433	0.6796065815995053	0.05501722122790073	
0.6066243388039378	4.428056351152693E-5	0.7987058334735518	0.6681805625131064	0.48038288064798107	
0.5352912010731568	0.20016851706107364	0.1845876815623905	0.3406215195843688	0.3890000650001993	
0.11368731810028845	8.521847093273874E-4	1.9773338391983792	1.7150771300314118	0.8850868219802037	
0.7519611155368474	0.38582768984699045	1.2817110700844128	0.20339061652362733	1.7362365191706268	
0.8225274343518725	0.842919101613715	0.4352233402867208	0.3508432641527996	0.9675619306785697	
0.0	0.0	0.6332739115403301	0.0	0.0	
0.33999940184830846	0.42910236832523413	0.258231577440558	0.13384817649874906	0.26367310139185407	
0.2348350273123978	0.8038461763148891	0.46559654810814277	0.05930317723693485	0.8837803617639695	
0.0	0.0	0.0	0.0	0.0	
0.01913674194778718	0.012637971079615245	0.7289324467124638	0.6769624580256742	0.42591342485848044	
0.3144871999506837	0.6057714650130298	0.09066276627739556	0.7158064429168026	0.8535701815353087	
0.14148848585335444	0.1441930443262967	0.3190931523281351	0.49257385453296615	0.032179244745494884	
0.47696345581832233	1.0058654633196555	0.5534283653650682	0.38576663638897735	0.2818624289251906	
0.4327141208497253	0.0	0.11162641029147888	0.5489037674845593	0.7094043594213342	
0.0	0.0	0.0	0.0	0.0	
0.26302357904817014	0.13016828340940698	0.5868675426826881	0.23689655092550685	1.5502945430749577	
0.4402938718886043	7.726133231414695E-9	0.39263330028029025	0.1077280969823687	0.41675528319581	
0.0	0.053477444451367075	0.30528818503832345	0.4756489017068315	0.768331194085341	
0.8353439822443671	0.11552290842887084	0.4910898173167487	0.18482927830808552	1.274983491381228	
0.24371486678568405	0.17255072678790953	1.1551210210283518	0.31267503510250927	0.6438975866702525	
0.2746624990036159	0.22566807559197594	0.46908220119425886	0.4716162956371933	0.6289164010361445	
2.7238334368196228E-6	0.10660541977658607	0.09291190763494586	0.019878008551376856	0.35591988640682304	
0.10818594452254313	0.0	0.08207686308514658	0.24335234764704167	0.04905138213841951	
0.5496483128592302	0.06946747446970228	0.12428699095838465	0.3491488173689066	0.21967910787036646	
0.7932011031687843	0.689213604020316	0.7248290177769051	0.34191732044588985	1.2526662443680907	
0.5917978139757968	0.5283681440184412	0.3082046971866777	0.30480234473227996	0.2731071825507112	
0.4744169130954875	0.6934816455843948	0.1909970401285583	0.11373922593198019	0.5410989699307286	
0.11319072425048365	0.0	0.3260204258833403	0.4478046662250292	0.7135663315318014	
0.0	0.0	0.0	0.0	0.0	
7.790443660549217E-10	0.7379030618747207	0.0	0.5946006843630587	0.46343588382404727	
0.2299000438459165	0.07754005551669989	0.445811537834016	0.11366637229853706	1.071847498907198	
0.43413505224398136	0.011575745027284968	0.37625973516907035	0.05481710004843632	0.582935814497308	
0.4549660584085795	1.3124462669312602	0.09971262170232996	0.734590202920697	0.4089542723191181	
0.021211854330402364	0.4290874703465865	0.41454568307942374	0.38978907188343276	1.3937378861188208	
0.8448413079043997	0.0	0.0	0.2824347426219111	0.0	
0.40901840358107694	0.4930205087385173	0.42957493133672137	0.1263545806502907	0.3636737644227056	
0.41228926186542914	0.6855461818139184	0.03677875147457399	0.4931573235415825	1.7183134502108275	
0.4050759726826575	0.16172449073063797	0.6738320201131678	9.269094634834835E-6	0.2782578932848662	
0.3395745466426828	0.16686758357249784	0.9223823988840766	0.0700176156618058	0.6765678276372086	
1.069573170874888	0.9336928054994599	1.0219859268363292	0.38906799216970034	0.4447353441917893	
0.3956930419982618	0.37844506499190633	0.5995161816110055	0.5325991290515218	0.4017474138033246	
0.0	0.0	0.0	0.0	0.0	
0.5727856510992533	0.24407207204801393	4.8698845058013136E-4	0.10562487052045254	0.007312930574245155	
0.4473414537565218	0.2691285696248132	0.1781813177743582	0.04732167061255325	0.7688078805562458	
0.7147583083305703	0.304756875032664	0.8686021636909281	0.43646985796776927	0.3476464097313297	
0.39318001742790787	0.5287900810037287	0.5798009010143741	0.27904913443994656	0.36020526859228313	
0.2532441990062889	0.5767154660389973	0.3174300633465798	0.5092637167037953	0.11165865115308199	
0.363972002142719	0.6373883249340951	0.7112753887560539	0.2122348615967758	1.225312399664406	
0.0	0.008334339579534767	0.6431529637898881	0.11732990892155407	0.13248900016108595	
0.0	0.0	0.0	0.0	0.0	
0.0	0.27623393272637103	3.8418265589481157E-7	0.05478375842078197	0.08977501535673997	
0.3773903012681116	0.29530784629318424	0.32045969791923196	0.18466335496522054	0.3507506850713244	
0.6003112226755031	0.2149034477714161	0.0	0.004600425950666817	0.5111140584803915	
0.0	0.0	0.0	0.0	0.0	
0.5903544604402214	1.4125400703643167	0.09930310465907972	1.060180773100853	1.8426856858356666E-6	
0.05587663464595066	0.5481041820299818	0.0	0.3090435198802781	0.5488364549627056	
0.04615379151994793	0.5324852900628377	0.7046833041468139	0.1065667439072418	0.284954970698122	
0.39177383844306257	0.9495650997910949	0.04146917895355279	0.3011250686572801	0.2851431567756672	
0.39779674256689285	0.2139106912485461	0.2171895010859906	0.6086720461629823	0.15471109647083572	
0.09521789060888047	0.0	0.4007294090548	0.9522907575340338	0.9544961156870038	
0.5167974047446429	0.11082546369524206	0.23734227921612291	0.8210481744869552	1.0439150517607187	
0.18987678014087672	0.060099280867348955	0.44772844421610275	0.01274097349751186	0.0	
0.5402755768022021	0.0	0.686979184634332	0.002476804823812532	0.6966845122533923	
0.6037734066667392	0.3415742111179523	0.4246773977662638	0.03562749799066708	0.3557820178479073	
0.0	0.0	0.44181758322659725	0.21428729178205536	0.03837281910464843	
0.15885310837392677	0.5003155448811499	0.5810387779552327	0.3373410148066196	0.5901413828648107	
0.0892387952431357	0.2501218939626423	0.6865348839930664	6.218816954702729E-4	0.7232788882767556	
0.8041031379038207	0.6604673009267418	0.6578038467179531	0.4210598618779391	0.28492740999888894	
0.4638365650078425	0.1812526811374701	0.20585718669701616	0.0185773305697636	0.8275159828345536	
0.4212351132693656	0.0	0.02579030311625414	0.4970954832799246	0.33717588054315106	
0.5990764717899912	0.2998361807929654	1.0570352651907007	0.6293990757737308	0.29552379158964087	
0.47436584236128415	0.38801840392607606	1.366111997312209	0.2555205318332022	0.10276007261121378	
0.4672322902078554	0.040627794229244396	0.5599867687283608	0.1594047146501171	2.03991129193082	
0.0	0.0	0.0	0.0	0.0	
0.6708791252541959	0.39744909091613523	0.9989489815648112	0.12948251597546015	1.7095979565944284	
0.23508249669241757	0.0	0.42355388314194475	0.3106610974719348	0.7062142862157841	
0.46611575075737943	0.05643446079179072	0.16973795204830927	0.3517173758905276	0.23794957780963166	
0.6972126927882631	0.0	0.9141709857805236	0.19712138038837804	0.5790655038137535	
0.47064343566089706	0.07935813388637544	0.6935128894916408	0.020174377782411497	0.7258706174563652	
0.7163206681764913	0.39887895396084794	0.923629305196586	0.9037372147313749	0.2164053596461066	
0.7210671807356428	0.17452530852594111	0.038620863927994964	4.8303954778553184E-8	0.7906702478009014	
0.6044984753213983	0.297390805621728	0.27432586990704927	0.0	0.0	
0.0	0.3741961748682668	1.0269070535783305	0.9030258703788119	0.9145333840540734	
0.46105981371300375	0.0	1.0588483498344468	0.09061563873294011	0.2840104447562368	
0.0	0.0	0.0	0.0	0.0	
0.4392320799220263	0.24782530354410834	0.6687714789721626	0.5943068503630364	0.5452680961868351	
0.38327694135771156	0.07167507898102776	0.1444560298877827	0.41555226528511774	0.7442297001802493	
0.3605556916695327	0.363748120176607	0.16704653863266639	0.3021184176645078	0.4926391641214324	
0.6304604356446714	0.5526342813422189	0.5389936132421876	0.5469734505382824	0.5270011020594694	
0.0013259680871715981	0.26950193769407654	1.3958720712137592E-4	0.49976309493288706	0.7515390182397342	
0.21593983863472294	0.30629657839404295	0.40617844736856695	0.035184275683267194	0.5616208941303489	
0.0	0.0	0.0	0.0	0.0	
0.2167522205499646	0.33982244349936186	0.6553572695863611	0.459891198898977	0.4504476031504552	
0.3460059029347314	0.34851236881317865	0.062181757365391055	0.1780128127178455	0.17511588251697066	
0.6324973672534496	2.2426965653337812E-6	0.10547197473312916	0.3818825569972593	0.19893772104669963	
0.17468156577964686	0.18752948354305	0.0	0.0	0.2167598434337647	
0.6040517356085576	0.903380871111786	0.11203087619983657	0.465882701094315	0.12566393137977935	
0.5906666775874347	0.32037284741426747	0.8382169245764216	0.30446400997915196	1.4801842685797795	
0.7197951796269851	0.339063908753429	0.20652049434290967	0.026786332336274397	0.40098138756014307	
0.4799167535232274	0.014751740193499865	0.21978517532088684	0.17783846257743935	0.3248890880843484	
0.46745533611345447	0.1787149280918733	0.0010042955412481955	0.43052848808493055	0.2590260828419835	
0.7017754761614536	0.3079675415656517	0.1428167158589565	0.056895818168895544	0.2939627426876821	
0.14219580012290403	0.8170342871930415	0.18139063612296205	0.13482198245492236	0.3446359226907774	
0.15595310186917113	0.2566366046337398	0.8612170168581295	0.28355554374610215	1.087479729372504	
0.0	0.0	0.0	0.0	0.0	
0.0	0.8659109518218313	1.9621249500864002	0.0	1.6258401449921172	
0.0	0.0	0.0	0.0	0.0	
0.2467141938715774	0.6900212532263776	0.7761939409871277	0.9794751858980328	0.4339845485143607	
1.9289468184040546	1.6719834835077956	7.853769517439669E-4	0.2614818740181595	0.233814584204128	
0.7303746744580396	0.22102940256573822	0.23608212739712	0.33842071823968306	0.5280708601617775	
0.0	0.0	0.0	0.0	0.0	
0.15307569762588955	0.09889795457144128	0.47402472349803626	0.04807280032065399	0.7804820883244029	
0.6075486514165181	0.06004670365348691	0.056196156287459345	0.3949563509066066	0.7998371810800751	
0.0932551492023527	0.2374456950554363	0.28743166101845086	0.14406433708866953	0.510143129786315	
1.2177074252343507	0.32846728891713	0.28081908981455794	0.749776157225005	0.3500595300503578	
0.03159479570721361	0.35154210510130984	0.026819392891273296	0.4892753098084798	0.12501404159158172	
0.0	0.0	0.8953655398055278	0.31238866507017343	1.0025026455052088	
0.8286454304423089	0.3724984724740248	0.6129792930734838	0.0	0.5214480482110524	
0.0	0.456184893370184	0.6535390314462556	0.48700840444665966	1.5434948268645878	
0.044950154568061396	0.10185761987794568	0.11224051419134347	0.19267280033308531	0.20667818806562374	
0.18163403387257224	0.6421534471998821	0.6900068285140111	0.18592741558345602	0.9781591702125831	
0.17372235483735146	1.3652375127683978E-6	0.16977618379865422	2.0654802902194083E-7	0.05039415365275319	
0.06359163718712081	0.022440448508790456	0.23206645524172298	0.9764477409755624	0.0	
0.15207843860265144	0.23417846765395206	0.3604281005194445	0.011741525145730845	0.2506083531665519	
0.0963656383629547	0.4213544345202554	0.21157759125725417	0.06855350464217726	0.4548827947017326	
0.16810468634833087	0.3786315176935657	0.9750506767706028	0.37805778816615987	1.074555400823709	
1.4738471858949984	0.2279134872374935	0.40540213219618737	0.8905751499434515	1.035738649639818	
0.0	0.0	0.0	0.0	0.0	
2.1926774654897874	2.3255551907930823	1.5615669747699834	1.6422178212439227	1.0163225804925116	
0.3099327660677204	0.32317988329143366	1.5284763497105485	0.5956118084644382	1.6275607060867046	
0.5978174559277944	0.7965244462928657	0.39281601677979305	0.3718393436272305	0.4964101721365003	
0.06453175779828553	0.39369491444972016	1.022431371897409	0.0	0.9256186354950796	
10.41181282750889	9.858769327325325	8.653989831788966	9.953802049252118	7.181802670101522	
0.0	0.3918285912339091	0.38319835150763953	0.24433387891759503	0.5427978687453625	
0.0	0.0	0.0	0.0	0.0	
4.045334741413963E-4	0.39888663842365985	0.10082359043425657	0.2368017510878419	0.5988544663397728	
0.5880211794551445	0.7664979711221396	0.8092034951771204	0.5682059494236918	0.6793723458678325	
0.31424623202898416	0.028255656773273234	0.20884722923840093	0.13502813841957584	0.2741471298244358	
0.058372555833554905	0.6283273184656509	0.37327923173238403	0.0626436987738165	0.3782894428526326	
0.0	0.13356048367727613	5.268127856295681E-7	0.5879629357574486	0.6140009390621364	
0.0	0.0	0.0	0.0	0.0	
0.1992989082159453	0.5552885454076417	0.5839774401334147	0.7317162911141337	1.339755599593867	
0.26545196608108995	0.0	0.2742058578428211	0.3787099189376692	0.5840588113653099	
0.0	0.17643304674708754	0.3833077633996182	0.13390236728395238	0.4298328759713201	
0.25610728622082435	0.41146519066842563	0.5165501117375922	0.9109082016839037	0.11774767606157359	
0.31055985035762873	0.1793557060777268	0.06951228608587094	0.19745371061023542	0.3603186914852561	
0.514112205972446	0.6686815111539809	0.8192329669949252	0.0	0.40265794919573494	
0.09648538571245407	0.36632346741561056	0.0	0.6793696693935367	0.7084421578576141	
0.9269205554369989	0.45254163565623656	0.5441222544947298	2.8458342390219105E-4	0.4887426258545375	
0.12367217763921724	0.30980407739380883	0.0	0.4716133393299853	0.38920402627052497	
0.2715669725379499	0.12402237155703472	0.4495914124747521	0.585714680533986	0.509330942602697	
0.07538878318708972	0.027993753710393185	0.0	0.16669331842277346	0.21791757586813099	
0.31135972402752315	0.559855795261976	1.0248077693014348	0.022934605954972726	1.112657321930402	
0.0	0.24961341080090685	0.0	0.3807727018218191	0.08866906618743241	
0.26786954796574847	0.023330205351944824	0.5846077139647748	0.12963102988193087	0.8495653477839259	
0.0	0.0	0.0	0.0	0.0	
0.48764004775427583	2.4368706859780294	0.3788913584195424	0.2256086562646134	0.22468525190157182	
0.18631714587825163	0.1302749225963915	0.030229230273605096	0.0	0.28220915077738173	
2.061206147504715E-6	1.5204053745743678	0.3465472801503416	0.18847680451999937	3.2530544255730534	
0.47298449295898903	0.17121364351660212	0.15243165915856852	0.02693389492480874	0.6500999221333649	
0.44184639999080294	0.0	0.15059861868433957	0.1486174482111115	0.6146087050628076	
0.4869815687851846	0.7300200488026903	0.0	0.764094039492851	0.5155269721549084	
0.28520206556047184	0.11481953132367692	0.017721743059096753	0.2912320766545847	0.3965566212413887	
0.5404353724921442	0.31025553176360426	0.04664129853187114	0.48875337158406434	0.5636767528188915	
0.2683732266249938	0.3923713196510663	0.0	0.016364805211527302	0.4183068925141819	
2.7957813258602844	3.0326030784984885	2.201168942724316	2.0172268475807758	1.9627370626679348	
0.0	0.0	0.0	0.0	0.0	
0.29005643935834985	0.4917015839741052	0.0	0.5069338030321339	0.22209646298763322	
0.0	0.1536296810267386	0.2022087237842397	0.5702449092770351	0.6458617394213834	
0.09391396415977607	0.0	0.12400743130609145	0.2816459414586506	0.0	
0.12361488869777375	0.2692085586540701	0.10587905793906412	0.7254905717401599	0.8610675902041719	
0.5185862964560203	0.32099533141126535	0.10784676208843727	0.002876831157155707	0.40541480750926356	
0.2191483384994605	0.3146904702249918	0.5572826259447824	0.5658280126169816	0.7738281573194804	
0.6647064663816631	0.23760648742831023	0.028945382438808252	0.42367354235739263	0.21477841099210992	
0.40161361352607416	0.5774509278023275	0.5995028235854662	0.5810161041729291	1.0135402275847103	
0.2718194601721545	0.03625653364918562	0.8809952826465574	0.3114634380653729	1.1645003828290519	
0.522789663581204	0.23407305676205956	0.18506786101228836	0.2834326041906005	0.7118636722121264	
0.07805825204581524	0.3398117577611919	0.3307334378644949	0.04250418334160257	0.19628106720063945	
1.0024291792332156	1.1945761536337247	9.767863253285778E-4	0.434391421367197	0.020360065163699887	
0.15077699482106435	0.4619339968370929	0.0	0.07097446233001883	0.339134268646548	
0.7661267270933828	0.0	0.14560039613612805	0.0	0.0	
0.10595279250663273	0.6884346613275187	0.4732934207471084	0.0	0.0	
1.6525251257045764E-6	1.3015244884681763	1.1404577228323025E-6	0.7080974362200687	0.21528747122751002	
0.38548885893602636	0.0	0.6053517862681068	0.8349620623250896	0.7998064303335457	
0.3005009379019527	0.2678623615698335	0.0	0.461388802526818	0.31745904338119113	
0.16819187653026987	0.22478972363630464	0.21718680939620882	0.4882187159264638	0.4265928622564959	
0.19270139409550696	0.4748895608783018	0.14131589020383573	0.5755871096496431	0.43388214159952654	
0.3188018681808179	0.09247922705462652	0.09757536637203786	0.17500340647616086	0.5794013930111339	
2.4620855886109294	1.8797547704533693	1.168807856495212	1.1015848351597668	0.7191789334040848	
0.5386205664798991	0.7695342557557099	0.1905636906171099	0.5389554089816112	0.8104336688810851	
0.0	0.0	0.0	0.0	0.0	
0.5166318187421098	0.28965909130955086	0.652311889934096	0.0	0.7996366799928158	
0.39289112645515717	0.5226213383986653	0.9188463816080488	0.2511056882426357	0.7754430267816806	
0.00844993922376062	0.0	0.31614536928607917	0.04549031512756641	0.0	
0.0546263868775458	0.996385335035844	0.5156453095114713	0.20086204734040397	0.27065393892481915	
0.0	0.0	2.4412567567415615	0.21032764136910398	2.137206804750633	
0.0	0.0	0.0	0.0	0.0	
0.3691846420710213	0.321800647155495	0.268253102800624	0.457834809073198	0.07870678329759467	
0.322349943321462	0.03553362032656798	0.35146500159060834	0.4615448854142299	0.6252005450919125	
0.4940706497634485	0.38037058898650083	0.3580750603380316	0.5457722218801663	0.46563293964750213	
0.0	0.0	0.0	0.0	0.0	
0.5054206770323352	3.8094555335770794E-8	0.4825193666884954	0.32095530554744395	0.548662694296531	
0.6389812633224874	0.5577495071160413	0.0	0.7507594421864947	0.23277917720101474	
0.19162455510829574	0.13682335696518355	0.18690987455894204	0.21383305550951778	0.057974255232321616	
0.746078646452297	0.46336711328191654	0.02343217448307523	0.7981236346032422	0.5106670060938476	
0.3304600922707514	0.14584126209946216	0.0	0.4551639667735298	0.5555664058088045	
0.2997811152615392	2.8517418626913735	0.9733219117051835	3.215746534956807	0.9527593938530158	
3.1781968500603295	3.441938137363127	3.536116308904501	3.1548885881434217	3.0151858425956473	
0.26176988784449845	6.500045196961216E-6	0.30879310246440617	0.3096282866782267	0.39086212643753715	
0.08240254937337976	0.9223201291056969	0.0	0.5409899185207014	0.2634295951251741	
0.23576894462625972	0.6473217536972267	0.12849755893098222	0.7734487127001144	0.0	
0.29341902572072265	0.6491812662283314	0.671057895321875	0.3638320697138648	0.34346371527323993	
0.6013320593172976	0.3339360931827392	0.33736496342772293	0.19006606954678915	0.6209509336792284	
0.24334419477836972	0.0	0.325380589560453	0.03976781098503211	0.5165943912773164	
0.735705467404988	0.35208036676715904	0.5754922336069599	0.3343195586557513	0.24398171157125073	
0.6581569289868213	0.3933033257747867	0.661671396610002	0.6351720064927573	0.5444055558430404	
0.2586043402899843	0.3150892046190113	0.31755650169258454	0.6496375267375168	0.4620381646253032	
0.6634494234822002	0.5355139079851915	0.5445614677100398	0.255323884521094	0.4310808967046754	
0.28121567215502247	0.045076592015060035	0.2903465464752266	0.11955486774360886	0.2196532078498918	
0.16490655811659705	0.502737698002153	0.24910130217970802	0.2779733150254179	0.4529629918461942	
0.24291882442534046	0.030177014987071767	0.9789299339994664	0.43438791246251024	1.1167641637374772	
1.407890345352786	1.6053917450803696	0.0888621145476752	0.4897141295179852	0.0	
0.14461566570625245	0.0547670512383525	0.2818036957856511	0.4149340378498441	0.3227788749946437	
0.3389191102614767	0.2502755567769863	0.0	0.002642548251984345	0.49896777404039183	
0.6188652658423773	0.6867729731128143	0.25185094657195645	0.1341841778225522	0.21427552997939855	
0.5126767892538209	1.036708394639011	0.13811039462559727	0.0	0.28320620560864435	
0.2664078481515038	0.46377468059453764	0.4534201364282886	0.025462196702527265	0.5815327751309746	
0.0	0.21350909915535526	0.3650630555318391	0.3568926282625102	0.7833391706250407	
0.555466550316402	0.0	0.5441712310490352	0.31555709205057664	0.6106273771250957	
0.16598021433803473	0.4173654427370782	0.6351200498810253	0.14040198243571667	0.9132356550241373	
0.0	0.04448500471887422	0.4055166521504742	0.006358708627395289	0.9709206153569316	
4.275852575888037E-4	0.0	0.3258017682885595	0.7185318166210339	1.0879984188742806	
0.0	0.7403724703112129	0.7810607105343892	0.22204122674312585	1.1496279524632589	
0.8947822090285404	0.3898800867591749	1.1152606619748392E-7	1.3905360998775163	0.17832601672101564	
0.15226465957334592	0.0	0.0	0.7202121953410213	0.6593836850735807	
0.09725009401957961	0.19075911748956975	0.0	0.1667209098656458	0.1592876898974639	
0.31250142340796877	4.825252352630953E-6	0.1297902320127974	0.15977964107000164	0.7093037123908136	
0.37486866954537473	0.5035202325327239	0.2647653972352824	0.49567013586402286	1.5537995905904833	
0.10414455465648224	0.3433388980656184	0.27001755310384873	0.2478153001680366	0.24483494100426806	
0.0	0.4237881118138508	0.0	0.7972073306428479	0.0	
0.03787865826357372	0.07546806039280772	0.2985891968393855	0.07115441335589942	0.710676163979739	
0.0	0.0	1.0481073168660382	0.3111370791734635	1.060081077338282	
0.33134065188439926	0.3554070390219378	0.4659380576902704	0.1639001707705151	0.39975401529944193	
0.18259676890034682	0.3848284368990363	0.2070744666380323	0.03393144624991207	0.35036270296126915	
0.0697163683319237	0.16780149004963493	0.2244470240461017	0.5770001247427347	0.27403066318375646	
0.12595152360304165	0.3160344303450904	0.6033636968490814	0.09030307928157431	0.49727524710005894	
0.06997996968670493	0.041877811490569086	0.4395693060491344	0.02616443547870271	0.7767938410035212	
0.5908180369904061	0.8174439437773975	0.42314377051417656	1.2847742980795367	0.4759701787764323	
0.7055581443315665	1.450039591312365	0.6623564791505957	0.5044228078509992	1.0152703650240957	
0.4828329798532958	0.006143796072132033	0.2633758307144814	0.405635244305587	0.48843548448929625	
0.5287546630124582	0.4668979666807958	0.7335436491409129	0.3996235031502632	0.29166531114334826	
0.1931722496207241	0.029546042885298694	0.7936275418403452	0.0	0.0	
0.2646090351831773	0.1894085712133303	0.7136929248036796	0.13861414644403638	0.705487337296705	
0.08344863365726748	0.0	0.42964534310998126	0.0028867117410038257	0.2513288055772222	
0.0	0.0	0.0	0.0	0.0	
0.34267868715673533	0.7058927828951395	6.372128661670127E-9	0.09101739284009401	0.24057733400750766	
0.5175849041777565	0.5800486811081312	0.0318477122123511	0.3770920735238496	0.852326631563024	
0.24686606417083112	0.10403926618894904	0.1710700340739754	0.2888360054273827	0.6160121345424869	
0.48691571673213097	0.5985485555478973	0.6969000218089789	0.5729439676990437	0.5542735700628841	
0.6143665446398539	0.6039576825773767	0.5466207350425871	0.3469425402125153	1.0516416599134142	
0.37263271779589013	0.5899812747811961	0.8491787613041261	0.2701072148964964	0.6044429593278556	
0.29248729352485114	0.7623776169808449	0.27212393340602126	0.20627648258571205	0.6214646615736319	
0.0	0.3229506009101348	0.060678479336185524	0.1807591622090046	0.0020078146271284678	
0.11371907815606988	0.0	0.2439593996813623	0.5268567338749869	0.7340590579916336	
0.0	1.622249519884085	0.361414587727597	0.0	3.734205217412119	
0.6250091700838727	0.46815797772174	1.018566396152496	0.36856952568357243	1.6221210332863798	
0.17273802592338752	0.005274455836716157	0.299965982313585	0.1825362281851183	0.29338425165595305	
0.347544083629163	0.8042376253217045	0.3631333691119878	0.2957767505504989	1.2385545123396482	
0.0	0.0	0.0	0.0	0.0	
0.5811539969799169	0.06170212945838483	0.6940885411169654	1.075011502529267E-6	0.4428806647129484	
0.0	0.0	0.0	0.0	0.0	
0.0	0.0	0.0	0.0	0.0	
0.424696573098482	0.3933917784130275	0.10337988006200766	0.04791517132081458	0.8948657578774212	
0.28017413221466786	0.0	0.5900201454576913	0.42302243264007594	0.47891624193069116	
1.053743818902662	0.578600614455271	0.398512411277627	0.415613786779733	0.20818884495905565	
0.3704446853488712	0.0	0.5056111870094526	0.4415323214138416	0.8203604581377989	
0.17497809484969995	0.015157903970289372	2.0765181383821902	0.0	1.085553114121265	
0.0	0.0	0.0	0.0	0.0	
3.5834031111346767	3.3874498943379883	4.086701761940397	3.3650911734384565	2.7052071817909975	
0.455675721642778	0.058472991214893855	0.28711826708635785	0.13322183864223075	0.4164153226037506	
0.3157086057031074	0.0	0.3542122834230532	0.2899862295100603	0.3737925456690276	
1.4785220863973532	0.9023401918673698	0.7490416025968334	0.7785387863581187	0.08566559512512496	
3.7567788432832674	4.134489107051851	4.172260800622903	3.3300227173024357	3.57490222182961	
0.0	0.0	0.21367042305442396	0.10738666168980057	0.8828299187156322	
0.0027979761355777675	0.07055433671559552	0.09078109510827954	0.3727920608630129	0.7939671253741009	
0.18450671199062832	1.2352056508594973E-7	0.34813556935691997	0.4905601319582206	1.184856194991208	
0.8441595490737374	0.5911163418706352	0.11673235867687984	0.3603119526878376	0.23691510269666674	
0.6435509117382114	4.860465549205512E-7	0.131268025397966	0.6112929962634875	0.5903697277049593	
0.0	0.8293616164380874	0.7020361153350895	0.22066213389551165	0.8693745358521425	
0.3953891138674911	0.8035246671369434	0.8574002832370745	0.6036745590195668	0.7832872031378953	
0.8555217741798578	0.11967438066192397	1.05981789183543	0.2552643986864332	0.09996787390942762	
0.0	0.0	0.0	0.0	0.0	
0.004518008704011859	0.5985690901949865	0.07396155432752102	0.3130897926451008	0.3134255014464646	
0.9807658393243678	0.47864116085895947	0.6465526382304345	0.5894987277498991	1.2094713120238676	
0.26503840883793356	0.0	0.20843060651561193	0.0	0.4293883468517852	
0.5616039196076502	0.21739791130579333	0.9506814158216264	0.14170198869087178	0.9141778973461342	
0.38079849727073634	0.01687920309263287	0.2868774629641488	0.7330028238849631	0.763854394970524	
0.2306992773682011	2.7431690771720325E-4	0.14417796728983212	0.20766839360976858	1.290742041749338	
0.021101864355808287	0.505109170909726	0.9463308069658714	0.6266282993527595	0.35284941061826613	
0.0	0.6096373418571969	0.5156652285174247	0.05354566570208844	0.81096012894988	
0.1740834149500015	0.8123642384874996	0.5443497393041123	0.08592201031266734	0.7065736093742537	
0.449923556666947	0.3637208207318988	1.2488764276909123	0.5823378660218007	0.8362348977042233	
8.155037921413486E-5	6.650696716203778E-5	1.341011939544353	0.0	0.3196007537107988	
0.518474047173258	0.2514127861813939	1.1211304326638123	0.11605684965799047	0.9685507824382886	
0.30581836535584966	0.67437775563396	0.02290858606367866	0.18025822335971636	0.07645694591706849	
0.5840103338091104	0.5874190121245257	0.16028886987795757	0.10743996815656182	0.6779531564023382	
0.3487653274050972	0.05373970234744046	0.29809408316222247	0.3004605648754565	0.5014524324446299	
0.0	0.0	0.0	0.0	0.0	
0.49509487440040123	0.34638099940861317	0.6835310022712592	0.1765582098933911	0.49449366430551894	
0.20462065894414616	0.008998167764769863	0.40138707551477304	0.3021521457797435	0.06640013466065596	
0.3831399894011318	0.27044234819614993	0.29361113818719475	0.007462335574077451	0.4208921316858379	
0.05328901895745352	0.22453619458664661	0.47022099663204725	0.30561164040440797	0.42478017524928197	
0.543324778133845	0.5735420345909732	0.12219340160943895	0.38836910397165725	0.9100967605300171	
0.5438214587524974	0.01921103828292537	1.0127059051815195	1.2409034142425295	0.6064355824970623	
2.8367589569579746E-6	0.47964026227687323	0.0038373744851252327	0.07871919400231675	0.07806034065999991	
0.14611482510508442	0.0	0.438888533280619	0.14729778161739077	0.0	
0.6270440694829506	0.683939546073937	0.0	0.0	0.20829568752230093	
0.4551733412252827	0.2636007584169614	0.8163429306962149	0.9125639679570352	0.2464470255314265	
0.7323677585703339	0.45620649643739547	0.23754041001011916	0.17425797065182358	1.5737986573022438	
0.5986682616884402	0.0	0.0	0.7344981457484928	0.4426017924649562	
0.6100659901437985	0.32666966822238946	0.037959370220437695	0.00794220585854001	0.04345916326194546	
0.18089491999750656	0.30283184573140476	0.5532377358511104	0.6405264985131367	0.668281636268989	
0.0	0.0048633860553767	0.020168374459637022	0.677152819198464	0.5516694509998706	
0.24731830323178342	0.02951154341721736	0.0	0.30677630515367904	0.06950893611976826	
0.3998341056143184	0.3569798033653952	0.13441187062471924	0.48933743472816293	0.0	
0.23436125819406364	1.5397684810258998	0.8204544191976016	1.4479857937194232	0.24288338670005355	
0.35361373628489	0.2537676589695015	0.3665233432833783	0.10263720831516931	0.22211351027666343	
0.6677659071030997	0.4339329508148535	0.9563538380379518	0.2830290236804541	1.514854801454448	
0.0	0.2570288805239696	0.5180664570830233	0.402781228727613	1.2086692463658568	
0.45084885667681673	0.6919308933696375	0.9258047245853128	0.3568996092023496	1.062462739691684	
0.4653088669781566	0.0	1.1268328037518371	0.0	0.6445525452004022	
0.0	0.995977098101386	0.0	0.22532864899388128	2.7375360886552436	
1.0530110190902042	1.2168251065381475	0.8139334174795769	2.1992254844992796	1.398176777122794	
0.4052954280519519	0.2478873912720969	0.3207812444987759	0.004208248109792378	0.31983590202274303	
8.485294110917843E-4	0.0	0.3391534731208986	0.4400080009895943	0.6417737029979488	
0.43355885482290485	0.6134996801889003	0.4321711708506759	0.5509935343166567	0.5459365736361779	
0.935377612732505	0.30691678349383816	0.06258015801032835	0.3927233075755096	0.8237885939706394	
0.7423395814086254	0.0	0.41029811801242083	0.4329971861390975	0.5566756498649557	
0.14726137995812827	0.45209690511066547	0.21482387372671113	0.43135450200248665	0.4565040835127025	
0.6017872453298803	0.13768667001092802	0.17900159154483208	0.30738163670184915	0.06203182690024866	
1.2918737983329203	0.756388180870412	1.044561967329697	0.974789400865817	0.5341632425036296	
0.474773376477736	0.3712855368567324	0.21909714257613963	0.38986034251007556	0.6104496702040877	
0.1221778745202298	0.0	0.012739747636326064	1.0858651923327096	0.3279100150941406	
0.0	0.0014307390661440708	0.01328925562717016	0.4121244564145992	0.32925013007800463	
0.30001239775494076	0.17941109800351063	0.5576427407336398	0.37644960726355603	1.1493596623726117	
0.0	0.0	0.675801092758505	0.0	0.0	
0.18986651723859635	0.0	0.2508838121814624	0.6669138489544413	0.5785939831690742	
0.7885203061141903	0.08222673584146316	0.32101551798099387	0.05613168153986711	0.4928720982737629	
0.1360905452618558	0.25849506995800176	0.20518162862722458	0.49687558350882877	0.7801271958699706	
0.0	0.5879830679129181	0.24256846147853775	0.4830569530175472	0.16362755577130883	
0.5335301153107815	0.21886813914823433	0.2844051280749108	0.06271633626192269	0.41660248572030784	
0.5211154572831563	0.37714104945386495	0.20990115537692894	0.011579910136360267	0.392004270844482	
0.06400847717764602	0.997940553973904	0.38952858278268654	0.27843455820032464	0.29297962360638313	
0.9317173127016911	0.3595370955995608	0.637784168758526	0.5571383367701057	0.6869556857074846	
0.0	0.7442896177185003	0.7412632218910471	0.21774742765349808	0.7627118127463819	
0.45066650381845835	0.0935300700498655	0.0	0.40160976243075464	0.6212071444166215	
0.0	0.0	0.0	0.0	0.0	
2.1707406111159884	0.24550652530367645	1.7172864865056647	1.3924184547172134	0.9439112234364131	
0.0	0.40064499495786643	0.9647233794070248	1.270240913858164	0.007699434135736865	
0.22576630155361696	0.0	0.5305677748314342	0.24811971467574967	0.6770060390741317	
0.43239909811070193	0.24217974930411612	1.4034433718091948	0.24666487050239275	0.6026685438570158	
1.9951860463593536	2.005090752389038	0.0	1.8539956348732933	0.0	
0.6554108489565089	0.2666871125915931	0.0	1.0043564909932026	0.4921928728967856	
0.5319745512208581	0.12653812190041688	0.0	0.40119024322712904	0.5018307513380109	
0.0	0.3388771883847944	0.0	0.1763925342922227	0.3976355922881968	
0.2722638211992261	0.6371774517286922	0.0	0.3765495005374209	0.4245148273181452	
0.8626272935519359	0.4462222289715244	0.8989053269970709	0.41865201913735145	0.44884031330017543	
0.32526133606326274	0.037266620334893176	0.5445871639395781	0.2349866156005469	0.5197605735279766	
0.4028664823081529	1.7079259572573375	0.31802517070328257	0.0	2.8961520356720865	
0.20842191647867014	0.06194245215212309	0.3115727634260541	0.047586866814016214	0.21097181781385452	
0.00114659336802036	0.5640995070037718	0.014527887752904459	0.15443668199531732	0.3093880316489038	
0.0	0.0	0.0	0.0	0.0	
0.2662699242370444	0.5100117193107448	0.3125626943840768	0.31307663357061216	0.9922697207012027	
1.0621520520231398	0.40600516063186926	0.20256223935565348	0.6560455749363	1.6456616642714896	
0.6957497533866492	0.13985053265986983	0.729441399595867	0.22967670583858935	0.22237081459396923	
0.13219476369382727	0.31533466169585994	0.3097965653511107	0.6321582601981173	0.46310628471590876	
0.0	0.24074425148885922	0.2736937404820675	0.6998769672071421	0.40971079939959953	
0.47150327735691755	0.7121150245153796	0.2851927536506338	0.48830800086262305	0.1030281976943286	
0.36839564198052294	0.5847429628795707	0.28845571191660946	0.65148796545935	0.43758720796626377	
0.44964800400860094	0.36140119055129055	0.590953359064881	0.4213730450521808	0.6518143782872928	
0.6144380394822564	0.34340415854040246	0.08040073887248704	0.5332128447552941	0.5503253408118737	
0.40950907320011676	0.5653211083665635	0.2669257997105831	0.03300471549240842	0.38063338592506635	
0.0	0.5998164478001196	0.3337663497287442	0.6313675031836486	0.7735455447626101	
0.4388471555240553	0.1837728618066806	0.3744886758538214	0.0	0.0	
0.6375244812388223	0.23257400567456538	0.7613680161453252	0.10635806058620405	1.0661535274233718	
0.045402494691658093	0.0	0.0	0.611842008558987	0.5396859764307259	
0.1919663561157348	0.4939709928471209	0.14935315629880114	0.1730639480535012	0.40308714510644617	
0.3140040081724503	0.036024172644676056	0.0015343395914410875	0.546679114043828	0.152575102513301	
0.3843141205774333	0.03410552098048893	0.5321897474908737	0.14212357686603627	0.6137314535231385	
0.0	0.0	0.1923109074309171	0.6872733360629372	0.6842631014511601	
0.5306113142544227	0.025218198162655758	0.10230499048977724	0.45301487960097747	0.6476742829023266	
0.2788637923168082	0.43879362369879854	0.10113749002103899	0.19556074421695396	0.09827120872347968	
0.5341787960638501	0.0	0.035720385217116256	0.4416640079485915	0.12360944504216052	
0.37203933925241695	0.028409827605538313	0.8518770312850275	0.7635447015434145	9.813212102761726E-4	
0.31683878444916447	0.8503557746520853	0.31491936981661134	0.7732455634471648	0.4042445781933247	
0.0071190055597435305	0.13147256526537013	0.10683266648433729	0.8569249620275367	0.7077917537978315	
0.0	0.5272242508493532	0.0	0.5345485121395147	0.41182715051561464	
0.3440747608155726	0.19622473750163003	0.4071095536306204	0.0	0.4809328169325927	
0.7124332917823427	0.16971731895983716	0.9166957419087983	0.3527006267538181	0.8108553291106024	
0.2265598863708559	0.4781190025559074	0.949805982168619	0.3386925296943303	0.8324093981340305	
1.0681855008410115	0.7914271005968239	1.1653796797168825	1.0576805252853558	0.09521364065319188	
0.12902614284582722	0.3106065050302768	0.5411006961669349	0.11621947914542274	0.7416550600613472	
0.0	0.0	0.0	0.0	0.0	
2.6433414747926642	2.1386097681853258	1.550491868982058	2.828158416106026	2.1746688357874038	
0.0	0.11893393463011107	1.5383012184190559	0.0	1.6842629540672593	
0.0	0.09701838128555045	0.023663562492829766	0.6213385557334804	0.644804005501946	
0.48050529850429946	1.4976531644002349	0.1804871072219736	0.20564454028733212	2.7587911675752714	
0.6322034640027714	2.107842877670139E-6	0.43009896114966323	0.30747855939759555	1.1655617907068094	
0.45719176243118126	0.0	0.4776956121029421	0.07137716004874763	0.4324848171274149	
0.23365656491470807	0.09725937305956091	0.6890315969041916	0.18912914329366062	0.7599880000176431	
0.20197334922609259	0.0	0.18105466945560597	0.16470608776258794	0.4903010746050799	
0.03752121967114756	0.13147859483146587	0.0	0.22460177102878154	0.1835638658951398	
0.0	0.8072017782035958	0.0	0.40574241637918346	1.5117696905172056	
0.019649107746235257	0.8753322924238138	0.3035014656345434	0.0	0.45376056265419334	
0.0	0.0	0.0	0.0	0.0	
0.26728780356534937	0.7284735283342753	0.0	0.6120342395828944	0.5337226321082364	
0.7548489630066381	0.2294474054745236	0.5559013429953696	0.3663732907591233	0.69154079242026	
0.5434103161860722	0.1996745552308242	0.6533524312535022	0.48347092638624645	0.16623091887872704	
0.07873502572237386	0.4531595480728239	0.01521273828227182	0.6669274814797822	0.9775270025837378	
0.3621260854900561	0.5031806562877108	0.3249873483793702	0.8845167533652597	0.5157183910131881	
0.32540055236217746	0.41226586373057905	0.0911874340027687	0.0882179228545529	0.3440885587086554	
0.0	0.42588640776723274	0.22819396726046245	0.7852094276453482	1.5510225875290649	
0.5578923802839288	0.8940921343325374	0.361245940476481	0.49994062415020357	0.06211226478394533	
2.555187586523173	3.0539754542192172	1.474120362008843	2.915204477873556	1.402268651547819	
0.5844093962137878	0.0	0.0	0.6270256345494611	0.35891632667830964	
0.5112464655753517	0.1400558164850244	0.4846230772266804	0.2625308897309702	0.16579837902214045	
0.9955515721765331	0.4622820817728828	0.8056058359669459	0.2620260462536985	0.367747218773381	
0.05324405251851808	0.725758268847991	0.3880596445074299	0.6065379580453656	0.8097805174984728	
0.3597286816963224	0.047049897795135597	0.10103365483369686	0.22045029750814987	0.2840103854016011	
1.2863290782074428	1.3877250373583265	1.5589899765597195	0.6029891072112369	1.4763517442742848	
0.8690310548110063	0.0025399027490495977	0.0	0.5973114205969899	0.31791045228558756	
0.1499683634737058	1.146266772880669	0.2174808571589179	0.15519762992972957	0.017153929550515708	
0.8977672999826103	0.25268351052003224	1.5259553675615067	1.219348143285301	0.697722588029899	
0.9863130479007198	0.5605275687496984	0.7630055885378061	1.0750690640095166	0.16314918569649597	
0.2554762589183648	0.018324816181406	0.29410230093176937	0.39057115027310585	0.32154014547163023	
0.2696072888567736	0.447116430869327	0.04017612832401948	2.8956207968497996E-4	0.01807830482395231	
0.3857452425749216	0.1667580043090512	0.2817256740419343	0.7181312917619032	0.3242374107145496	
0.5718074007890017	0.3512211880725463	0.24856286470543118	0.17624642895442466	0.8022863657210001	
0.3416864573968466	0.712353461873797	0.12307886196294171	0.3048338704062233	0.02912554064162386	
0.28812314151613627	0.39687128846124775	0.22866591348304066	0.49053097268856644	0.21971522545427472	
0.5498630007279101	0.9023416798552218	0.5633469443549212	0.8128450029138167	0.983423722292439	
0.07590981872433286	0.2298566758625232	0.521768231501143	0.31412858343025146	0.9094246809832267	
0.16036107691363613	1.101746571618234	0.2938383642639879	0.4407715979963734	0.007881780457096263	
1.2188800776513966	1.0832637575026483	1.990057046997658	2.717190416899162	1.1758964728032089	
4.491957851719109E-6	0.8023406593023313	0.2915183460522761	0.1797907894260038	0.46765110506662977	
0.27014371582753527	0.34547733444199974	0.29252415318832076	0.36826717594812874	0.6000244723730106	
0.0	0.20706331836134337	0.6963051002642052	0.0	0.5224860683323179	
0.0	0.3450689634272277	0.4259280496704805	0.1639649143772017	0.0	
0.2595611551467866	0.36013036779350005	0.47053075200314354	0.18286314074949134	0.30109829021708623	
0.3734344383278022	0.5042704666512047	1.2684488001956555	0.309205192564792	1.4237386327677333	
0.38387467706773043	0.05505682683263745	0.264387911539907	0.23305988216059426	0.45962912428324715	
0.6494890995441395	0.5330356409924937	0.18490820683597903	0.9481636432935698	0.582025234085583	
0.15163805593656207	0.21118316287679575	0.49660124477210615	0.2840619422183216	0.5627528095283489	
0.0	0.0	0.0	0.0	0.0	
0.9466968808463038	1.748890173608689	0.09655923211788672	0.994772155037307	0.14816285504836482	
0.27630274998929577	0.0	0.6711033629749047	0.7725466765312037	0.9765329464276654	
0.3977971405374297	0.51923886404996	0.2033295446199746	0.10405462059713104	0.28474305529042176	
0.0	0.0	0.36491000445148514	0.39034046593588567	0.4514251023529326	
0.8079689933103193	0.27207184362301784	0.8056565372527771	0.4046712577659033	0.9051758727062685	
0.3077955620936341	0.5712832235452701	0.6386443346667678	0.15216121273718564	0.7392226211010849	
0.046623451215589036	0.17920576315632103	0.27096237109503846	0.2323855100522347	0.42847882815953997	
0.4286097953650118	0.2602532974988803	0.0894340594987918	0.14541888525275373	0.3731897775058494	
0.6806171986355858	3.646201846009417E-6	0.1057257971186712	0.22152680935289634	0.79354140854068	
0.8287663140226451	0.5114020142861089	0.7436253179610707	0.0	0.6442862931239189	
0.8056124627450444	0.12068218491734721	0.2280273567876586	0.4177936144781766	0.5741815581259789	
0.24609100412256615	0.8706069445525432	0.5511194055590255	0.0	0.36383073976649966	
0.024688580835152563	0.6636732147869782	0.698668867490925	0.12373732643761336	0.7367714356148469	
0.0	0.0	0.0	0.0	0.0	
0.6628409898574992	0.0	0.05847080453599176	0.046159874174289156	0.5223675611056395	
0.36425395217119294	0.3001534522085598	0.5556911127716658	0.19190255699932296	0.27592983653037845	
0.14024250787109857	0.1822294896491838	1.054383755865471	1.013760223274236	0.5915098629527146	
0.26889146909623857	0.7477641895576836	0.1331919352677634	0.16049589840380693	1.0532278628225547	
0.0	0.0	0.0	0.0	0.0	
0.0	0.1725393002883282	0.0	0.45844641904695277	0.14195775245287431	
0.22931130853346596	0.03935281681452324	0.05556740168778313	0.09406025041893311	0.13133324406162236	
0.45034935305972595	0.8887216464190156	0.0	0.792187399037686	0.05530292083084356	
1.1598988473820844	1.8749739516234227	0.0	0.1509144457789732	1.143281379201166	
0.07138531380215395	0.39007261896967516	0.47052845371593155	0.13455628245270304	0.1440507762814058	
0.331631854301598	0.589485313226613	0.1815095116620279	0.2603985806924551	1.1292038636342605	
5.627962682282943E-4	0.05517338366033079	0.8639419920264483	0.48051702820491254	0.6842949730589512	
0.15266407767806986	0.6115314262133049	0.16743536996619082	0.12448394410516452	1.5292619100032119	
0.48151248095902033	0.64550769016575	0.3547464884150851	0.08864154476309294	0.6019147456612671	
0.04677442599491598	0.2819237741220065	0.2548532128131106	0.6806362283366666	0.519077698174868	
0.3039754871631975	0.0	0.21833594653316643	0.37772092018087844	0.5298941409453565	
0.1974821430056696	0.6145545276482456	0.34483412246265077	0.417169450073361	0.47528101004187	
0.06803093716685944	0.19880154058559196	0.5960894014798981	0.017463338837123026	0.8955215893654255	
0.2936582480768775	0.6110975116541	0.26061629898762284	0.0	0.38275425320021444	
0.2514480022897331	0.4236587804309285	0.6825523035818204	0.20564345122486322	0.695126251000844	
0.11890105804861952	0.0	0.0	0.5711304463413229	0.45660755393432617	
0.5108316198044989	0.4507537994293608	0.5734542129786968	0.0	0.16860445432356558	
0.5597870622176404	0.45456034274812435	0.8625201678738726	1.0006864034781981	0.5394010998781392	
0.3786863502498101	0.17228872872762446	0.1937338140238332	0.4440085614162753	0.43948794173065847	
0.4021783760833458	0.08494764828839607	0.6550519704553435	0.6623185216001165	0.4893719798684941	
0.27747574198955144	0.32040730398956097	0.315832205176649	0.2710264626473579	0.1794443338349923	
0.5831980828100912	1.1550595564758845	0.0065384284584224526	0.8693662598262645	0.25362241816963726	
0.6011617241892712	0.30254181134281727	0.1585442507321234	0.395308355909416	0.1833430765016687	
0.3493808066290411	0.4536922773106151	0.6955587948999293	0.5002077561987621	0.6880076054860059	
0.6551699387190099	0.4543161781288911	0.5489783139344547	0.3125363971975666	0.0	
0.4443656327833445	0.0	3.3607650328646973E-6	0.8063755455766635	0.08664687909119519	
1.8492066327011964E-8	1.1537833007101905	0.18507403273819276	0.014593687336427862	2.0421378314705265	
0.6901850816306906	0.0	1.0035543012924601	0.8546834072108436	0.2191525592179527	
0.1750922147879351	0.0012751413823757435	0.43842881955010565	0.4135069472699694	0.7225817335899788	
0.5146324657191668	1.4311586585008862	0.5907667560491704	0.1262216624811311	0.23246283422481842	
0.19198631285045745	0.39620011697718194	0.4287711269892477	0.23176106205778144	0.901410758849106	
0.0	0.0	0.0	0.0	0.0	
0.17467037570565286	0.6050325646375088	0.06540370355422481	0.8249602783659941	0.565820006180823	
0.5593889934468861	0.6368975040887703	0.38704888485858063	0.24706652072970986	0.19879220274587953	
0.07669150903404516	0.05423758805948161	0.579187439781877	0.5592140375326967	0.6333954643900189	
0.6522500642367645	0.16800198000912706	0.35802659503635	0.44726126308065545	0.0	
0.9017383187093564	0.525196096981301	0.0	0.606883146095767	1.3179543399666007	
0.7709756750071061	0.001913542032530987	0.3221710569417635	1.1042105713870005	0.17255743562771853	
0.0	0.3580687400945497	0.853038764502017	0.7556249168282123	0.5227516332104695	
0.05670450804766501	0.1946294518781086	0.24216047494432177	0.0399776885276709	0.4293974348321757	
0.6111336031623759	0.18621109700152258	1.5376706652019332	0.0	0.8671151427780314	
0.8246567454467517	0.3290865041945547	0.4032317169909798	0.27293272310154854	0.042427387393866346	
0.3934827595647453	0.09344012535210064	0.4990003839330897	0.5232546207314044	0.7740376124789641	
0.2295342539169231	0.3314650576804084	0.0	0.3327710043518292	0.3035411223459952	
0.1730355743648593	0.37648014617972997	0.4279135017353134	0.25164054940126973	0.46606452108683527	
1.047955409370893	0.2368610457691563	0.7372433558595565	0.2852933014305052	0.864244552351286	
0.0	0.0	0.0	0.0	0.0	
0.0	0.6420422958296569	0.20718467582447386	0.5345380097320842	0.612189570215655	
0.3060066359810702	0.10241561936099772	0.695132063549613	0.2949061094504326	0.6020452407955742	
0.847765253192585	0.5218245939459674	0.19974785495867708	0.08774447188765863	0.5861817732152863	
0.7214657860192154	0.8654198166929659	0.610815088842897	0.31338742706027334	0.5212939707309083	
0.0	0.47864183059627075	0.3783832397371386	0.3519835850053118	0.214330350936498	
0.3904032168498079	0.6175376298204327	0.16715535972803303	0.6367825651061697	0.3044457511929477	
0.003150859858092557	0.34458410954465657	0.4486855350335843	0.1805261206045834	0.8674216727721152	
6.533840912257463E-5	0.33449468365044566	0.1254552486002061	0.16375898024393518	0.7992621157652966	
0.11060700538975413	0.28332929857995887	0.0	0.5228267071615926	0.22994767138410557	
0.0	0.39804568946807484	0.03084565522006987	0.4531963198991121	0.6338809191884032	
0.4616174731849197	0.5147862490127952	0.37104625778123407	0.777813665472201	0.6693557391626292	
0.0	0.0	0.0	0.0	0.0	
0.9730641426931526	0.12787828968694914	0.5599162929613848	0.0018687581902830683	0.12658584978864834	
0.3546151612779688	0.2190256760283646	0.2531339182019017	0.6264504456175777	0.20518327570952238	
1.467466831050148	1.5547374382636363	0.06031041524169984	1.1501468585756442	0.0	
0.28560210734295194	0.4020845811982459	0.23131359633634654	0.42554015253932365	0.4952794798514717	
0.19087167361960677	0.6145261503257916	0.5027559674803347	0.17984954770180417	0.6246643254326059	
0.3652499687367906	0.4190672671168514	1.066475402637928	0.3523980559950566	1.2662667900640134	
0.7457964610979865	0.5984039503734591	0.22832457108569235	0.047478242151119524	1.2186032330728223	
0.5726148512876355	0.5215487187707277	1.415213171343386	0.0	1.5376093449997894	
