0.10050551522048339	0.044458737279281874	0.18015304989287562	0.14633366244271645	0.03694519562169272	
0.21751954023568734	0.204474073045752	0.429587966714688	0.06285103524902813	0.41051874551008377	
0.0	0.0	0.0	0.0	0.0	
0.3370064197438821	0.10599636592529145	0.18783854791912197	0.49936354346449424	0.34419217904152544	
0.0	0.0	0.0	0.0	0.0	
0.0	0.0	0.0	0.0	0.0	
1.344925576227861	1.4208719860980263	0.45601348624394955	1.1422876535674409	0.18592838182628815	
0.8690556321427945	0.540459636775869	0.0	0.9047890086516855	0.11797510354897944	
0.1930511198934263	0.3400552240883693	0.3168733144514729	0.883941916507508	0.6583149480150756	
0.5480917448284381	0.3157147373656609	0.0	0.48277983047772666	0.48353615577472847	
1.5236478079537894	0.18498849888113256	0.9278850469052777	0.7086216465104903	0.9729101080884158	
0.2446102661560862	0.9918048118013298	0.5318074652403462	0.10627311612501768	1.3559142734662217	
1.0056259650075277	0.38031033250843543	0.23402771201243194	0.08425856798837675	0.9409332117576369	
0.0	0.0	0.0	0.0	0.0	
0.0	0.0	0.0	0.0	0.0	
0.8282760642021255	0.4586911968286644	0.5457417260695846	0.5444854111158479	0.48886461702204514	
3.535649994304609	1.8332275634066653	0.8727329133235813	0.5094058458915882	0.6608472301477878	
0.0	0.03397643136568415	0.27701870491706626	0.7335969099963181	1.0295608990749368	
0.003937529876517379	0.23697103139221237	0.7135424097284317	1.6098456309753597E-4	1.1152210670603833	
0.0	0.0	0.0	0.0	0.0	
0.0	0.0	0.0	0.0	0.0	
0.4964842555475066	1.114761464048276	1.7857318350282545	0.14291957785728315	1.399884702303456	
0.2296864342567644	0.7094358556046779	0.0	0.09770174800582056	0.32959615095878364	
0.26112959746997166	0.29951884247083144	1.0228653369113292	0.09257662096993247	1.280482996650647	
0.42433628698487263	0.03604062082648434	1.107760068014466	0.08620616229083904	0.5717154424486223	
0.5014958385098764	0.4526695790484694	0.9063893996324779	0.3888156281959269	1.0337308084294299	
0.10465057735575231	0.5528223172105351	2.083353925925134	0.0	1.955200042082892	
0.030901977816896766	0.12468449451540156	0.5964553429072342	0.2577061747723115	0.9589351011656461	
0.6454576398434952	0.4354912633796801	0.32767814406576484	0.30682592829538935	0.5722773444964158	
0.3617285956933084	0.0	0.4200977929069547	0.25349846799237385	0.6756590582845136	
0.0	0.0	0.0	0.0	0.0	
0.6087342401202437	0.0	0.3120502234253351	0.3194203336713619	0.8163610457155608	
0.35672383626446286	0.08612349413161763	0.8546971304541015	0.34564850776315037	1.1464403359713395	
0.2501924452966354	0.15516785597737845	0.48848434744211267	0.24384341027805798	1.1042750571735251	
0.0	0.0	0.0	0.0	0.0	
0.0	0.5265158371595442	0.7207403639855933	0.4280024615669246	1.155187292135366	
0.4674172470955352	0.25897693689707973	0.5105726146176679	0.3433666550190982	0.3099738583619589	
0.5721962854900925	0.30847617690035084	0.04076850643660527	0.29534311673976577	0.36829871561172633	
0.0	0.0	0.0	0.0	0.0	
0.0	0.0	0.0	0.0	0.0	
0.0	0.0	0.0	0.0	0.0	
0.5066329902979442	4.6713026133816877E-5	1.2857587165973998	0.1286095410448011	1.1480815039636665	
0.3941196463106209	0.3268169882017131	0.671041936178331	0.4775478578423307	0.6825580414792553	
0.5942177092815089	0.27815283630683846	0.0013806648975559681	0.4969415406559969	0.2999849130365426	
0.6515478719391837	0.6046179951941745	1.5560955345563887	0.0	1.3431377642587803	
0.0	0.0	0.0	0.0	0.0	
0.0	0.0	0.0	0.0	0.0	
0.5335453423666622	0.03555196449962644	0.0	0.71264009680552	0.939810362011961	
0.0	0.0	0.0	0.0	0.0	
0.28992032167084597	0.7793383991061953	0.9233062151657732	0.595733082234143	2.128566724114302	
0.030022674936591866	0.5751035426748466	0.44091097651710304	0.5940918197994429	0.3745726771477121	
0.06131793863106894	0.07407739490111388	0.290545239974521	0.5628385790441917	0.8487169012964638	
0.0	0.0	0.0	0.0	0.0	
0.0	0.0	0.0	0.0	0.0	
0.13404082566707612	0.1388107415927925	0.2190857835007234	0.046509333881972974	0.4089619905688794	
0.6542965692895991	0.6380088552768423	0.026406476939365698	0.5812227344609862	1.5775414062394837	
0.09307654219031894	0.04396538438936177	0.16987125178683044	0.1975110641365596	0.19859014586934512	
0.4936718096952073	2.2981428981995448E-7	0.8321342795399587	0.032606201405753876	0.5956165040553566	
0.2387240899461526	0.18152473419154372	0.5505417846037998	0.34431167864249057	0.5588327811686093	
0.0	0.0	0.5302388235628649	0.24427690401473787	1.1521938906077336	
0.3678632880612836	0.6459545706770237	0.0	0.5359949062052713	0.3998421654102575	
0.6088704830784896	0.2626838341762389	0.34567329180247874	0.2573598434464291	0.5465752099897483	
0.5752701411885596	0.4810722226672444	0.6745365250515198	0.24467678514160693	0.7961830432952459	
1.0313299095712307	0.7594948489585792	0.6210778383380021	0.555730723391019	0.11638226046466173	
0.0	7.924734632283821E-5	0.5061721437349739	0.38905409369461535	1.0286307335002634	
0.5031548695001644	0.8464394719959742	0.6464190605963224	0.06845012754820713	0.9172358165356755	
0.4790405847772969	0.4711526521218587	0.5174167272365481	0.10938019825757887	0.4750061544927324	
0.0	0.0	0.0	0.0	0.0	
2.6442507493657197	3.093930690722217	3.1515440393309504	2.549172293034728	2.8384651929857263	
0.4834085243067123	0.980156101511084	0.001777843773077545	0.6652008786312655	0.4166011930934647	
0.46242174972640043	0.20906895533568381	0.0	0.4079887492999053	0.2775292556518728	
0.0	0.4534183088021909	1.2699917299117953	0.19571745613036814	1.228247634602588	
0.38675673666997384	0.5900269034624944	0.6245514809335344	0.3416397390174583	1.1313360658914802	
0.0	0.0	0.0	0.0	0.0	
0.0	0.0	0.0	0.0	0.0	
0.0	0.12404471464448948	0.21697175524663184	0.06660418815609193	0.4636461586888346	
0.0	0.0	0.0	0.0	0.0	
0.2630752244616994	0.018554795337760506	1.198768449107029	1.692556783460013	0.0	
0.3065380756049136	0.4817081090015153	0.28626271291808175	0.05879800099809968	1.0403753696740305	
0.0	0.0	0.0	0.0	0.0	
0.0	0.0	0.0	0.0	0.0	
0.15253387129512025	0.0	0.6427036439861984	0.8062568693906891	0.9539645368775905	
0.38855466876740324	0.7001500437177923	0.004707766676890087	0.0	0.8044967706034721	
0.25874754291409074	0.3646220334079431	0.5963590469337776	0.3527957339188997	1.2746301142865428	
0.0	0.0	0.0	0.0	0.0	
0.508787318502074	0.28710216884535866	0.23770534459125095	0.7111113479730204	0.7059106177998521	
0.44167349388453475	0.1855454600861629	1.1825604296173873	0.6747409748763673	0.807437306840434	
0.14975772946537616	0.0	6.200477337733798	0.0059622206408874705	5.434009279753044	
1.9996108340486485	2.192664608137861	2.5016181589835242	2.0369705536745206	1.305866879669017	
0.6977965103576722	0.2795438469223753	0.8780031247133693	0.4384585755203438	0.8895978674847799	
0.3996983851557007	0.10638194285818209	0.28515502955434097	0.647505578738228	0.14349859958602032	
0.4097536782013923	0.3613320021824552	0.08265207433528432	0.2348159395546138	0.773756270000649	
0.0	0.0	0.0	0.0	0.0	
0.13704483611524118	0.5288804556332644	0.217311996334993	0.46808736484205204	0.716977614953586	
0.0	0.0012110988566436183	0.7010980168510167	0.18872693297256243	1.3382520136163518	
0.39984844471790987	0.3047538506423782	0.22829525116088176	0.05979839631120343	0.5471901444753327	
0.0	0.580550761771874	2.857587047609116	0.08814580045381122	5.1553773349470635	
0.22005767399172968	0.2847142970616077	0.3534838584814815	0.29895941415366395	0.4273141970981912	
0.16857420342890173	0.4465769741951184	1.0295239723818024	0.11574996952781584	1.35580310353769	
0.09620485909453969	0.5052189213809591	1.1354461961794784	0.30080459745716515	1.0808234255735127	
0.3018836347944248	0.3868459876451101	0.19669535299922397	0.557116561473817	0.543023516627073	
2.6839493085478403	2.6778456484146917	2.060367906300001	2.4911534873442758	1.5867874975848935	
0.15919931006673751	0.2550378149351293	0.9619856887156344	0.26463042446581087	1.7118333152272793	
0.22776744633857957	0.3657971238283501	0.9849954312587922	0.08548471510475263	1.1816963393708433	
0.45845375288651397	0.0636291836706175	0.4391415684205858	0.36730556163826616	1.2969078349418992	
0.10934414846279877	0.8468015403667964	0.5922292250640527	0.28129393594548713	0.9844349850452022	
0.0	0.0	0.0	0.0	0.0	
0.0	0.0	0.0	0.0	0.0	
0.5793142193981637	0.37923399582386647	0.6762933987617388	0.2039541363273181	0.8993977640698386	
0.0	0.0	0.0	0.0	0.0	
0.7074242481875255	0.4366593568269133	0.9851928389948451	0.0877775163263556	0.8968610735577399	
0.16880728934400413	0.3276375911864744	0.48073871528856493	0.36546420209448255	1.4381256464138854	
0.47332183112037024	0.5387176783051407	0.6418980301650875	0.3672107771554417	0.8368154589969888	
0.5595430192586229	0.09736925871176091	0.6164703877084317	0.06441787340471923	0.8362581399987663	
1.1748758909646828	0.6656765378576928	0.33791885508284497	0.1178740849976712	0.45061264028045356	
0.14453681709733196	0.29976363648902055	0.9854351482066828	0.44627291907538796	1.272713818585815	
0.7496470130906072	0.27687695968196574	0.20339671360400785	0.20094575192209796	0.3284199627722399	
0.8502059368657435	0.6071070597591848	0.10120725642197008	0.5252175057250693	0.7824694742833262	
0.0	0.0	0.0	0.0	0.0	
0.3700764913886803	0.33367493846214974	0.48227727135107074	0.6396960506911428	0.7874179757008365	
0.0	0.0	0.0	0.0	0.0	
0.9056752586830428	1.009618927298603	0.5575347001879064	0.5942348073730891	0.6682230836314393	
0.7368534120197467	0.7550653458087079	0.004933211138676416	0.048102592617169475	0.14373610834150896	
0.8010392903607478	0.5608212106083115	1.3441412237372554	0.271496030273851	1.278043669619921	
0.7388748951835183	0.45020565370390775	0.7033665219943069	0.015803222445084003	0.8349613643890909	
0.4336532580696217	0.10692383758662742	0.4130679237111626	0.7480127903212072	0.7994626876354284	
0.0	0.40623551650425826	0.6364155600906292	0.5492827468857866	0.6984291353615045	
0.6138686997314753	0.0	0.6758301061969215	0.3363417200558993	0.6471111106271173	
0.0	0.0	0.41228950490968924	0.3046330227325684	0.9649841136541796	
0.13556806232163798	0.0	0.1692083816104729	0.14862583292593692	0.20664252616084924	
0.9522925037137439	0.18383159410774222	0.08960676490580817	0.06402093074083753	0.5965221565063447	
0.31978683465854074	0.4548673791282528	0.5316571251054072	0.0	0.891073860420479	
1.1269893134371711	1.0043595622694999	0.8818635057399223	0.6901415324317444	0.005454990946634417	
0.0	0.0	0.0	0.0	0.0	
0.33162286754377696	0.5228588417380081	0.5409264085858605	0.2611877790256094	0.6159111825277914	
0.7157424631832571	0.1911024539706806	0.7108502915356475	0.004573699690831421	0.8563332505540794	
0.5183488086794522	0.0	0.3258605632705386	0.7245969417599243	1.1023213821108742	
3.320496721605279	3.4086996504797624	3.274136775229377	2.9273053388312387	2.681084991921185	
1.2259809110083395	0.2758144565504355	0.03187764143515215	0.28086319149120187	0.43574439200983023	
0.09748005010976142	0.029577104663152887	0.17539473182370774	0.29865943806471573	0.545284133771562	
0.24105017569709924	0.6613695209673718	0.31209211570945067	0.0	0.5766384202653346	
0.4149089700739173	0.4803741085205246	0.8741935890133203	0.3975238646328414	1.0997034249942939	
0.19691971764798263	0.1921277166922537	0.5006790011009654	0.2622638987513107	0.4811461870203021	
0.7672601308428538	0.02557031563727541	0.33893293417755543	0.5221255581865354	0.9223334716972906	
0.007342361212096712	0.058504868696198774	0.2598945680539088	0.9481276449213578	0.7495605629326497	
0.351917210813684	0.17974297800067202	0.5078200281353993	0.4795622032218763	0.5772409863596933	
0.5418668064676461	0.0	0.5735054683878174	1.1911567163113663	0.2651344081347093	
0.0	0.0	0.0	0.7286421770659453	0.5223171406974155	
0.285301023605644	0.09410794150755995	0.5845537514113119	0.7630360789259356	0.5348127447243485	
0.47734974779103606	0.7520563707413456	0.4676289961116687	0.2889535158507607	1.0648880314770859	
0.13685500307864623	0.5317194626189126	0.42171701835042386	0.5196498507153606	0.7333044341668602	
0.3250717300497942	0.02364554823759722	0.31181207086964124	0.30506365134949753	0.4836671617996227	
0.2310549496703628	0.10950255945151495	0.6203495002595475	0.07001075671981552	0.83190401299831	
0.0	0.13342626043555852	2.303041172560005	0.3608184668168153	2.1335490120019758	
0.0	0.0	0.0	0.0	0.0	
0.0	0.0	0.0	0.0	0.0	
0.15941603229547613	0.25035820288120336	0.5252533783175258	0.38795232405585295	0.6431149733175345	
0.17477966253321553	0.524399703876057	1.0096045126370794	0.3452068397188912	1.0929883014496862	
0.22460397644801658	0.9099251541291321	0.038158021199819564	0.6609155637788069	1.2577927377819957	
0.8545739106477008	0.990692213102766	1.5514960525546264	0.7486181843777573	1.5934695007626163	
0.3845695637279953	0.0	0.4376927053942363	0.0	0.25221851417750696	
0.29953041915676715	0.0	0.21504558166614254	0.23154606062427932	0.546457835877053	
0.2882399383206565	0.5690615156820555	1.3603969433698826	0.0035774483565448076	1.3077228937147984	
0.7347080297400427	0.28904135933094666	1.0203561872810551	0.2377089280152906	0.9499557015537438	
0.37449138731348575	0.0	0.9024453989152116	0.46270949085222496	0.3683515465899939	
0.43910193415749976	0.401369718680636	0.1465061291049214	0.8154578877546519	0.5474988435830366	
0.21548770767950326	0.010214993358812607	0.24392298518254768	0.5773713973418977	0.6756646088208884	
0.37071778564554186	0.0	0.5378305207983093	0.40871179667822827	0.22887663888417387	
0.24614823576797812	0.3991045345130711	1.1235726552881917	0.0017964909421722135	0.6142821148317865	
0.13933008945069383	0.0937680908593521	0.24886995929685257	0.5339563612689591	0.43276524012145584	
0.0	0.0	0.0	0.0	0.0	
0.13716842389466732	0.2678632356328945	0.4257284235601251	0.4742340802291398	1.0089534694207072	
0.20706342425712837	0.036860784464266286	1.6738177854389877	0.16401050746994802	1.2441800319494098	
0.0	0.0	0.0	0.0	0.0	
0.394634116958492	3.624167715910461E-4	0.754895202471706	0.4872913671483428	0.83629206943987	
0.0	0.0	0.011051812066963833	0.6173553745926581	0.0	
0.4327478903290549	0.3581065384385711	0.33355241666020563	0.8654418620189475	1.2917891724091852	
0.5948088294471361	0.24583372998833328	0.41747805703717533	0.0	0.973337604851225	
0.0	0.0	0.1589420871641879	0.28581559053784295	0.7675890484746274	
0.23001957395522454	1.1904819574130496	0.031117057355518948	0.39936551971496626	0.6279535536692114	
0.0	0.0	0.0	0.0	0.0	
0.0846094563553022	0.12684157536796187	0.06746493450340584	0.004602039729918874	0.3461027161910909	
0.4295119283871897	0.5844309838249646	0.1341304597323047	0.5615038776199409	0.4737589489024692	
0.367308218840212	0.12690616547245437	0.0	0.4455226857718358	0.3592403019027772	
0.06630603724003621	0.5621677878473083	0.862523147425586	0.40495874711897273	0.8491366943895828	
0.08572297907419797	0.16487935741880982	0.45085635585025785	0.007807865485150089	0.9563788918201632	
0.0	0.25681456832165445	0.6572254476369992	0.5677854297043718	0.44600382915605463	
0.0	0.0	0.0	0.0	0.0	
0.8089533488280001	0.4431628657439435	0.8608707155648279	0.41970635003395823	0.4573337702284256	
0.8045441047760218	0.21722696647222026	0.18679382384492554	0.7033520888970147	0.8190624354831271	
0.7100251411758762	0.879950924943093	1.2522816364387706	0.6880185054354317	1.150089377201334	
1.2354810266767877	1.9420394571472448	0.30531675922079493	0.20193086812142833	0.26076103156467606	
0.06381219566900162	0.3451277619671474	0.7688334269217937	0.3528681765695565	0.7660540234039722	
0.9343014565878968	0.7110252800946197	0.16589959840862262	0.5688153866553849	0.3326536996474661	
0.3503959567788987	0.5835028729089736	0.47657621731144084	0.5854073770643136	0.12522215386711594	
0.9267798248868399	0.0	1.3242830608205944	1.4567661838995913	0.8446790460255189	
0.2606983920007078	0.16213667395199985	0.3446779563949287	0.3609126524282772	0.6866235192148988	
0.10824772188054362	0.15790193455258167	0.295410159295715	0.31355129938274545	0.8948625216844797	
0.016212102159704124	0.49270482277254646	0.0	0.0	0.24072159292756218	
0.0	0.0	0.0	0.0	0.0	
0.0	0.0	0.0	0.0	0.0	
0.0	0.0	0.0	0.0	0.0	
0.0	0.26481095860688914	0.33880929197520504	0.5934093370479545	1.1051246216314043	
0.5497530477637278	0.37233336737813555	0.5318751136496781	0.09491924354444423	0.22287474868603893	
0.2853800246978377	0.0	0.5760808100907681	0.5617084928008204	0.30053636427980623	
8.515801514708144E-4	0.7525479051381596	0.38572460996282215	0.6566947580805891	0.13800258294691253	
0.1798820074842093	0.7831044283084181	0.0	0.0	1.7854671619639855	
0.569657804405368	0.0	0.10941239621295776	0.6936609083024458	0.8750086973204049	
0.285843507041197	0.2541324450181348	0.9938765539051367	0.6569925145141341	0.7022412938074156	
0.15361000441168965	0.2881182730502556	0.19412921098582522	0.3249772887833015	0.3791846604324505	
0.30857084609698393	0.21970689978831315	0.348527493660701	0.2105835455881791	0.4404435140234162	
0.5884069742093534	0.0	0.07105797361458711	0.37127938932324633	0.6369391648675145	
0.21510730320359162	0.08540157194435094	0.6415264522698445	0.5754662251308648	1.046115876146104	
0.2953251659244313	0.0	0.0	0.3590822654940654	0.1843515824130209	
0.1431399298379117	0.2759743116656561	1.2914313702583102	0.0	1.3443463339185036	
0.0	0.0	0.0	0.0	0.0	
0.5629050597453104	0.13989187076909115	0.1105278944115693	0.2397034367157692	0.6625435211557736	
0.9671658794420678	0.35637245077319457	0.20690111787194315	1.1310292984533725	0.9408735265023661	
1.1902936702523619	1.1539993511283586	0.3513581624230575	1.3039398494668737	0.0	
0.45167228167824364	0.38384608513733054	0.3598152567027283	0.2739262880396194	1.29487728841657	
0.2536922534059488	0.3098128521732722	0.3327982937617141	0.24303850317509335	0.11472123786445154	
0.7209364803403492	0.4760520620017759	0.0	0.5456503629472945	0.0	
0.1991887034868547	0.49560894606346495	0.0	0.16021032546062478	0.19564104831712673	
1.563000881869123	1.0329606739233068	0.35326791728378315	0.25390809246043033	0.35747307985006804	
0.2776623735309363	0.5585934632819498	0.5027746098983108	0.6537421103467492	1.2723085637403164	
0.40438202976701226	0.9009226191096709	0.9457561849202788	0.3699201987233946	0.9603096741944951	
0.8226322106498747	0.4166524655839064	1.1906205872860294	0.0	0.687756711586276	
0.12711648426004624	0.05501188093652281	2.996103375738904	0.0	2.8802768172656363	
0.32519665911819085	0.6151371379244708	0.05582705772623421	0.16894559905565404	0.33971105833190035	
0.0	0.0	0.0	0.0	0.0	
0.1594203603811684	0.12554672314442988	0.028216050428563493	0.4590085626525466	0.47302196710625366	
0.0	0.0	0.0	0.0	0.0	
0.15071996881895758	0.19897193940839938	0.11863654258273765	0.210702587387186	0.4991622126806156	
0.4547238474842461	0.0	0.04077715276101446	0.6494238382161727	0.8080084744241527	
0.0	0.0	0.0	0.0	0.0	
0.10675766817504308	0.9956779686003608	0.6847999587210094	0.02088232586855027	0.11504200659648087	
0.8202759332442281	0.5978444470884304	0.2736241238816046	0.5621517348710016	0.3621493852321075	
0.2560685833526357	0.10952180942146884	0.6424602277998994	0.4535197353369302	0.6724441924978084	
0.20580614431190658	0.07272655696821784	0.7207826285537747	0.2896988789046455	0.89475722009175	
0.8809751505798834	1.3395247257573526	0.7930366991362868	1.0407879519563583	0.8748116249816703	
0.6838163407653807	0.21615178845333527	1.3647228667069047	0.7713873416884628	1.4408560934518897	
0.5003547230822581	0.11435033696240679	0.8037780391607562	0.2156599558740147	0.7649879130081111	
0.45105698594083815	0.4413984687944284	0.5006164898783166	0.4041837867021597	1.31700802311613	
0.4551084594114637	0.3126725988033091	0.23566993394403823	0.5310965729029187	0.21337965003689255	
0.11310381794004562	0.0	0.8195034768332007	0.0439965755260568	1.109815075377315	
0.3166000384485903	0.6232318108446095	0.5438522131901176	0.20309468541520354	0.5400800486109082	
0.8199357109713438	0.8184137872162075	0.4783963902984638	0.3368605785143457	0.40049466466096356	
2.313016619464991	1.5717222670580318	0.0	1.856192871596432	0.5027116894023913	
0.26999506568790893	0.18592087214258557	0.4215887658296091	0.0	0.28777752079315566	
0.33815235324721454	0.24474386101270715	0.6203325908840279	0.5188589708452995	0.5327402158670036	
0.21240982774926362	0.43261064251303694	0.5697036609231898	0.20187714095309217	0.251503598216703	
0.2918539750869373	0.3738963219066277	0.2778544606946929	0.0	0.3998287220698496	
0.31762347224977694	0.40990661981977083	1.074152700444561	0.11936134222750068	1.3302547248650527	
0.05916580501899598	0.43638912932222107	0.1887974882367811	0.31139137507866005	0.7513428207986884	
0.5378306667695376	0.5934751190354548	0.14163208989241965	0.18520576008794043	0.611806976578513	
3.4853899373209978	3.594756155823602	0.0	1.6745861683285044	0.0027458721848042373	
0.06079790408621145	0.04445055331679579	0.9875423285780445	0.7359526680723456	0.37970211592125275	
0.5222926041788636	0.4900889457272069	0.0	0.27166827738350946	0.04246376794235203	
0.486915408892961	0.06492537614195912	0.9500373624067833	0.4805984620217752	0.80499132085305	
0.42528472267464695	0.3358700949949592	0.05363492041705495	0.6083691692220967	0.3473201637319723	
0.019815060305201457	0.1560357143373399	0.36333254126769965	0.35709228845075736	0.3952044335890467	
0.30680951490069214	0.2496472560090063	0.0	0.09727817851306993	0.07997889916601263	
0.5277561629342228	0.0	0.3541143981165839	0.17304686381637685	0.2212905897394691	
0.16254244839043172	0.017729953392166015	0.28503265919801885	0.4372405145639523	0.5049807913878345	
0.0	0.0	0.0	0.0	0.0	
0.6239971270606068	0.20203790537340843	0.25306125375764316	0.0	0.30458297001039436	
0.11353109894910884	0.0	0.5202107754892923	0.34582201448407135	0.3168037348077277	
0.5496290640262974	0.27862515544751415	0.7671930955937032	0.31777897818603246	1.0244661040341483	
0.6105908283750531	0.49003983110888566	0.19521447450216153	0.5307724030949615	0.9902986865609048	
0.35679149033321955	0.24490984905778918	0.1056563881904868	0.41147337492784064	0.5157140481304409	
0.6055979885384324	0.08708550612350031	0.21429312448891707	0.5776280535917404	0.4413183329758058	
0.10612386757645924	0.46249704831545096	0.455214907842447	0.07084407490808561	0.576106870463299	
0.22293386008210658	0.38321919734129517	0.04242399331965168	0.14264559082479053	0.25714139996058066	
0.4844674007625231	0.46035590142791377	0.020714465710254062	0.0	0.0	
0.012512060293614577	0.6942828818270549	0.27788889984129866	0.36036914304207474	0.4861126643661294	
0.8634516866742747	0.6368019873292659	0.5110607273690445	0.8105244232443787	0.30674719450889965	
5.898619828839668	6.376384816946572	5.219348882521273	6.083920856943997	4.894809760679189	
0.3150330750848158	0.6017362270995799	0.1667130888944319	0.46389784738819084	0.18587076349955922	
3.3533225801508424E-5	0.0	0.23295969860063875	0.6645860760493558	0.7033371718429047	
0.32703921389024765	0.56081830123454	0.0	0.1576542906992341	0.49404266744552994	
0.09706757026917762	0.12692314763157733	1.8374943038120177	0.011145846897512765	0.95049446669688	
0.25542257661618467	0.0	0.081592036659107	0.40091554497447474	0.9104146639141923	
0.6554433745736824	0.514402146168524	0.4032489048647986	0.11086138530023343	0.6796715030689707	
0.0	0.0	0.0	0.0	0.0	
9.264489440407586E-4	0.1674642559856202	0.20069391770032627	0.7164358496086892	0.02486436109473712	
0.34380508747639665	0.16425101967054165	0.43936525471679605	0.23412728181915343	0.2525995148045928	
0.8873712007223823	1.3927538630142855	0.8832056035513833	0.10232410158385105	0.8459956698989601	
0.0	0.0	0.0	0.0	0.0	
0.7432177623678531	0.33956070952851974	0.7707006254654437	0.6339870624972417	0.8122543730924606	
0.0	0.0	0.3405158510867058	0.5059193726860134	0.7196677205515415	
0.5279300523543167	0.30905792791144515	0.6469722406445992	0.2901117711307449	0.24661709608421714	
0.4011156339867439	0.4085806933909707	0.17441002081603096	0.6557247548354779	0.4085363120370312	
0.2099527810857411	0.5047719306620027	0.30298873569945184	0.3124464474929046	0.5160222803657424	
0.0	0.016054286075634645	1.1531694583067171	0.31799028763939347	0.9567112334411324	
0.29859777673126625	0.17821672947189862	0.5564922072897907	0.36267893370317983	0.6377115555311945	
0.14771854029865125	0.0	0.5545808413446609	0.14202484880477662	0.1501754472418902	
0.8527004955164197	1.638372814880519	0.21429215485506142	0.8084711382885248	0.0077367416168449684	
0.4374487237712242	0.4011106056392975	0.27270309420225464	0.49776739647277046	0.5674478090367997	
0.07579971141503293	0.0015797953927493198	0.8611161002972851	0.4140925204786612	1.195681316570382	
0.7191511650046714	0.7288890297826117	0.35120759920922806	0.35084249128091444	0.6643441600855885	
0.19054258550879632	0.4337088418690861	0.3323556842175142	0.2655493634992409	0.7706749833527768	
0.32100772990378185	0.5487233006396733	2.8139675632173664	0.0	2.0253901466270565	
0.6912782822710298	0.5670516016342282	0.09156860333293605	0.3690294268722979	0.09965306733100768	
0.49261208850684135	0.21925480291015162	0.23585149018806092	0.018406585822122675	0.3335012477476734	
0.3450672059964858	0.0	0.6449842802304073	0.9518963772111982	0.9581638538270232	
0.0	0.16326490347961192	0.6100108192808764	0.0	1.202109385978901	
1.5250190498846543	1.2111600797673345	1.1771505327029954	0.2948816149669767	1.5105732880609195	
0.21778874624750869	0.0	1.7479792134329755	0.0	1.2051115188018895	
0.31466444584021114	0.01685187638247836	0.6145209269555378	0.721784059022124	0.9170233535314828	
0.5768880299106023	0.12304957809099415	0.35658267399125226	0.725043529761405	0.2742968772318612	
0.0	0.0	0.0	0.0	0.0	
0.4630926855091433	0.28600000979535994	0.4599264070652424	0.22086929726666404	0.3920807935499321	
0.21183157553476614	0.04446816694866546	1.2452224064287136	0.49955309206420473	1.318430321681368	
0.0	0.34949745621786105	0.48519107163189806	0.44156069518898255	1.4599423356126426	
0.0	0.0	0.0	0.0	0.0	
0.0	0.0	0.0	0.0	0.0	
0.0023587597036585544	0.2879990782748578	1.013425315888855	0.06633583712791435	1.161099135152555	
0.3394108830306825	0.09477761094092968	0.2181742763737274	0.5001694688188163	0.31792404689807685	
0.15240357595686344	0.600778435014479	0.6486859769321445	0.008405328891373872	0.5333150460376714	
0.7261118905472376	0.10107647413685966	0.28612320715214146	0.14589218678327404	0.7712343780387382	
0.5228577605002309	0.7519873415840682	0.5639490295767234	0.5158706073084416	0.5329257241641602	
0.06334279479462218	0.3242283892494578	2.436823348180868E-7	0.7593352121752368	0.6636405738079743	
0.32254238858390855	0.0	0.4234382277017256	0.3904869418647705	0.1415750360482675	
0.41170504699352506	0.40517737089167927	1.2913664994002267	0.3267508753315847	1.36140270796277	
0.3539301238661917	1.3440469788718183	0.2780656484878957	0.22135759168034072	0.042590955902523306	
0.08389830525429803	1.0935869857446128	0.241605760094854	0.2657186691585837	0.6598607874690129	
0.5180683643985035	0.20312926238072446	0.6524832587162633	0.0	0.5260373785812734	
0.06038027420031999	0.4541468355586809	0.20296968758869918	0.10484273492917057	0.3150132434278908	
0.16764535346059362	0.0	0.6676342292025553	0.717725291798186	0.2142110436427713	
0.30854460233700765	0.278574937966314	0.27854452975185673	0.5822522571112441	0.7417606752045313	
0.0	0.0	0.0	0.0	0.0	
0.42465527124299707	0.45623082351024297	0.36760731631071913	0.30808125474263137	0.6682797952204286	
0.3832828248081202	0.5120382853219646	0.5563706094148353	0.5754308633772124	1.0116599152477135	
0.7001831539457236	0.47549010353253873	0.9844540286433762	0.603518238351138	0.8970985641418895	
0.371003581486429	0.058015962589712096	0.26914271089567837	0.01193570458800309	0.4493789709353327	
0.6541688928981231	0.1350861148235116	0.15755317188571644	0.7694941985965121	0.4090017066852332	
0.22031218563810953	0.0	0.20719586320155278	0.31459533093270603	0.10059593929654641	
0.5048489865655508	0.0	0.5469460496014251	0.29237059686229455	1.4876530017607759	
0.0	0.0	0.0	0.0	0.0	
0.3400076868413428	0.36103132757830475	0.45689848610593764	0.7435483268865759	0.4807298325316482	
0.32025756249667175	0.463942947308877	0.6324655623889344	0.6680102743642218	0.9425734149983543	
0.0	0.0	0.0	0.0	0.0	
0.09110750235209257	0.23491934221829788	0.3830958431659885	0.09745702661683728	0.3200967434206397	
0.5185876298791462	0.27595663219760275	0.38937721775961953	0.0012109842233742317	0.13379187320222496	
0.5950174635277212	1.0298633076838397	0.44122901932745306	0.3763668881033992	0.29696326800737377	
0.27316148549927904	0.47016883233012635	0.35838493265839083	0.08164675649437546	0.9044971151372287	
0.35957810822761355	0.35340346206781803	0.0	0.6299932582717575	0.0	
0.44331184878255087	0.5434791512226815	0.7935660564414506	0.04474917594194278	0.7370109604920193	
0.0	0.0	0.0	0.0	0.0	
0.6052560798564155	0.31875346657759057	0.8918365469292533	0.3999181400960138	0.5149620802826547	
0.3181030730205315	0.2088740240574441	1.2050224581441955	0.41325262882331304	1.1717700572986904	
0.7686475521540449	0.37841074843249517	0.7700114638972648	0.1184399797740924	0.31353542189612427	
0.987203926765205	0.45231918331909515	0.240256719391746	0.40934932525525314	0.487380261389857	
0.28540688080447174	0.604725653148361	0.3102215713306205	0.27916115544209386	0.2510417168213317	
0.2920285907453328	0.3602923850264109	0.8704865154517654	0.1996262092319621	1.0011639083264812	
0.0	0.5245708079032004	0.0	0.7054898073578061	0.2069475482610124	
0.7911926886948385	0.4921078027527852	0.09946527123063668	0.8022666445516495	0.6429573130754738	
0.38784392372230303	0.23644696158974227	0.0	0.3429169198133246	0.3517540302015067	
0.001764564564144748	0.15789483915884517	1.348881978305699	0.5590133611668631	0.6389143999241345	
0.47971723290255547	0.5025283394211196	0.3920446603925367	0.2920149114324797	0.019924868310275755	
0.0	0.0	0.0	0.0	0.0	
0.33378644365476295	0.025661143808653628	0.020108905419747122	0.35390900113610874	0.7115710782753052	
0.16837235207252332	0.21579579624217235	0.828730558500096	0.12308620776825746	0.9771512572140139	
0.0735381043996262	0.30678280549893516	0.23371815688112163	0.2982172963655472	0.4979313504844389	
0.3701119389828307	0.0	0.9868397514544162	0.7389966940698595	0.6015758579387773	
0.41895933824316584	0.12468158315162468	1.041965742094437	0.3240461442492107	0.9861140921519654	
4.29487332825299E-7	0.0	0.2025813400947368	0.4199825682049938	0.6052130891578942	
0.054322836580277194	0.007621311710452422	0.540855967150048	0.22507789536145345	0.3018802750086828	
0.0	0.0	0.0	0.0	0.0	
0.540642164130393	0.42345156608382245	3.1040477558139E-4	0.6248143109177648	0.2149176710023984	
0.0	0.0	0.053701183206099616	0.13226132237528354	0.27421850600209624	
0.28726211478430624	0.6364020514897328	0.2135731842643485	0.3247628287404505	0.32443345189831824	
0.4788095770472564	0.1668146634338602	0.2598197798598039	0.25712640505090495	0.29215256600260064	
0.2811797398440072	0.44422009960118286	0.3115396362849458	0.1305176225235433	0.6574194444926791	
0.0	0.3886262499748832	0.5288709734485172	0.2940747211663212	0.21152901602709645	
0.40501536866010956	0.19161371030026578	0.3237691805181841	0.4857737646386723	0.4342222692719828	
0.09473119956815505	0.0	0.0030888664880454595	0.485100757818415	0.6802173884404893	
0.24806793454722056	0.1891049855330472	0.668659183220281	0.13218662436540451	1.2492057069191598	
0.0	0.389288080707205	0.5570390343427997	0.19765090676906796	0.7675302917644897	
0.5386080601392972	0.19821696386860863	1.1676599884592027	0.2852001392052061	1.6286884414022151	
0.22284800965550283	0.46879341084702	0.3099282785566554	0.0	0.5691438341224012	
0.28252802434169105	2.464293029813341E-4	0.25209042325341596	0.24828707069895906	0.45909606279633036	
0.0	0.0	0.0	0.0	0.0	
0.0	0.842393740349481	0.5874706887257442	0.34934431074592137	0.4087380844826436	
0.4211922854844794	0.6164370039648102	0.0767133516132564	0.6761430294699001	0.7646861853701695	
0.700501923246006	1.7338020296827124	1.1658488706591895E-4	0.21255182959477367	0.0	
1.553814829333869	2.331077843639296	0.764891609472519	2.270576515025796	1.2216033692443795	
0.30260378892433876	0.38242908679687865	0.18904810923904877	0.11761827352918311	0.33849543469251864	
0.011356607280415232	0.09760190638172186	0.16108097966957385	0.5072418786988621	0.49548210479619337	
0.15910146417094384	0.13835814006444425	0.4832899430519707	0.29758690063986526	0.5604814400548163	
0.5113630459775812	0.054388905814764923	1.8982862100938813	0.486685639534371	1.688456135784109	
0.0	0.489356226369135	0.20476830056902998	0.0	0.0	
1.349788402148373	0.8551082933142453	0.2641625618158414	1.4446829224245874	0.6986073630732471	
0.09641277075457307	0.7702486735243776	0.16163115526550229	0.3018496200803853	0.1652583554913913	
1.366370354068237	1.6618286676464007	1.0892270556145052	1.3374902097485584	0.8628301015435582	
0.5530536695213779	1.0374297051864432	1.0359050540860248	1.4391899328534892	1.495737246587605	
0.5959743729604837	0.0	0.22531619871945502	0.19785227503496255	0.5907311273589674	
0.0	0.0	3.468103720958624	0.0	2.5999783100879177	
0.32638032716878745	0.3627752752649818	0.46114445651735225	0.004756632277427581	0.8326944672206353	
0.03348240746958745	0.6563050754434323	0.0	0.4478945839880941	0.3968848338791407	
1.234161907339537	0.21351121929473105	0.6745787268248985	0.7919884339391026	1.232211657353863	
0.8383901265862282	0.09598342893492139	0.44322735089570414	0.26605684797529716	0.48455599145724715	
0.41910397638838887	0.5852070483427931	0.23771884200419288	0.433280515188241	0.435002753920826	
0.0	0.2749344576012355	0.015075582188749478	0.20522859526765275	1.26792162222594	
0.4231135832053114	0.5959790352115917	0.13767549679260307	0.6466355095274884	0.24952602841259092	
0.09762113322697959	0.3396838713158174	0.5571966431728462	0.043527284218896296	0.8822570207352106	
0.879437604938943	0.9363408867787207	0.0	1.0683674057172734	0.009310571863196733	
0.11210042489417539	0.3172434712267762	0.5160372002404481	0.25432494373963493	1.00854297977689	
0.3415685323820268	0.06594979010557658	0.04289986923756724	0.732552114996614	1.0831697660133481	
0.0	0.0	0.0	0.0	0.0	
0.35478796456892625	0.13578352999218762	0.02601271187776853	0.1169615869482332	0.5907337493370735	
0.686562314443851	0.2637541185290352	0.4274043404750051	0.6752685581455451	0.657022068887099	
0.6075882441927227	0.14389495735116256	0.9706590404483347	0.5673709023814001	1.00867287460858	
0.14633827256763454	0.0	0.479574789700399	0.5246904924062329	0.49849049148935665	
0.4463873243945635	0.4579619932293423	0.5727788702709513	0.06237643695819881	0.4259497751911496	
0.35544452526034176	0.4555823546503969	0.8184980114894819	0.23341645151812732	1.0875307910430971	
0.5212872288239675	0.0	0.055847922980254316	0.582602115421643	0.2313381272762447	
0.9513265095466901	0.4254386285734244	0.7429186477637083	0.4786724946425057	0.25670571151063276	
0.0	0.2943246649077678	0.13413138227964402	0.3602865250958827	0.4150694540213381	
0.04067540761727694	0.2894885052894706	1.0309192498381294	0.5102024755739998	1.081265876666102	
0.16759626477490913	0.374243557254997	0.43588446321289526	0.04314090855306987	0.14045587297925663	
0.11688225513062966	0.4203470330130452	0.8550130741709945	0.3428642450580839	0.9676620776149251	
0.8842157921154229	1.1251099660513681	0.0	0.9547558099353178	0.0	
0.3786896704154978	0.6677432091854371	1.1017601425047403	0.09992442449477448	1.3523530651024929	
0.0	0.0	0.0	0.0	0.0	
0.0	0.5320551258299112	0.1164193034684085	0.5230159337920544	0.4816948725389551	
0.058675079809169	0.10795690062145122	0.37335524374562223	0.6385647211726995	1.1006146617839578	
0.24760970626620646	0.48555400535326476	0.3346370105471458	0.49974235216301627	0.38814751824317684	
0.19970247516982295	0.0	0.7569965833101364	0.6734703174985033	0.10094291939780674	
0.6441058736352494	1.2564555267222621	0.5450144541377064	0.07860690009290337	1.3093529451802128	
1.0361623568341565	0.8816371407983741	0.45510492505906963	0.0	0.7262930180549458	
0.40876409586251417	0.0	0.9504901630028757	0.23983071794291685	0.10530468618722613	
0.4735771073381592	0.48990743746438403	1.1556034432327535	0.05837582542159793	1.230393132683757	
0.0	0.0	0.0	0.0	0.0	
0.0	0.0	0.0	0.0	0.0	
0.657633668800027	0.12490128870419102	0.14104244961152712	0.13602014230099072	0.48266538235559553	
0.061472673225947336	0.0	0.464688492301695	0.6826741343435623	0.35443664728072016	
0.04684486800074247	0.8280241476157498	0.32953290919938616	0.4767001687841538	0.49524791619552905	
0.2841306332213465	0.021598016702487677	0.6784883691762497	0.47976564279746015	0.2988814371184521	
0.33598663650683713	0.49584377931064993	0.0	0.21819109343908338	0.0	
0.0	0.0	0.0	0.0	0.0	
1.335550863292284	0.3079727272208292	0.5046278707534763	0.2666920773777223	1.0691198351831392	
0.4261150727490875	0.10860306864981019	0.05616727990241583	0.16772940243196277	0.41199733061027666	
0.0	0.0	0.0	0.0	0.0	
0.11357102851573853	0.8205608908225736	0.26363926973823343	0.09621891240074054	0.7307156392215576	
0.040212179986403286	0.10425111792266127	1.2606927659911151	0.1389299182153053	1.3409434320020008	
0.7527984550219615	1.0955280117786794	0.19264508517594053	0.8942191258313932	0.0	
0.0	0.7929832065426089	0.6321972639572868	0.0	0.0	
0.4599448270708932	1.0146567882998088	0.0	0.8844928637959297	0.10153295292681576	
0.42919862278465276	0.0	0.10756769237873019	0.6875064057151865	0.0	
0.16952884453031022	0.31768792252145794	0.2867060884336288	0.27453522487770005	0.21082213199435196	
0.0	0.0	0.0	0.0	0.0	
0.268117446219149	0.5259740869955057	0.0	0.5436257363420569	0.45843588845833405	
0.0	0.0	0.0	0.0	0.0	
0.12216101364346936	0.5072760155459887	0.0	0.3772285622814203	0.19489816563439616	
0.6445468400460167	0.15704206822903874	0.00590112776962668	0.2380150847980315	0.5660483333977119	
0.21148245548374972	0.09502716433274958	0.7907831705573554	0.21435087926463858	0.5455795339232951	
0.0	0.0	0.0	0.0	0.0	
0.0	0.0	0.0	0.0	0.0	
0.17024165799495317	0.3251981691074572	0.3698405910660051	0.6795990943386298	0.055024393631156826	
0.6066136800313636	4.446050841556705E-5	0.7986999257533458	0.6681801190178231	0.4803881836468837	
0.5353040204418382	0.20017306690870615	0.18459419282441342	0.340620107138702	0.3889890486272091	
0.11368362242983793	8.468126004532124E-4	1.9773374538113258	1.7150669962754643	0.8850199375182801	
0.7519596330974978	0.3858240446377358	1.28171042950562	0.20338748683445568	1.736245678835055	
0.8225250127022559	0.8429128081066612	0.43522395837723593	0.3508496245865697	0.9675619663858281	
0.0	0.0	0.63326685059829	0.0	0.0	
0.3399948405901231	0.4291079309561554	0.2582334097765709	0.13385469180338505	0.2636599913189284	
0.23483214484507567	0.8038339456749564	0.465608709429919	0.05931325343425139	0.8837780514354745	
0.0	0.0	0.0	0.0	0.0	
0.01914242244079902	0.012639798896227026	0.7289353555717342	0.6769791078778652	0.42592020545236253	
0.31449519743696436	0.6057784063898042	0.0906748702612703	0.7158087620320447	0.8535737476438264	
0.1414986256974832	0.14418839029521088	0.31907992700024945	0.4925682006817839	0.03217377951411188	
0.47695871046905275	1.0058715881370937	0.5534499794473597	0.3857615239354733	0.28184775084997893	
0.43271583867605024	0.0	0.11163676300449683	0.5489243999501717	0.7093891555675549	
0.0	0.0	0.0	0.0	0.0	
0.26302031611831	0.1301688603008494	0.5868645445485624	0.23689745825933592	1.5502997704728336	
0.4402965034283391	0.0	0.39263121582386024	0.10770225927938078	0.41674295514393933	
0.0	0.05347765413930595	0.3052889232563996	0.4756477439688259	0.7683180226857559	
0.8353373214701444	0.11552201021780738	0.49107562189183535	0.18482240539190092	1.2749624937187451	
0.24370525250729444	0.17254379830980432	1.1550918117432776	0.3126622759342573	0.6438821181939813	
0.274646641506722	0.2256749029346451	0.4690828421279979	0.4716071937921545	0.6288897923649692	
1.8914154119133483E-7	0.10659652324338353	0.09290507212367186	0.019850280696638762	0.3559033122961858	
0.10818806364619811	0.0	0.08207711800157412	0.24334985053792618	0.049051739522115057	
0.5496503578636064	0.06947302737487128	0.1242834559259992	0.34914804453692044	0.21967886281089466	
0.7931874119951169	0.6892040591917059	0.7248254674401955	0.3419057268008836	1.2526555862870554	
0.5917899027331794	0.5283646151634359	0.3081917560437014	0.30479638830102945	0.2730973735844986	
0.47441220019819014	0.6934761425849476	0.19098821943052308	0.1137291894030313	0.5410755911083073	
0.11320030599938441	0.0	0.32602854502581397	0.4477867012489157	0.7135571724672386	
0.0	0.0	0.0	0.0	0.0	
0.0	0.7378934012094295	0.0	0.5945878987875172	0.4634144831669119	
0.22989840904390915	0.07754171872419871	0.44580953122617745	0.1136752622216768	1.0718553754193247	
0.43413481504741114	0.011575899089676675	0.3762559516620553	0.0547882549888105	0.5829133053195389	
0.45497291349539126	1.3124491636996793	0.09974222511831031	0.734608009043926	0.4089644009362335	
0.021213411185316697	0.42908484784583645	0.4145511139174046	0.38978588833841527	1.3937422110622883	
0.8448363276068988	0.0	0.0	0.2824322863922431	0.0	
0.40902639921280864	0.4930280812641176	0.42958429434657874	0.12635699091368327	0.3636769135571602	
0.4123030272087569	0.6855550557251889	0.036802454646289305	0.4931563409386853	1.7183253067660051	
0.4050775847118779	0.16170997072812732	0.6738228381639328	5.764628035252591E-7	0.27826083264192586	
0.33957814550686605	0.16685557148467964	0.9223736948703793	0.07002805073770477	0.676562064055325	
1.0695933476198858	0.9337158545061996	1.021989430106063	0.38909329248358143	0.44475243027281386	
0.39570287414660765	0.378447583474719	0.5995245664486917	0.5325986348415209	0.4017498295915582	
0.0	0.0	0.0	0.0	0.0	
0.5727687314899699	0.24406711151795457	4.843784784790221E-4	0.10558987122462707	0.007269166242748589	
0.44734595886695977	0.26912793121161915	0.17816788547160384	0.04729859946457948	0.7688106705771184	
0.714768684177983	0.30476387179389774	0.8686033475304613	0.43649062845086267	0.3476526780644362	
0.3931760763618513	0.5287847055689764	0.5798201242020622	0.27904416046208697	0.3602009650431378	
0.2532305881913306	0.5767037227266884	0.3174329457962613	0.5092614849697972	0.11164010385239737	
0.36397372060651645	0.6373889453831167	0.7112712226419555	0.2122337942542841	1.225310774166779	
0.0	0.008345545063616377	0.6431661437420573	0.11735862874478198	0.13249197393532267	
0.0	0.0	0.0	0.0	0.0	
0.0	0.2762237031611334	0.0	0.054789086831747345	0.08978280347475523	
0.377374727137285	0.29529769959959906	0.32044805479909466	0.18465968064734972	0.3507447854761578	
0.6003441441324188	0.2149150914643136	0.0	0.004599740711157196	0.5111088313264326	
0.0	0.0	0.0	0.0	0.0	
0.5903322449062992	1.4125335241897152	0.09926370659663573	1.0601814241467702	3.9733611227910304E-8	
0.05588115926764877	0.5480967792018193	0.0	0.30905060454967914	0.5488217662192891	
0.046153543557822446	0.5324915588756945	0.7046795423039608	0.10657927639650587	0.28497102573270466	
0.39176751263539694	0.9495608146413173	0.04145021916220248	0.30111073290502643	0.28510666787358735	
0.39778787773438723	0.21390457287668152	0.21718402977294501	0.6086640217847805	0.15470398427743065	
0.09521886358467022	0.0	0.40073970961412947	0.9522847977465557	0.9544770480222209	
0.5168075743105123	0.1108401949014782	0.23734575077322861	0.8210642268606719	1.0439098273493757	
0.18987527750171884	0.060099121637754896	0.4477236777706016	0.012722694464514362	0.0	
0.5402576325644115	0.0	0.6869768530865225	0.0024684815037323503	0.6966873547712054	
0.6037616562434714	0.34157697126293024	0.4246815155979424	0.035617345957219375	0.35576810651311064	
0.0	0.0	0.441821241378456	0.21429326250027791	0.03837415067117848	
0.15884868773188668	0.500322652269796	0.5810367175603637	0.33734902548970513	0.590141799618387	
0.08923245340634717	0.25012016115150576	0.68652516188666	6.072923164145258E-4	0.7232725692140283	
0.8041036654380507	0.6604656353445677	0.6578182051909442	0.4210643363939227	0.28492886740062967	
0.4638289202917606	0.18124631298626648	0.2058556845939114	0.01858047073182151	0.8275183014164943	
0.42123739622789763	0.0	0.025802675553664306	0.49708864691637356	0.33717845914869504	
0.5990784530120307	0.2998391323121592	1.0570331648903888	0.6293868132543479	0.29551381527484616	
0.47436448032615086	0.388028415293228	1.366112002207092	0.25549277272944526	0.10268628959402759	
0.4672559518184965	0.040655281894583756	0.5599918053434164	0.1594076958954132	2.0399051047763583	
0.0	0.0	0.0	0.0	0.0	
0.6708804855214328	0.3974517466910202	0.9989471335180705	0.12949734822513673	1.7095802911675013	
0.23508448146148472	0.0	0.42354580128944697	0.3106388381514487	0.7062097147076858	
0.46611392710947186	0.056437973124797335	0.16974110312549187	0.3517182313751691	0.2379375412300413	
0.6971996136111855	0.0	0.9141601585479157	0.19713282573933666	0.5790633966791024	
0.47064935508616923	0.07936302281752029	0.6935146981460725	0.020206262820399723	0.7258555334018496	
0.7163226347007193	0.3988810995084154	0.9236316905031607	0.9037199894960221	0.2163564990835554	
0.7210604641985472	0.17451277664594825	0.03862098105118519	0.0	0.7906652543817181	
0.6044913082974095	0.2973948460339546	0.27431098883938815	0.0	0.0	
0.0	0.37419552093783925	1.0269065430279496	0.9030270664849158	0.9145444919978228	
0.46106446164539	0.0	1.0588409987856506	0.09060822634455674	0.28401829912303583	
0.0	0.0	0.0	0.0	0.0	
0.4392332467902341	0.24782715744771455	0.668767965283178	0.594297818387971	0.5452707134490955	
0.38328389392939	0.07167752348818535	0.1444692575485426	0.41557286603477817	0.7442229810790323	
0.3605532720620104	0.3637457916103319	0.16704811128426766	0.3021176593793425	0.4926371275930455	
0.6304462902273812	0.5526286502560167	0.5389807763348065	0.5469586580090464	0.5269931154029484	
0.0013205939008733372	0.26950463016811693	1.3719667170028477E-4	0.49970659673250656	0.7515223267523882	
0.21591997810871819	0.30629370587407145	0.40616569217155213	0.035181344494648166	0.5616003104547544	
0.0	0.0	0.0	0.0	0.0	
0.21675125665894748	0.33982327114228594	0.6553555845665994	0.4598715899647684	0.4504201012999622	
0.3459986153563736	0.34850882425618723	0.06217254797822893	0.17801332293292627	0.17512626734743245	
0.632506231305944	1.3605441622638256E-8	0.10547724172493396	0.3818876430389594	0.19894346949139086	
0.17468700915106147	0.18754928449884556	0.0	0.0	0.21676017188826419	
0.6040469096194699	0.903388307223208	0.11200679724719648	0.46586650585724004	0.1256511191416546	
0.5906654895775891	0.32038627065563247	0.8382118112507857	0.3044736347236797	1.4801694605012314	
0.7197856775590371	0.3390584558761702	0.20651198838954524	0.026780446234148575	0.4009769871786999	
0.4799059109726624	0.014752908704034786	0.21978709988917508	0.17783194916878506	0.3248696207158494	
0.467459258885608	0.17870910758786643	9.988807306534299E-4	0.4305128584718472	0.2590193288962642	
0.7017751062544924	0.3079632371255602	0.1428147583969825	0.0568863315915603	0.29390644914971104	
0.1422141958923866	0.8170433326132361	0.18141347840955646	0.1348230700605231	0.34463703102209065	
0.1559655406945776	0.25664538720225455	0.8612165456626262	0.28355373204697404	1.0874838234815518	
0.0	0.0	0.0	0.0	0.0	
0.0	0.8659243844930984	1.9621059110886316	0.0	1.6258465780172195	
0.0	0.0	0.0	0.0	0.0	
0.24671976530001913	0.6900206494168096	0.7761917864755263	0.9794645078219918	0.43398039777244357	
1.9289461947995774	1.671982698210517	7.791916413836204E-4	0.26146294809582704	0.23379113260809478	
0.7303683985833719	0.22102707481871994	0.23607851899103385	0.3384137484525527	0.5280562018874505	
0.0	0.0	0.0	0.0	0.0	
0.15307610828597742	0.09890997735171422	0.47403203961888773	0.048069306138390555	0.7804788335514908	
0.6075432878131188	0.060051618323809966	0.05619775268968047	0.3949497870038157	0.7998128535690643	
0.09326156702350552	0.23744882291230646	0.28742396728451974	0.14407461189550724	0.5101455122371475	
1.2177046789580896	0.32847356336012656	0.2808297198138248	0.749789992919391	0.3500621746629921	
0.03159414085318596	0.3515388321745045	0.026811849671990965	0.4892922862138885	0.12502164658756315	
0.0	0.0	0.8953706950607155	0.3123933868950865	1.0024952680740935	
0.828632073857309	0.37248395736112333	0.6129895652389732	0.0	0.5214531373544065	
0.0	0.4561838799111437	0.6535402493538629	0.4870168575866007	1.5434790993162153	
0.0449711450499926	0.1018529195493214	0.1122229532465917	0.1926924285015727	0.20666464951249244	
0.18164873028390746	0.64216687901794	0.6900159237514011	0.18591897533314333	0.978152128865353	
0.17373143124488602	0.0	0.16974447228095174	0.0	0.05038151418809118	
0.06359180164946679	0.02242891896405225	0.2320464682320384	0.9764390705680028	0.0	
0.15207785521499018	0.234169932501968	0.3604106961878316	0.011736474592865136	0.2506067935081986	
0.09634823639432444	0.4213477273761338	0.21157644979606946	0.06852804910308839	0.4548480084032414	
0.16810756628267914	0.3786297172331654	0.975048684266258	0.3780505932597098	1.0745382968081172	
1.4738501657035703	0.2279175014180114	0.40540785098199167	0.8905995518035267	1.03574750551328	
0.0	0.0	0.0	0.0	0.0	
2.1927020096835466	2.325551506420827	1.5615943062781514	1.6422754226246215	1.0163772128953161	
0.30993564545163127	0.3231834833429583	1.528468202287142	0.5956175793622936	1.6275569157023597	
0.5978133667147372	0.7965267961169371	0.3928118105208989	0.37182403983451406	0.49640233287667584	
0.06452150027403439	0.3936945220150966	1.022422775904627	0.0	0.9256233919914835	
10.41180217955619	9.858760700255482	8.65398317736342	9.953817276728673	7.1818646581823185	
0.0	0.3918337021309038	0.3832018297891403	0.2443414827570319	0.5428009978175361	
0.0	0.0	0.0	0.0	0.0	
4.034493170875477E-4	0.39888356102064637	0.10082617293701662	0.23679704754901842	0.598860913365466	
0.5880083115947287	0.7664929265260289	0.8091895236830877	0.5681939107007262	0.6793682720432626	
0.3142550613236768	0.028255267191733126	0.20884764349679513	0.13502781888684126	0.2741292603405928	
0.05837945446173733	0.62834292903096	0.3732677016979049	0.06265124966367186	0.37829535177787144	
0.0	0.1335411949475636	0.0	0.5879416649910947	0.6139879577812742	
0.0	0.0	0.0	0.0	0.0	
0.1992979504537541	0.5552759050031457	0.5839778717882136	0.7317054281923431	1.339735124186947	
0.2654447794268047	0.0	0.27420321859146857	0.37869269686023577	0.5840444070578314	
0.0	0.17643957401756546	0.383302677227062	0.13389973803008637	0.4298332837556896	
0.25611348598661016	0.4114653003359062	0.5165439528347193	0.9108961123444649	0.11775806672019845	
0.31056509276192595	0.17936524554386293	0.06951296061729247	0.19745351113491466	0.3603255422327498	
0.514109722033317	0.6686792704952322	0.8192328770129407	0.0	0.4026621954684629	
0.096487088631274	0.36632055627237936	0.0	0.6793676186909446	0.7084393525297729	
0.9269051286803748	0.4525306713566975	0.5441130062309228	2.7984578965383963E-4	0.4887378720844437	
0.12367582229195705	0.30981175519090054	0.0	0.4715999384842247	0.3891846257272122	
0.27156183415289814	0.12403609140244559	0.4495940373116607	0.5857164433660279	0.5093180509696618	
0.07538153436908765	0.027987097949202056	0.0	0.1666817683539223	0.217898701792149	
0.31135439238485224	0.5598513319269448	1.0247966372841206	0.022942987259696335	1.112657283123669	
0.0	0.24960291567194498	0.0	0.38076974414192405	0.08866631714372966	
0.26786525876238815	0.02333231826580535	0.5846045478056199	0.12963563562024452	0.8495746906750181	
0.0	0.0	0.0	0.0	0.0	
0.487650154963596	2.4368794938618588	0.3788642548244086	0.2256057448522182	0.2246600765462278	
0.18631838136377404	0.13028111656758992	0.030229136627138723	0.0	0.2822064846397224	
0.0	1.520394314578734	0.34655001318220857	0.18849583094674088	3.2530593226014934	
0.4729881841977675	0.1712339293411808	0.15245270632366167	0.0269437929883211	0.6500968901112479	
0.4418382915991384	0.0	0.1506150629954225	0.14863845124127395	0.6146140058210163	
0.4869989660254293	0.7300254188632715	0.0	0.7641113644189517	0.5155298999726907	
0.2851909888859626	0.11481864285652796	0.017721977841826473	0.29121560831724885	0.39654222887601503	
0.5404384983191887	0.310261179599996	0.04664955521930503	0.48876554574894054	0.5636850139887718	
0.26835791477050736	0.392365453783095	0.0	0.01639215531670596	0.41832078621972213	
2.7957872551916005	3.0325936081608007	2.201185038103422	2.017309359224934	1.9627740565592853	
0.0	0.0	0.0	0.0	0.0	
0.2900579007358986	0.4917017018716576	0.0	0.50692573312278	0.2220972467474681	
0.0	0.1536317459880504	0.20220864245941764	0.5702455096119986	0.6458604604774197	
0.09391453428682817	0.0	0.12400405503227317	0.28165647280258777	0.0	
0.12361599136492565	0.2692065893700972	0.10587860132203021	0.7254812438362555	0.8610693685933568	
0.518583121689852	0.32099286320603154	0.10785480241475638	0.002888816097553815	0.40541102248268424	
0.2191500816398374	0.3146908857583904	0.5572836716884112	0.5658305300100073	0.7738293831334501	
0.6646872736352796	0.23760794909734523	0.02890918702539398	0.4236604583165945	0.21474957451280668	
0.4016127432478127	0.577451607756261	0.5995021610977193	0.5810189780416782	1.013549889265667	
0.27181474648528026	0.0362574057865219	0.8809892009599383	0.3114657268232871	1.1644990450587291	
0.5227875900921991	0.23407313202304095	0.18506901557346053	0.2834268445454344	0.7118599873654727	
0.07805718736422154	0.3398058520626105	0.3307299242676923	0.0425217589920885	0.1962816869285841	
1.0024296765385032	1.194587814284118	9.683961604918111E-4	0.4343735648190236	0.020330756066304856	
0.1507708943202357	0.46191995818347914	0.0	0.07097373424223097	0.339133779916747	
0.766129836463863	0.0	0.145598392448185	0.0	0.0	
0.10596611529180942	0.6884344703675084	0.47328766568439073	0.0	0.0	
0.0	1.3015386715785073	0.0	0.7081137030364142	0.21526196956098226	
0.3855023797613752	0.0	0.6053536464871433	0.8349525300484101	0.7997982793070639	
0.30051720290806144	0.2678837964803041	0.0	0.4613757126695066	0.31744590910019344	
0.16822706990596634	0.22478894245887637	0.21718566073967374	0.4882373922227642	0.4265904328718706	
0.19269987790441245	0.4748868730931297	0.14130983435974223	0.5755862385534439	0.43388891428352555	
0.31879976938787097	0.09248218198443169	0.09758028173203458	0.17499281432396618	0.5794040573372601	
2.4620972951218367	1.8797673117228089	1.168824326241605	1.1016068895733195	0.7192013062125016	
0.5386154101421201	0.7695166744553749	0.19056004594546366	0.5389445495585284	0.8104215508047478	
0.0	0.0	0.0	0.0	0.0	
0.5166092211145472	0.28964394072608957	0.6523102807621757	0.0	0.7996399124969183	
0.3928863099332027	0.5226294578604506	0.9188376489070625	0.2511009400383701	0.7754428090898484	
0.008438933232161933	0.0	0.31612247799878973	0.04548958974070832	0.0	
0.05462884986104849	0.9964094822007179	0.5156578523670761	0.20085847976596288	0.27064571658369424	
0.0	0.0	2.441245006429013	0.21033039352715657	2.137195245548179	
0.0	0.0	0.0	0.0	0.0	
0.3691842076906293	0.321801376990254	0.268262178022249	0.4578217551595	0.07869819109317627	
0.322370236917463	0.03554552874377764	0.35146760311026803	0.4615510563214957	0.6251924435664855	
0.49406771156082313	0.38035743228837376	0.35805245983097767	0.5457602839574496	0.46561348906675204	
0.0	0.0	0.0	0.0	0.0	
0.5054172753854538	0.0	0.482514257830291	0.3209524322144293	0.5486651524744522	
0.6389900693949948	0.5577400204132926	0.0	0.7507500477753708	0.23275431774466765	
0.19161090605956604	0.1368165043398459	0.1869127063233987	0.21383755935939688	0.05796600803110153	
0.7460778919343984	0.46336463287236324	0.023429076532787863	0.79812221258349	0.5106490595281727	
0.3304401103169255	0.14585806336126603	0.0	0.4551507908554053	0.5555663549062343	
0.2998016006885685	2.851757369391273	0.9733485592897723	3.2157698365160665	0.9527805346916297	
3.1782206138950384	3.441931236090557	3.536112790164487	3.154919661299892	3.015264179946276	
0.2617721911794731	5.4723365802262035E-8	0.3087872777671918	0.30961787787003864	0.3908568511643993	
0.08241631588332045	0.9223153637014091	0.0	0.5409676158904868	0.2634132591114937	
0.23577906810267976	0.6473271972459639	0.12850306456455776	0.7734464284578872	0.0	
0.29342433886693114	0.6491726459216693	0.6710483822493447	0.3638366520605791	0.343459303014053	
0.6013175774959754	0.33392781185647813	0.3373529656684969	0.19005072778076423	0.6209354534285799	
0.24334306627504776	0.0	0.3253889164489441	0.039753960959063646	0.5165813835393799	
0.73572312364413	0.35208872382785544	0.575504112230227	0.3343180600330786	0.24398470796930774	
0.6581511735730421	0.3933035057589586	0.6616360493322064	0.6351246622242034	0.5443769052073913	
0.258613821663461	0.3151002809881888	0.3175689542680343	0.6496417581882633	0.4620305388168167	
0.6634537660351506	0.5355142109330129	0.5445528708348808	0.2553325549112485	0.43107877063609024	
0.28121906174099437	0.04507893841527102	0.29035042801614536	0.11956432006377353	0.21965897234584683	
0.1649108977338771	0.5027348466781971	0.24910247662252244	0.27797712740136904	0.4529678744842552	
0.2429190237484482	0.030177266774341325	0.9789320025931099	0.43437469996510597	1.1167549017111307	
1.407894403197518	1.6054112282329627	0.08887854026164081	0.4897424104601459	0.0	
0.14461639212652014	0.05476830776491044	0.2818049436701454	0.41492183449363024	0.3227590793382421	
0.33891801898672574	0.2502634652545422	0.0	0.0026674396120755814	0.49896877699538056	
0.6188553813103649	0.6867661026825301	0.2518450850452079	0.13418273828762267	0.21427399339639572	
0.512662130728699	1.036715761711411	0.13811827539196436	0.0	0.28320831477745	
0.2664091915497113	0.46376793714712644	0.4534184614146711	0.025459746186986827	0.5815104420490752	
0.0	0.21352152731687818	0.36506839359305593	0.35690525007656143	0.7833421331419032	
0.5554529379458769	0.0	0.5441673904953495	0.3155606956438881	0.610623922060674	
0.16597400214589583	0.4173619301834696	0.6351066702070646	0.1403930977892965	0.9132231940806215	
0.0	0.04449116994071485	0.4055198255923774	0.006333691065823045	0.9709061140432731	
4.2590167754620644E-4	0.0	0.32579870857146237	0.7185354353625544	1.0879730327790127	
0.0	0.7403767714195009	0.7810661405540829	0.22203797718668564	1.1496284393498226	
0.8947815882148052	0.38987804156805805	0.0	1.3905190166293444	0.17830482131835615	
0.15226427967556733	0.0	0.0	0.7202009095273092	0.6593725306250892	
0.09726883814398313	0.19076042457604475	0.0	0.16674375928291948	0.15927913838796798	
0.3124928539914796	3.903978808147449E-7	0.12979231966233346	0.15976777289898197	0.7092990509846282	
0.37487735432932845	0.5035235521255214	0.26476960786497705	0.49569251104349776	1.5538261625100338	
0.10414325135066196	0.3433369418105076	0.2700230811021914	0.2478145573117187	0.24484070816012793	
0.0	0.4238059631055321	0.0	0.7972197820427511	0.0	
0.03788624910229037	0.07545585429314584	0.2986046982460101	0.07114111563661746	0.7106674310123956	
0.0	0.0	1.0481082867026985	0.3111450861727534	1.0600880669775108	
0.33133666439857845	0.35540941522085534	0.46594339028769877	0.16389272730539448	0.3997292607303656	
0.18259467857951286	0.3848302877127055	0.20707159752923	0.03394408698196232	0.35037681565355777	
0.0697171790414177	0.16780006493746316	0.22444618450907844	0.5770005722050162	0.27401940599466595	
0.12595987249595872	0.3160375007684715	0.6033711855938466	0.09030856420486261	0.4972523325486806	
0.06998593020693769	0.04187360240277757	0.43957873018552257	0.026154270988948753	0.7767974748876028	
0.5908021540198212	0.8174382286308485	0.4231254668451594	1.284765555716925	0.47594175359663066	
0.7055774311687854	1.4500742153006299	0.6623590246704344	0.5044534386605598	1.0152752285250912	
0.48282693437407226	0.006109737275494777	0.2633789646015582	0.4056159969364797	0.48839676032684715	
0.5287524069309428	0.4669062768494476	0.7335425078895979	0.39963516845976343	0.29167297252593277	
0.193174609483279	0.02954547032595865	0.7936287034541778	0.0	0.0	
0.2646096568806158	0.18941095775695466	0.713678946856495	0.13861778320475857	0.7054828978939027	
0.0834400957803717	0.0	0.4296530531094038	0.002875940528641161	0.25131167150246125	
0.0	0.0	0.0	0.0	0.0	
0.3426815749329036	0.7058940131437347	0.0	0.09099014379850368	0.24057734314318147	
0.5175731379325629	0.5800323372382922	0.03184929786414929	0.3770976809852863	0.8523245812197318	
0.24686131780819343	0.1040304251211263	0.17106030243781686	0.28881950543657325	0.6159920090562248	
0.4868916469540829	0.5985475830937477	0.6969047119849137	0.572939047954415	0.5542633710335378	
0.6143666784065929	0.6039604513301203	0.5466310240414979	0.3469415982398973	1.0516320970087554	
0.3726254119418983	0.5899784909054823	0.8491642707362608	0.2701062262759115	0.6044504265917401	
0.29247206168967793	0.7623601819924636	0.2721154580982617	0.2062647054531411	0.6214543665636618	
0.0	0.3229577981893613	0.060685534505918244	0.18075298624021596	0.0020069050744371455	
0.11372290041287378	0.0	0.2439700856285881	0.5268529722940342	0.7340521528036371	
0.0	1.6222484556809413	0.3614181977052967	0.0	3.734187645174194	
0.6250007816311725	0.4681501293761837	1.0185534690133726	0.3685764275259438	1.6221157807785185	
0.172748430220506	0.0052450561923764565	0.2999682407115589	0.18253565145842285	0.29339090974418197	
0.34755873470038523	0.8042446078788722	0.3631561454255785	0.2957832437242982	1.2385618954168136	
0.0	0.0	0.0	0.0	0.0	
0.581152567330362	0.061701363905949894	0.6940761350569813	0.0	0.44286875883871757	
0.0	0.0	0.0	0.0	0.0	
0.0	0.0	0.0	0.0	0.0	
0.4247018137170292	0.39340796707255543	0.10336621686452645	0.047930786223123925	0.8948731009844448	
0.28016708488492453	0.0	0.5900127469087374	0.42301443638571895	0.4788971422805186	
1.0537433024933152	0.5786092296704759	0.39852123119625504	0.41562143366607185	0.20819372680741458	
0.3704370446134382	0.0	0.5056071570376551	0.441533107929827	0.8203473770750841	
0.1750009876125096	0.015167314669830963	2.076509987560531	0.0	1.08557075293535	
0.0	0.0	0.0	0.0	0.0	
3.583411569916289	3.3874395599727936	4.086698855289875	3.3651431667421825	2.7052572520783067	
0.4556645180798893	0.058472992732569805	0.2871103920373804	0.13320972501924713	0.4164127791697817	
0.3157227864376626	0.0	0.35420561000374196	0.289984823912383	0.37379085566576753	
1.4785549234536701	0.9023560313646299	0.7490493692348835	0.77856234671226	0.08568223455289674	
3.7567759022096476	4.134481469986454	4.172247275152448	3.3300544398102554	3.574940057511834	
0.0	0.0	0.21366900998146834	0.10737716111592455	0.8828162189025244	
0.0027815725595045945	0.0704887548714101	0.09074271757216969	0.3727365428615488	0.7939588523726298	
0.18448375304031595	0.0	0.3481261792699165	0.4905427968010341	1.184802312268051	
0.844167404181367	0.591117638691268	0.11671731590517427	0.3603059838133547	0.23692007712957466	
0.6435466303343431	0.0	0.13126445127902717	0.6112607184727732	0.5903451992350373	
0.0	0.8293534344125771	0.7020293132003687	0.22066579965323233	0.8693777192988347	
0.395400852176147	0.8035264473733557	0.8574041107967485	0.6036860307090387	0.7832908873326814	
0.8555251265088223	0.11968169356280949	1.0598254745683222	0.2552510484762756	0.09993496170712289	
0.0	0.0	0.0	0.0	0.0	
0.004501995933522879	0.5985577216364045	0.07394789592517804	0.3130813391241525	0.31340378666826896	
0.9807647948570549	0.4786400956152711	0.6465537340150672	0.5894942512549143	1.2094638558883524	
0.26504823693698387	0.0	0.20843532985911548	0.0	0.4293895473439549	
0.5616023780069953	0.21739670793735977	0.9506761453399419	0.14171508463892196	0.9141838375042035	
0.3808126431759478	0.016871608209568907	0.2868766999523987	0.7330002189832083	0.7638474065613012	
0.23068253645422157	2.7153177206327197E-4	0.14418541997753806	0.20767057715098933	1.2907094094076172	
0.021103148398456558	0.5051105346214658	0.9463208603048607	0.6266188320484798	0.35283167524013304	
0.0	0.6096393037726929	0.5156696021219647	0.05356257191940331	0.8109460262171564	
0.17408606496101534	0.8123602567592808	0.5443616868489006	0.0859447617738389	0.7065775153029158	
0.44992515332448363	0.3637216970589617	1.248877062044575	0.5823380351687819	0.8362291393176216	
9.252112236221784E-6	8.30987366543886E-6	1.3410001389136899	0.0	0.31962874018621545	
0.5184730190255148	0.25141050341630516	1.1211306469081213	0.11605717409907161	0.9685568841118795	
0.305814995957306	0.674376909480039	0.02291228853266128	0.18024917654584952	0.07644240148184486	
0.5840017655647259	0.5874202653412268	0.16028635792506526	0.10745025368367986	0.6779567727800097	
0.3487593149169799	0.05374472786779634	0.2980995181385774	0.30046510906312635	0.5014341615071753	
0.0	0.0	0.0	0.0	0.0	
0.49507304478415515	0.34638154116171344	0.6835206914573844	0.17655356074582704	0.494481666706817	
0.20462080288732135	0.009014255124454978	0.40138492326675795	0.30214857675634427	0.06640235114446726	
0.3831249860563182	0.27043387917331796	0.2935909030409794	0.007440084088672966	0.4208854591614857	
0.053288938298810484	0.22453089151925296	0.4702196136423204	0.30559416722573063	0.42476307146660686	
0.5433147935026673	0.5735230515584256	0.12218620061985548	0.3883504120074542	0.9100803591980432	
0.5438152777939872	0.019200347809029645	1.012711160547827	1.2409025975375347	0.606402110834792	
9.855653433740215E-9	0.47962360742168836	0.0038263267714429864	0.07870619110636233	0.07804881278856077	
0.14611647199201347	0.0	0.43889011502661457	0.14730180719066618	0.0	
0.6270454268459607	0.6839398504196895	0.0	0.0	0.20829303612552647	
0.455174408876605	0.26360181305475266	0.8163396019168699	0.9125393251305524	0.2464291930071502	
0.7323692091403468	0.4562180654520483	0.2375397141758968	0.17424923220654448	1.573803904030712	
0.5987094078961128	0.0	0.0	0.7345162749483264	0.4426112205210316	
0.6100679749482363	0.326674989563035	0.037955023703417905	0.007930566416672682	0.043456823392672476	
0.18090160439512637	0.302835535644909	0.5532444680321115	0.6405228974190011	0.6682808082790994	
0.0	0.004833186201000225	0.020142490962835866	0.6771554301084085	0.5516648591601547	
0.24732919665623848	0.02954083857230012	0.0	0.3067742470468787	0.06949038015002267	
0.39982734236976375	0.35698202141286245	0.13441951134266558	0.48934512856398293	0.0	
0.2343730654500422	1.5398004379032484	0.8204719897007764	1.4480008710675316	0.24289779821504587	
0.3535986409453641	0.25375031616555954	0.3665033383183974	0.10263164008864883	0.22208308945817326	
0.667768139754976	0.43393713628562297	0.9563543217992179	0.2830369220115391	1.5148495509823516	
0.0	0.25704094554006907	0.5180975315011697	0.4027738937382022	1.2086765157501413	
0.45083654015109	0.6919242293586709	0.9257972264444208	0.356891028409247	1.0624589746910265	
0.46531026828783223	0.0	1.1268286260105587	0.0	0.644544686503526	
0.0	0.9959731198640784	0.0	0.22532596346108655	2.7375337765673726	
1.0530330155891676	1.216832794894486	0.8139483872507383	2.199249761454883	1.3981787176300373	
0.4052866834687917	0.24788897725445597	0.32079093779239226	0.0041954939169030455	0.3198218721209618	
8.484819368924252E-4	0.0	0.33913153287134223	0.4399961449801515	0.6417571357506765	
0.43355638233748145	0.613506711847711	0.43217154183659623	0.5509954891968473	0.545931885704631	
0.9353673066908073	0.30692127475433845	0.06258283116022414	0.3927167418521237	0.823770882359876	
0.742332290384874	0.0	0.41029758463765775	0.4330025006125749	0.5566588253879461	
0.14726954085740107	0.4521061645377053	0.2148325295798666	0.4313516660582926	0.45650530336253403	
0.6017930088687958	0.13769134146947715	0.1790130636303847	0.30741729308092197	0.062043451236488294	
1.2918661665864455	0.7563822195938299	1.044553143824277	0.9747692512264416	0.5341472084012209	
0.47478887051171953	0.37130275560041265	0.2191108983122079	0.3898753076205874	0.6104379430579265	
0.12218609768378563	0.0	0.012747785698585614	1.0858805147491222	0.3278897949194643	
0.0	0.0014354283663759735	0.01327963164489848	0.4121061646287626	0.3292445055777136	
0.30001987880346226	0.17941074044884556	0.5576464868952096	0.3764525803018907	1.1493563932230044	
0.0	0.0	0.6757864743404584	0.0	0.0	
0.18987123146030394	0.0	0.2508872891071426	0.6669121001011874	0.5785961618808599	
0.7885143735927205	0.08225790915956079	0.3210294132094332	0.05612594395110367	0.4928657415783407	
0.13608852863860685	0.25848693333816253	0.20516660084801902	0.4968553438479172	0.7801071159332345	
0.0	0.5879894965569533	0.24256617859490553	0.48305516287378036	0.16362709241378523	
0.5335295509606985	0.21887999362892832	0.2844155089157869	0.06272462841397898	0.4166022325815993	
0.5211113219611604	0.3771392887067959	0.20990380668518357	0.011569588528703168	0.39200698708817405	
0.0639850948471892	0.9979554574686641	0.38953170087382966	0.27841486728539533	0.2929560452434559	
0.9317190545902576	0.35953902225655393	0.6377869235303437	0.5571479766483164	0.6869583629075816	
0.0	0.7443027762146838	0.7412695313201533	0.21774742429679544	0.7627084516716732	
0.45065063056360344	0.09351960794168027	0.0	0.40160726431334615	0.6211797675487782	
0.0	0.0	0.0	0.0	0.0	
2.170742974395146	0.24556181824680876	1.7172886381950028	1.3924282199806843	0.9439175173040091	
0.0	0.4006390574921621	0.9647367083115331	1.2702482253760838	0.00767296375866679	
0.22576916202476124	0.0	0.5305751769943233	0.24811037111971165	0.6769960874713417	
0.432382177766988	0.24216124297872757	1.4034235717709547	0.24667850536405286	0.6026843488540268	
1.995200444062292	2.0051018562813057	0.0	1.8540139137919476	0.0	
0.6554033067856654	0.26670061874560846	0.0	1.0043503156648823	0.4922037365917905	
0.5319810002397456	0.12654766912799226	0.0	0.40119512252083794	0.5018189615304081	
0.0	0.33887848939726367	0.0	0.17638879087477002	0.39763512598072875	
0.2722662381031211	0.6372143716837022	0.0	0.37655324225208653	0.42450602162123885	
0.8626096056487335	0.446217990085398	0.8988964675332107	0.4186443717849097	0.4488255569558113	
0.3252638388689725	0.03726058092853597	0.5445924406498568	0.23497392077038823	0.5197555010816253	
0.4028811138342744	1.707940008040178	0.31804578049759913	0.0	2.8961658733327047	
0.20841126017231315	0.06194591330077209	0.31157621514024375	0.047596643550170736	0.21094739737390458	
0.0011392283822091727	0.5640727189037007	0.014531215241725483	0.15441828219685874	0.3093577602157435	
0.0	0.0	0.0	0.0	0.0	
0.26624629299111807	0.5100157188768192	0.31256073283736663	0.3130736745240493	0.9922652443018526	
1.062136729115139	0.40600382530124596	0.20255479157241052	0.6560435755080428	1.645609321937798	
0.6957484366545406	0.1398515443394706	0.7294341252275861	0.2296718704030848	0.22235003169650921	
0.13218500487351986	0.31532673932610855	0.3097820320710791	0.6321474329562006	0.4630801067180248	
0.0	0.240743420898767	0.2736884506937299	0.6998620594402076	0.40970082207940844	
0.4714972421856937	0.7121096045660419	0.28518366548999663	0.48829310564916156	0.10302495169104084	
0.3683873861902263	0.5847409598887184	0.288449834238477	0.6514753273900132	0.437581235229183	
0.44964881960088454	0.3613997798082545	0.5909539623989536	0.42138580216455296	0.6518150617418196	
0.6144389330153405	0.3434034159808589	0.08040734029470675	0.533209680899235	0.5503191405305031	
0.4094883437207037	0.5653108566379007	0.26691442063772064	0.03301701110732354	0.380633890949595	
0.0	0.5998055857211249	0.33376710568592804	0.6313557171880888	0.773536733561564	
0.43884980719066524	0.18377262959973287	0.3744592605164474	0.0	0.0	
0.6375173832525082	0.23257232137573192	0.7613640410218713	0.10635731885793641	1.0661560706672455	
0.04540530051261105	0.0	0.0	0.6118288786770933	0.5396619094530396	
0.19197707685676743	0.49398292864096693	0.14935613474590934	0.17306419874350093	0.4030986511774002	
0.3140133670546909	0.0360344685980418	0.001528731248470826	0.5466505832572309	0.15251167025974227	
0.3843112946889784	0.034104319478166986	0.5321881103211512	0.14211287747655355	0.613716950645731	
0.0	0.0	0.19230870486348983	0.6872585675156377	0.6842426326746294	
0.5306019075565769	0.025218187376145007	0.10230109299390969	0.4530104436582977	0.6476703490673241	
0.27886551883262045	0.4387947223685408	0.10114540912769146	0.19558259856621424	0.09827349134148942	
0.5341473033582538	0.0	0.035705287162186246	0.4416649981904851	0.12358958640419543	
0.37205118295758965	0.028415634500369533	0.8518812984795736	0.7635428977043986	9.760532458442669E-4	
0.31683830643212685	0.8503519451092947	0.3148989710373417	0.7732457367663881	0.4042442469086254	
0.007116075240833993	0.1314580829952316	0.10682964708519553	0.8569004596677688	0.7077659782795378	
0.0	0.5272296437437302	0.0	0.5345430705582658	0.41182255960913094	
0.3440663954944434	0.19621970244411033	0.4071002094145896	0.0	0.48093127233365696	
0.7124210107700263	0.16971293186810116	0.9166912595379332	0.3526957655041706	0.8108464135918655	
0.22655146835495393	0.4781019607877196	0.9497927165567405	0.3386891287781656	0.8324150291946681	
1.06818787511147	0.7914274375624235	1.1653795635181297	1.057696658768771	0.09520737528209133	
0.12902623796986057	0.3106111732108834	0.541096581970371	0.11622342306057319	0.7416565305896103	
0.0	0.0	0.0	0.0	0.0	
2.643347312845591	2.1386439218795092	1.5505003021087957	2.828200126347708	2.1746789830471713	
0.0	0.11890302000925138	1.5383132212801545	0.0	1.6842707795850869	
0.0	0.09698771232725056	0.02366601462584733	0.6213134668003341	0.6447913287833574	
0.48051101667027735	1.4976481482386792	0.1804914301903461	0.2056458491700297	2.758792473776195	
0.6321946986967599	0.0	0.4300848496045443	0.3074609824757858	1.1655227469439964	
0.4571848213936793	0.0	0.4776958477242914	0.0713697677091599	0.43248236687070646	
0.23364901061206206	0.0972532325770108	0.6890334812056996	0.18912881418685928	0.759982904911699	
0.20198057711846246	0.0	0.18107899695783672	0.1647047791555858	0.49030420864955376	
0.037521996506262735	0.13148536741970032	0.0	0.22457794124228134	0.18354079878375015	
0.0	0.8072003538948583	0.0	0.40576306661697553	1.511772780618619	
0.019660093220531197	0.8753512072237691	0.3035158349214063	0.0	0.4537486567862637	
0.0	0.0	0.0	0.0	0.0	
0.2672920089271007	0.7284763963912706	0.0	0.6120384007553661	0.5337244603015766	
0.7548448691621441	0.22944922179835597	0.5559049319920975	0.3663668321477708	0.6915351531500966	
0.5434085565403142	0.1996888406488622	0.6533532553067196	0.4834566684147092	0.1662244193695244	
0.07874049113420975	0.45316387723829527	0.015209070597546268	0.666894725615305	0.9774884343902592	
0.36211259010695934	0.5031825828752778	0.3249879847952414	0.8844975275764606	0.5156972075335441	
0.32540675596153007	0.412267095014386	0.09119875993825262	0.08822303535613389	0.34409277096396573	
0.0	0.4258853378748798	0.2281992244367587	0.7852103240845291	1.5510053562805393	
0.5578942568429041	0.8940946182844244	0.36124728039428283	0.4999355086685709	0.06210363468600191	
2.55522653692483	3.053988652379349	1.4741549095294149	2.915233384042711	1.4023223636965647	
0.5844008559521544	0.0	0.0	0.6270287640360951	0.3588985213359309	
0.5112434032209494	0.14005596090138775	0.48461031233516455	0.2625289088220719	0.1657972753630219	
0.995544782635986	0.46227401046202193	0.8056026197939448	0.2620241953743928	0.3677314146316433	
0.05324425287422681	0.7257535971807361	0.3880551403571644	0.6065279244531223	0.8097599961264093	
0.35971629639238106	0.04703417159061704	0.10102715963283812	0.22043994945807188	0.2839889735406543	
1.286340092644543	1.3877340225373764	1.5589861143561738	0.6030145077096338	1.4763591229248636	
0.8690283947510445	0.002531060309586999	0.0	0.5972825332848756	0.3178874506374384	
0.14996387196830088	1.146269168549841	0.21747026694907742	0.15518392578197862	0.017154298739564835	
0.8977767996796999	0.25271038347479713	1.525957508826369	1.2193436662892891	0.6977295615889507	
0.9863110166043195	0.5605396001895105	0.7630017907640936	1.0750680743805272	0.16315269037144	
0.25548474574133195	0.018337268151243424	0.29409244248387595	0.39056867761113695	0.32155223587761844	
0.2696271161615258	0.44714207764312675	0.04018925578986168	2.984503889165269E-4	0.018075381492581942	
0.38574522700649677	0.16675300991472777	0.28172079294468677	0.7181308525824284	0.3242380983023643	
0.5718069864318895	0.35121134287197414	0.24856481733802918	0.17625364178592862	0.8022804342990094	
0.34167017998618054	0.712339757543631	0.1230581681205179	0.3048170863892694	0.029115783623985664	
0.28811708562262434	0.39680459103506854	0.22865531687288237	0.49051348253041804	0.21967718523518456	
0.5498645011671787	0.9023417070388379	0.5633563955907053	0.8128414728588996	0.9834119192546578	
0.07592821314954515	0.22985692397047408	0.5217664047529582	0.3141280808783246	0.9094396164551203	
0.16034302245201465	1.1017485275374062	0.2938135760550111	0.4407756821063835	0.00788313607655965	
1.2188799132361718	1.08326542921759	1.9900630836926525	2.7171941835334805	1.1759046593839244	
2.8998397819798817E-7	0.8023513949446968	0.29147915720346723	0.17978096607960392	0.46764367085319286	
0.2701347023444899	0.34548059606161735	0.29252284434712383	0.36825103649460267	0.6000190212558083	
0.0	0.2070616687192584	0.6963006190272516	0.0	0.5224727701042714	
0.0	0.34509651597349267	0.4259395708517459	0.16397541061963555	0.0	
0.2595407266288757	0.3601178821410764	0.47052257338659514	0.18285688121954707	0.3010759060097329	
0.3734438668756487	0.5042684588291294	1.2684491998339196	0.30920788280604955	1.4237418645556272	
0.3838739798037629	0.05505548759606618	0.26438897624964636	0.2330425414499495	0.45961197542676013	
0.6494894560067732	0.5330397854704136	0.1849073272594046	0.9481548267099134	0.582005752624217	
0.15165937625251993	0.21118331495307913	0.49659940134769986	0.2840710380319062	0.5627530063528592	
0.0	0.0	0.0	0.0	0.0	
0.9466772026520384	1.7488862560587934	0.09652872234621952	0.9947707578190358	0.14814888675846474	
0.27630156873047607	0.0	0.6711017955507785	0.7725483499583536	0.9765344751122677	
0.3977814298286095	0.5192359506028713	0.20332370119813548	0.10404309360097053	0.2847163772587454	
0.0	0.0	0.36491407805500675	0.39035422987182417	0.45141873834580154	
0.8079608826724937	0.27206665848845785	0.8056425372309598	0.4046645571941199	0.9051592451797636	
0.30778642832013525	0.5712795683522631	0.6386351835621269	0.15215593906457758	0.7392190477535158	
0.04660970536376566	0.17920961862025875	0.2709664547467882	0.23238347959624273	0.428482874507552	
0.42860221704875057	0.260252684291127	0.08943032288684954	0.14539957866902936	0.37318561098779374	
0.6806105386237472	0.0	0.10572687210072204	0.22151088379828276	0.7935223034700263	
0.8287487846342844	0.5114007488114832	0.7436232316641458	0.0	0.6442831884592484	
0.8056053174453675	0.12069014492893616	0.22803765934657985	0.41779388352802815	0.5741726766006212	
0.24608665508087318	0.8705997418639936	0.5511201600305318	0.0	0.36381640039598	
0.024678860326938376	0.6636657632341979	0.6986553390063072	0.12373017719196773	0.7367602047707403	
0.0	0.0	0.0	0.0	0.0	
0.6628417926367587	0.0	0.05847308866652945	0.04616955929868406	0.5223668258444825	
0.36423774337394565	0.3001321526864602	0.5556671704100605	0.19189762217252343	0.2759098713868861	
0.1402502850256719	0.18223779959692615	1.0543697460955774	1.0137509183652225	0.5914988033433757	
0.2688960764428409	0.7477678866233454	0.13320262558652252	0.16050451955256684	1.0532327365690617	
0.0	0.0	0.0	0.0	0.0	
0.0	0.1725684237219841	0.0	0.45843955195133046	0.14196500852963595	
0.22930130659282336	0.039311810392943736	0.05556496111377493	0.09404419641928306	0.13133055215627124	
0.45035253132827185	0.8887382781909847	0.0	0.7921863314416623	0.05531624794179252	
1.159924830409148	1.8749885135414281	0.0	0.15096284059752413	1.1432903025035077	
0.07138948789705542	0.3900796163584969	0.47052806928500335	0.1345469136192879	0.14403863939059283	
0.3316376830064357	0.5894832793942538	0.18151059217395793	0.2603988086383385	1.1291960755149488	
5.63210533512969E-4	0.05517392796008258	0.8639365485493783	0.48051721044265044	0.6842956206293408	
0.1526656334637864	0.611530066965978	0.1674355776192112	0.12448859507324908	1.529255526259835	
0.4815171121279108	0.6455117537134084	0.35474639021687215	0.08864481437857182	0.6019182534806018	
0.04678682541767707	0.2819234527348083	0.25485565237720836	0.6806523819871211	0.5190702001400652	
0.30398079038205505	0.0	0.21833560138685199	0.377739284825113	0.5298981912544933	
0.19748392936439146	0.6145534232832796	0.344836837254941	0.4171747978945991	0.4752885716629275	
0.06803049927132303	0.19880262771808155	0.5960884625828816	0.017461322636207515	0.8955223028476582	
0.29363301996317553	0.6110828872403146	0.2606003170561277	0.0	0.3827578569856655	
0.25144191329425275	0.4236544993954329	0.6825451235206984	0.20564550764236497	0.6951230951224261	
0.11889952431199445	0.0	0.0	0.571136385250052	0.4566066826495734	
0.5108230310637096	0.45073787983371894	0.5734517517317261	0.0	0.16860630434032234	
0.559781689063118	0.4545425186456107	0.8624912229176702	1.0006706899044133	0.539377107198419	
0.3786876742066967	0.17229112433466828	0.19373744259381692	0.44400939039711934	0.4394909836043008	
0.4021819582590456	0.08495382285035095	0.6550591473589696	0.6623006366203906	0.4893493580431581	
0.2774774805179314	0.320404785906401	0.31582639474039054	0.2710262590111485	0.17944403097359554	
0.5832004673783011	1.155086716630326	0.006528518083443597	0.8693438896206391	0.2536022582837029	
0.6011541842114848	0.30254923466318506	0.15854958874567943	0.3953143452966231	0.1832987984759602	
0.3493812399919085	0.4536902597782934	0.6955548585670539	0.5002087806135689	0.6880060165929502	
0.6551838665346194	0.45431735984954263	0.5489816969836918	0.3125333332630289	0.0	
0.4443395848939111	0.0	1.8695855345142228E-7	0.806345644674666	0.08659368524783426	
0.0	1.1537729064900217	0.1850742748932617	0.014599567162263002	2.0421359785388993	
0.6901828231383571	0.0	1.0035528140141199	0.854701087206662	0.2191623330576236	
0.17509381062520923	0.0012652474204415131	0.4384351646072826	0.4135011890471427	0.7225612538981013	
0.5146448763316713	1.4311648546916422	0.5907746849398738	0.12620629077603387	0.23247293167082805	
0.19198754109366042	0.39619472656722926	0.42878176670496226	0.2317429129226273	0.9013894055922084	
0.0	0.0	0.0	0.0	0.0	
0.17467009223915841	0.6050286265581327	0.06540034883713627	0.8249384647265561	0.5657871354387909	
0.5593878024209582	0.6368893261980572	0.38704261968666204	0.24705551781013596	0.19876585279892614	
0.0766999744331964	0.05421142885032547	0.5791798713897666	0.5592034747735148	0.6333968768327626	
0.6522538174540822	0.16800709476391712	0.35802621969224335	0.44726614783212904	0.0	
0.9017319420701332	0.5251962444158714	0.0	0.6068797927134348	1.3179500262668873	
0.7709955642045676	0.001911662483569706	0.32217303551693033	1.1042150969164162	0.17255930082489182	
0.0	0.35807026082476767	0.8530357305505943	0.7556107257938294	0.5227297794829819	
0.05668162622201838	0.1946365467219388	0.24213975774210278	0.039982154653207355	0.4293932697708358	
0.6111279675382816	0.18621506152396963	1.5376544278833901	0.0	0.8671202316682209	
0.8246494031962219	0.3290823773944978	0.4032159256337512	0.27292828780582745	0.0424206848714611	
0.3934758172752978	0.09343826990721067	0.49900356654266304	0.5232372645463815	0.7740098169116926	
0.2295236834470528	0.33146882076489	0.0	0.3327930618454908	0.30352093835341426	
0.17302293073534517	0.37648009926018106	0.427904040512352	0.25162114658016405	0.46603551798280224	
1.0479521412999075	0.23686135397904026	0.7372395320301085	0.285295699831715	0.8642267948569244	
0.0	0.0	0.0	0.0	0.0	
0.0	0.6420479030860514	0.2071850138910374	0.5345201887865527	0.6121929841501521	
0.30600480305424294	0.10241514442942048	0.6951272617906343	0.2948967818637591	0.6020407715919319	
0.8477784127809548	0.5218373683601246	0.19975364019793848	0.08775445153031748	0.5861655057595258	
0.7214560950277171	0.8654173922638903	0.6108103722737473	0.31339763334069476	0.5212925256006713	
0.0	0.47863296705377156	0.37838203353829397	0.351978746507898	0.21432403191999158	
0.39040405560007324	0.6175404306009301	0.16715735550588073	0.6367581963535311	0.3044078252100248	
0.003154035243186213	0.34457565130547363	0.44867543907986207	0.18052473640632474	0.8674263379830391	
6.566285613311107E-5	0.33450895340739123	0.12546711125748206	0.1637432790617879	0.7992506408955906	
0.11059967686026291	0.28332276576239335	0.0	0.5227968999405336	0.2299322866981952	
0.0	0.3980488929643476	0.030844444853880264	0.4532006187895999	0.6338719937423628	
0.46162335739053884	0.5147875920929337	0.3710411868232129	0.7778100051754167	0.669349521658899	
0.0	0.0	0.0	0.0	0.0	
0.9730638407292047	0.12787815582669107	0.5599145366435193	0.0018644305083754893	0.1265827090547875	
0.3546141270506297	0.21901883066537464	0.25313155274974963	0.6264377266212615	0.20518416716938934	
1.4674726796485402	1.554740450308083	0.06032586448971216	1.1501631865059039	0.0	
0.28558833988788596	0.4020794765202358	0.23130412275384224	0.42553495461512963	0.4952767112969139	
0.19087935542087534	0.6145382456599604	0.5027667093268415	0.17984938180259571	0.6246561819960907	
0.36525397657894443	0.4190677164936307	1.066465003335062	0.3523925293147766	1.2662612231768622	
0.7457761208341316	0.5984029537168215	0.22831864565390375	0.04747367948281195	1.2185725201340982	
0.5726364967114405	0.5215868846364576	1.415227455389322	0.0	1.5376254859362357	
