0.10050098839128416	0.044485706737512	0.18012033489117263	0.1462321597785037	0.03698304204218187	
0.21584538584985874	0.20297231096368665	0.4267120825411464	0.0630713372217965	0.4088022171410875	
0.0	0.0	0.0	0.0	0.0	
0.33798763714914376	0.10309767882254602	0.18466246354811203	0.4995842851270291	0.338063097552968	
0.0	0.0	0.0	0.0	0.0	
0.0	0.0	0.0	0.0	0.0	
1.3501862908964921	1.4207550651900136	0.4601119612598743	1.149984245573011	0.1770962541467852	
0.8706793077856668	0.5424260417187087	0.0	0.908284844660448	0.11204024983804697	
0.19272313453071718	0.3386773725998387	0.3172611267870044	0.8774799761298205	0.6561953506034528	
0.541402914474347	0.315583705706848	0.0	0.47909238144269395	0.47727914850927533	
1.5149473745077113	0.1834114138188712	0.9283184058143485	0.7064410578476508	0.9768860102560253	
0.2396405634836535	0.9885702685918442	0.53408738256231	0.10772930544254805	1.3546045413681067	
0.9948386104390764	0.3745161028629227	0.22981119090922075	0.08478643493973999	0.9270357599419021	
0.0	0.0	0.0	0.0	0.0	
0.0	0.0	0.0	0.0	0.0	
0.8215564540888671	0.4531440629976147	0.5392778548894835	0.5434264113417239	0.48016163382319693	
3.509079571083685	1.8179494619184002	0.8724058261843526	0.5097537266810176	0.6608476380875328	
0.0	0.03299792594938236	0.27359776618084186	0.7301188309073642	1.0165110712352239	
3.504576343125134E-4	0.2410575264972668	0.7109578566221978	0.0	1.1129724948719453	
0.0	0.0	0.0	0.0	0.0	
0.0	0.0	0.0	0.0	0.0	
0.5012522829580237	1.118606013596221	1.7761382722930001	0.14565582707180602	1.391329797758494	
0.22974872844531588	0.7028685920120625	0.0	0.09780761110155371	0.32865625238262125	
0.26550403228223396	0.30301920579030744	1.0214893961095088	0.09405733270967252	1.2801494031514267	
0.4232869023856868	0.03502697315599659	1.1050331017867256	0.0860845955637373	0.5719968457245956	
0.5010626934005774	0.4522958020260179	0.9070681938330626	0.3916953607293072	1.033409433576617	
0.10899879271081578	0.5581773330357126	2.0775117640743526	0.0	1.9513412954903921	
0.02812737747148091	0.12048405819601413	0.5917534691229845	0.25693262542763395	0.9587153929304127	
0.639699541158581	0.4315055793086984	0.324016307285913	0.30301881174023493	0.5694724485883275	
0.36391134526541863	0.0	0.4214335504320937	0.25214048200956307	0.6758535460756484	
0.0	0.0	0.0	0.0	0.0	
0.6055351313953563	0.0	0.3134855347891005	0.3255670372513696	0.8182212154322911	
0.3585711985925701	0.08630128825858044	0.8529321575119733	0.3446757351659761	1.1416530410155097	
0.245529879610211	0.15401342344032812	0.48510315420875033	0.23571022853412826	1.0971394891016086	
0.0	0.0	0.0	0.0	0.0	
0.0	0.5269419954390353	0.7178842263981092	0.42636706626602433	1.1521950187614396	
0.4636355864332927	0.2545037041172378	0.5057665002144628	0.34396320566218175	0.30420301966392915	
0.5679059074542924	0.3070402518256497	0.03239873023852517	0.2994838032197504	0.35871360305172584	
0.0	0.0	0.0	0.0	0.0	
0.0	0.0	0.0	0.0	0.0	
0.0	0.0	0.0	0.0	0.0	
0.5025222424219762	0.0	1.2753647921722944	0.12187410602077967	1.1313755333766307	
0.3911213607031381	0.3247729613926472	0.6674222993103561	0.4711248609290231	0.6757940532533737	
0.5909856113307	0.27567397459467674	4.295387310784607E-5	0.4970612997015893	0.29496287842507335	
0.6333518639161017	0.5955908959854428	1.5468153952035053	0.0	1.340023802532015	
0.0	0.0	0.0	0.0	0.0	
0.0	0.0	0.0	0.0	0.0	
0.5294490581560679	0.03634090125848559	0.0	0.7098121173729549	0.933571816512439	
0.0	0.0	0.0	0.0	0.0	
0.2903043291652878	0.7788331287795953	0.9216405868179736	0.5882789129210402	2.1244505851332165	
0.029036484413080512	0.5722304479634601	0.42665527265457814	0.5942273639769222	0.37125338969469057	
0.05914164432188879	0.06925733482439686	0.29018375822422066	0.5491406515868317	0.8357408480780505	
0.0	0.0	0.0	0.0	0.0	
0.0	0.0	0.0	0.0	0.0	
0.12728061305306024	0.13068930652899144	0.21571233640213794	0.04327130560914949	0.40816422201223335	
0.6545067245106623	0.6356816595121192	0.023159395962757158	0.5799769104496718	1.5659267130094583	
0.0858857352721245	0.04317396242463701	0.16670683507794307	0.19323149498932216	0.19637892756552935	
0.48462631192545336	0.0	0.828603984564885	0.023354682626176543	0.5778790770683017	
0.2365059677116208	0.18241119486735236	0.548669313989927	0.3408430146109053	0.5561330473882887	
0.0	0.0	0.5349291994215255	0.24449325400513375	1.148947491196397	
0.3694175743357619	0.6402416768381193	0.0	0.5397886544656443	0.3638105863418501	
0.6040104046575931	0.26083401221594016	0.34381166697707727	0.2518569739229778	0.5436324460656723	
0.5712235124322093	0.4802296032172728	0.6714234028064351	0.24078759942597308	0.7936706850692471	
1.0327885269226018	0.7602000190134949	0.6238709787830073	0.5654210492326988	0.08476213309723335	
0.0	0.0	0.5010434488293426	0.38304045658760916	1.0247791358893663	
0.5030706519281267	0.8440192834492454	0.646148785070948	0.07071984628806369	0.9168268987212304	
0.4731823677528805	0.4665664668727227	0.515477719812735	0.1037847556107524	0.4713645457151411	
0.0	0.0	0.0	0.0	0.0	
2.6421801919100827	3.086341382492646	3.151992724328877	2.557803001262002	2.849056734352155	
0.47716544631458746	0.9770431306128584	0.0013672728058713758	0.6570947007747426	0.403657079976461	
0.4593102408532065	0.20444722734716428	0.0	0.40797530908414764	0.2790413324711106	
0.0	0.45378077411454315	1.271606878423939	0.19230206450669315	1.2346212182518381	
0.3872251330318417	0.5901156983727874	0.6235247058798603	0.34221176718025337	1.1293533921254388	
0.0	0.0	0.0	0.0	0.0	
0.0	0.0	0.0	0.0	0.0	
0.0	0.10746927192680673	0.22080133594081838	0.05246936000433138	0.46177925242521434	
0.0	0.0	0.0	0.0	0.0	
0.25863792385321904	0.023831883067869174	1.2095456354768126	1.705644462676142	0.0	
0.3071765687682399	0.4862606176964832	0.28797718757412777	0.06240911319514076	1.0427311107442438	
0.0	0.0	0.0	0.0	0.0	
0.0	0.0	0.0	0.0	0.0	
0.15103192759835882	0.0	0.6407087298568517	0.803590158819424	0.9485918368967586	
0.3784052578081652	0.6963162770310304	0.0	0.0	0.8059844495091643	
0.25261545209867975	0.3574533090060475	0.5884431105495599	0.34762735399567524	1.2610741804953967	
0.0	0.0	0.0	0.0	0.0	
0.5063860218401927	0.2873360636582071	0.23794787429136566	0.707643151044918	0.6932387825748799	
0.43761608100938043	0.18599378280443388	1.1702017031441794	0.6716243136679443	0.7991930174604258	
0.15632260355134328	0.0	6.178737060960678	0.012176094278973341	5.419684548180594	
2.01378090906725	2.1899406151798257	2.5026753433071502	2.0558158197022394	1.3325196027883053	
0.6925767034939675	0.2765899141775244	0.8728756937248056	0.44022587016569314	0.888003921436694	
0.40944452175869633	0.11361532150534029	0.28829098559933686	0.6474413964677004	0.14350482590094138	
0.4063072128074062	0.3629903691226108	0.08148620491807172	0.2402157920174892	0.7665955188524772	
0.0	0.0	0.0	0.0	0.0	
0.13875250144603152	0.5337195050702396	0.21698917959842706	0.4668895160410935	0.7196352078469338	
0.0	0.002216924845388265	0.7000541920404952	0.18832751494326758	1.3335332882362139	
0.3979178112281551	0.30736847822470037	0.22252265617840122	0.05062458350131783	0.5467676401284312	
0.0	0.5824448585822175	2.849158186264906	0.08501797275620519	5.138038062353995	
0.2166777058369116	0.2810369285780565	0.34897670757843846	0.30691634178192406	0.42177402326179986	
0.16822645549169085	0.4454143554562341	1.02833384463001	0.12009554405362532	1.3541375155313793	
0.10360700225199296	0.5055274425339072	1.1286994351880086	0.2989178209922696	1.0771062734383365	
0.3008983358415964	0.38441791164846645	0.19514948942173635	0.5547701470482399	0.5405007468254124	
2.684572583157148	2.6758576255167106	2.065218585242161	2.5023825704471707	1.5983195342096892	
0.1602561672069314	0.2593249866112866	0.9627138517523777	0.26122557223699416	1.7071947823134803	
0.2279915431660835	0.36656547537450085	0.980491105738846	0.08630391228941746	1.1792936202735154	
0.4563610846237479	0.0643552931552512	0.43608054484068937	0.36014743009445527	1.289263068793301	
0.10566829865386973	0.8434908976174874	0.5928844210813407	0.2796494691852537	0.9794318427537214	
0.0	0.0	0.0	0.0	0.0	
0.0	0.0	0.0	0.0	0.0	
0.5724094971156126	0.3748256702149185	0.6705331091129934	0.19812314291764663	0.8999822587331563	
0.0	0.0	0.0	0.0	0.0	
0.7016497981733303	0.43539666283354317	0.9796683496268167	0.08706599981263204	0.8933633783013255	
0.16871669091177188	0.3263831285099931	0.4839913739546594	0.36229359735357586	1.430337851001747	
0.47121766300515705	0.538245827773637	0.6400488575547824	0.3639124497492194	0.8383558367905716	
0.5548633905533479	0.08779308130117361	0.6087982762459236	0.06228907077456695	0.8278714370584997	
1.1689207485467947	0.6597355439464556	0.340345379504749	0.11895880752530966	0.4510772235006971	
0.14540366904729546	0.30096699641515856	0.9818365287386115	0.44405528356324325	1.2676069830515475	
0.7472999253768146	0.2729531231837413	0.20474469955140207	0.20411962657623772	0.3332748666032137	
0.8464331468092285	0.6056990689787799	0.10291994937030224	0.5200955631506602	0.7749107739063976	
0.0	0.0	0.0	0.0	0.0	
0.3692871693061511	0.3328468229032847	0.47994653271630155	0.6323820364927516	0.7796530891210507	
0.0	0.0	0.0	0.0	0.0	
0.9064909506308595	1.0116481029843591	0.5564423104363516	0.5971624161245536	0.6746906963034011	
0.732954746751612	0.7565054561692262	2.2822943055170674E-4	0.032343165600897034	0.1401780632459078	
0.7949407861733511	0.5563248519277761	1.3311109208170786	0.2660483334046947	1.2700356096349754	
0.7324762825777714	0.4477277125319867	0.7052141615427538	0.01596082145274522	0.8349908298529497	
0.42822256481275456	0.10808806184279386	0.41015867819101104	0.7403689137463313	0.7892246439000405	
0.0	0.41353554579969726	0.6349543500245459	0.5561029391554646	0.694400095256336	
0.5905683431158489	0.0	0.6734148080437643	0.32348581618169114	0.628414421266719	
0.0	0.0	0.4138312275756018	0.30754796993703465	0.9628567304808349	
0.1360345679026662	0.0	0.17145832859068963	0.14172895044737233	0.20390727500118727	
0.9330323151017502	0.18167527445317258	0.08340315080231021	0.06205331636436564	0.5876708542198105	
0.3187452726042575	0.4546540034257593	0.5297064676503338	0.0	0.8872434420423079	
1.1310381244032293	1.0065864401812836	0.8858166107778789	0.6852677491147685	8.66579740691231E-5	
0.0	0.0	0.0	0.0	0.0	
0.3325422614427067	0.5221954548120246	0.5371695430741183	0.2637752019609391	0.6196715593558825	
0.7115376791307632	0.19072374540359804	0.7082823144753392	6.541818157102766E-4	0.8562292775225695	
0.5126568075555216	0.0	0.32076569138926	0.7129093820423189	1.0867747938037868	
3.320614050219933	3.3995237329329053	3.2664644058108996	2.932845233903376	2.688093584790237	
1.2204432296380068	0.27550144954810596	0.032931560856246885	0.27343492728615304	0.42058089536294807	
0.09941737565976681	0.03222918912462835	0.17170651884419547	0.3054364412864578	0.5465294391633585	
0.22512183764853155	0.6582262206825507	0.29981193870218853	8.139797577442231E-4	0.5758497625158285	
0.41857763776767426	0.48258329967612734	0.8740704947769636	0.3981172105140897	1.1008738595112186	
0.1942036990273977	0.1817007423470499	0.5045019074680274	0.2588893326358578	0.47372722326294286	
0.7603955987000748	0.025454691312153513	0.33593298864119253	0.514486271070975	0.917992060254826	
0.008319827339010672	0.05675754667193245	0.2601749628995255	0.9413752671180855	0.7524467125668165	
0.3500837588166546	0.1794390764596956	0.5120831007877438	0.47785712622651333	0.5732909278022957	
0.5460413626103192	0.0	0.5834268895795406	1.201622025106451	0.24873928532045633	
0.0	0.0	0.0	0.7280876200695473	0.5133175277119254	
0.278029186471333	0.08952261464141956	0.5852502929015434	0.7623546016352593	0.5231401350809243	
0.4757422184202781	0.747837690518351	0.46531930538015004	0.2859476404186031	1.0604774232263696	
0.1394715389857086	0.5371372082688982	0.4222995362055225	0.5182783479395724	0.7306653168643306	
0.3253916885777492	0.025536397119075502	0.31654209422437846	0.3045131259170743	0.4830783722683181	
0.23009172914698447	0.10959568528735959	0.6222995628453047	0.07077458035571858	0.8301594641442824	
0.0	0.13920904888886607	2.2960330640440993	0.34714939413068635	2.131763599452399	
0.0	0.0	0.0	0.0	0.0	
0.0	0.0	0.0	0.0	0.0	
0.15945185281501553	0.25084148307819193	0.5256450464041672	0.3857250712703411	0.6441552496871409	
0.17717991576126985	0.5261971374060841	1.0045611364079128	0.34742922405829063	1.0897035370463353	
0.22485080166988025	0.8987013406703801	0.038420155010248244	0.6560969899683009	1.2385417017970144	
0.8570348634567478	0.9923147017644915	1.5445219648125028	0.7493739279634104	1.585852333143082	
0.37569898936151325	0.0	0.43553326387181934	0.0	0.24343298962143778	
0.29400599900063146	0.0	0.2047829745569423	0.22708890709972612	0.5459260185298913	
0.28309530764513086	0.5673911515679492	1.3518261374305203	0.0	1.302625276808971	
0.7291710922891113	0.2843872375199191	1.0158034397363225	0.2361259178529518	0.9459842192815074	
0.3730067843656557	0.0	0.8985098086291059	0.4596663168045326	0.3663490163958991	
0.4361099628157524	0.3979186849879193	0.1449334033069162	0.8144554116297333	0.5447555581066675	
0.21686019490025135	0.010690708411520321	0.24571092970276673	0.5720524010205339	0.6741488023649678	
0.37504851679382384	0.0	0.5364627038358419	0.4114645079412065	0.2274280526474107	
0.24432253918893476	0.39927688738359657	1.1198260755578064	0.0017262605980504317	0.6148444607008566	
0.1372274831598168	0.09265927014497287	0.24805766051844097	0.5328034168406831	0.43056340928455367	
0.0	0.0	0.0	0.0	0.0	
0.13483342979154553	0.26784248694445895	0.4252124695481064	0.4682253890275803	1.0064333153368186	
0.20735890344713404	0.03592794399492337	1.6659204369120106	0.16560643306813894	1.2388027312812173	
0.0	0.0	0.0	0.0	0.0	
0.38599974569909273	0.0	0.7461333965593673	0.46943158154983766	0.8190709120727612	
0.0	0.0	0.01040228392470528	0.6226201816713541	0.0	
0.4296605612904164	0.35335052789101196	0.3329856895616666	0.8611561719035635	1.2800545705818598	
0.5902578268388761	0.24403889738723802	0.41583428380705734	0.00222306649822134	0.9730662246481079	
0.0	0.0	0.16228934564999944	0.28233904539313187	0.7696431623004429	
0.2219045981436109	1.1737454734281743	0.029485346525773844	0.3816376368731347	0.6128959026592803	
0.0	0.0	0.0	0.0	0.0	
0.08143139740975038	0.11563052405756773	0.06583869721655573	0.00474602924593906	0.3487329230753838	
0.4320723814736412	0.5871167740339565	0.13229293478829887	0.5613005297010931	0.4757052706061483	
0.3663502754725385	0.12664575557737795	0.0	0.44673295056074996	0.35779097730240683	
0.05900296259716512	0.5615515420817776	0.8527439724949789	0.3951098978551927	0.8254164691960606	
0.08898628591503659	0.16790846872927992	0.4565306595996692	0.0054600742213498235	0.9585119795459123	
0.0	0.2530532232926466	0.6534803507028122	0.5701696160103904	0.4376108267287554	
0.0	0.0	0.0	0.0	0.0	
0.807731012962586	0.44181163205243557	0.8590484541728479	0.42097755315881347	0.4564552413054276	
0.7982137761205246	0.2154429551186955	0.18428173811613083	0.6986513858675849	0.8097672415155175	
0.7076083754403975	0.8781866485700617	1.2496543314185755	0.6828568378855941	1.1471631896139383	
1.23669536219942	1.9427664550192154	0.30691920645833165	0.20195608953183566	0.2641384875904722	
0.06986127767175257	0.35033705717186603	0.7674123863354175	0.3518204297621471	0.7638233447811694	
0.9283007326589652	0.7088195257747775	0.15979436016596543	0.5751507173369278	0.3317128048179383	
0.3459611627890199	0.5743482755201217	0.47771233463046653	0.5892127320564914	0.13175620810536076	
0.9356800217615407	0.0	1.329099166248566	1.4639342989303772	0.8203647409856037	
0.2617012940750033	0.1640394991647087	0.3473001683597391	0.3570569632304921	0.686596781019689	
0.10855747505911838	0.15816721112787746	0.2962679759017034	0.30871412247778934	0.8878179048775007	
0.017101031268354338	0.4895677221190559	0.0	0.0	0.23498427642267858	
0.0	0.0	0.0	0.0	0.0	
0.0	0.0	0.0	0.0	0.0	
0.0	0.0	0.0	0.0	0.0	
0.0	0.2626804403414453	0.3386464391828891	0.5866185709835733	1.1019955324388864	
0.546868169795399	0.3698540861727155	0.5297337565447754	0.10143015129268886	0.2266713179786048	
0.28836777539327624	0.0	0.5790480867673758	0.5580549093074659	0.29370856744008494	
7.182858233751517E-5	0.7418625057909778	0.38902248413305657	0.6519238561088665	0.12817879857972364	
0.1744649280632574	0.7794416943363766	0.0	4.555755427133584E-4	1.7827009347334382	
0.5637285352202214	0.0	0.10931731790725314	0.6868172502148757	0.8708886513623075	
0.2864428882270405	0.25354714271383877	0.9911811285434771	0.6591578780144245	0.7041231454561535	
0.14704608343618952	0.28438776483516603	0.19140480020362338	0.3135538215921673	0.38036599445148656	
0.3047367566405151	0.21905510304999465	0.3486849443086687	0.20511870386942457	0.43313139122430944	
0.5851058195236539	0.0	0.06942844590999796	0.3674285819798827	0.6317697222996843	
0.22624796791190882	0.08938981521039152	0.6445965846058571	0.5802217337763813	1.0441962619338616	
0.3010256060912831	0.0	0.0	0.3652328307786026	0.1861990926316042	
0.1460700135282987	0.2723670028735238	1.2911110940819053	0.0	1.3437096282266534	
0.0	0.0	0.0	0.0	0.0	
0.565899507677048	0.14350293705946587	0.11225104334743745	0.23944162936849867	0.6599201147972369	
0.9624012068381275	0.3442981515674928	0.19990568495174132	1.123052166152934	0.915021008831398	
1.200244994108286	1.1578433601804274	0.36149175136016254	1.308616965577296	0.0	
0.4536624406560763	0.38626252707273456	0.3640935791402907	0.2749483135600818	1.2979053058270567	
0.2518402079815396	0.3095418029933901	0.3325182107311857	0.24015561107744482	0.11428234440370134	
0.729746571870337	0.47808195689637495	0.0	0.5603924266855014	0.0	
0.20543545297332966	0.4955695597900244	0.0	0.15761858657843866	0.19658446516902006	
1.5585892473089673	1.027742086299341	0.35906380328757437	0.2554852062984029	0.35512816482609144	
0.2761747836476106	0.5560070036481918	0.4989764933443789	0.6472006332155189	1.2684787861008249	
0.406857688604749	0.9033146809364592	0.9561129702546424	0.3713662761791585	0.9618456297704197	
0.8139819122782128	0.41178913959213853	1.184166293508639	0.0	0.6912140677837204	
0.12961300028359216	0.05195817005771607	2.9888602417760035	0.0	2.876095036156902	
0.3217698361007082	0.6135759924987014	0.05201371707881665	0.1598390683321297	0.3369998060367151	
0.0	0.0	0.0	0.0	0.0	
0.15408443080719744	0.12202423021414559	0.027468303086248414	0.45666509714442105	0.4616726072084346	
0.0	0.0	0.0	0.0	0.0	
0.15031705753322863	0.20106030706893518	0.12247930077065722	0.20433644365784429	0.4907497550016359	
0.4507473463220337	0.0	0.041247525517357	0.6474891661100499	0.8028789619508091	
0.0	0.0	0.0	0.0	0.0	
0.11443834154155502	0.9944943314889708	0.6860076515790313	0.024955804750317757	0.11872115519830401	
0.8191101545992614	0.5956100886530303	0.2743804286867137	0.55977250379692	0.36109083099797423	
0.24528516822414445	0.10553336742174806	0.6427249220713459	0.44107687352740266	0.6555883415943454	
0.20771455530713354	0.07127961902753409	0.7188387160079798	0.29205328357395866	0.8949533381825209	
0.8859672755912422	1.345402873836087	0.7914600768257726	1.0489251043103278	0.8830484522050601	
0.6804234219646657	0.21202585247542416	1.3554830336398733	0.7667287042061566	1.4346508415527457	
0.4939233262729584	0.11124373676703143	0.8017801243271683	0.20724262751059988	0.764490819987796	
0.44743924829963544	0.43904056912023337	0.4981555517360968	0.3991796050804473	1.3125222332591675	
0.45743871965186156	0.3113050735756819	0.23677346473718408	0.5297661870299382	0.21717984694721332	
0.11942170893968236	0.0	0.8208585334813248	0.039712309698308586	1.1083106274532282	
0.3117751700283059	0.6239111032647173	0.5394009847562049	0.20508828708482046	0.5374559081434565	
0.8122005817443944	0.8136453089945092	0.47593477578074844	0.3421790969080829	0.39926405391234965	
2.3260313414092564	1.5801891753312205	0.0	1.8709755480840493	0.5192593046928229	
0.26884815822664737	0.1820111285379883	0.4188820773479818	0.0	0.290222718149058	
0.33017897657582673	0.2446842062560313	0.6182149518887056	0.5128753304424057	0.530146344214127	
0.2023057804084784	0.4241731101077303	0.5646981798953998	0.20473796111819648	0.24050744015991324	
0.2890633584243047	0.37649281834366916	0.28272147209412446	0.0	0.400468052503897	
0.32268389625037847	0.41563905443860477	1.0714421496937168	0.12100760639396062	1.3239245182734558	
0.06416090722732934	0.43659298060564666	0.19057614283591787	0.3103853124522035	0.7488293306556882	
0.5310295234565312	0.5908496982396485	0.14172988300347622	0.18556727396444042	0.6078945911628907	
3.4923468168025726	3.6004557068018284	0.0	1.6749501925942	0.0	
0.058504980954545385	0.04349625944148686	0.9797217122923071	0.7325936578907738	0.37619939987701373	
0.523289619261896	0.4946651043200418	0.0	0.2751710025149597	0.039236372932858615	
0.46714103537782276	0.05877608444150868	0.9434714949261306	0.4750991545928552	0.781186602385337	
0.4197936370718771	0.33436498584919927	0.05108399831585336	0.6060341105651306	0.34185978822446833	
0.01798949441488252	0.15254043331706935	0.3619753435313558	0.3510770291363305	0.3893532897855926	
0.3060188640252091	0.2510009513360743	0.0	0.09154545931894961	0.06386181639122578	
0.5304023152381392	0.0	0.35691127855981225	0.18097899227919517	0.22606080714533508	
0.15737847993779866	0.01761728930246736	0.2851079830797147	0.42995659948489484	0.4898512840336745	
0.0	0.0	0.0	0.0	0.0	
0.6229945960261601	0.20242856773801504	0.2487794218172543	0.0	0.3097569039251402	
0.11442092543988626	0.0	0.5194419201116541	0.34960003870837436	0.3181323838444927	
0.5423094582057616	0.27566350155717984	0.7552050937526437	0.3130121202052135	1.0089372801873084	
0.6075914411099671	0.4842079153915158	0.1930358054711803	0.5331346754857638	0.9915539757257409	
0.3567658200702263	0.2480454922957539	0.09631049515696073	0.4085331039347591	0.5147244582241436	
0.6046928376083849	0.08597999305340433	0.218772095416091	0.5770625481452888	0.4402162432630344	
0.09204597831459961	0.45922484919123346	0.446038527270133	0.062063918283009945	0.5782776500840492	
0.224118581660024	0.38143464544017835	0.03856032858523703	0.13373347704117236	0.25738263616390816	
0.4813213423801659	0.4652463926241482	0.015304152282475935	0.0	0.0	
0.005073163953466143	0.687453161944836	0.2783712272771081	0.36448103998008724	0.48353551967852004	
0.8596768258706917	0.6352288780208067	0.5067339810219075	0.8081760945376651	0.30416519093618716	
5.899204707552957	6.3702730244614045	5.223201881833931	6.0829230519244115	4.909858525396744	
0.31239231835215875	0.6009245145155638	0.16083060401664195	0.46840911505169186	0.18937950868288478	
0.0	0.0	0.23091273332699544	0.6632083989219442	0.7017231085125555	
0.3305044071174715	0.5642712886396544	0.0	0.1581701191688823	0.4900214512608737	
0.10178416448935572	0.1165420497833822	1.831451178640071	0.012097833967853421	0.9504827050005826	
0.2526083584446558	0.0	0.08329528163253441	0.4027085765378108	0.8972305407843704	
0.6420309582222206	0.5094831627892606	0.3931034182092128	0.10064824110973862	0.6694316027563203	
0.0	0.0	0.0	0.0	0.0	
1.0859869695819642E-5	0.1715001945792585	0.19762401771531948	0.7129397788486466	0.027348363300605742	
0.3415528348431456	0.1559327521698879	0.4377371615087876	0.23624509567408203	0.24940172620168952	
0.8856830866883287	1.3956222388770299	0.8765991591960475	0.11426222159298567	0.8446942213348815	
0.0	0.0	0.0	0.0	0.0	
0.7396248763551398	0.3405527831283431	0.773254211547239	0.6301984990664379	0.8100469192557966	
0.0	0.0	0.3450115237138438	0.5092868145082906	0.7218231931238454	
0.5275766533917376	0.307094831773903	0.6426529066571443	0.2900352435253876	0.24506551950241726	
0.40125859444157613	0.41215899990500254	0.1723323148002755	0.6493441905214774	0.3992421951306235	
0.19880121383509095	0.49519886132346785	0.29812582771265206	0.3057989780123016	0.4974458096084971	
0.0	0.014818136669697187	1.1501240376598871	0.31534109630997476	0.9539486646722998	
0.2977548625593309	0.1806373623850963	0.556994272337043	0.3657298390219591	0.6378602768454144	
0.14893528853705992	0.0	0.5462523446161317	0.13780908582317036	0.13898635163207276	
0.8529222306979832	1.639926050917846	0.2071698346806575	0.8123731715325924	0.009899933014558276	
0.43634249428539634	0.4025069124157243	0.2740848495408736	0.49658529890792	0.5625230711891639	
0.07787643303183406	0.0	0.8586757433584378	0.4138687169171348	1.1890620323406653	
0.7109516720392185	0.727284809187102	0.3541232181914947	0.3445060316538753	0.6556353052192403	
0.1931343321225144	0.4365276917630262	0.3362998406842768	0.2687086310214203	0.7708404281529465	
0.32584380884658654	0.55154074284603	2.8112050168503995	0.0	2.0415655337596235	
0.6747517225217068	0.5657271843666615	0.08546890525120844	0.3700070473590931	0.08730817617154495	
0.4944973188522156	0.2267626519859926	0.23473489796225502	0.015712408216899277	0.3327447718456461	
0.3439414369337496	0.0	0.6430293765021491	0.9503105119741155	0.9601518609837448	
0.0	0.16765333843334598	0.6106580026140063	0.0	1.1943939433626247	
1.5122952075103586	1.2015054687460822	1.1696516789754552	0.2942859280732381	1.5025202059126457	
0.22603069463482456	0.0	1.7401542106516508	0.0	1.208822727292324	
0.31346251089761407	0.017896547708652732	0.6174855766647013	0.719508026344829	0.8928034120644294	
0.5775842256616249	0.12377583901782746	0.35690953603477626	0.7243368811778178	0.26422650876621073	
0.0	0.0	0.0	0.0	0.0	
0.4624296450355515	0.2879108095957439	0.4641336509726555	0.23107325928344022	0.39814635346565047	
0.21393443402836115	0.044378870439275304	1.2415059826839983	0.4971044444694865	1.3157185379825649	
0.0	0.3486530760899526	0.4851107896712277	0.44282325518119026	1.4526766879083153	
0.0	0.0	0.0	0.0	0.0	
0.0	0.0	0.0	0.0	0.0	
0.0	0.2911559462182945	1.0104146314998146	0.07156679444108117	1.1559241330231491	
0.34155269461695664	0.10230501581332872	0.22174531932925054	0.5043886149518043	0.3186971137493728	
0.14417863724781899	0.592436615787471	0.6439733763291734	0.006673642866279848	0.535679463980609	
0.7226328943780845	0.10677333409712363	0.2877058269962069	0.14693947218976272	0.7663132607183336	
0.5297145163102646	0.7579909102840162	0.5677066359922669	0.517897782043934	0.5388985385927959	
0.062211659696062654	0.3278775455473934	0.0	0.7472981456358752	0.6540185776012428	
0.32085167418038446	0.0	0.4205408138127624	0.38797280220679037	0.13848580978353794	
0.41354164108624963	0.4083722537808329	1.287721700286052	0.32525206966613346	1.360851507694016	
0.3526002839222441	1.3479019372776577	0.2691240485007445	0.22381009278439068	0.04146069418238532	
0.08558823870775299	1.0937794499576883	0.23880877775395126	0.26702080042645404	0.6572561086441708	
0.5141776596759035	0.20213016788692978	0.6542371556760865	0.0	0.5269938813932459	
0.06327476902207385	0.4549061247403988	0.2044127701415002	0.10541040694644328	0.3186751310801158	
0.1641942358589165	0.0	0.6673521732717416	0.7076865449906844	0.20244181174826936	
0.30898853307545315	0.2730225244664085	0.2778807246591767	0.5797997402113558	0.739382441450426	
0.0	0.0	0.0	0.0	0.0	
0.42360047617237795	0.45351984198907963	0.3665156544175086	0.3045703924458753	0.6639270150347077	
0.3798459487236289	0.5094501514231929	0.5543933370524674	0.5700909121114965	1.007750453596602	
0.6957775211175683	0.4723466194595606	0.9818429555429834	0.6007220724295277	0.8903078815505077	
0.37114241659701763	0.05653825073784499	0.26970324656773376	0.006159767689111789	0.4450268004448743	
0.6566469885863826	0.13882471378021613	0.15884098384544376	0.7697392649365807	0.41018201173839847	
0.2233020151413827	0.0	0.2099416563256499	0.3173895095584792	0.09583397177502229	
0.5040686786592253	0.0	0.5461615809676375	0.2917051454572555	1.4849906936977952	
0.0	0.0	0.0	0.0	0.0	
0.34167387471786487	0.3588905709792997	0.456082621733555	0.7490003884082962	0.4799713719064548	
0.3210299640012588	0.46716580661068996	0.6294320317998757	0.6639398670096209	0.9385858263310907	
0.0	0.0	0.0	0.0	0.0	
0.08401151193858612	0.2294526315575389	0.3796877134510867	0.09499790148172867	0.3145670783773614	
0.5135596972713615	0.27566027549772726	0.39071405568466927	0.0	0.12596095553934622	
0.5848703929377929	1.02977380397868	0.43800488178066355	0.3757809403617908	0.28789609435844604	
0.2695101775117872	0.4706615577126945	0.3568080677957952	0.08351148582296836	0.903424589286287	
0.3617053565406265	0.3542175439949131	0.0	0.6281533213470533	5.159404578081363E-4	
0.4401222652952308	0.5452227462759781	0.7870126383168585	0.041140710013766305	0.7323175542810061	
0.0	0.0	0.0	0.0	0.0	
0.6013650875949146	0.3150445909157243	0.8876813064996155	0.39401039139142247	0.5101321757272577	
0.3188436808743314	0.2092713030372161	1.2018619958238117	0.4148372227476789	1.1669021389266894	
0.7728870365171759	0.3815871161120192	0.7701714064990353	0.11748984476750401	0.30718185923919133	
0.9871189521640275	0.4518096617078729	0.24578091550879458	0.4093151861634494	0.4922407741724854	
0.2812209285103324	0.598652802098701	0.3061264606613737	0.2672691952734021	0.24125030261483013	
0.29236238933708025	0.3623643817206339	0.869378049719276	0.20203896799507165	0.99742793359561	
0.0	0.5242479914352702	0.0	0.708127268129249	0.20701537535981288	
0.7915098173329231	0.49283343550510644	0.09949389465335357	0.7954148611114976	0.637153531898898	
0.39094291293102834	0.2386659096790394	0.0	0.3479436943070268	0.3500308658204225	
0.0	0.157061952851448	1.3408773713550695	0.5588677947418861	0.6425955531594275	
0.4912677470287795	0.5013865634133513	0.3967313339227695	0.28995750794968783	0.023106008671749535	
0.0	0.0	0.0	0.0	0.0	
0.3348391166680393	0.026512677495808205	0.020600640227863357	0.3559241099739239	0.702490638946123	
0.17181960447403496	0.2163918545518569	0.8322327642878448	0.12798122247515836	0.9746656805578368	
0.07404541213928545	0.3067494489407975	0.23277998479071946	0.2955469472843874	0.4975761706331109	
0.37255875308351394	0.0	0.9817522097087775	0.7295348563346149	0.5919207423846855	
0.41748890537710354	0.12104442822736354	1.0286601191464844	0.3109218720267844	0.9747969482838911	
0.0	0.0	0.2064397129464658	0.4182909095067537	0.6029354524108858	
0.05732994284371572	0.012304497500315412	0.5391662122787768	0.22553403958902069	0.3010158327613247	
0.0	0.0	0.0	0.0	0.0	
0.5394828097030583	0.42505260356585955	0.0	0.6184930997751322	0.20486266559079358	
0.0	0.0	0.05518417874870718	0.1286776607538034	0.2732969040646551	
0.2869250405522624	0.6374381411143175	0.2006209507629578	0.3219292514298286	0.3187647391839102	
0.4653258280103992	0.16236835649631123	0.2584739153090591	0.24967967978773115	0.2787425068800376	
0.28101043509655066	0.4407436080592656	0.311363741679881	0.12976966815286198	0.6532638488580463	
0.0	0.3909032055982391	0.528359329015618	0.2944399787074242	0.21421219934920901	
0.40686919308181296	0.19149397134647153	0.3257735054484102	0.4800125855242568	0.425298622627176	
0.08975235490738058	0.0	0.003458196627817706	0.4798304070060133	0.6714338566623393	
0.2465918934030327	0.18817652846172164	0.658631784558038	0.12520658728734527	1.2305728533165856	
0.0	0.3884489391193413	0.5566521805833613	0.19607198993171818	0.7654771128733626	
0.5363415753626424	0.19669409741301444	1.1591967301558985	0.27875950288689455	1.6180374877482124	
0.22033558481349866	0.4663370447487882	0.30967307885807943	0.0	0.5733667295429281	
0.2811538044468574	0.0	0.25132807406672314	0.2437092814101637	0.45478116986845174	
0.0	0.0	0.0	0.0	0.0	
0.0	0.8369977669247367	0.5884158827977874	0.3474646146416913	0.4075122397652019	
0.4212945857189571	0.616040816900981	0.07529980833158507	0.670520180201215	0.7597969901944759	
0.7011313856088803	1.7377557399309898	0.0	0.20796296119811114	0.0	
1.5598368055653908	2.329752029794835	0.776021028248779	2.2643787648214184	1.2228783972279915	
0.294912558369931	0.3764576834285737	0.17252197164500896	0.10171265946797658	0.3334688889822102	
0.01089183502659975	0.09823471646789687	0.15921581381941496	0.5134879739871508	0.49349653067253	
0.15532693573739265	0.13194133169849687	0.48427801533208326	0.2983965385357578	0.5639637357404446	
0.5111540716255809	0.05222506574313445	1.8893667698288767	0.49213450810941445	1.682213784356559	
0.0	0.48635157229357256	0.2049291120824506	0.0	0.0	
1.3471093391761453	0.8536195100702365	0.26026926990899313	1.440736308668283	0.6970213877981757	
0.09637709130262548	0.76946875595831	0.16472085450230356	0.30250544120235484	0.17045219001809803	
1.375972952480742	1.663318359121925	1.0985203761920042	1.3564009815401568	0.8868273924405861	
0.5586803467671193	1.0410691629164222	1.0427240414754906	1.4408187043185552	1.4987560775813684	
0.5926265250548355	0.0	0.223604895166957	0.19334999760602886	0.5875064801499874	
0.0	0.0	3.4521069282670185	0.0	2.591332906777687	
0.3225500088729372	0.35990018833767823	0.4535041430184094	5.98731797605705E-4	0.8338183102619753	
0.03524897313609863	0.6506831345268095	0.0	0.4435329996552655	0.39253350687494115	
1.2273975201146319	0.21203425004533544	0.6739751077005753	0.7864504376821596	1.2235317241796018	
0.8344338505126888	0.09816641288104266	0.4437510292456997	0.26494637274264105	0.4808034038494653	
0.4189908550058237	0.5823155950993995	0.23558170186992963	0.42257364961944555	0.43342620147057676	
0.0	0.2771070388969442	0.012760002810452243	0.20244938618052696	1.2655293797970413	
0.4207570588043018	0.5954083592185809	0.13319189221746935	0.6451772322198785	0.24867985828121916	
0.0956455848657429	0.3396401933595297	0.5558368093403644	0.040694148164179565	0.8804719802823406	
0.8845275116334389	0.934585852596434	0.0	1.074472988038185	0.0	
0.11356655192663437	0.31768666628900105	0.5157007880309156	0.2515773166054235	1.0096212721678626	
0.33412268764568626	0.062404972313807296	0.039775860480589016	0.7222738372157079	1.0692168013341636	
0.0	0.0	0.0	0.0	0.0	
0.34852867688215744	0.13410588903674686	0.030110381361115775	0.11405213269713206	0.5899119088927649	
0.6848786912012909	0.26444287412298734	0.4260148895882182	0.6657407001382114	0.6472155340559063	
0.6038674903839142	0.1417148235955915	0.9674381830419322	0.564490667418723	1.0076965750052072	
0.1425136130724748	0.0	0.4831917925136403	0.5205797504523588	0.491634003059382	
0.44604035378996504	0.4572776954064517	0.5690521074629602	0.06826414038435982	0.430448262019504	
0.354612223984315	0.45444297422154406	0.8149898152022758	0.23389689924746956	1.0811285955864618	
0.5195433428403915	0.0	0.05742140157542646	0.5826085979396751	0.23033200018329808	
0.9582839411943169	0.43460643202777705	0.7489259390884915	0.47769689650335456	0.25799943022395255	
0.0	0.29449932347184515	0.1347306624502429	0.35843743635622716	0.41045676114108987	
0.04753027009522189	0.29387947431542216	1.0297488666954684	0.5040721774740935	1.077183325547021	
0.16391348802672817	0.3697902673015336	0.4304004445985707	0.045463655656782856	0.13886282665260793	
0.11879449591552635	0.4202651128930136	0.8525710042903699	0.33903277006195043	0.9679138961942486	
0.8868596191510975	1.1271171878784458	0.0	0.9584090313105215	0.0	
0.3735663616266153	0.6617396878271877	1.0941995413381504	0.09128291860980013	1.3455444169417958	
0.0	0.0	0.0	0.0	0.0	
0.0	0.5340130710981881	0.11914880420790701	0.5191211938039626	0.4754343161978136	
0.05683446863584416	0.11456634621847131	0.37189286999109067	0.6354530987436695	1.094403386270599	
0.24780589280705503	0.48713457541661537	0.33296657824635045	0.4962405558607448	0.3884939878247046	
0.2056492170836381	0.0	0.7537612433238601	0.6691291228546183	0.10405342446711165	
0.6481567100677911	1.2600200007917313	0.5352257515696227	0.0754470361601164	1.2881050383895507	
1.031951129884502	0.8785859901494383	0.46140128748552484	0.0	0.7276085719978747	
0.40829530543869286	0.0	0.9474649156800992	0.23373659905847197	0.09673881207574156	
0.47363553596015406	0.4885489282393136	1.1515742154890816	0.055767858210376976	1.2277435304647077	
0.0	0.0	0.0	0.0	0.0	
0.0	0.0	0.0	0.0	0.0	
0.651415626703649	0.1231055693072785	0.13883609853651033	0.13231222604270998	0.47539111264857686	
0.06585655983644485	0.0	0.4535866146488501	0.6793583232425224	0.349934249448733	
0.03976860501405318	0.8279950680243755	0.3188562138405802	0.47445770236934387	0.478880185944104	
0.28097282720667854	0.02339389200272221	0.6813538071455172	0.4743044060323728	0.2888343157529034	
0.3381992669261911	0.4956114190090525	0.0	0.22580063299481112	0.0	
0.0	0.0	0.0	0.0	0.0	
1.3214166100277251	0.3063825484275395	0.4991862153383044	0.2588781741419017	1.0516916995016994	
0.4209483077324213	0.11090912380265829	0.05844602254567459	0.16733823532144174	0.41172052826847205	
0.0	0.0	0.0	0.0	0.0	
0.11055498312398199	0.8150946408031582	0.2639555902634285	0.08668610469419248	0.7294177243615189	
0.03747831665706832	0.10623501539076578	1.256268433092018	0.12820869303164462	1.3339656191959843	
0.7517688193880592	1.0981533285969014	0.1850057146402725	0.8878900089341634	0.0	
0.0	0.792514811057106	0.6323649316976137	0.0	0.0	
0.46753464570168296	1.0188048000321799	0.0	0.8894466214424462	0.10761694175774542	
0.4277012349562052	0.0	0.10740760418722277	0.6964347013642256	0.0	
0.17142624127028305	0.3173609895531736	0.28089704746087507	0.27208997275716085	0.2122976464767815	
0.0	0.0	0.0	0.0	0.0	
0.274885646962221	0.5288994461366412	0.0	0.5406365369046762	0.45922194363851315	
0.0	0.0	0.0	0.0	0.0	
0.12359848348530489	0.5075493950029356	0.0	0.37621568841808706	0.17803084228534818	
0.6387345525854945	0.15661387288832784	0.007332872611145418	0.2330883622165213	0.5597798932270913	
0.2020541789342401	0.09377095895002566	0.7841026548250605	0.20525164054958772	0.5404938123670674	
0.0	0.0	0.0	0.0	0.0	
0.0	0.0	0.0	0.0	0.0	
0.1732733512712291	0.32609595316588774	0.37195378932313655	0.6764393020525162	0.05709225618422657	
0.601736267126427	1.0038770707730902E-4	0.7933339802857688	0.6646816180864449	0.47748095162894316	
0.5383250096056793	0.20134265927074382	0.185748757164132	0.33673190310865386	0.3832000798692758	
0.11415249180999033	0.0	1.981490043629977	1.715478335205077	0.8517261329771364	
0.7479578315233433	0.3824416324230257	1.2802308708502474	0.2006057937045535	1.7394147733138405	
0.8163786441398215	0.8400141635613976	0.43179235685953365	0.35090424594213676	0.9605625142914352	
0.0	0.0	0.6292392711527026	0.0	0.0	
0.3379847540925051	0.4305578777294642	0.2589546249688899	0.13687037866173196	0.26125948383617803	
0.23489039933217237	0.798727097197229	0.4690768581222459	0.06321147471355561	0.8823776059013526	
0.0	0.0	0.0	0.0	0.0	
0.017316338777880934	0.012396441552332773	0.7228143830469101	0.6771585765974918	0.4229883343130194	
0.3157349152181447	0.6076033930118663	0.09424202278179138	0.713558316457871	0.8535459332500976	
0.14332237824319818	0.13971318912252773	0.31280363045462556	0.48818864982291965	0.02831710189162828	
0.47363634666899423	1.0046410294245143	0.5576444855726671	0.38239283937347635	0.2764218756683314	
0.43279778648984274	0.0	0.11388845155778127	0.5542393821505321	0.7001905633957588	
0.0	0.0	0.0	0.0	0.0	
0.2603628239458089	0.1303760793075992	0.5847098848964303	0.23508590165756205	1.5493063271668797	
0.44168731940370054	0.0	0.3925457939693364	0.09710124812952026	0.41460192173234767	
0.0	0.053507198661648436	0.3045554044123429	0.47431491102557016	0.7621304657930107	
0.8321751374056049	0.11486173757258045	0.4865004155727078	0.18220865687798402	1.2645933683934718	
0.2346356406967872	0.16490592025622033	1.1385266021671192	0.3013369244856683	0.6292798680247728	
0.26868969576959756	0.22837668243292492	0.4689704552402423	0.46778937839021023	0.6192815521040154	
0.0	0.10583851926726738	0.08860674602724103	0.009359890447231895	0.35314097231623653	
0.10724276447619169	0.0	0.08212337129552001	0.24215944457673197	0.05089535494449721	
0.5506559900701199	0.07215437131504313	0.12358059067476423	0.34795358521954584	0.2202964816473729	
0.7851319405207093	0.6843846687600692	0.7216560401723788	0.3348355387980135	1.2466056394370697	
0.5892575578025767	0.5275644325470876	0.30359589271832454	0.3022583838045225	0.26930961370619216	
0.4727802735076799	0.6913905186523513	0.1871678402210936	0.11185404551806516	0.5353810598309828	
0.11520486055312848	0.0	0.3281869398707237	0.4386980384209409	0.710073468862302	
0.0	0.0	0.0	0.0	0.0	
0.0	0.7351625852059319	0.0	0.5893658581316463	0.45590566180473957	
0.22978603101045927	0.07850557053683814	0.4444598936795794	0.1179161570753506	1.0742882665019053	
0.43473540846473224	0.013176009480224562	0.37504250461590516	0.0442103921200511	0.5798058856123739	
0.45828347610136555	1.3130613105656874	0.11030798881578564	0.7424964354959479	0.4132092322916013	
0.021964530432085627	0.42735261161929444	0.41642657151063217	0.3870653451036297	1.3915988576690874	
0.8433828593220472	0.0	0.0026335019758631935	0.2834317563534701	0.0	
0.4130321696095733	0.4938597633027094	0.43316041806326516	0.12703292527478657	0.3648443967955893	
0.4147786125338286	0.6867897829083974	0.04348564547468286	0.48796816678266774	1.7177991802930057	
0.4058279885433126	0.15445046285757955	0.6715116386779234	0.0	0.27831200165881703	
0.3399137773665137	0.1606806642546972	0.9183041511494733	0.07146761648364684	0.6671620515286235	
1.0803435346668484	0.9432785697807868	1.0238692128235076	0.39870666379890607	0.4540308830794759	
0.3978032627491755	0.37834476449061916	0.6004800164537238	0.5304368343701291	0.40190550318795726	
0.0	0.0	0.0	0.0	0.0	
0.5691218385097393	0.24292375182669235	0.0	0.09931444006934868	0.0	
0.4498270605830847	0.2714355890028112	0.17185560441884468	0.035951971495411995	0.7708443865928382	
0.7161570259563418	0.30647260837112206	0.8666369930416508	0.4425749545587548	0.3500911289486194	
0.39227086148770196	0.5270266535436694	0.5862604682555931	0.2773215147275	0.3596245423329785	
0.24911504825772365	0.5746807614002103	0.32113488715777244	0.5113275659485412	0.10749730200204864	
0.36390040956677916	0.6362241082693788	0.7084786965996325	0.21109763393122358	1.2217430344099551	
0.0	0.011983173435852942	0.6460167004785659	0.12531164034098535	0.13326461448966745	
0.0	0.0	0.0	0.0	0.0	
0.0	0.270965928723887	0.0	0.051369772009592675	0.0892687832530286	
0.37350940609984784	0.29251252162400765	0.3181327219554548	0.1870799021910462	0.3496236990332849	
0.6088817436747236	0.21713971521147304	0.0	0.004471412375584265	0.507225903625261	
0.0	0.0	0.0	0.0	0.0	
0.5847931746338342	1.413658038199678	0.08470394041652529	1.0628882141910554	0.0	
0.05779894055383208	0.5436786531478344	0.0	0.31117775579443036	0.5430917261181825	
0.048297130654726426	0.536181391634065	0.7070854463213494	0.11427621727171583	0.2915298951994763	
0.3916072382723715	0.9489202741210072	0.035131606058911996	0.296568308186739	0.27159066466666465	
0.3934490325716912	0.2111538462652275	0.2134655257939109	0.6058008930428509	0.15098702333347713	
0.09538863279608518	0.0	0.4039099155515848	0.9480590862814153	0.9411517252139683	
0.5173537784749642	0.11428966948143057	0.23648008382838534	0.8234724445515099	1.0350132252154847	
0.1928010945199012	0.0614036352197228	0.44744557392984075	0.006221330046865995	0.0	
0.5356661364799737	0.0	0.6857292538222871	0.0	0.6979536439407674	
0.5994875378568096	0.3423745351401105	0.4264191723413919	0.03294653097054422	0.3539851543811643	
0.0	0.0	0.44227797082611914	0.21405282090751598	0.03876540277441055	
0.15694270448219433	0.5033461491062122	0.5808293886195953	0.3398733202590867	0.5895895733215638	
0.08905312017943097	0.25099376995158457	0.6828808282092804	0.0	0.7208336683204147	
0.8035965103378571	0.6592477557703303	0.6625836892508953	0.42406465165151636	0.2868693991204128	
0.4602032136960454	0.17647066246948054	0.20513168253492758	0.01844634903907907	0.8268764215481375	
0.420154852694855	0.0	0.028977130137502437	0.4942074134565395	0.33783719813056623	
0.6038475083668765	0.3043647851025347	1.0588475447353272	0.6298872578450035	0.2943551608988964	
0.47705048950736156	0.39476232545172746	1.3661743145731018	0.2583320857622699	0.08679815493982672	
0.4793336389085665	0.051732844339894245	0.5606919362730842	0.1597798153674563	2.0334495397492036	
0.0	0.0	0.0	0.0	0.0	
0.6698173612550034	0.39754829984980744	0.9974600974194253	0.13032402426290352	1.7001083986812764	
0.23581939186214637	0.0	0.41996541466094994	0.3019702848058696	0.7040924622465105	
0.4672175169803466	0.0595455752126563	0.17358971284604408	0.3577723191137243	0.23703753540818318	
0.6910077070461548	0.0	0.908879104605506	0.20060520624319622	0.581526437370648	
0.472547765370228	0.08015099712393135	0.6939362834002754	0.028543402149619375	0.7178895744180772	
0.7232775620626464	0.40462068996317796	0.9267360396857249	0.9045814150367649	0.19674031997069263	
0.7166520298814668	0.17065953654880028	0.0378732838613334	0.0	0.7878095335640581	
0.6021004229240946	0.29691735530287855	0.26863934486975805	0.0	0.0	
0.0	0.3737178316119251	1.0264629903914273	0.9021456381496056	0.9185281241202528	
0.46430035896049116	0.0025460424316451386	1.0551774147881685	0.09358297047750704	0.28884837117799433	
0.0	0.0	0.0	0.0	0.0	
0.43832636948873127	0.24818639054116606	0.6661955464120511	0.5897733913850239	0.5468013643760892	
0.3838305408264959	0.07277926659677177	0.1504337425238315	0.42089750468789006	0.7358111861275579	
0.35967225076638804	0.36296888757874357	0.16702847298381523	0.3018761610948991	0.4915464727109366	
0.6254367387632599	0.5509860657710888	0.5329251494494672	0.5418268014033875	0.5231321635545304	
0.0	0.26963223155494803	0.0	0.47536918271285383	0.7464364077879679	
0.21035600458942966	0.3082652478234795	0.4005407680832933	0.03780154832691524	0.5557111670306932	
0.0	0.0	0.0	0.0	0.0	
0.2172386766277542	0.34023152610338486	0.655173039500187	0.45114025815479936	0.44022574459021213	
0.3462094293600454	0.3480093340168098	0.06036097319848797	0.17851046634940324	0.17941599030763103	
0.6355731555553297	0.0	0.10740583048775658	0.38607135941761667	0.202620826078505	
0.17500761961628458	0.19160418299304074	0.0	0.0	0.2167611646955964	
0.6045927527474275	0.9060306797612563	0.10445065416593324	0.46090463216490163	0.12043506227820812	
0.5903674800260242	0.32680164220514824	0.8349141382554114	0.30811511906153954	1.4726630771409868	
0.7129358913818175	0.3358126420811038	0.20255555537976985	0.023616451509403898	0.39777989278804277	
0.47561321499119136	0.013805587518395059	0.21957973514825888	0.17552090600640888	0.3199118564131194	
0.46867182817955144	0.17586590750374678	0.0	0.4244687598658837	0.2568503995535627	
0.6974395800301598	0.30407078497755075	0.1402530207199751	0.0494797620475903	0.2736467818150403	
0.1497614821262344	0.8207132941688512	0.1890668160997231	0.13451484595492125	0.3444757509382759	
0.15931212703611705	0.2597377862671463	0.8602321320761858	0.28278968276466	1.0881265874245352	
0.0	0.0	0.0	0.0	0.0	
0.0	0.8728027717714761	1.950557588351072	0.0	1.6246076326765322	
0.0	0.0	0.0	0.0	0.0	
0.2485513787203898	0.6886110493890091	0.7745155936555717	0.9746460561079275	0.4316459750248013	
1.9294559506824536	1.6731083925112629	0.0	0.25524327953183357	0.22366983611120744	
0.727568453999164	0.21945055270240565	0.23364860864360498	0.3364266698427128	0.5227593976782495	
0.0	0.0	0.0	0.0	0.0	
0.15817766140460648	0.10644773350713935	0.477244896194494	0.04674155115409369	0.7792505496860943	
0.6026031102881079	0.06155645950465191	0.05638641264347294	0.39110628641038003	0.7891779201814798	
0.09674769504896868	0.24113522853449518	0.28743436841794906	0.14983284224749405	0.5103733461390602	
1.2117282378515482	0.3277793505988642	0.28356148070260595	0.7512953095180905	0.3496231386412572	
0.035013585469928166	0.35163121538008474	0.025851027340366716	0.49491009733860797	0.12696221565625798	
0.0	0.0	0.895388859064585	0.3141820166926616	0.9997565350018818	
0.823288370879686	0.3650469309987094	0.617044639861474	0.0	0.5270519077911804	
0.0	0.4548073655616898	0.6538476429240305	0.4901946769693554	1.5341027990686256	
0.050481176199079304	0.10108901916455111	0.108416368165275	0.1964911813978116	0.20099755032880923	
0.18999703411778548	0.6504914516277537	0.6936556006316562	0.18305432331766963	0.9749950109958273	
0.17819727846448463	0.0	0.15931132900634745	0.0	0.05150863631846307	
0.06348824773242603	0.018924504122560273	0.2241846546901239	0.9733113835655066	0.0	
0.15236476656998849	0.23234455815217683	0.3504904432927278	0.009871786347693692	0.2513782593203908	
0.09125294029100509	0.4174524849673297	0.21341177291631022	0.061886795408686246	0.4462297830234177	
0.17023172420080934	0.37825592314205747	0.9735479858690504	0.3755532662187685	1.0676676831011316	
1.4765997492329506	0.2318883519767846	0.4081922659785333	0.9013548737348821	1.040401267700117	
0.0	0.0	0.0	0.0	0.0	
2.2018555162632807	2.322015028112497	1.5725573113724838	1.6649290926238975	1.0381142738862565	
0.31326944849418553	0.3252731347240986	1.5221487208313735	0.5998265364727664	1.6222049614829375	
0.5960743073886761	0.7987751006964043	0.39247782083074517	0.36674461720997176	0.4961469431238189	
0.06474086722442449	0.39775236268994163	1.0223440590054018	0.0	0.9261225796618804	
10.393492826075493	9.843646575401044	8.641611491501045	9.946488925545202	7.1948693413982925	
0.0	0.39410315578206084	0.38465481380552	0.24886416735557101	0.5450019403704469	
0.0	0.0	0.0	0.0	0.0	
0.0	0.3966257242377858	0.10133380071261548	0.23718260913591172	0.6013630791759457	
0.5815121276881615	0.7630422184198877	0.8001276326424746	0.5620847875198267	0.6761947946367484	
0.3161755845133013	0.028294967070824656	0.2098099844035105	0.1336474714064061	0.26776016142587533	
0.05941786376730779	0.6299950142873749	0.36670022644164435	0.06302190894253026	0.37615272574293596	
0.0	0.12978979420348735	0.0	0.5831244257776191	0.608472905739507	
0.0	0.0	0.0	0.0	0.0	
0.19959484418601012	0.5494173508938477	0.5843458793986569	0.7273076768970549	1.3292368369993997	
0.2654645226325779	0.0	0.275154111790937	0.3757331957360414	0.5803795648484021	
0.0	0.17764362698115452	0.3800317783130516	0.12851697243415203	0.42711976040699134	
0.25644323643432765	0.40932007855678276	0.5119999364745724	0.904897525222691	0.11697134141254745	
0.3106660203738051	0.18105155271990142	0.06864104842352398	0.19663212234895686	0.3609022911985702	
0.5119568743824635	0.6664476984538129	0.8183997078133467	0.0	0.40477549090848525	
0.09697664755421498	0.3645128453249482	0.0	0.6765065012450409	0.7044847411774683	
0.918471368476616	0.4461921659225968	0.54060326072052	0.0	0.4883042285265151	
0.12662185409837604	0.31404960841986673	0.0	0.4670340320968351	0.3819951108440294	
0.26909046089093613	0.12900935204925407	0.4495168017202033	0.5866934361438622	0.5024437197251338	
0.07102164853045806	0.02579999962045848	0.0	0.16231179417666966	0.21327862124121258	
0.30956550021618073	0.5576745101330289	1.0193997103304269	0.025637712312297417	1.1108861115441122	
0.0	0.2452116763633895	0.0	0.3774516052983799	0.08783691412799138	
0.26575418157847136	0.024057224981677592	0.5823550330173896	0.12937283514844022	0.8520005564598072	
0.0	0.0	0.0	0.0	0.0	
0.4952082631671946	2.4433936217180396	0.3677578430292102	0.2294535132224415	0.2205464482754794	
0.18832600653586853	0.13801517463545218	0.0313180893401888	0.0	0.2816873219385147	
0.0	1.5122588375218338	0.3491338366876907	0.20068911460183156	3.2448233653125134	
0.4729803361887624	0.17933847262441674	0.15943501319468234	0.03010022658432643	0.6444286213477272	
0.4384455651013451	0.0	0.1563095534155558	0.15552923049830877	0.6191777099335618	
0.4923242244938421	0.7308119908143064	0.0	0.7695442282614172	0.5160073378622899	
0.2802956872195277	0.11417035345032117	0.017889840669021984	0.2855451628318392	0.3910425864851222	
0.5392049725737209	0.3115670403231159	0.049465712633776415	0.4916189042075568	0.5665586088348257	
0.26176745878819596	0.39083678670308886	0.0	0.025574480007312713	0.4247261717928664	
2.795685984436935	3.025657864782283	2.2043663245176806	2.045045002646354	1.9746303693377185	
0.0	0.0	0.0	0.0	0.0	
0.28856982796365926	0.49053385395938703	0.0	0.5057137934756479	0.21935269999698254	
0.0	0.15305045718821494	0.20110354218027263	0.5685669421521358	0.6433777736803346	
0.09509586905473473	0.0	0.12339343013216308	0.28462556064704325	0.0	
0.12360182161930566	0.26774994134552654	0.10551378232784779	0.7211056117934541	0.8606652678596446	
0.5167011082506549	0.3191933128188777	0.10978669762711248	0.006414214899645881	0.4052159376943761	
0.21941605681920714	0.31468117790732414	0.5569320997438202	0.5650825683390639	0.7724610507128143	
0.6580795437427129	0.23838987138095635	0.01531206936807174	0.41946425378470165	0.20553428935279006	
0.3996686496007132	0.5764512537364395	0.5982740037060346	0.5801102216772834	1.0164396283695007	
0.26936398116945354	0.03632059785380839	0.8761798181652336	0.3104202135681804	1.1621651620925766	
0.5220871011945397	0.23552118742249012	0.18588509862263017	0.2841854174861834	0.7107584818772061	
0.07567137523744466	0.33493330507800356	0.32586499740642594	0.044151550382104	0.19306240291280666	
1.0084732704255166	1.203469577635601	0.0	0.43013658922663794	0.013301474714024045	
0.1490608670816385	0.45587158081974777	0.0	0.06963344385718002	0.3418973390014726	
0.7650204622601366	0.0	0.1442777346324205	0.0	0.0	
0.10983558135246711	0.6856393755221949	0.46768309761365	0.0	0.0	
0.0	1.3067233749682479	0.0	0.719000817367935	0.20420710754359128	
0.3890395491818699	0.0	0.6052602025442376	0.827492433528806	0.7885937926229033	
0.30637663892764877	0.2780988653672884	0.0	0.4566868954538692	0.3129677031161563	
0.1786984004634552	0.22422308501350266	0.21551125606759475	0.492193421916185	0.42413942051480297	
0.19262991113439729	0.47340645492231365	0.1406567952714089	0.5754497893751745	0.43876433926094216	
0.318020672046142	0.09410978647459087	0.09808722181083548	0.16831318680412377	0.5836502115613933	
2.4691465037383793	1.8861635271020774	1.1785085274614047	1.1140003044183668	0.7327620275247081	
0.5347599024438309	0.7596473291607034	0.18855004517878945	0.5331654861320441	0.8029743103679473	
0.0	0.0	0.0	0.0	0.0	
0.5074320662658024	0.2856956915667054	0.6511627648094855	0.0	0.8005957211660717	
0.39130421331334964	0.5272607394889409	0.915792283129863	0.2503994219597487	0.7768282912503698	
0.0041795651617694135	0.0	0.3113904669058009	0.04759049940269177	0.0	
0.055592311939469584	1.0032610323292568	0.5192627816375692	0.20086325221639859	0.2697461928146089	
0.0	0.0	2.429597491417646	0.2129114342278895	2.1279111789749154	
0.0	0.0	0.0	0.0	0.0	
0.3687431265201153	0.31871594906703055	0.26873493793933645	0.45090641636977324	0.07429959270618053	
0.32768335501395834	0.04041336549518385	0.3524170484317938	0.4632645177010261	0.6224897826343423	
0.4916668615029782	0.3755831804231891	0.3479072706053308	0.54171544999181	0.45745024369537307	
0.0	0.0	0.0	0.0	0.0	
0.502042233146583	0.0	0.47925904985746237	0.32025965431086206	0.5496416699195069	
0.6448855031822891	0.5558063389203501	0.0	0.7525506466579578	0.22475643266704867	
0.18771360697846026	0.13493142348042442	0.18587175778998796	0.2144134619029227	0.05652741880363716	
0.7448171475737597	0.4622389875186932	0.022312597080593844	0.7969613596651414	0.49850413526675	
0.3224027764313644	0.15214927243077084	0.0	0.44952748414359983	0.5555555986158345	
0.30871476801814457	2.859266578846789	0.9886530905865433	3.2284128926450104	0.9644184317651934	
3.1860099537220425	3.4359021189370824	3.533599893862492	3.165844535098041	3.0406700016063852	
0.26473031793614415	0.0	0.30937900714516486	0.30548612710948014	0.389946311525582	
0.08746576342131937	0.9215253819159047	0.0	0.5326991588529665	0.2546547295862491	
0.24005270113072183	0.6489116038265249	0.13212139712794477	0.7714010853421173	0.0	
0.2940925565381701	0.6458829323286616	0.6672225672355903	0.3647775464390681	0.34238792459546163	
0.594101440880345	0.330431761352982	0.3323048638350743	0.18276830985012854	0.616751524323865	
0.24107459701846737	0.0	0.3275852488914096	0.041399404431798875	0.5144115396665064	
0.741997822540363	0.3550911918429305	0.5794757185365349	0.33352088422742615	0.24505484435625607	
0.6559507201645784	0.3949446964289579	0.651054620439365	0.621847710685878	0.5360335062032194	
0.26151408533733	0.31868292814423105	0.32172226774465335	0.6517387470741045	0.45700934218516126	
0.6616447804949045	0.5344337508197915	0.5386022099936516	0.2577802480865985	0.428122327981182	
0.2825847298432483	0.046167923901005846	0.29173660061593226	0.12396050439060731	0.22244234861280576	
0.16668261477105076	0.5013715648069877	0.24988091117720337	0.2797387379853555	0.4543260764988188	
0.2403362713302664	0.029299184042909928	0.9784904439176623	0.42787425451425615	1.1132304591670321	
1.4114923022663237	1.6144950758099244	0.0977936755849586	0.5034437798034472	0.0	
0.14531684112665544	0.05548588532346553	0.28274670941049673	0.4116693271813697	0.31632974753760257	
0.33680499885248094	0.24571113458763327	0.0	0.007765484431619713	0.4983051013698244	
0.6138197792202287	0.6831100288575582	0.24992468868106363	0.1343403890948529	0.21448423027415217	
0.5120989971781726	1.040767162136337	0.1416179973193464	0.0	0.28251872028605857	
0.26830765269177925	0.46411497704046284	0.4522524942030728	0.02974215000503171	0.5733152783801757	
0.0	0.21742455587262835	0.36804960562695205	0.36258900519621395	0.7840917686334437	
0.549739105636627	0.0	0.5410969776661559	0.31445704910146294	0.607463188973542	
0.16549103848121344	0.41687676761613235	0.6303863310390808	0.13794330155128418	0.9073853506992673	
0.0	0.04737518657999882	0.40652813750982864	0.0020699161100379304	0.9632432197158441	
0.0	0.0	0.32367509786402515	0.7169841342649939	1.071528648827282	
0.0	0.742680359092614	0.7828228335873899	0.2200312761297497	1.148277049505388	
0.8976847546466092	0.38882905538018775	0.0	1.3872471573313674	0.17001205741176545	
0.15178714872605623	0.0	0.0	0.7136627501498345	0.6524812724804508	
0.1037288272598867	0.19019106258740626	0.0	0.17458672755354956	0.15813738944737496	
0.3127223333048613	0.0	0.13129850948336727	0.1525173450995164	0.7089426501281398	
0.38153584563318305	0.5054498226473769	0.26964528646712915	0.5032534810987609	1.5601059150321441	
0.10509122056893307	0.34375200345739	0.27283716168863376	0.24699541973229616	0.24645965384111332	
0.0	0.42919058012222855	0.0	0.8000827634417728	0.0	
0.04071735079873	0.06902848178292297	0.3008829926997579	0.06345887665928224	0.7073093665915836	
0.0	0.0	1.0463787625905037	0.3159209977994939	1.058912746259865	
0.32966595032991713	0.35645975224762044	0.4685427381162503	0.16394019925111325	0.39307497191050833	
0.18080673814709566	0.3848330843259548	0.20648523140100075	0.040190790292948635	0.3529306376993708	
0.07033892616047414	0.16739389192399243	0.22391577833011073	0.577343453341617	0.2693900984013663	
0.12793211343993036	0.3172592096929681	0.6023024946621374	0.09138071050873231	0.48921544975015036	
0.07037743747821178	0.035504006299136893	0.4434771257158458	0.01884382951956223	0.7791272806118876	
0.5861017233244237	0.8144750967042658	0.41481552670060534	1.2810208327061183	0.46326415828661693	
0.7128385665871863	1.463292304383636	0.6674770897155418	0.5169524235379825	1.0188219714554039	
0.4832126751040447	0.0	0.2655930657841624	0.40094175467548343	0.4778173660795494	
0.5270761945076236	0.4686646464528747	0.7331134544623168	0.404767635832626	0.29546079097729977	
0.19408754478813903	0.030138899254914458	0.7919977621330492	0.0	0.0	
0.2661076398223127	0.19055374275874024	0.7081308594297221	0.14166959965253847	0.7034433029910132	
0.08450874203266262	0.0	0.43710371027995104	0.00663242005684225	0.24993020045867465	
0.0	0.0	0.0	0.0	0.0	
0.34316631894479827	0.7049373037642961	0.0	0.07833485171192925	0.23999852901473434	
0.5117666730688352	0.5728786339766753	0.03200417167518354	0.37698716809040184	0.8476756290063282	
0.2450338781540427	0.10127950724922292	0.16616535557096712	0.28105567994803893	0.6112133249880363	
0.4795539748882433	0.5954789278557282	0.6958556438462566	0.5699072365375581	0.547646143582666	
0.6142858603584261	0.6047517035782076	0.5493695168810875	0.34583411251170715	1.0485664149238636	
0.36968189216218544	0.5886394089801376	0.8417539532119166	0.26902862575955233	0.60433908961879	
0.2871055682520724	0.7540058921236281	0.2700429427705496	0.19825468640952193	0.6152588470935161	
0.0	0.32463908197769176	0.062158376573255854	0.18025391700615032	0.0	
0.11548070670137972	0.0	0.2479807897124682	0.524865967797313	0.7308971011593278	
0.0	1.6167388386491641	0.36322689519294205	0.0	3.716760099122956	
0.6227001027312845	0.464736920279251	1.0127137198328535	0.37243631157933293	1.6183541326302353	
0.17675420308236525	7.570160012125035E-5	0.30260214031665095	0.18344512192475895	0.29638129620046294	
0.35275657462015564	0.805850690444643	0.3719908751072815	0.29642063088687076	1.240713817661083	
0.0	0.0	0.0	0.0	0.0	
0.5802210413841549	0.06133263943253551	0.6889003886902595	0.0	0.44135196826892026	
0.0	0.0	0.0	0.0	0.0	
0.0	0.0	0.0	0.0	0.0	
0.4265182734970841	0.3964400052794009	0.09381046792125915	0.03964680213076047	0.8966219737125836	
0.2786206530156732	0.0	0.5872651145434079	0.4219227878611609	0.47367886433564305	
1.0554173859839837	0.5820965241135357	0.403120058294168	0.4184964555486126	0.21142227926209567	
0.36652070109203955	0.0	0.5036321172398839	0.4406147138562063	0.8147493214957969	
0.18179542966181778	0.0157646348522132	2.070409682650954	0.0	1.0916260650962892	
0.0	0.0	0.0	0.0	0.0	
3.5839011098392763	3.37988375193645	4.082111631015254	3.381583794297412	2.721840418488248	
0.44978926002795194	0.05845150889650657	0.2838438476719353	0.12603876947295867	0.41266342553627444	
0.32121140597388276	0.0	0.35112032559743034	0.28958701120944663	0.37338418310849397	
1.4863112893510382	0.9073465832760442	0.7527312733256132	0.7881696219047502	0.0937190477309869	
3.751766775517922	4.126390211420516	4.162322650229188	3.339233561704713	3.5844350348356144	
0.0	0.0	0.21085525223657722	0.10398214857824417	0.876667327927152	
0.0	0.05315522099381972	0.08560518164853684	0.35714950093347936	0.7931999849942206	
0.17399979994661563	0.0	0.34149445445920346	0.48390758664583006	1.1568386366197547	
0.8442587661497211	0.5897510581132185	0.11071536374983189	0.35778531907744177	0.23583148476863092	
0.6426912447708791	0.0	0.13016914568049315	0.600634807336791	0.576686058069416	
0.0	0.8265586092382413	0.6983598562721176	0.22261809300396299	0.8686602108028545	
0.40045152740455064	0.8055360561474898	0.8599291399518032	0.6082303980204206	0.7853782522986947	
0.8553466168566443	0.12388931521844791	1.0603488222590254	0.24987231420480094	0.08751244548297901	
0.0	0.0	0.0	0.0	0.0	
3.928605167493889E-4	0.5917146499844601	0.06851472681163545	0.31060357104665276	0.3066387260697183	
0.9788155432991216	0.4773353111345373	0.6456988308921127	0.5864833165342968	1.2048294124247074	
0.26872330471053496	0.0	0.20961767910992088	0.0	0.4311737413988239	
0.5596895003204738	0.21603715715114521	0.9471580706598252	0.14704812291130817	0.9152673216691561	
0.384326116570999	0.014555402558412187	0.285543314595832	0.7306669015864382	0.7588744840377044	
0.2233373265088049	0.0	0.14534312754175976	0.20600986725638545	1.2696308172506472	
0.02266759764033771	0.5058098437270633	0.9402095053085646	0.6223455806440824	0.34654376562033434	
0.0	0.6128397859877088	0.5184596144894917	0.059175586277369595	0.8067289587227348	
0.17409668624143337	0.8081346977783546	0.5465011651492585	0.09122218990230875	0.705612660370511	
0.4489267290504945	0.3630069645972555	1.246613302372635	0.581272971856317	0.832718485640776	
0.0	0.0	1.3366965067058667	0.0	0.3298382713485809	
0.5156931095950453	0.24928739782552914	1.1203797064035763	0.11507367959517975	0.9719456355948635	
0.3054730979970454	0.6749281892600013	0.022593418093927436	0.17651276761498172	0.07024991874105109	
0.577451454693103	0.5838686415645173	0.1578749413038118	0.10880055472242492	0.6765774569033597	
0.3475550191350078	0.056916567380090544	0.30044521069862284	0.301611124609782	0.4981543124540641	
0.0	0.0	0.0	0.0	0.0	
0.4889999597099863	0.346831357814182	0.6768741270105672	0.17443636575024438	0.4932978711271065	
0.20591988090698507	0.014995859402692404	0.4010312440821824	0.30292023248521527	0.06754355079816973	
0.3795282868999155	0.2696914840706116	0.28624948300400704	3.638769163004603E-4	0.42024292264821034	
0.052853003687858925	0.22376703350373964	0.4692196446611316	0.30062322221171595	0.4204600072564393	
0.5379043843530007	0.5663273314623147	0.11927476529479729	0.37996825150540287	0.8982779896100218	
0.5457107610184903	0.017447134413440746	1.0190181488155956	1.2460798866632126	0.5838461585566356	
0.0	0.4752478743334934	1.5913796170147616E-4	0.0777464379873435	0.07885587700706011	
0.14729328859289775	0.0	0.4397941014408975	0.15003025602989384	0.0	
0.6280228509845198	0.6842100394396384	0.0	0.0	0.21234702060260643	
0.4557467694610405	0.264185903994522	0.8150395877865356	0.9043872252882235	0.2396179065134114	
0.7305416385124865	0.465969958155426	0.23756073050907686	0.16755304903064863	1.5735471064531508	
0.6095120281998141	0.0	0.0	0.7401641468621808	0.4459950314909242	
0.6083518697713667	0.3290470370447803	0.03359955666348769	0.0013419293391697205	0.044486979484338704	
0.1839512687811414	0.30321040990198556	0.5545778926740333	0.637721906442151	0.6664460591099133	
0.0	0.0018482040162675036	0.019417205240900466	0.6772144948088628	0.5491041486843767	
0.251001477320351	0.04280030241707013	0.0	0.3092508080103171	0.06828428790090746	
0.3970845192830418	0.3574218004672266	0.13744700245982067	0.49068364698220496	0.0	
0.2456216585290308	1.5564416347150407	0.83469454358229	1.4571807218067752	0.2573047585423929	
0.34884169083026667	0.24555517188612463	0.35937557996412306	0.10270056234176893	0.21127090270652749	
0.6671801928380475	0.43626451039360103	0.9549417063356963	0.2833058160610008	1.512000463856389	
0.0	0.26096825943005536	0.5273285990856639	0.40267225042624616	1.2094815854928878	
0.44478246041899605	0.6880084098251281	0.9216934007641365	0.3535487661092736	1.0595947593357846	
0.4640515676069852	0.0	1.121866374496256	0.0	0.6424790348666244	
0.0	0.9927148539616629	0.0	0.22149201598100607	2.729922911714	
1.061345535710018	1.2234801711811114	0.8215175573699922	2.2077137672085563	1.3996412800518088	
0.4036488953320932	0.24943533341579335	0.3239156099596579	1.0832531085041322E-4	0.3172627786454147	
0.0	0.0	0.328153811841182	0.43144380748078276	0.6336591315620601	
0.4337259642601393	0.6163649871599588	0.43364767362723255	0.5528821229456369	0.5453075707578173	
0.9286558575075805	0.3076786932192072	0.06370228962735568	0.39012904534912013	0.8171029688769952	
0.7382134969780628	0.0	0.40942688242596764	0.43288327585816516	0.5526638043618056	
0.1503643354854555	0.45487316012582624	0.21707184011635977	0.4282893528787003	0.45634760055192114	
0.6022329507443192	0.13888006115396936	0.18144994090194197	0.3190161253616717	0.06669977470349611	
1.288819854360555	0.7546732329872319	1.0411511947915468	0.9681248959702553	0.5271277243788217	
0.4766414715003328	0.37547109924480715	0.22219213598435775	0.39053536620937324	0.6025099845058626	
0.1259765285391699	0.0	0.01701559922208652	1.0927205966959852	0.3161984586465307	
0.0	0.0	0.007359996488469084	0.40544915058768205	0.32728820921770546	
0.30369322222206535	0.17910270618500765	0.5587958901357232	0.37715215040698746	1.1458496794082418	
0.0	0.0	0.6688330014837544	0.0	0.0	
0.19046534431154316	0.0	0.2523419818833116	0.6664593532646717	0.5765176035637338	
0.7841714223358376	0.0913045262280089	0.3248631919559069	0.052648475533251436	0.49056052405970135	
0.13519132075503723	0.25749859786509366	0.2021316117063642	0.49083998971126197	0.7736572272813669	
0.0	0.5903444596949922	0.24163473434758387	0.4814105505669871	0.1634181678195415	
0.5321902604933311	0.22331075463192926	0.28927306543715636	0.06469412860417388	0.41526372779087567	
0.5187602674861398	0.37650225623017386	0.21153470507591568	0.009229303466184143	0.3943641223503651	
0.05508809532381854	0.9987440558263526	0.39119410877694294	0.27216442173464744	0.28362866816920845	
0.9328918418601001	0.3606851579618496	0.6395367411730262	0.5601325622200769	0.6894770241798821	
0.0	0.7502527521942112	0.7433862394309502	0.2184390465796692	0.7613801841682845	
0.44458915046074216	0.09009308015357409	0.0	0.4018259317664847	0.6058808590515203	
0.0	0.0	0.0	0.0	0.0	
2.17221247415736	0.2660200072358007	1.7193865333803524	1.3986793620794884	0.9467722943299876	
0.0	0.400659459199787	0.9742965105911002	1.2746948099745887	0.0	
0.22625609911623476	0.0	0.5336295975107251	0.2449979483339104	0.675640094795281	
0.4239234039416465	0.23172053628565895	1.3916662543709246	0.2490046471930921	0.6047736380699477	
2.0023123954956876	2.011006860781336	0.0	1.8633546893046273	0.0	
0.653412558111846	0.2716383048008915	0.0	1.0013248452384895	0.49796350402484896	
0.5342749835112881	0.1315387972396038	0.0	0.4047185185249293	0.499706203349356	
0.0	0.3388841139334911	0.0	0.17456672923890237	0.39656133454022247	
0.2732263452585498	0.648594375553076	0.0	0.3780072953626482	0.4231984024936549	
0.854591273292451	0.44367326434728643	0.8946263850946272	0.4118075045346097	0.43915592082119637	
0.32661860783806534	0.03669799161881445	0.5467296783069598	0.23019295284334892	0.5196535041097381	
0.40722429462413356	1.7107854154605795	0.32468357298813133	0.0	2.8947571711029165	
0.20265670877389785	0.06016481373422149	0.3099881832789979	0.050348175506431496	0.20444950880093263	
0.0	0.554475399006582	0.01691581820171499	0.15118347566490314	0.3040741962360173	
0.0	0.0	0.0	0.0	0.0	
0.25887713268284973	0.5104426058035435	0.31085868283109463	0.31074892292094625	0.990135274079446	
1.057873780247459	0.4063029056962394	0.19799055691184872	0.6565710573418567	1.6127942490981904	
0.6956132382748936	0.1404874503320055	0.7278016473817946	0.23561007165607545	0.21802653184828583	
0.1280836711788359	0.31234189480760427	0.30455926834223523	0.6243858224316087	0.4504170102386329	
0.0	0.2412980493187414	0.27441461284707636	0.6946855342650213	0.4065821817251252	
0.4695883225097002	0.710667921104213	0.27508736305908166	0.48414619216933497	0.10209532120660157	
0.3635934306721064	0.5814306677447107	0.2831305942353821	0.6440898776865553	0.4318918976002807	
0.44814770274071075	0.36091321006564875	0.591130546897872	0.42650559865246007	0.6503503143427657	
0.6153831493938507	0.34295632839269424	0.07929744951252125	0.53221076293094	0.5480733128919446	
0.4016439523389766	0.5596105964819484	0.26072488242371084	0.03695131292195745	0.38048130509896444	
0.0	0.5958491331706453	0.33409762710264795	0.6264448307597043	0.7693011779997051	
0.438701325967236	0.18463172966797076	0.3605866765328334	0.0	0.0	
0.6338668375646417	0.23235529052017362	0.7584529766877807	0.10429939380185126	1.067072288784255	
0.04792052621634909	0.0	0.0	0.6076690334472175	0.5305690108251042	
0.19687725853286556	0.4985817880763748	0.1510186799964362	0.17305598709017123	0.40841779369903036	
0.3188939631559941	0.04165134297583492	0.0	0.5395456727620878	0.1314630392731152	
0.3825406648398531	0.03432822965200604	0.5307068815229271	0.1372690993025679	0.6111118589018508	
0.0	0.0	0.1907282034281164	0.6800327466786381	0.6679027110896314	
0.5286316631301372	0.02533386566101176	0.10218178258429134	0.45160007125968116	0.6476591406311658	
0.27974552223928534	0.43782455201699017	0.10364775241088621	0.20387768530092448	0.10007656254999155	
0.5234200353349905	0.0	0.032243979019015795	0.4408922630910909	0.11713553156247002	
0.37576941957880494	0.030925186135901613	0.852241770864367	0.7636555328186935	0.0	
0.31631285617388205	0.8495466299228792	0.3037810379529224	0.7735761233820455	0.40390811091128404	
0.006841154190428732	0.12971946976524268	0.10464790998953181	0.8469337411607534	0.6946593060127564	
0.0	0.5296430650456879	0.0	0.5307423029617159	0.4098664560466828	
0.3420852349914312	0.19453795269377902	0.4047319317869899	0.0	0.4800921370081963	
0.705644716373599	0.16707009574289855	0.9115324180240704	0.3503323267170007	0.8051931132285436	
0.22330388031411216	0.47151581182502056	0.9415109542460145	0.33708503667440776	0.8331101453389451	
1.070562764728173	0.791704033286983	1.165317310228041	1.0681472610018639	0.09221982814064514	
0.12981393614077186	0.31515354022168823	0.5415422960433346	0.11903537399721323	0.7424197336539257	
0.0	0.0	0.0	0.0	0.0	
2.645851742301321	2.1524652738488714	1.5541472535872292	2.84380858109618	2.180147287007409	
0.0	0.11228140812008022	1.5414530843374226	0.0	1.6838598147966486	
0.0	0.09060205206924639	0.025323954505198417	0.6132115329532125	0.6343237938498061	
0.48202251984435707	1.4928431360121655	0.18466533152549264	0.20371158681168233	2.752653722094913	
0.6269171793730429	0.0	0.42402295753524233	0.30005731512009604	1.142559436920012	
0.4516048674877226	0.0	0.4767552530129599	0.06755837390339198	0.43104382945233527	
0.23316901450944308	0.09801626408878535	0.6895745225422218	0.19109525651962217	0.7573748809643994	
0.20312785172108438	0.0	0.18899334651193864	0.16042751308462666	0.487432169212852	
0.03950935426609687	0.13381596816983016	0.0	0.21916858304515258	0.17720235341431123	
0.0	0.8035068065657887	0.0	0.41137755222523703	1.508579118458445	
0.023136664813115965	0.8800764613605073	0.30765806359786074	0.0022873945278428236	0.4458681242682408	
0.0	0.0	0.0	0.0	0.0	
0.2701224078913176	0.7267648626702506	0.0	0.6132342162534694	0.5347019910750294	
0.7506991417885789	0.2312333364549885	0.5562254425847873	0.3652764612329996	0.6900109620634243	
0.5413748946587486	0.2063079660859882	0.6522424235608072	0.47997848894009254	0.16232440761220768	
0.08134216914189414	0.453038413338336	0.013958893607148316	0.6523045586227038	0.957645854077954	
0.36040963670056414	0.5039582504868477	0.32396096822723536	0.8781738215448038	0.5073238009673922	
0.3273978076366557	0.4140289789107758	0.09548884659586365	0.0892811443002844	0.34524050467693834	
0.0	0.42374335417688125	0.23112245974503867	0.7856980195726722	1.5407874652440792	
0.5579160026786325	0.8938779399550643	0.36161790426268114	0.49880252593313046	0.060202378865366016	
2.5683022617426903	3.056513588426355	1.4903298909424716	2.9261476159000543	1.4217647332217564	
0.5805895844305985	0.0	0.0	0.6275485247438706	0.3507205941712637	
0.5089952744016687	0.14014959388066275	0.4785865546271894	0.26288894483597625	0.16494848896009734	
0.9905748985280872	0.4571232745602954	0.8043473278931863	0.2625360566543436	0.3636819795482672	
0.05339444981489488	0.7232638669844181	0.38561444232278524	0.6026866647990522	0.8016731781555562	
0.3526123846519972	0.04450900107477414	0.09381996834795238	0.2154881010281493	0.2789570919434109	
1.2937485614193962	1.3924306075502608	1.5548774639918173	0.6138220468275388	1.476265159247112	
0.868010893390238	0.0	0.0	0.5889513098373954	0.30584268600971504	
0.14593848609350418	1.1452770362376563	0.21119010827858156	0.145579689830768	0.01729423776338244	
0.9010714553494625	0.26135757857246	1.5271106311073006	1.2200033146917677	0.6999193378859132	
0.9851390094071718	0.5646090088133876	0.7606106648227112	1.0744669969008902	0.16487499974262243	
0.25746170170462573	0.02267945875328995	0.28952331598036696	0.3898537898360586	0.3253530824874489	
0.2772206184098421	0.4555557242768431	0.04173086931855797	0.0	0.012352668891260552	
0.385234053067186	0.16483875739087206	0.2799204033937208	0.7175845835292707	0.32444657026185036	
0.5723949063559078	0.3511104624013531	0.25008068777939857	0.17851003244941208	0.8003669083211951	
0.3364752221056719	0.7100968731362588	0.11420966632269623	0.30249757952777195	0.026385748999664723	
0.289242292150519	0.38292234307290773	0.23080890028482395	0.49115338663812874	0.21353646659280323	
0.5501162048355858	0.901365949679768	0.5654610960439579	0.8108056761273269	0.9782798711451682	
0.08330753584059924	0.2299055592078074	0.5203798734368746	0.31344756799685436	0.9155856883846432	
0.15038697001136694	1.1020041780637129	0.2801961258397141	0.44162278461910287	0.007947381615112034	
1.219185444016134	1.084047852958187	1.9927502733116547	2.7186537589988835	1.1785836527247902	
0.0	0.8013077051231255	0.28071628063219034	0.1768348178670457	0.4662164674296627	
0.26081360861479896	0.34248883056087465	0.2898108572958089	0.35462543132702845	0.5949101731357879	
0.003080723148045866	0.20757692703383337	0.6945157219518294	0.0	0.5195263477766202	
0.0	0.352368112546647	0.4293326964992188	0.16747132875502252	0.0	
0.24634569312190877	0.3551778235425642	0.46721372755473506	0.18099555430893396	0.28723979384243875	
0.375978552348506	0.503303131274473	1.2676994990044268	0.30948113283028383	1.423134625529735	
0.3838926674063149	0.05713487063174443	0.2658278170473122	0.22860159830874183	0.45528514033340695	
0.650558217394132	0.5346296621635411	0.18341741429056718	0.9441669900687663	0.5729919487109248	
0.15684626529672532	0.210410438928891	0.49642764217739554	0.28617765531815625	0.5644729078890159	
0.0	0.0	0.0	0.0	0.0	
0.9413197968297319	1.748602086139104	0.08513334799784965	0.9951661872899437	0.14359281945874933	
0.2748936248810474	0.0	0.6697060658711512	0.771026353714854	0.9760223399843057	
0.39334270526977133	0.5183341411718134	0.20082637537290776	0.10058943033529548	0.2782416699916414	
0.0	0.0	0.3680532690693929	0.39817105263719393	0.4536605184058332	
0.8072633378940054	0.27040306083059557	0.7996027541027302	0.403434984226694	0.8974548084647096	
0.303813532718393	0.5691511010067977	0.6349635143263708	0.150032189225768	0.7368437760741294	
0.04233696132426111	0.18313207439318963	0.27470307148772605	0.23291082067761246	0.4302626358413023	
0.42491104104783	0.259790012011781	0.08932961418884852	0.13833353614792346	0.37405756878614915	
0.6763156371238813	0.0	0.1058718368514998	0.21675721973644557	0.7858051093371317	
0.8197444796820356	0.5089309432359912	0.7410851799204589	0.0	0.6426191116440362	
0.8002142626068223	0.12952135923253388	0.2343054268133079	0.42085902425057997	0.5665880543548086	
0.2453103688096747	0.8684754987136565	0.5506627004418425	0.0	0.35913468767203327	
0.0216712948118273	0.6619773214561989	0.6927963515541006	0.12206761739378391	0.731906398019261	
0.0	0.0	0.0	0.0	0.0	
0.6616608390433701	0.0	0.05838028297341042	0.04804162555135871	0.5221035456401659	
0.360507767351001	0.2938272004290157	0.5484523162946812	0.19266607636057162	0.272687198126014	
0.14261610288894372	0.1837366428562524	1.0461673801947144	1.006590820451169	0.5838437053990495	
0.2714259666005008	0.7445285853537972	0.1368231403824062	0.16160184098043998	1.052115377724198	
0.0	0.0	0.0	0.0	0.0	
0.0	0.17796996456118452	0.0	0.45610251931100354	0.1453481628456322	
0.22827671912686337	0.03716112745534373	0.0565068247519809	0.09350927449845413	0.13204767600104228	
0.4519610502341867	0.89552795355608	0.0	0.7914249625266206	0.061769474517447596	
1.1690944763712572	1.8831102264522344	0.0	0.1709639506908536	1.151409122025656	
0.07205365245561005	0.39133252477459163	0.4690658842089904	0.13101497463667341	0.13894313462903943	
0.33233773658511295	0.5881095009625353	0.18200033099700005	0.2598845549961633	1.1240666233451433	
6.552805080840863E-5	0.05495141172097528	0.8598703832346977	0.4810028351697539	0.6837097088684719	
0.15394183888903595	0.6098739400621356	0.16750536062242463	0.12634142095770232	1.525194258004011	
0.4824934368149585	0.6460437911819404	0.35460085757065896	0.09044075112484243	0.6028840453789847	
0.053763738760677485	0.2814327197400763	0.25561264698334096	0.6849652524177522	0.5144256953588576	
0.3063320555253008	0.0	0.21784717103647577	0.38579033233535887	0.5267061805691831	
0.19855961551198661	0.6146360336556622	0.3451716448856446	0.4188572409997333	0.47820248807112753	
0.06719226208030236	0.2004308287935637	0.5955121650118514	0.018120740102473273	0.8962918968121109	
0.28309297627408947	0.6044126527651565	0.2546053680804625	0.0	0.38456582048790294	
0.24933954004712738	0.4226906019628552	0.679187144980985	0.20735845022804597	0.6932266932168956	
0.11907689304419411	0.0	0.0014506427100025618	0.5733644664031011	0.45485775455508987	
0.5069241345301837	0.4472223507217599	0.573272269582092	0.0	0.16955644726638827	
0.5567291308015597	0.4480265066828458	0.8491560662209667	0.9946500826134604	0.5254474879154956	
0.37869396909987735	0.17341685647882288	0.19532310808724043	0.44435264680787245	0.4400904861436861	
0.4023996909974845	0.08632689966113996	0.6557555322444188	0.6544722356679358	0.47843255614829633	
0.28029273885236217	0.32057794960261043	0.3168081219227423	0.27180296048282426	0.18068709627908713	
0.5849261916543801	1.1640200909048521	0.004908626099470833	0.8597660632421065	0.24600339298042959	
0.5974364115568495	0.3050117992409592	0.16041050196608309	0.3991998417768801	0.17135340146939274	
0.3486070390064151	0.4524910446284238	0.6935790790752435	0.5023826150038502	0.6873512018943504	
0.6610708021668599	0.45602492533942535	0.5524395642593212	0.31176597332973616	0.0	
0.4375919134967837	0.0	0.0	0.8022984008463688	0.0670800369828814	
0.0	1.1476236148097347	0.18746403685562346	0.017975764941746228	2.0371518377677793	
0.6889509891557225	0.0	1.0016516101523358	0.8588029222075835	0.22252237947618855	
0.17651752909440788	0.0	0.4402992112556004	0.41177863423613675	0.715141084706014	
0.5221935478539885	1.4336721209413215	0.5959683002368958	0.1333675508806315	0.24065189821910668	
0.19207330309590093	0.3947921983345514	0.43304739637280987	0.22551899159594985	0.8939729637260069	
0.0	0.0	0.0	0.0	0.0	
0.17459921752390917	0.603880359855787	0.06484411698196525	0.8167843592188392	0.5531671528382669	
0.5608298046514889	0.6345446075545901	0.3852317152225216	0.24219014435238878	0.18822336502225906	
0.07659956118557372	0.04655596539788629	0.5728878871940724	0.5506752153424891	0.6315614784263558	
0.6523014793359773	0.17233874382835496	0.36039877024062644	0.4495699279351797	0.0	
0.8989350340384628	0.5253148501834687	0.0	0.608660894521577	1.3156349707581423	
0.7772121191524315	0.0	0.3237451265812715	1.1066380081080642	0.17534033250532738	
0.0	0.35853065719402993	0.8514174004860221	0.7492284500040737	0.5137375364547235	
0.04860557192756615	0.19642669297700752	0.23556243015150802	0.04107822986529742	0.42771316650796837	
0.6110930257471799	0.18977541370763013	1.5292386972190284	0.004335125201104828	0.8688853152146505	
0.8225793171622179	0.32925496744978955	0.400995166143787	0.27163392337235537	0.040234762803412503	
0.3897846779555627	0.09163123374442834	0.49760780131056886	0.5132258529422329	0.7575850144502493	
0.2198959479495318	0.33009945270423	0.0	0.3356505652026391	0.29057640827227676	
0.16913262987029484	0.37644366873970536	0.4251722241489013	0.24526549382361748	0.45858895447070785	
1.0433616844912954	0.23600349872369208	0.7340772106192375	0.2856850743260256	0.8567426975514035	
0.0	0.0	0.0	0.0	0.0	
0.0	0.6431028168668632	0.20808667774916526	0.5279893739759561	0.6114263033736344	
0.30441866378695215	0.10206452068357293	0.6913763950208486	0.2892034976305425	0.6000366866807182	
0.8476851497130007	0.523307523406167	0.19927508045957135	0.08903002218037749	0.5766766337516133	
0.7152628455682333	0.8640209153872483	0.6062365898733891	0.31621308546555527	0.5189156165658309	
0.0	0.47715917750676357	0.37771791341813543	0.3495836275122559	0.21030176568048836	
0.3925222758881431	0.6196595539891423	0.1719913032867546	0.6278397659203488	0.2902571650526063	
0.004304694451521111	0.34369058193022733	0.44799178865183	0.18032152019283634	0.8674438904308025	
0.0	0.3381240990537944	0.12614900964612213	0.15208539164970653	0.7931724630989495	
0.10487252692278184	0.27716489916516956	0.0	0.512521667709053	0.2193948868831135	
0.0	0.39989877973396426	0.029447183571821103	0.4537593539368493	0.6299939611778983	
0.46291665570994783	0.5150584998506936	0.3693504114439439	0.7744190118336519	0.6661097286353799	
0.0	0.0	0.0	0.0	0.0	
0.9713576260732215	0.12708185028992824	0.5571853482726717	0.0	0.12543588173352627	
0.35379783668080705	0.21618567709860853	0.2516605021258741	0.6220145423602614	0.20553110986666595	
1.4685290957908226	1.5551674592484839	0.06770448424993131	1.1554211371587702	0.0	
0.2821192960241438	0.4011432711519306	0.2271843070688804	0.42326561751469416	0.49379021818933033	
0.19468663057214106	0.6187652966462039	0.508429584134809	0.17977242448671935	0.6223727722408391	
0.3675796140693526	0.42011505837027896	1.0615399265391843	0.3515480250406013	1.2635485185781696	
0.7363750468708715	0.5965578785064432	0.22515136401289468	0.04519914448240563	1.2013012920035107	
0.5810754506832811	0.5373415987941511	1.4195877378123436	0.0	1.5442826493416373	
