0.30700809109414934	0.20983894212230433	0.3183811760268849	0.0	0.056629644902403145	
0.0	0.0	0.0	0.2423088399518715	0.4117412943609536	
0.02340079271233499	0.0	0.0	0.27486471799446704	0.2681883312809508	
0.0	0.0	0.0	0.0	0.0	
0.013580318729248284	0.09773989070044724	0.15280525347907367	0.29089149127022973	0.23669097134420167	
0.18029222581437035	0.0	0.0	0.07746609866278203	0.31587138645350454	
0.0	0.0	0.0	0.0	0.0	
0.36068107042543995	0.3466483941050692	0.0	0.0	0.09424138377110497	
0.0603004851961803	0.0	0.0	0.26458467070229663	0.23210457620588532	
0.0	0.0	0.10657254994485885	0.4577974863312159	0.22304938952835776	
0.0	0.0	0.9104895043081578	0.0	0.0	
0.014129880294465923	0.0	0.173602727106305	0.24792733412528115	0.1445964470408462	
0.1012357773481782	0.4584827232363867	0.005722832732035853	0.4828439192574138	0.06007389576508901	
0.0	0.28347871371372074	0.0	0.0	0.3246194845263861	
0.0	0.0	0.0	0.6301611611157151	0.0	
0.39719621565872265	0.0023884615955721707	0.11943236343166361	0.3462357755351418	0.31862584542699673	
0.0	0.0	0.4877144481702972	7.067786062954822E-4	0.0024522979448232188	
0.568667925125772	0.3143520325428439	0.30594195864414186	0.45492213444883983	0.15653306376620302	
0.0	0.13632934999357155	0.28447159856174964	0.04115921907764981	0.0	
0.09965965717343644	0.3053824564251147	0.018414239513417183	0.7900677040169349	0.0	
0.6739758999525383	0.5300753282538069	0.11696818717913565	0.05570121251265612	4.997073148085171E-4	
0.5444532666609281	0.0038809949716027666	0.0	0.0	0.07310262140373705	
0.0	0.0	0.09878734324852713	0.39025730737044484	0.06257672844584208	
0.19498265985406815	0.12475662893391419	0.0	0.22904627729803226	0.06131919204566836	
0.0	0.20295607187601689	0.5552077526988146	0.0	0.0	
0.36260762496880744	0.04926596873433049	0.07913015954045656	0.0	0.29271774373738607	
0.15235584010778383	0.21065676297850439	0.0	0.04237888311681064	0.0	
0.272427292116321	0.6580808054188818	0.1263431705166579	0.08315180039546972	0.10114230307561499	
0.4157896290686184	0.057041407051110216	0.0	0.15259265399286462	0.3434919308866453	
0.038700362243419446	0.2130330289050668	0.22765378633340191	0.18436293318917912	0.0	
0.0	0.0	0.15764891170418602	0.0	0.0	
0.3563098615287977	0.0	0.0	0.07695644016346528	0.0	
0.0	0.9358444374764219	0.002575265906098299	0.44218919567744097	0.029586599894487302	
0.24899762658479477	0.10472597438073178	0.28825773736109817	0.008314261042796072	0.22891124260036472	
0.0	1.1725160718681316	0.0	0.0	0.25584764077342514	
0.15628330044820665	0.29598574276056294	0.6143019744131702	0.14086890669506355	0.4628377119339491	
0.2700061631015598	0.0	0.24181017674144373	0.0	0.025458438688717014	
0.0	0.0	0.18271896027461074	0.35637616364289254	0.013344574023561864	
0.0470318787333795	0.2299084572817377	0.1370289502579192	0.048510093962248306	0.13706678715215725	
0.0	0.0	0.11173237169791185	0.41952025519881364	0.0	
0.059994393063004206	0.10732406294909205	0.10020776501271952	0.1865220506615341	0.27744092344956056	
0.0	0.494151341691709	0.0	0.14127778743663588	0.07590729265344226	
0.21683701469671776	0.21777975812663838	0.14341659168990353	1.034084042255569	0.0	
0.7539061407256604	0.17004230411815022	0.4199869031425864	0.4638151380577152	0.0	
0.0	0.1955939259862728	0.0420664753765777	0.2642552351135906	0.0	
0.0	0.32863750156731775	0.0	0.17573671140034106	0.2389657628143935	
0.2455944737349922	0.14909519987342043	0.16988858796425194	0.12758811067709877	0.2526907134748788	
0.2452532323708869	0.15619658863168717	0.27860744991056835	0.11834116732842273	0.10722693384503339	
0.0	0.0	0.8252174525769699	0.0	0.0	
0.1292902798290758	0.0	0.0	0.0	0.29965415012589763	
0.07478934489836057	0.0	0.01421912935829962	0.47319208648516486	0.06850257304282731	
0.0	0.3969632564618398	0.40363050557266134	0.0	0.03309645653711828	
0.0	0.0	0.044164024670446354	0.7665095833963632	0.014344502060816847	
0.0	0.39960197685270504	0.00721935749817544	0.19845274907853713	0.013630331305978466	
0.19924070060433435	0.1720581002216713	0.0	0.0	0.0	
0.0	0.09443093217950098	0.03885380546677777	0.41375131695583267	0.01814299730615421	
0.2088249069139856	0.0	0.0	0.0	0.0	
0.16490438609206576	0.0	0.0	0.0	0.14232637066575116	
0.3373689555868797	0.18298729095092986	0.05336054613151168	0.0788597418450401	0.020486527882399033	
0.07936536072959134	0.0	0.0	0.2218410082080751	0.07545908557136932	
0.2458531681136394	0.10406190552993744	0.12768735010437035	0.07389296331411656	0.036830331553998306	
0.1375806281678679	0.06007175015785936	0.3252245954446109	0.2844166511158413	0.15193600734487903	
0.022244876623176164	0.0	0.3441999766207447	0.0	0.6635773791582514	
0.030863043131257657	0.1361702957850322	0.06318053578185459	0.22606138606542894	0.06094685771130121	
0.0	0.1746082734230916	0.0	0.47695947202011285	0.04962165947162996	
0.0	0.07224065416446947	0.4100301074878386	0.0	0.0	
0.36773126088843966	0.4754647094796931	0.035209091239665306	0.13076673657160043	0.023449670958899476	
0.08468252560578035	0.16450810911630082	0.0	0.0	0.058015205701770184	
0.2295873161307691	0.36705677172558665	0.340120500562581	0.3665299390326129	0.0	
0.15804145554218543	0.6561908668918154	0.0	0.13992004768192662	0.33030579838096735	
0.4025768897299509	0.37105196479603314	0.5616478276141179	0.0	0.13034321170896243	
0.17286457923558066	0.3479381784801031	0.0	0.16860884748654584	0.16397468019471564	
0.0	0.0	0.0	0.0	0.0	
0.0	0.6239154535661133	0.0	0.013733826934639199	0.15891155374302912	
0.0	0.0	0.372626338665003	0.11802529999041152	0.07863399779035533	
0.2279167334502927	0.2809590498081937	0.2907971016021363	0.16089923087185226	0.00969331960625542	
0.06052298024025055	0.0	0.22500908122487945	0.30786505947330706	0.32482012864518034	
0.3848948064116723	0.0	0.0	0.0	0.0	
0.04197650225293647	0.0	0.15724901204681513	0.0	0.0	
0.04218792149170291	0.10304191788064937	0.043775000345883205	0.060765492926221035	0.11190734667583513	
0.4308771712617973	0.0	0.005042809327261235	0.2584045611027308	0.19808809741649272	
0.16618902253014634	0.18136415121446212	8.552052481168236E-5	0.1417628350188371	0.0016021066142561683	
0.5840224979035125	0.0	0.08453503442432769	0.6261773955788411	0.0	
0.1119268160636921	0.22779282854039876	0.0	0.24703647214410362	0.0	
0.0	0.0	0.30618708420778423	0.3651458911933871	0.0	
0.5855716439896541	0.14808307456057362	0.6071562634500483	0.0	0.0	
0.0	1.318007656367469	0.0	0.0	0.08794071168203779	
0.13207061224472091	0.3354388484184986	0.010448551873440418	0.2003374410434365	0.21775364161370236	
0.0418125412084057	0.0	0.0	0.19425444122108496	0.10680645344486282	
0.0	0.0	5.91325130312075E-5	0.947062629307396	0.4149074400825583	
0.0	0.013246300200617464	0.03925633264924357	0.34481201111356596	0.0	
0.0	0.12774949675899064	0.01063659154867931	0.1644134180928193	0.06202609733058781	
0.39270388254587	0.04240761241433305	0.2075083037741937	0.42186060854140645	0.06559694297390477	
0.2677408434900141	0.16116582378796446	0.2547154194246326	0.11350747656842244	0.04545718997611748	
0.0	0.13995802115123154	0.0	0.22002210427267027	0.058436345151747504	
0.07868554259516358	0.2865021680340898	0.1636430057564389	0.19866485154825933	0.04075652371231942	
0.0	0.0	0.0	0.0	0.3158386497747431	
0.0031244399243752262	0.20896632741503873	7.070846463431905E-4	0.0785491285944625	0.3512830867128573	
0.0	0.3395509400602158	0.26380459966325653	0.17909176365690038	0.06072100228011076	
0.5964746767903983	0.2528371196292345	0.5100975306695689	0.10788964380368213	0.0	
0.2318347520899748	0.0	0.0	0.0	0.5866504731093883	
0.0	0.0973720298639357	0.07588501546859713	0.08511555684056692	0.18024710210629158	
0.08175009057921433	0.557452257534697	0.6059622778002665	0.2498475768694887	0.27828087468913487	
0.13193004738709865	0.12022047541405714	0.47910698108499983	1.0887607289619877E-5	0.0	
0.5064418345004364	0.11671729020852677	0.20747018592246386	0.0	0.04784896510584569	
0.0	0.29315616143355944	0.21177362463799446	0.0	0.07209889826801272	
0.0	0.0	0.0	0.0	0.27602122915207955	
0.46439568727067293	0.2219323260915538	0.0	0.09233759629345825	0.24587558510861354	
0.12804852345070306	0.14264898480603164	0.2854183804861645	0.10962234564849106	0.05747643559209058	
0.23236199713340777	0.1340918747396006	0.0	0.49635068908552615	0.0	
0.15208885349286402	0.2845668435441576	0.1812365637996487	0.11610720584233739	0.1602212575899176	
0.29749770041162293	0.10273281097881365	0.10799469654436324	0.11838339592225598	0.29554878265484424	
0.06653303928186728	0.4286573206872041	0.060844314563220696	0.3367060044400197	0.0766733692135915	
0.4393022428476625	2.9031023019746044E-4	0.3034262587886752	7.971083918059372E-4	0.0	
0.4681974060665342	0.2917632450939736	0.24759251168242447	0.3707682013704063	0.32120912970609866	
0.43399691045613026	0.2054617481846838	0.091161099297217	0.16342121996007533	0.43850562566535334	
0.09277822666043187	0.0	0.4801217257763679	0.7019196645998493	0.027900022855297173	
0.0	0.007724324382146519	0.0	0.47796523049294976	0.0	
0.013075782289475285	0.0	0.39700997596279053	0.027512940070621647	0.0	
0.06384035288182818	0.0	0.0	0.0	0.04108169510729843	
0.0	0.031255143291107845	0.22407502701660031	0.5191163281937347	0.015093565521922467	
0.0	0.0	0.2365323931564207	0.21424058545838873	0.0	
0.3981175751413767	0.03556150468709314	0.12587955291458583	0.5021548191687729	0.023095799475605337	
9.179329658651735E-4	0.028340552518557566	0.003122314532625366	0.031643898315109234	2.3309241267104562E-4	
0.27570640848328454	0.2654868696513074	0.157093567903253	0.3698615834005154	0.0	
0.07685683498832546	0.5277774618095782	4.1718578721080044E-4	0.0	0.13782046752475688	
1.0060224878496418	0.05817770436144371	0.0	0.0	0.16087867299099515	
0.0	0.6296962246583208	0.0386552723774602	0.5197059823228835	0.0	
0.15419948597025485	0.3718943892545971	0.3468046460369031	0.0	0.16574830296541676	
0.0	0.02815613664392418	0.1995196308855906	0.03021080516007577	0.13351301353829004	
0.0	0.0	0.0	0.39693003052956305	0.11748319107376819	
0.1402196879529768	0.0	0.005929353206953331	0.31516371038315893	0.021273331459355355	
0.0	0.33295657243159116	0.028801033502602713	0.5443799758369426	0.004673749931091811	
0.2538276382794026	0.1799347128782695	0.006803792074962907	0.06126527379370932	0.053994664986567735	
0.33089897655718853	0.6320833309943933	0.026133507716928704	0.30328545740949214	0.2482607020830926	
0.2389228159274612	0.05346044393833365	0.18444101200014637	0.043036471831551806	0.10571286519288824	
0.008721798176351003	0.03853478961208295	0.07608392569668167	0.8727004625497039	0.01871312568280474	
0.0	0.09967839252313568	0.0	0.746759438149986	0.6912506859482846	
0.06554189527371665	0.15331961949327605	0.2845155536558372	0.003025288267301086	0.2340331067914306	
0.24450717487364937	0.16391982915213577	0.2637425129496087	0.07942852349518087	0.1922007838674975	
0.3437230831908799	0.7639388370023795	0.13307585964216473	0.002545656539772937	0.182860304053852	
0.23467091320891376	0.0	0.0	0.00495404533686871	0.5316377323921114	
0.07281654370892386	0.1792276989725198	0.05185562915960554	0.5006942379532058	0.0	
0.2581746616584698	0.06735652615161342	0.3358166815485666	0.38648949427495694	0.09318924287433834	
0.12630250727057313	0.7275353464683606	0.5499947933376652	0.33327530151716317	0.6263847880125899	
0.2671974969670719	0.09630068114664717	0.08450491358692519	0.06184470296986879	0.04586126795079909	
0.3858218204402461	0.22080640065489682	0.0	0.0	0.05045925819978073	
0.11828594910580008	0.05874423378581213	0.03821422480141048	0.22940344592031678	0.21918800245564016	
0.2139535383876584	0.16910071600827814	0.506678049176076	0.23364970279716343	0.0	
0.1357575558335612	0.07985691551686021	0.0	0.07814543292909966	0.0	
0.19317411416688335	0.2960141675353716	0.35715163033210584	0.148389182132989	0.18312259315268084	
0.1063326427564838	0.04871470919157097	0.046830392023584605	0.34602552880024695	0.0	
0.009704517322033899	0.0	0.4243975505885659	0.7391941311493379	0.013084025113339129	
0.7752586066045207	0.2230211289901244	0.0	0.21028629896590353	0.0037301125068982355	
0.06832414387499927	0.20267757437949124	0.06054882797377605	0.09307783034795573	0.04756678645001398	
0.24864724616472392	0.36416492241954224	0.3221888239348554	0.23416334206278816	0.24736494963578987	
0.0	0.12898721818065756	0.017478224869417646	0.3730849154748725	0.0881946692888926	
0.23392359172472085	0.513946883749689	0.19755589559578174	0.5044446114147175	0.06728253227620712	
0.06322108293119563	0.19514913522033134	0.022187547466039095	0.08221997832252226	0.3550975946554216	
0.06889189229913809	0.2740543854013711	0.3059498140424278	0.2016665653103225	0.4650916353492764	
0.3073462787233961	0.4714254241973413	0.38358838506136883	0.12950690890137942	0.08056997728072125	
0.012988765795284685	0.0	0.0	0.0	0.0	
0.790008592276533	0.28966867822081965	0.4486565025749343	0.3049576769956898	0.1164376535234163	
0.2716405860866365	0.2199072537403329	0.10964174050021377	0.3645750733136338	0.0	
0.0	0.10991931681303459	0.0	0.0	0.0	
0.2154381818725404	0.33231241422294977	0.4020778165958814	0.24123800895156383	0.06461197714346566	
0.0	0.0	0.0	0.41731086716673754	0.0	
0.0	0.3218722145922902	0.0	0.04339126535434248	7.813252248241849E-4	
0.13636675820888983	0.13732013238957028	0.09054436746051651	0.05750583126685405	0.29121920035904014	
0.2602363211615424	0.24853174961512428	0.23950397527371206	0.1908806388308196	0.06855565861593682	
0.015693324358025878	0.12145201054202368	0.08672914216962052	0.2959830989922777	0.2355874721868513	
0.0	0.884364623935438	0.08622744065975867	0.1202350100181654	0.11439426451508782	
0.0	0.33731547397527256	0.0	0.6222866312556184	0.0	
0.08349254114617304	0.03666201593193269	0.016840656168341794	0.0	0.023255047674684566	
0.0	0.05997252365200616	0.2930904765348499	0.11515424545500624	0.009047665994429653	
3.8598737079419175E-4	0.0014638771802485235	0.03032285536684318	0.0611831978968196	0.39908126233914526	
0.13797949272942098	0.19739058566010975	0.03777356690041971	0.04692560087653812	0.09698864730124915	
0.12675460347264753	0.14265062325716224	0.04337607498384465	0.5592718367899294	0.0	
0.20864006130519563	0.0751059431231552	0.028303216897987316	0.16194391393422036	0.16592567778519204	
0.0	0.0	0.1546681960120322	0.0	0.0	
0.07289963862514788	0.06465729184526968	0.005030740496206529	0.2366696160980372	0.04699118279929686	
0.2787266386674487	0.16795780174731884	0.17822019645783463	0.2523003662771054	0.016770331953776044	
0.2425686057560124	0.1361963799931808	0.2107180016281256	0.0	0.0	
0.0	0.30297795177307746	0.22658288392708273	0.5470904280660825	0.01666494480837461	
0.27730406535946683	0.16677517153363847	0.2626195073859283	0.2841542027729547	0.2828315063688482	
0.29433247247521493	0.0	0.0	0.025185066133912852	0.0	
0.3344145975780491	0.06030694284511847	0.038846250624311296	0.7962047120633806	0.0	
0.0528030388926396	0.19171586402346613	9.698508867876718E-4	0.21705371984618813	0.011498571394894496	
0.11775998906516276	0.10006061953057073	0.0	0.0	0.17254433248164483	
0.15849530321394484	0.26968976078816775	0.17606406467488542	0.25857499964868336	0.2887797465928151	
0.0	0.11026227623824708	0.0	0.1656737301467383	0.0	
0.0011647539604964059	0.13514168131667947	0.027984433753354084	0.1287881617976459	0.2337006899319005	
0.02716966239635711	0.21569632787109433	0.11615174440656005	0.23545554953263317	0.1867271898092948	
0.41851441183264	0.22647718143697104	0.0	0.16227299234940923	0.1655214796750732	
0.2906273241710015	0.049659601210871554	0.13117535392374421	0.061948905411663105	0.15550000357590194	
0.06594026898411477	0.20746846932695182	0.1722698157101209	0.25011691809828523	0.07159081719377543	
0.04637964022369684	0.03153014450259783	0.05616535871924595	0.1368048055848001	0.2142938571802276	
0.22923425484978877	0.0	0.0	0.35363742396585224	0.05559660588622361	
0.5324070298066864	3.043825993386486E-4	0.0	0.4803974718438021	0.006060790495381505	
0.26158072672533345	0.171217103639317	0.06034274863899739	0.3719906551835969	0.0546377989200564	
0.23880896050467612	0.0	0.0	0.22396039867927076	0.021708096338766927	
0.0	0.0	0.19413947655474137	0.3164594881705506	0.1431790212872837	
0.11137066881552297	0.3467612859968189	0.03413768504713182	0.17915088113397454	0.24948935508227227	
0.12813911108147535	0.3160251197395531	0.31521496506198343	0.5522082542461665	0.013202022581669023	
0.15312091712839038	0.18155797501130816	0.09050274758842901	0.2999195712960407	0.2962312022714189	
0.0	0.42433528620186167	0.3382605135658472	0.0	0.0	
0.10498792948868561	0.0	0.23022310889520808	0.19048505978834515	0.0	
0.3271286324991149	0.14458871548244523	0.09223144499432141	0.4882890534998561	0.2131251121991904	
0.2603966533469517	0.1488813716458172	0.27216480638139723	0.12497517574344848	0.05182298982977749	
0.10994501546705303	0.3352237370097845	0.043152697643158835	0.033604474178643685	0.09201475005165329	
0.17827979021772108	0.1452296459797044	0.24322056243669718	0.20243922955942611	0.0641346867620043	
0.023456792223195813	0.12231467255979017	0.23283895167405513	0.25277931896397493	0.05264737547411933	
0.17330701454988223	0.0	0.31444124999056267	0.0	0.07112630846985885	
0.2822527169700368	0.0653735821650629	0.2776933980219369	0.10476593541691503	0.18218026192440492	
0.22562110296254495	0.44602404918906946	0.0030357447266413924	0.18897819447337016	0.0	
0.26442583425755534	0.0	0.06937471009438943	0.0	0.18791708284589875	
0.12658093707573656	0.2717541356123248	0.29657016745729475	0.2480904962896915	0.06156232340330125	
0.2742766552599772	0.09843878646792867	0.1893659953899999	0.2611541971051789	0.17269413933095246	
0.05168902490023679	0.3138081915579119	0.0	0.6263479379533904	0.33454190352804275	
0.0	0.39511953487153767	0.0	0.4327390007924375	0.0694550361690861	
0.0	0.0	0.030466170205407216	0.03259551876244619	0.08856821468669426	
0.26796337437091544	0.47787397571661144	0.0	0.5478943477745135	0.4911189693655915	
0.0	0.2476708896916202	0.0	0.10741051627188344	0.3784333388602331	
0.22333571719544357	0.07275836877351337	0.0	0.30186131484372175	0.0	
0.20014618396627132	0.2806732913322591	0.007729455631885694	0.0	0.016478271009208068	
0.2477163989561234	0.2728250617544169	0.25143711146935593	0.1326558162127761	0.20021294498198738	
2.397775661736998E-5	0.4745548144403708	0.04227893822619615	2.939608857711205E-4	0.08402777737716081	
0.0	0.1259744421682673	0.14157026405013345	0.5078850972522382	0.0	
0.24432746998559093	0.04427523118384787	0.3290529836685492	0.32399908553079815	0.4371287372423974	
0.0	0.31064444872768954	0.21057155902532007	0.6046969031798428	0.2733861660865356	
0.18543888228596273	0.0	0.0	0.1844936884744157	0.48011305401181986	
0.0	0.25900911703119534	0.0	0.0	0.217808728636801	
0.2034363754697552	0.09660808929639031	0.07122047653469592	0.1453562925691877	0.013587580288743465	
0.06666930044054074	0.547686996115442	0.06629139948599128	0.10775883850721886	0.2411295479043974	
0.04895590887382012	0.12259238636443161	0.28655604387799866	0.21412520142703537	0.16117355134361863	
0.45096410244699414	0.33028354569305124	0.12258607576248276	0.38673180103681043	0.12092041650504247	
0.18865890179147993	0.24510979747637981	0.04769088781025904	0.09745895753092781	0.06076768609568218	
0.1299177063734553	0.2447106406056698	0.08609475697815867	0.05903320781447022	0.27948987844330586	
0.17409145078358226	0.2656720195123408	0.502228307506889	0.38944404934570404	0.09208748739988763	
0.012632806009787447	0.3432137961889648	0.26524397741291306	0.2969528422694473	0.2432170556578827	
0.07304602359587697	0.3003329071075767	0.14088184157901912	0.2354050172897526	0.024103674257540033	
0.0017083266008539638	0.2052806493606831	0.3617763679102267	0.011767919262432336	0.24803372609535296	
0.035318468619427605	0.057206529327100464	0.1661873554198574	0.18460707979215996	0.13687499846950998	
0.2739568129751128	0.07822080979565862	0.010511710217313107	0.039092641180239876	0.15748774518123557	
0.36421139104148686	0.10854453782159398	0.7576945203929506	0.24933295567259986	0.04709068423963078	
0.0	0.2809914596921367	0.6311731478551659	0.31768579067502817	0.008167341859142464	
0.03012374302680025	0.17922336555730448	0.25255166450739236	0.20301634183481915	0.14298718831382154	
0.08152427002103273	0.11229701564715489	0.018962291221104436	0.1641273993185131	0.024094167318918638	
0.23269261396847388	0.0934041618172654	0.05324017696506742	0.30474857977919606	0.03659084702181845	
0.40586303441575683	0.3882229017000485	0.0	0.0	0.0	
0.0488728020444132	0.06043581939048287	0.04419380307658471	0.08237062554504883	0.022256769972839253	
0.13532190263672406	0.1830636839338789	0.0	0.14410834257682065	0.06743256578194125	
0.10234520183065023	0.1023545525195966	0.008880362318897054	0.22227573346999896	0.012820468221848689	
0.047018355972058744	0.0	0.018578083425728014	0.8198643192249988	0.0642095101745918	
0.04485067602196334	0.1333615415426517	0.38484661153876504	0.4288167444332577	0.33175309948425324	
0.6682412830102794	0.004104690151572151	0.0	0.14771038726707347	0.013271497226103372	
0.3218586282211038	0.32640027754174344	0.04425693483520872	0.07483145068095258	0.21215555712943263	
0.39202550601186814	0.08911175907946677	0.46476745744929193	0.09316338970772828	0.0	
0.23454690196656694	0.07722104043292638	0.2027392722440132	0.03523329740970717	0.2845516074692796	
0.33188649349542376	0.045827374849984864	0.021531384901594775	0.0	0.06588021618334185	
0.007935693807971806	0.046114212174217954	0.004067110966450787	0.20834601835018932	0.011739241173963764	
0.020686334494850467	0.1232137131678421	0.0733736850615482	0.2088004302142397	0.002144267880204142	
0.08138691145509912	0.0	0.21447638475236172	0.0	0.0	
0.0	0.0	0.0	0.0	0.0	
0.25494999857774503	0.06360040965711594	0.0	0.6328061826549655	0.0	
0.22299139477226815	0.13138469992639043	0.15083875797995042	0.08008566343999114	0.14563509107877184	
0.0	0.08401182534387303	0.7628388732181256	0.16835137256687693	8.072076884183576E-4	
0.2102466522165753	0.2740943910700819	0.023089112798762162	0.03695808588843413	0.2304227479643518	
0.13730089758175743	0.22132601066468882	0.1011601151066494	0.1801410220519759	0.10308333195214613	
0.025128118533897247	0.08819171240509915	0.1398490326495693	0.096990307506403	0.2332284266095686	
0.4293918817101192	0.22807068123601873	0.1598185718018665	0.46854715456033574	0.33854964612427957	
0.2931290018998999	0.0735749019609366	0.04447649186279219	0.0	0.0	
0.05762924880340417	0.3793928011976537	0.20513825755289358	0.08689827893414655	0.49232417034017695	
0.0	0.15748274408938567	0.13792073369628083	0.08893519115865721	0.07520294150303022	
0.0	0.3859151819377703	0.10848144033951022	0.0	0.0	
0.22893369424288038	0.052466891223322744	0.2228889623149954	0.07217798215893623	0.0	
0.0	0.37852995410762935	0.004054737963332796	0.0	0.0	
0.1997787330369486	0.09670814771281283	0.19631880993279355	0.024049639892191187	0.2950306393060604	
0.38785316874182924	0.16267825524617419	0.09847042253250907	0.23145443115669345	0.13650978463497612	
0.42455475707810275	0.5165466569542164	0.0	0.5809695059442187	0.3125884241543386	
0.46405015676191835	0.0	0.15385106024181577	0.30008712018040895	0.0	
0.452939743050436	0.7553795091477958	0.2990282182261799	0.1519926744933587	0.155744382532556	
0.15912314782313947	0.21635227795005946	0.30113458194617937	0.17671271623418228	0.16651824026700823	
0.2827455170993522	0.20914444625712428	0.1374660049037187	0.16204891450164802	0.1770886874581432	
0.29508985941199983	0.03212221898614708	0.04672928749033288	0.27571151778205444	0.07274924214219051	
0.04410525545640765	0.11134735798439087	0.2737312681079224	0.20171471970971105	0.13302749422108576	
0.282451332002739	0.2671944211455845	0.19277358724717333	0.4988296957806213	0.3040899267182418	
0.2424239684833254	0.008823486141391392	0.19697398974441344	0.2223519030477761	0.15466304645364953	
0.19576597965753675	0.0759825603104744	0.3001191228150567	0.12268099921341026	0.10039679250049852	
0.295208730777965	0.0633576734410286	0.2432986059629807	0.26236383689914944	0.056954580334400685	
0.2427498429823922	0.17871514182114387	0.23983802843352636	0.16940790955545854	0.009656540956684051	
0.5190600286320061	0.6325147289842169	0.0	0.0	0.6783389567982687	
0.10772430039310471	0.08720367375239312	0.13212039430039832	0.22549165350883787	0.061223360503127794	
0.17323278882074702	0.07386466318344263	0.11145509864187111	0.29546475294803903	0.06311635198411611	
0.16118256617224663	0.044561165814308946	0.5357592544130217	0.7774492767192448	0.25618699395984335	
0.2948072022258546	0.25176062964662765	0.2809742210512725	0.03886269911908467	0.23760942241607397	
0.3296578458605265	0.2598415477037486	0.18958887121414594	0.4185514172839947	0.1605091672512963	
0.09374286826478011	0.30808334998748227	0.847543435713564	0.14135449849644352	0.02949294609365842	
0.23578543041722536	0.21742508363708737	0.2002775054994035	0.2839025703226834	0.08902462626351058	
0.15455286175086866	0.3098892107913017	0.3713148012281227	0.27836988506967836	0.1987820200382159	
1.047068249581447	0.6260809083356643	0.22102841607376192	0.30979923903179374	0.0811779708088579	
0.24271030638736218	0.06844409211563929	0.2408169126497926	0.3515247415710492	0.4071580293980429	
0.2893825167606923	0.13229187677920098	0.0840120487657733	0.05002048726531708	0.09098030243281592	
0.07274055446097713	0.15343727108089641	0.001542144642852561	0.28995224899529076	0.11801336547038284	
0.06623297635957888	0.22036492371054972	0.10141892481924145	0.0	0.0	
0.0	0.0	0.0	0.0	0.0	
0.10116243853753662	0.20958283598197563	0.2533242584292479	0.1367099994315612	0.25755358060332567	
0.2961347415713218	0.12678454011838342	0.1527169888341136	0.2019509240691983	0.18021596970694165	
0.0	0.2081735395402133	0.00867948842861585	0.3412065019385255	0.0	
0.31897175649692067	0.10162627800404583	0.5384784832123019	0.3919196415132358	0.18530035849207388	
0.1847139346849329	0.09037466022073645	0.12898115367492197	0.06647819673621301	0.003086952131351511	
0.24785901532583196	0.2836601055725913	0.0536284298477913	0.02870416743003251	0.2767103434142133	
0.2965954647610201	0.24303272146787572	0.09248184270241519	0.07810149813110205	0.17744841669666647	
0.13320735435457	0.06594338135970902	0.06336030780870822	0.0072390606976591425	5.744239358617162E-4	
0.24166795518325468	0.059653090025610055	0.2933021619507017	0.10819688647902684	0.14459030481129925	
0.07820686422829541	0.01009525317524072	0.08564246037845745	0.07592777613470308	0.0630911766586944	
0.2563309450783883	0.30999095829621887	0.22369583272710108	0.14698234285462808	0.06834300599751718	
0.48903657464848677	0.1378317917346779	0.6083198870241877	0.22018564908292185	0.17397155859866104	
0.008056070113729583	0.27619856475536103	0.14662155029131585	0.021223876121349707	0.10859371674935853	
0.10755755331970328	0.050955580598025865	0.05347784166002478	0.28385051545478757	0.19884724520895494	
0.0	0.0	0.0	0.33614316602236605	0.00913590886961837	
0.06217821272229138	0.10178168707045294	0.011626080992651385	0.2730313772591986	0.029645990680873514	
0.04499987157960271	0.040627804491114375	0.0	0.28409600543256275	0.0	
0.021496157377047236	0.296929870211782	0.19280755938122254	0.2643456352504785	0.19337090674289698	
0.1765807163151475	0.05080358441935588	0.22564812363326725	0.34602813884134026	0.2736365996297419	
0.0	0.0	0.4416204019260502	0.509292454741744	0.0	
0.029915103712589076	0.072505866204993	0.1280072856241924	0.004780547118589817	0.0062897002064159465	
0.17972317216279426	0.21720140318854	0.12927698649229324	0.12552458458961285	0.059655122502908414	
0.08474526620871987	0.0877056568872043	0.06500899174316739	0.03875832893476437	0.016828831159357658	
0.29494508300850214	0.17173021455474344	0.08242788818037408	0.20017223853185126	0.2181774391786187	
0.4396932818355176	0.13026812140088487	0.008429216169571069	0.42133849068288826	0.13596040230278195	
0.18806348711712526	0.10485581492947321	0.774444616241357	0.842248784044459	0.15599995264434918	
0.23880478669713667	0.0040191570101478094	0.13259774520544448	0.15182543393919087	0.2055232730679368	
0.1192430362834735	0.4774406607627494	0.7823610550363579	0.28528454979135476	0.262299177590222	
0.1483307217865343	0.04101512883907168	0.26885234829431365	0.1987320627519312	0.20533835122104324	
0.7000804795628022	0.50864721400329	0.5755588535023822	0.2745615760478871	0.21406064547588208	
0.16145994371520245	0.0	0.0	0.0	0.0	
0.06805385449523253	0.28791075063068017	0.3755096226178403	0.5824858729042282	0.14221159140267214	
0.2425229941109949	0.2944291523821658	0.18739245130747972	0.2395592098332517	0.048625705388424506	
0.10786957229242221	0.0986530729474272	0.13313986838481082	0.06093959762170282	0.05565510453104966	
0.1523045106429973	0.01370997127111571	0.14227221056133607	0.2640804077266478	0.14961833287757997	
0.23883318812669696	0.24174254638546067	0.0560090112543282	0.10357434015479505	0.18956343514180685	
0.28699819992945336	0.06326252891761838	0.07889612801523942	0.1074937636451738	0.07823201694465996	
0.1695677668244833	0.1428423224789132	0.2533765393367396	0.27174120493784704	0.07584772315077426	
0.107907070111768	0.02139124559245571	0.0053831206833816255	0.06614353798780893	0.27073190529648056	
0.17580329311761972	0.3052324535707049	4.0648303145777904E-5	0.12104133058438567	0.12370440054093071	
0.12661565581638481	0.2328702859829052	0.2890738790082501	0.15144037182796422	0.19823523581038338	
0.050698770096050505	0.0	0.0032634519647024088	0.2725885301231486	0.06923451885010905	
0.0915871240498912	0.00328255294372857	0.007512936506695117	0.05634932632687959	0.12446917424216349	
0.18477860683983874	0.14068993937675411	0.3001022597505969	0.2772271110316222	0.24587605392182196	
0.1426622385843893	0.16127070714576847	0.1388992276144017	0.08477796184054663	0.09524499823133609	
0.029434878455030056	0.5305704225604972	0.7954043956461183	0.13035638563680246	0.0	
0.01054933304413986	0.0024990240793023445	0.2302961835492715	0.2680370541440766	0.0425081656891881	
0.0	0.0	0.0	0.9419081161882896	0.0	
0.35529494252918664	0.12335743990254289	0.5739525915235254	0.29192272471950936	0.4836125781641347	
0.28329052076732136	0.28993417455349524	0.19962713074897903	0.00903856396132401	0.08375238755842618	
0.11592270245567877	0.6703950318760342	0.29506451835257325	0.30540805907878604	0.29251713545212055	
0.5044856377907246	0.05934291824239583	0.410906633488796	0.5039793405441944	0.4598097866437317	
0.18355895045393505	0.0	0.1650651050042959	0.10252492137663008	0.0	
0.0	0.0	0.0	0.0	0.0	
0.18000548264601968	0.16275069709289047	0.06858530596110089	0.0	0.0	
0.0	0.1567077082384302	0.07882342788223776	0.0	0.16363791013194556	
0.09927741946937177	0.10253104780756658	0.0	0.05152803996524208	0.22098103206035352	
0.2729472124036394	0.3383509513550932	0.04422625492813585	0.3425513198862996	0.0	
0.2738721617411429	0.22791954357343114	0.2825530673978557	0.23875319378230178	0.18577668604597755	
0.10864125797956925	0.29964110163755275	0.07778752765329426	0.17210611904252732	0.1875697547043361	
0.13822593017971616	0.1594906675490063	0.11316958198881635	0.13811767559749502	0.1702515304563862	
0.11377920078845356	0.054591162662860675	0.2875023647439377	0.164955520379176	0.19983184143164576	
0.008915876764464632	0.053110046600680395	0.03242172345331729	0.058622287822481065	0.08064624567365483	
0.00841705052506054	0.28690769831957247	0.26608323416140417	0.28699002396020346	0.2456057490617745	
0.0	0.0709367233281243	0.0	0.1331923186141425	0.0	
0.06721441245297821	0.0	0.5892089723716665	0.0	0.029063147884932646	
0.14956063607588965	0.26543062184395144	0.0	0.0	0.04400106517806347	
0.25896008319900493	0.1787132635871661	0.1045802611398491	0.0	0.15629168727496662	
0.5627967687525458	0.0	0.0	0.06770999221545429	0.006332823064179024	
0.12830184481402554	0.2555361846537078	0.0429741093588246	0.14529166681113265	0.10628143373145166	
0.5110590590646361	0.0	0.32469938562174544	0.41997476630996805	0.15397921756653166	
0.17206408143637836	0.0952261693699905	0.26921549946196366	0.3034858567988243	0.06521265700501687	
0.0985272883202991	0.2875446256197763	0.17169202455414206	0.21016513806211104	0.15387930102504568	
0.2626244815362949	0.18391083118763324	0.0616682345642713	0.1145215895444347	0.1634379543673368	
0.10069211745844851	0.03473004358218587	0.0896488389697275	0.05549424728400699	0.0	
0.007655135089340911	0.22547618875224892	0.06952754711236382	0.1478511092311736	0.14852091135947326	
0.29779401480080664	0.1037268328608751	0.10913276074969293	0.22651015072428496	0.2885664283501436	
0.10042334434962591	0.09739244090309937	0.09759577799857878	0.20071836297929485	0.13391888004880365	
0.018356819305643812	0.2522685080050401	0.07207604563610685	0.07676580680966012	0.0	
0.313971275887482	0.24588521999359675	0.5677365576395937	0.2759025854061535	0.31171465215900196	
0.12090988574378264	0.13252029313443736	0.09870529700070384	0.17289531687713763	0.1289283446976232	
0.03905114621105451	0.09092101239598241	0.42122156713861647	0.1818120725818527	0.05798343645781402	
0.029976007329446074	0.057795206575343226	0.0753459878759864	0.28778347245476216	0.22323890096340493	
0.0011377540349325427	0.29308023271514033	0.038743604233184833	0.02208025509377728	0.27535465690230654	
0.0	0.0	0.054160010267082684	0.26938853251258765	0.08315065552670405	
0.2293306714431519	0.2475879712053104	0.23967060271020818	0.19436384217111058	0.2698636761186626	
0.1070187940414575	0.0	0.0012465446117999482	0.0	0.2135362672897065	
0.18752512665207402	0.2843644887273005	0.15052761132487608	0.29562181586937325	0.2451640922747403	
0.18689782773652502	0.25290086136823264	0.2089921618187787	0.2506348770365268	0.24098503139153707	
0.2826664455906831	0.2843375875519861	0.24121147230480236	0.20877923277807656	0.1527770222594187	
0.21592609171909702	0.0018491014750108131	0.16733115394877648	0.10311915953111939	0.047244097915674056	
0.2952279743543825	0.2940171269434342	0.2333052319925998	0.1416299865161813	0.1788285334352351	
0.32345238887615996	0.5452306812560288	0.7291780126956382	0.22056993292137098	0.5153672694259871	
0.2632482676622863	0.16788790661207734	0.13032402818376773	0.2839908588119631	0.009127270993643806	
0.1685147260033787	0.07212444916606207	0.13100630840588265	0.1254782381409191	0.11259982052966613	
0.008399520682456306	0.0787994266209106	0.278709540502249	0.1069152332219335	0.11465326462476579	
0.07272520739548467	0.10207919045792904	0.12235368964410923	0.06374348390627331	0.1421785761586941	
0.2104761930300229	0.4348337677381087	0.08143528542182724	0.29314281104298523	0.27151365558646223	
0.45246241163447454	0.1235480236183022	0.2933616173806246	0.0	0.2102985153267729	
0.17014411051829056	0.25848822707868974	0.20855553443701702	0.19652830452286096	0.2800683262124451	
0.13624198406501373	0.23888475965842496	0.18523039327933435	0.12642793485227147	0.17568869931213163	
0.10888615838952206	0.4946592232134052	0.0	0.35169892705138234	0.0	
0.036323532918825036	0.19521212115175207	0.20023655477871197	0.2024490021912717	0.19283776518854928	
0.20891027097212797	0.26245809760294614	0.012663647540688078	0.0067692019334124505	0.03215721179886812	
0.21851028736611114	0.20788014130832247	0.12758856906711122	0.17003231692104404	0.26400548213672503	
0.25515652317586307	0.10844760501772706	0.1437440658071046	0.3018690063226923	0.03782574602579868	
0.07995623485734735	0.14222763286701853	0.18967167789976472	0.10573803451017463	0.15297315250515353	
0.019518436397085826	0.06508887135919467	0.12326492309222987	0.011180373226922653	0.06721814550313886	
0.12359284126918947	0.10684450252998508	0.10106299428034761	0.25208925598910986	0.24904410373139357	
0.5454327396006898	0.22244155045250663	0.021250803790784558	0.14625970191187768	0.1389377088234339	
0.13521290681660642	0.4587312466004173	0.26558984278122555	0.11444167105820041	0.17089681157817455	
0.2303132904600846	0.01016089124268287	0.057287150084367994	0.08538199051805848	0.0	
0.07085245912342134	0.4430901325725359	0.23769442281724687	0.30404763910975185	0.33377898402087347	
0.19368013176712603	0.25501424038183623	0.17079845491356746	0.11260477471150168	0.2002660330084974	
0.0	0.5686330089337385	0.11195704850778748	0.03567392689338134	0.0	
0.24554856879311796	0.24803184301139045	0.0	0.1721245503929907	0.16360534108920344	
0.20429511195838823	0.02444052068411623	0.11409353250044658	0.2453679926334077	0.20828913949568587	
0.3028904245424694	0.22781199441737837	0.24620644559395174	0.25057997749782107	0.09173896254517391	
0.11560752039055122	0.18436501704775252	0.09750450367776531	0.15997916263897624	0.24988058498950583	
0.24570168881328797	0.08184859471988642	0.4457495247317293	0.0	0.2215570228809033	
0.16893613802951876	0.02756468641471587	0.16218513567710774	0.14274223302531353	0.18131289782305562	
0.019520889215298036	0.23755224292588653	0.28775016065795633	0.07324133365855764	0.2493343052263772	
0.0	0.22230987220938034	0.059841284571186294	0.4320608535365525	0.0	
0.043930690048546286	0.001758777973763648	0.03447442575348908	0.32495785649991277	0.11227426278997822	
0.13408959405091378	0.2690275833973967	0.13739592606935008	0.09601143005533984	0.2591167218046747	
0.1148497908694983	0.013945942550707498	0.23089022616472252	0.07051751001649836	0.26137703571697074	
0.0218198133553739	0.2815931767509058	0.02659118787691769	0.10071978179364141	0.11522198155438436	
0.022597286159687896	0.25009386485721075	0.09788002458758822	0.027384165942272026	0.10083937220292596	
0.19019713920458117	0.02943638796989268	0.24547092573159565	0.11148424696934964	0.2689941185847863	
0.0	0.31301972343965034	0.16977344128768024	0.21129680435521042	0.30765915132527555	
0.14787888461266582	0.1957290706405409	0.29713594863970244	0.11991980859752838	0.26807943040211946	
0.21786876042664668	0.02994303653790309	0.038285310190759356	0.32444037479795257	0.14852054363177	
0.16592565399337933	0.08014451585674676	0.24369315137706168	0.21457275898943423	0.1163352386394553	
0.07914276901317603	0.1823431624091794	0.09019969018706245	0.2072820959540494	0.17412740742973007	
0.08528096658648451	0.1728273668833798	0.010008476257826577	0.2969922534164538	0.19762609326483271	
0.04298953697857544	0.15749670634608814	0.007493636900057784	0.0	0.07442939766892703	
0.16581233138038304	0.07130857883721058	0.2610075266619473	0.19709839726470738	0.1781298578706636	
0.02193391521276208	0.10057284609777818	0.12128904802843789	0.2083847019616419	0.1175768083475135	
0.26366028962860205	0.1995830139957789	0.19602915137510007	0.13306408297221684	0.1455993585220677	
0.2904242041522059	0.03636284713414419	0.11090080360234986	0.03188148452717002	0.20261210737268617	
0.08221193427668598	0.011037174720927126	0.09307503656879355	0.035374995393865405	0.025184734125464996	
0.0	0.0	0.0	0.0	0.0	
0.16618708798591145	0.06851224375963591	0.007750491026316215	0.06546297359457465	0.16180231118686697	
0.3007841993863236	0.13824832253291683	0.14679214606563065	0.20241281167181846	0.23877491482196506	
0.07560830224047206	0.23481610500583058	0.20539972916587926	0.2943424209243835	0.21510353135113097	
0.2314663130437948	0.04256891778606639	0.27484727236831125	0.09622875206534484	0.1459132033765783	
0.27345607047396964	0.07290112279960101	0.0585594281866039	0.10339597001835599	0.29185229857948697	
0.007656573296689709	0.01914823249986251	0.14472202425038488	0.009963085942912538	0.1850915761032029	
0.0	0.04198166000477517	0.3531984906986908	0.0	0.10733591621480856	
0.08152648647723594	0.2933370887603086	0.05100077311875294	0.011341529890146721	0.2667380051336428	
0.15882191478319127	0.3325312559169125	0.17697323395780643	0.27020883342463675	0.10111536319903484	
0.22434637149583755	0.21987664004015994	0.2613602671590793	0.11549524472558646	0.14513716006794194	
0.21597009354305285	0.25988423693857343	0.38419673508686686	0.3127008447108373	0.06080531106459255	
0.3588977300691181	0.33908946003857104	0.19714803960892002	0.24790385639587606	0.19176559655962022	
0.45202972504705796	0.40945175735525063	0.15697594854300642	0.7248526973806861	0.010391052064004497	
0.0974239955978141	0.08318701325396216	0.11320709566951132	0.0	0.023917191046209863	
0.05344753065177242	0.17942526212935653	0.02629942957867047	0.2037023479931623	0.053912268772390595	
0.0	0.9667380824845351	0.14521331421392772	0.18826950373269538	0.0	
0.11438682279991284	0.15148217470586195	0.21069591378428115	0.0347088530626104	0.03786536819104664	
0.14117439765827164	0.11386892500481736	0.2681295066923765	0.16966809548737025	0.11623788662927065	
0.0	0.018541459734898815	0.0	0.17100106043055294	0.038252401724745866	
0.07499105119788224	0.3561038052700662	0.17478571026107578	0.35926153024930474	0.25105235268733395	
0.20010966065243663	0.24968747784393763	0.18917996575462567	0.2433880011533371	0.17009887630299503	
0.3366411219518293	0.32337900476958087	0.23572165476611234	0.1045278515561057	0.3017841466136143	
0.02505690293116198	0.44514052478775656	0.26238959715713267	0.2833694896554773	0.32401785044785003	
0.30242380374878924	0.042336534111090875	0.13911153549764624	0.05717870525603377	0.2280622607597043	
0.17113110223674596	0.1802853334894881	0.11374359224950882	0.23321473863950137	0.00866227954982973	
0.16775267284696266	0.5297204100979336	0.21545780458745742	0.2846422460729969	0.1266271693983121	
0.11276949750906644	0.14703358972921837	0.07723746122732476	0.16551441332995442	0.2555608840106636	
0.0	0.0	0.0	0.0	0.0	
0.11353493165242302	0.07086018649867439	0.18865079624651576	0.057095760449409026	0.2557405111462874	
0.0	0.7122602459635161	0.0	0.20344578092163915	0.01823006269929423	
0.0	0.018052534499605397	0.13371624497140225	0.39527155147770693	0.21967329735935312	
0.002958600141171391	0.2880730532076032	0.21343907558693173	0.13194707567815508	0.25646278659493127	
0.22974584069110301	0.0963752941545877	0.2493667042464366	0.23354912593014052	0.2930324659254222	
0.30177292412413215	0.05376097186493697	0.06769689357193658	0.16802579190607203	0.08399133638502422	
0.12092469566330709	0.13068892578590352	0.23138852686910116	0.19553265028430458	0.004029613421687909	
0.21862144126057553	0.2916936029788475	0.21927605057136737	0.008303749917604806	0.1813713662412757	
0.22869030395067277	0.23597456016537588	0.144197573958569	0.029250697655827378	0.25665795111793244	
0.2611036684899094	0.18688678995460745	0.1473888266829657	0.2999737742605085	0.06697411207830838	
0.34375306729062854	0.4745500779612648	0.23486932980284606	0.5676062058067832	0.03485493551648631	
0.022966258058162586	0.10696964317496269	0.21683909213274036	0.06064817991482254	0.25172126293896757	
0.230600230195656	0.12227309178664596	0.2587479254787211	0.17792415251836394	0.12533243012060158	
0.0	0.0	0.00406683117744139	0.0	0.0	
0.0881249310542643	0.01275973189406651	0.0	0.2723289524575465	0.5877964769392543	
0.05416484578704541	0.13593685690760912	0.20174279591421004	0.13553841653226467	0.14505045427638738	
0.02642122344706338	0.13245902948661936	0.0946711404647498	0.0548002982794058	0.18126924842480563	
0.06101203116285965	0.26723002355646824	0.03407598099771447	0.08665571806659511	0.0	
0.2046946140614901	0.23512031236846492	0.21287533048983348	0.14075032291030823	0.21600150461835718	
0.22176455014865049	0.3498734165565741	0.12937336663353227	0.1262011404291096	0.23229328838280283	
0.17367384154084123	0.1715472838828106	0.08737240861013934	0.12863782771187007	0.6138028751506899	
0.08651425704563516	0.1693844245468779	0.27134781870528935	0.03278288369435145	0.19480389643697485	
0.5703996173088077	0.0724105658827049	0.4358263543644623	0.2955851104859221	0.14005022264691921	
0.0	0.04343949241798868	0.19915461941794282	0.25779407842766633	0.15086308969305162	
0.0499991950366511	0.2767766619352029	0.14899612569173898	0.23870478645570217	0.2417818319968224	
0.3581400758489891	0.5536289382871166	0.020855810700375378	0.350839986887541	0.0	
0.34214977669918045	0.3014574272959035	0.28894244175803807	0.27987678561816	0.14719340998271738	
0.08757070518528094	0.12656796821350397	0.292015556883419	0.0018797266167412529	0.06650457289606629	
0.0	0.028024746669539267	0.026940539437832728	0.01881283077072495	0.17945669645242604	
0.30147267426257984	0.0	0.10177626642025857	0.15944526778212245	0.18044346849460643	
0.18750738120175148	0.06086056044337911	0.08980449368432962	0.09965042738175922	0.06743331411870594	
0.14828901486380705	0.13809901324316606	0.13756347216256057	0.16570378237858113	0.005369317371596705	
0.32263830980791186	0.0	0.0	0.4478156867413403	0.0	
0.4110304507677957	0.050064705420772584	0.12575952810513114	0.0	0.0054328500991728665	
0.0	0.0	0.0	0.0	0.0	
0.5953622489083353	0.22255984251550012	0.4241168521670573	0.2596680817714846	0.02349576332197408	
0.013052504469192918	0.1324898190831418	0.18217526707458084	0.21716726852083654	0.15095078312329788	
0.16024417162089888	0.022932082692827416	0.12386770423626894	0.03955076081705844	0.03729522850427245	
0.034678220708680194	0.27432978725364693	0.18563621366247898	0.1894125259306615	0.0	
0.21554333728888941	0.04620882416790024	0.20037600724670498	0.17089100648573632	0.12381544753616507	
0.03563325472229861	0.020344243896580395	0.08157034131913111	0.20226160520642017	0.017659872521519782	
0.0	0.04072455653945991	0.43971049713302207	0.3411024579081336	0.3223783911166616	
0.16338590599980654	0.262477476997215	0.06130750872903667	0.26090180188080636	0.07468412976785989	
0.24274919752527357	0.024044285432417063	0.2389260995557135	0.057830774424682416	0.29172629280855167	
0.12902581268676058	0.08526166034616585	0.02908508812732069	0.08935914752803754	0.15887627384683922	
0.11697884446877452	0.15427740735881165	0.2993085012703692	0.058460391607608145	0.22908029214312176	
0.2221605984144036	0.2578588036303757	0.008453181992274376	0.3018659842479028	0.009453704782829668	
0.2812502251315661	0.05301622451519773	0.2170209070617908	0.015165468111204864	0.2636950791028263	
0.166099149068605	0.12398704020120832	0.0016525803484549217	0.0077104141827599535	0.06400158673722824	
0.2658286652438717	0.048784530289140225	0.04138430204073393	0.2903355581608341	0.11123258109037219	
0.2839003103887685	0.25133052519694893	0.08228938749661939	0.20183703211222848	0.22227781284956696	
0.0	0.0	0.0	0.0	0.0	
0.1355066920611249	0.2715804405571865	0.22568131147664316	0.07108367739380395	0.191866675277346	
0.2920163122956606	0.16416272486957906	0.27970617213743576	0.2820285371410372	0.2730596242918605	
0.23811393815329313	0.22846095263102417	0.6151918625661493	0.051587297444672185	0.747916063532836	
0.06641089807348946	0.0673356672013916	0.250022203230273	0.16931253049416456	0.27917517351148197	
0.0	0.4784149621636468	0.08963175204803105	0.3672375082984401	0.46837150124688653	
0.2677512791748619	0.16372564428867414	0.1319959015187563	0.2180729646154283	0.1970000593243165	
0.13535594806376774	0.2715912459291766	0.25778804831708435	0.2771931582634599	0.032991013304902825	
0.0	0.0	0.0	0.0	0.0	
0.20861975295830756	0.1970850826271348	0.12274989708211335	0.2480567589829106	0.15637304026102192	
0.36499139878951087	0.5782061532601709	0.6359895327201815	0.35260014492402014	0.04969598566220457	
0.23815633730484334	0.14181460400266835	0.02015280966937879	0.24908853936169495	0.029472593056818944	
0.2952824542202277	0.29050873744180994	0.1090163622220957	0.08812719014374755	0.008843731006764438	
0.04558702017530541	0.05531765860274604	0.27050685556532067	0.05034304467105585	0.11143690916256314	
0.11573627995044576	0.11852774329030284	0.11361288927534245	0.29128401683309524	0.26492201322217174	
0.288431406948503	0.05896664115879553	0.15864383535065668	0.25421497731842596	0.09394184508999089	
0.5820102726914439	0.16196976816483813	0.39607261766556956	0.0	0.07816611952169306	
0.18926902636258514	0.11715127143547174	0.23119539970051023	0.25521753665616875	0.1468076516265142	
0.07094141223270344	0.26684219219433297	0.14559331516909566	0.03310403112962491	0.22914835342272574	
0.17286926918196016	0.16856385212807073	0.2507316426116096	0.060913627752703946	0.009990698989538329	
0.004931371809038253	0.09403945503121325	0.21530308636898252	0.2505602230635869	0.2833812261683362	
0.11568440307851278	0.034081206695519624	0.020778966639458656	0.08314472808449966	0.18416661123414912	
0.2715441616892823	0.15288858848375178	0.2229752011118708	0.15667973401621216	0.2566294679764338	
0.264350258728203	0.21546421410572017	0.11698984141402718	0.03248526171766634	0.0	
0.08081173348598071	0.11507007062405292	0.04722437279517446	0.12211341562612746	0.20544210293980897	
0.0741248950957031	0.018466401107947172	0.012856775252626441	9.002082163350601E-4	0.049772621917760565	
0.06867982319652789	0.16963567303806848	0.14123940448095387	0.24378402205562877	0.252780964321827	
0.27745952094485365	0.2556976380669739	0.08036667868301753	0.11132498035629299	0.2174727545535703	
0.06163893645881318	0.2932361403247669	0.19873673762244387	0.09210200537873227	0.1718369265942966	
0.14610632018840986	0.07227082173907423	0.13028001574175463	0.14315780910540804	0.19168185145911032	
0.20123072699536257	0.48486527438213006	0.015942919809255336	0.48548415072770756	0.06687643164420772	
0.13256729201910017	0.005157213524482124	0.2705003791472233	0.17464444108067115	0.2377674891418002	
0.27399806513954134	0.2932167576666445	0.24746958872296296	0.008983443428335826	0.011185982854101183	
0.12113494351345797	0.3540344997556871	0.3250255009529839	0.14889519414948593	0.3860727466495568	
0.027680214055372177	0.32273599005215003	0.3824885498489085	0.0	0.07988406351370661	
0.19828894215634849	0.11285210665295	0.13295786489063915	0.028613460822391235	0.20631812952118161	
0.04490621570666709	0.20285821134030274	0.2714479183433966	0.09697580256201586	0.2916093909550896	
0.2739508910211018	0.6450074562296969	0.1916883436783902	0.22699783017865696	0.1271579831595348	
0.0	0.0	0.0	0.0	0.0	
0.1702381128142264	0.12224228177649243	0.24104264939138678	0.24147316379677417	0.0684351390673891	
0.23764485912805217	0.18078320115381066	0.2784030620880056	0.12698936181150763	0.29283735395184585	
0.19922835498976357	0.09679220423940371	0.3066859639750705	0.31673311059825504	0.10235948997711351	
0.2832261312898498	0.0888441923996605	0.04296990341297373	0.14243962549501657	0.23108059281034626	
0.12941991036734743	0.06687962634829019	0.04743860025341033	0.09620461195154228	0.006385984777749598	
0.25855056824327494	0.0	0.019414342238743682	0.12821876310550057	0.23469995604541824	
0.23812019853141098	0.04080627515126542	0.14957795794313766	0.2815866101605613	0.2079354400130041	
0.310277953286727	0.12670134597681418	0.23692243045416983	0.2819520397846851	0.023817613958971987	
0.03178055746245307	0.0847681696798023	0.1653248629287959	0.2286488195587014	0.0721264716396926	
0.11173604965284219	0.2231298006067937	0.25462700093327406	0.09366392545720457	0.023756476241379443	
0.061758199927380464	0.07685888797589324	0.06297388620149998	0.03483831298263019	0.06537693813860475	
0.10717201039039907	0.2975660112439973	0.05699176995927569	0.062426530361016155	0.08668825948718954	
0.13285343372803635	0.13276130588838897	0.261674786873133	0.29410041616433363	0.10798041329561629	
0.22196486905786095	0.2006786129998557	0.056664356621973035	0.07527910327865538	0.12259107195544038	
0.11784908149057229	0.005742589410106243	0.05551358341548009	0.1568094510807778	0.011732688264481306	
0.23484426733192507	0.19118430784068702	0.05923855373850747	0.22572205900191977	0.11496596665061835	
0.21914385763202146	0.7426196317499784	0.22515816756604615	0.44789699093490276	0.5453489671280302	
0.24631042836627365	0.07115012434291632	0.07298709940827289	0.12091656041848352	0.16112108237165318	
0.29323187137812745	0.41275999901818095	0.1714488648281943	0.34081113555198495	0.1232364478326342	
0.27660923750162203	0.07812890661027673	0.2578844103677134	0.0637575831789044	0.24591856362467532	
0.21724781487713626	0.06200197857420138	0.10834307197477684	0.08408747612105204	0.2486372408499818	
0.1998742816076225	0.009220782106142406	0.29208870486713334	0.023224066011666974	0.20854992229335145	
0.3050908258664787	0.06700162615247564	0.0	0.0	0.26175152039775845	
0.06997183430313618	0.10410755864669137	0.0	0.03550569404387846	0.03241246321833671	
0.27421252602462987	0.10577692276191301	0.27502079274676466	0.026626473887245046	0.2610117878335811	
0.21876289559773002	0.0	0.0	0.0	0.280563414834022	
0.3335736887404511	0.09480509330917426	0.1596984440377523	0.20962250799877175	0.01023548050313606	
0.08846144175674382	0.29800303653605187	0.1275727151492608	0.09777206665737445	0.030881646260021312	
0.0	0.0061672459137406335	0.11520393036074522	0.25007328057450495	0.0	
0.12377055919610166	0.1262400759178256	0.29744978354075285	0.07054508299097836	0.11265006044383043	
0.0	0.0	0.0	0.0	0.0	
0.2525924443823404	0.13896273242926355	0.0986415008316048	0.08887345212258863	0.17666227235079573	
0.17387529294341786	0.2981972369230877	0.2440818533805288	0.056168969867495484	0.23796090932878397	
0.29279904036855425	0.2734740427426238	0.04166173780092303	0.10270544391335076	0.26720953585684043	
0.07389000872094603	0.1199904230840119	0.13960132172299203	0.19977411201009995	0.2216010998740251	
0.13621587422682085	0.2484095017774303	0.22818944512251949	0.2964748489651221	0.17790370003738393	
0.2977011183341963	0.16168098018067564	0.28823244715703816	0.003763049632342663	0.11329073313157152	
0.2561788993066511	0.16358687473841524	0.294757508306559	0.18957810871629915	0.2413284589248974	
0.0423367879593419	0.26486280258888356	0.29661834036860935	0.04809348691089387	0.1622872020685466	
0.24070190459271887	0.23328722146763212	0.0447392535367239	0.12675510752482252	0.09522829477554541	
0.08216396843142802	0.2656321025747145	0.18665369046447178	0.15360952486239113	0.23435262993466188	
0.272099222942507	0.21515560345915288	0.2662187859327907	0.1075833940849988	0.02254258050815215	
0.1690988516346487	0.0862108477903077	0.14800597247003705	0.10253608707578057	0.21135404863860285	
0.04591963621477305	0.22465539530094264	0.11990200034830933	0.06276381645846794	0.060545886675515505	
0.059661509701113086	0.22962008379804535	0.27273171149121034	0.21798112585206603	0.15754132609999194	
0.0699381039566819	0.14275424929583957	0.27160329571167446	0.2015362087240733	0.050867141499740136	
0.0	0.0	0.1615885372490859	0.0	0.0	
0.023668892366007405	0.010961131011140542	0.09600438717677805	0.12820240485598822	0.134600697141304	
0.26761131334291693	0.2637442231307345	0.009912049377148516	0.06457143826835063	0.21771938072369934	
0.27704557560117854	0.22972126664136117	0.20774946715874354	0.14086343928076012	0.3190441663282068	
0.2501850577806828	0.20251407807891644	0.05955753000816142	0.2911110767789074	0.2330877763024821	
0.013358345919202015	0.2490229095484322	0.24389017892194093	0.172487386978786	0.19256247084987543	
0.07042993506780244	0.21470411502684128	0.1952814031639536	0.1144363837321097	0.17242487729983622	
0.03585777601257103	0.02344166944003258	0.05245502916699945	0.20099693625849788	0.15978862022275625	
0.11733163896353252	0.24171060265836122	0.190700327424855	0.17939206646805242	0.06710889525347681	
0.14241417109701904	0.28799734971480023	0.2573472258403245	0.055544216685130154	0.2833907060368563	
0.206803837206461	0.17538421509095717	0.04248152625432704	0.019682615795267408	0.018690227486757426	
0.2616085079292502	0.09491511995359805	0.0863003018891526	0.2119190561189909	0.0077302418130870305	
0.0	0.0	0.0	0.03364762779763609	0.0	
0.008753158935170669	0.15917165643350337	0.06791019950021822	0.2281840056141728	0.2080313424665964	
0.016048114303835685	0.23886756666222317	0.22614463620199335	0.007144416308381724	0.08098800686796655	
0.21874011716157699	0.0652062629408235	0.02800103978646761	0.25935721319484845	0.21989313960766085	
0.08546964886625878	0.020341648838136966	0.07336377714943604	0.18834088300432858	0.11084045101888663	
0.18293361957867935	0.2919499430591134	0.012607850493737912	0.1785571114140911	0.018143549293098287	
0.21609141927972628	0.11177477231012097	0.18879435205959413	0.22117032907760512	0.10631415684845834	
0.08391183039995562	0.28230496361498075	0.28200917172115847	0.29435361920128544	0.13690257131779143	
0.2456974300998091	0.2531651938744715	0.12952412384263606	0.24633494690719093	0.003308074394434649	
0.23033737321847408	0.2692089346417025	0.21109894941610413	0.013628924878313015	0.04811979292333469	
0.3020133191897283	0.19406595905813767	0.21735877685694627	0.1814112876400287	0.26204097835111534	
0.0012884503921455472	0.8490119363400058	0.4465624272088118	0.09321969697805457	0.0	
0.30777288843433137	0.30532407959784724	0.18061617964609064	0.014841552722830376	0.26242746106330467	
0.017858133006881924	0.26595117994433964	0.02396850437819675	0.036470134257584816	4.7572448973275686E-4	
0.0	0.0	0.4681382780640887	0.0	0.0	
0.2853002945773381	0.2449951257910089	0.05695415656286995	0.10487567789415143	0.06552948688392096	
0.0	0.06594461832235712	0.049340905721264226	0.0	0.0	
0.07479011905174428	0.2763252255429368	0.13133817097751863	0.17433638380722985	0.15581492718600015	
0.12983126741556092	0.1818923426516531	0.3145123011941145	0.15210952134417396	0.1058435171956787	
0.09039935330277661	0.29486690658748527	0.14729329604398775	0.2066720105880897	0.42590114389605416	
0.12968187251863983	0.03732283217405261	0.21439380895396243	0.09998344439503126	0.27317932616541835	
0.25991937352520145	0.08086158814574755	0.16086240968847124	0.09514747001328097	0.2256722303687402	
0.12252296186994859	0.06754283568942832	0.0	0.04924583951290471	0.3391498878746395	
0.26432519634383467	0.2094467986142506	0.1952796900686665	0.14029995496682285	0.15706869781306293	
0.24764929525001375	0.06617676432181822	0.036995088561293646	0.2291305279244944	0.0	
0.13492697157640526	0.06536855607680148	0.004103759121528051	0.0	0.15638645694164993	
0.052066102283756376	0.0	0.12814926622064388	0.0	0.0	
0.141519754023008	0.37492071374361297	0.10562932578105713	0.2922093871403111	0.0	
0.02168930467356149	0.05386823296839784	0.10098053847352893	0.17353819322868572	0.03414126648019246	
0.03750911614023999	0.21961503659023054	0.14645186658827136	0.18351870807411827	0.10077226902759848	
0.24759094105036442	0.023040940970987585	0.0	0.2174573202284571	0.338258482579175	
0.49736652417611404	0.3473867000897376	0.11948199510222156	0.5293810404967816	0.195067965468708	
0.42656218053419803	0.1855481740247655	0.29799403703030214	0.24005452706316532	0.06993831117536711	
0.015238659310104142	0.2825544709860403	0.04735198773812741	0.16085100293175547	0.19129207746502183	
0.07019193090891224	0.22532499238978684	0.2053311981759553	0.21822971339392586	0.11352227549927968	
0.0	0.21601791254177619	0.49200110167467553	0.12921068566738403	0.1710391718128645	
0.08089801266955	0.014083742814379737	0.0693241409770889	0.0625815249169415	0.14719595194267282	
0.20768296646573295	0.22377568292044578	0.23955460328427516	0.25981136326470583	0.2548315051332576	
0.6138751445855741	0.0	0.0	0.0	0.0	
0.031062681590341992	0.2671801205522083	0.21955122342121558	0.1430313684231878	0.1291816163042006	
0.15668013290644134	0.062311328962873204	0.0771727102247718	0.012560386158538063	0.08110336831967477	
0.13778276286079327	0.25108904317008335	0.2798911733308254	0.2313524041090253	0.2590651941751281	
0.2534644255667033	0.18985225135356731	0.0	0.015081026008176804	0.22905602451010768	
0.17672252792070273	0.25780290125314026	0.10812994238091157	0.040486912590519473	0.17857758953243622	
0.18074688465763955	0.23001241304243344	0.18740436227805918	0.10813584582241917	0.0463967499703074	
0.26420089468292046	0.21662755039364853	0.2735668962898464	0.0	0.008366199695739972	
0.025800572189616414	0.0277760230700275	0.29562785478765424	0.23271056364323656	0.2699715417012216	
0.1705765426680417	0.06715072607800361	0.026526308295364048	0.2223632359711493	0.1361569890774755	
0.14199319842014468	0.005398850796349783	0.11993483445319603	0.13598730766453118	0.10912185680231372	
0.1800964184662203	0.07074110933480221	0.057866291761180695	0.16761152224101883	0.047539924152410304	
0.04986563560022089	0.05635428988714403	0.20252463953202765	0.16198316793428313	0.17471176629233592	
0.11887438834268212	0.05910423034724995	0.09115995097866295	0.2360482321520377	0.24196919382658216	
0.10744497767015254	0.20085161860970424	0.16065497755303315	0.07678557065652232	0.14016741009257216	
0.2547325635218243	0.1049943065444752	0.36289172663186525	0.18691485507223557	0.019547648852424448	
0.12364601469719504	0.26465526409249635	0.11393096744889834	0.28286944090051086	0.3487585417230608	
0.024269666721892708	0.09912676184177702	0.1734228201837525	0.06450661185024811	0.155907239102219	
0.15143455744676357	0.24455696223188175	0.23660727943678467	0.22875509697311952	0.20290740773525026	
0.0	0.0	0.28062164387627925	0.2670937560280192	0.0643577582842288	
0.5326105006538914	0.35319556096113464	0.1865536008789263	0.5736561783713484	0.2122225670356564	
0.25228435366312896	0.1645264599831878	0.15965171140870296	0.21966488050434543	0.2922664582813124	
0.27703022918125114	0.2874856907105021	0.09015524181175531	0.11369553039544039	0.19665921610092998	
0.29776266253756045	0.0707883958614482	0.28190768786994275	0.2866896460933956	0.08844584388705037	
0.05700622875519535	0.23395653312224624	0.14644358576717528	0.044343555781684196	0.290194717758183	
0.2641095298360176	0.010562177281475033	0.1632931928930912	0.14538395399215687	0.17523507047521106	
0.29848773775311344	0.2173972844157607	0.19621048677874864	0.19173238191905953	0.06718610561818093	
0.22376848076160497	0.16601678463078437	0.28026774705050245	0.26467430756956345	0.1673714331581815	
0.21407865368175513	0.21059833908847858	0.11017384000373998	0.11468925344315575	0.25975438222084934	
0.24862256767259688	0.3029481509453136	0.256144090240529	0.10139707804461849	0.27913713054366013	
0.17942919591489154	0.14329722875537074	0.19627804981028066	0.08157227678471306	0.06665645966359944	
0.16779565409573796	0.1932096984087681	0.16642074021976289	0.008909560378518262	0.11895103874077452	
0.22283538769239025	0.0	0.08495654779736964	0.0	0.0	
0.25195572396137006	0.1305246914976485	0.023522788769664345	0.28204967632781225	0.09657336582793977	
0.26472813464711276	0.5275225637335822	0.33291506409863736	0.34686158597206956	0.1652148308260514	
0.08274557542931114	0.19640301000092525	0.2746054101634658	0.06452631422070296	0.009020788417324992	
0.2832777611541293	0.033429137997723825	0.1893370504308407	0.25762127818947883	0.069212134385955	
0.15985130835466183	0.10894111768993442	0.2043131951128467	0.032380558255929205	0.10325652203038214	
0.17051596990729923	0.06272827968994098	0.22936071286827636	0.12112462877818311	0.0	
0.1601877508171772	0.17582904714566416	0.28245596028711983	0.3023257919121511	0.005567240259478522	
0.01635624447066035	0.08881033477208469	0.027603365564519762	0.1837737449438812	0.260283329600946	
0.30205187186293375	0.0303616119587112	0.18207707719791835	0.1029379529439375	0.05244240190958011	
0.010384678447145577	0.7240346003715609	0.402063938834663	0.2385696513638642	0.13923892799923623	
0.2003295094267382	0.14843575241260265	0.08549982920398648	0.0949371058067723	0.08714823156331714	
0.027540062869425286	0.6033971064937007	0.5816426641623235	0.2296895682048861	0.2490557205258673	
0.29955313836545827	0.296042054252138	0.04639715833918029	0.13713306134410666	0.14847240006869644	
0.043013217096463746	0.10974842224207579	0.3132558164730999	0.1908903732392929	0.08580339175178087	
0.0	0.10392709514524592	0.13910753515440366	0.09545317798352847	0.08999652191946142	
0.3023093453905917	0.2582988768718994	0.19530595551886307	0.01248495768778881	0.0790848036291562	
0.0	0.6930038968018737	0.2570536647662247	0.0	0.5041309012013933	
0.04143333337119223	0.11090862567962091	0.30064345806197723	0.15897475165394842	0.03353323999498808	
0.50430865638239	0.11709096536457352	0.025374989760573403	0.26360842570837745	0.21565836667519292	
0.03592091760164803	0.20313050440885266	0.20748674458975455	0.2655136163670476	0.07134514846939735	
0.23690940294087487	0.2070457652567537	0.2789522179884711	0.23444675684686941	0.22201762876467152	
0.27122695068354685	0.24419093703783867	0.06900382065687256	0.26807079282377266	0.22346312123862677	
0.29463170516261106	0.33486598923674454	0.5021519869301585	0.2974669022104822	0.16720835934368125	
0.2593721510062831	0.05542389255496636	0.2519291498998522	0.09784231425779975	0.27755553291102736	
0.03519421707452485	0.19673448345665492	0.0	0.27768923294871395	0.08479813082007434	
0.20600735454338637	0.0418252622884569	0.1896154958577067	0.11518219122629295	0.16588314655338313	
0.0	0.0	0.20778697385456146	0.0	0.0	
0.27879694476757816	0.22278525003027516	0.0	0.22583923175712647	0.278460507392959	
0.23224428745172146	0.16073680539818175	0.1291427123026309	0.0013250518211728817	0.03655752736352812	
0.36805899891573485	0.23566181249765844	0.11626968458069903	0.5344187845505554	0.12391134508653197	
0.3227199933172981	0.20726546836470058	0.1291913981215221	0.15413367067635048	0.17362068146399548	
0.060238391572371944	0.025419275185671393	0.10411418512673114	0.16428272149967826	0.00770511502689431	
0.10728698318145855	0.0	0.0014985908327943488	0.15986468032288853	0.0	
0.11057629831935534	0.21089558647809778	0.10866856605580577	0.26763802120091773	0.2045390326386792	
0.2595824384242204	0.01155173698773913	0.06067072866016048	0.021049575016359345	0.14529685252076233	
0.22274523787668332	0.07106772530217567	0.03149392752018902	0.13223666290130778	0.14459560656433595	
0.023788045378842364	0.1996199561472071	0.020087656682357662	0.006184040551841483	0.15054061379878755	
0.07605152248360349	0.012751178391943802	0.21490190188333444	0.12615936765742497	0.0799345515735282	
0.12557511522871842	0.17405451626033425	0.1985715391476729	0.2993457549577342	0.28989774953621983	
0.13405662444934524	0.2900869946989358	0.02346104975320583	0.09830186508343777	0.13326892193586273	
0.19899599728358952	0.23802379184059533	0.0461916861519503	0.23151549312359423	0.12417960093897576	
0.0	0.14347591104253965	0.0	0.1943843397258545	0.0	
0.13773941131662748	0.20720370571245006	0.27527019200930125	0.1882312297754744	0.22337370947263754	
0.0	0.013611361443181527	0.15430352395487915	0.20950932076590326	0.0	
0.3914391069362646	0.1782506734768164	0.31079652041724026	0.5288612249092185	0.30751619202020997	
0.08887647482811875	0.002533273191555926	0.0011448002018784817	0.21090452268433527	0.051555716904903126	
0.15181315191908096	0.006229446734913813	0.09670860397904443	0.27555944390452797	0.15394486896709922	
0.2878693281432536	0.04885732867628608	0.20060566169002625	0.006014788054666795	0.023817975187011252	
0.2870257268335002	0.08224274354817065	0.15296117977398752	0.20995601300784167	0.22012654966845088	
0.1906571661121975	0.0739809924266611	0.21838135867720176	0.018912671153934642	0.033764204371993435	
0.06969346023884529	0.12745068238937096	0.1376003742806775	0.2938892575907989	0.15948814105048273	
0.014640295812626162	0.2101803989470758	0.28565494555080745	0.09158917395943315	0.19109705823378428	
0.14735645298011563	0.2590445549660449	0.2857111403302724	0.09881948796279441	0.039070236616873186	
0.37198542768557197	0.0760094290445019	0.20368335212757382	0.6466042900839001	0.2777484465671915	
0.08321231212729209	0.07131639069643032	0.10130760758488304	0.23334487055348882	0.28481428806911213	
0.17557305426532474	0.21758991924018828	0.1261407053668534	0.13017512475351353	0.08732925996122022	
0.005693012461914672	0.11472776830120417	0.06399008768320837	0.010413150358490988	0.10657737119042603	
0.22791844226484242	0.08196701087508569	0.003242466435091131	0.14344101296196715	0.17394490627989062	
0.13166810287050557	0.08276028342837821	0.08120383522465958	0.09631280575973974	0.14718978210575207	
0.0023294283633840864	0.15589726778072066	0.0914221554001435	0.21792715497450646	0.2605960254027361	
0.16809496603084353	0.2618471019821245	0.09392423485444822	0.2213783011293222	0.22964288102099947	
0.15334818661701619	0.03389252102999599	0.0846901642653146	0.06714473949686063	0.2496974838044717	
0.3081857108203713	0.02581173157445779	0.2812077592736119	0.25373348284433844	0.03756830233549049	
0.02393435979685213	0.1148177746757739	0.16233066097560614	0.2969955760240958	0.2679125055571765	
0.19564987695471042	0.06274853167895497	0.1982973705565794	0.29520130898279834	0.16037421626070367	
0.2883706613586248	0.1816691693432786	0.09003058279666251	0.20130227469499412	0.13410848778535506	
0.17036067842141864	0.2696958120602506	0.27890618207180295	0.051114899727269694	0.19546179333097696	
0.0	0.29379175693287557	0.1910082711134638	0.23728649083354394	0.023489856774354636	
0.19196217557233733	0.0032405144897476846	0.1776216985668533	0.06423449592674452	0.20455070967180378	
0.27258043946247185	0.20511568670243366	0.206658345156873	0.12010538225946055	0.021883780997158812	
0.038529423103070955	0.04796341499913238	0.11288292793953768	0.18518769184747683	0.06982362568874059	
0.16095368051296183	0.2580560465976108	0.12340770745402571	0.18172377976582832	0.29529929816373107	
0.006498691800374343	0.02700581048111601	0.244301880196662	0.20707552070559057	0.011862659387952196	
0.09412695070821074	0.08885678595328703	0.10403917633085007	0.24268019127960672	0.03858027773077045	
0.031369173383857474	0.04475648419906304	0.028969351200207695	0.01532110093518377	0.0	
0.2606980613553792	0.2930301280732907	0.046576536114575885	0.19181178848776353	0.2190337420862979	
0.39870261009528796	0.5499283433023414	0.4189121483106673	0.3890276833140589	0.27323877914048217	
0.17984887107442674	0.0034216369528426906	0.0392464451786212	0.011875487432550747	0.0118261588184969	
0.4269268706831761	0.5881048275711351	0.2435088321844973	0.5243914864799187	0.37433031888183166	
0.2092094208058593	0.0846105538008373	0.03942136187912898	0.21491136692511686	0.22253605647568453	
0.08545668028498832	0.22179053743858576	0.05419609666511812	0.14139162186918097	0.2999530890975624	
0.06381107141947516	0.0024174392378164267	0.19161625201556287	0.013310280101507387	0.01137839685622915	
0.20754503133982669	0.18274038903977047	0.21192655423405535	0.06771131065910854	0.14267865763917179	
0.29412044165854395	0.16742439611129284	0.2611251610391235	0.2941019872214084	0.13141533025887078	
0.2685313172754523	0.12414072820589117	0.012844917036745609	0.18193436509151495	0.2987207959640852	
0.1569322631889472	0.1641273351883033	0.28816224309679567	0.2570034104690486	0.26080415710132465	
0.20568825615901898	0.2851888511259992	0.0172593711952724	0.0026479995779679372	0.2383658112571463	
0.23276022705317534	0.08404723269051728	0.10702677771379279	0.204237421690355	0.11181334475081389	
0.15802776339115093	0.09689786831321572	0.25085737777766187	0.2864145124789156	0.27509378599746304	
0.07300540454191613	0.23495309203291886	0.19683094029868808	0.1891851834213873	0.03349030683088704	
0.2566187609909611	0.09114942649849703	0.12864631152448852	0.19316210173881113	0.23582085208917425	
0.043651540462992945	0.028429719063189477	0.2607250246059811	0.030408405018763775	0.16205974275403134	
0.030413464427622702	0.29499183570156307	0.13707726231296147	0.4448288006750895	0.23479913875765246	
0.3079707435630474	0.23792754882106862	0.25952668701932197	0.06120293818987169	0.0785505993136368	
0.05926458460298298	0.2631818365191334	0.2803306962011507	0.18284639173735223	0.146176875170517	
0.0	0.28301647557369364	0.0	0.0	0.12173454095406128	
0.22020039254048324	0.19022392185692774	0.3140411822718757	0.1773975853580206	0.0	
0.19013268208814554	0.12376616829926415	0.029399040216705245	0.14404787188286564	0.14676608665025284	
0.2122433781208199	0.21205503584006669	0.2187956713880393	0.16714404400314842	0.24424698776359538	
0.23889368698531036	0.17670149358871054	0.16367495934137807	0.012485269894961262	0.24959871297106834	
0.15609636915620206	0.22081476959721433	0.16260797589978573	0.17280353139389573	0.10683070900012775	
0.2776924123052794	0.21371673867016314	0.12927548920064771	0.005617210372641369	0.19623470390866582	
0.28292030870035967	0.2534901443097111	0.26661883971367417	0.1454685040429496	0.1564304906820099	
0.25854793774397955	0.23466526653534042	0.11521484483943559	0.22500008385562656	0.007564705756233121	
0.20587226803606754	0.031438896134238566	0.1110158069553362	0.2432166083764882	0.18673095042574375	
0.12618087128014419	0.1676324636244716	0.29462677738238074	0.0	0.1232269134394264	
0.20166345767115168	0.2038934873034983	0.24887203458668666	0.02278944448638619	0.21495564233882444	
0.25515341187969964	0.11350521301525017	0.014125060818887229	0.1576340662416728	0.17531394674898496	
0.3009243241456326	0.21260718534483336	0.22880176785581954	0.2824710377794551	0.17252610925913237	
0.30064959203199615	0.2991205733015071	0.23876734437957262	0.24244646041139703	0.20720693905998064	
0.014988970758803377	0.22058532467227632	0.2391436807901319	0.30506972435427787	0.02297572549072677	
0.02774870785504147	0.09780983214814527	0.23622863653346013	0.019186687777083548	0.05562869380293326	
0.257065610535411	0.19415588544495507	0.23454591907393166	0.22931202633662165	0.17883715648319948	
2.3128164753231758E-5	0.044333641032404426	0.010570655313760448	0.04784163184313468	0.0	
0.048431709924249944	0.0	0.06777518051169629	0.062475919796390715	0.12887979708685662	
0.20328543240056315	3.7467585585768576E-4	0.2680788841066	0.19854671573613805	0.13068259128206847	
0.18158985074387446	0.6755787862663778	0.349090406268699	0.16414127864256103	0.13478842871167968	
0.24424419286098709	0.0	0.265402695436831	0.11281361207509916	0.19390526145364242	
0.017478330374818923	0.07890989559971869	0.17506199139421563	0.09117073991825442	0.2846782176560926	
0.14018332752610152	0.09254636649403622	0.09619864496077955	0.23555031661943027	0.07951909102739044	
0.08358640026720496	0.07384890418162636	0.05846988452432402	0.07658876340827558	0.27950340400594353	
0.26651457954919716	0.17676625283155117	0.23585589228857745	0.280395413936125	0.203036795326633	
0.4087331344428052	0.04697608419750505	0.19894472080695755	0.3929770365970148	0.09878651082578102	
0.07184187026400952	0.0913250676744605	0.17181948343845171	0.27263590890721356	0.25872231858153216	
0.185106450355359	0.05470525717634453	0.04316668996432501	1.3863432333774369E-5	0.26237470664914286	
0.2680494227452813	0.16591374673985465	0.02753788495388653	0.26184909640676346	0.28454852128013824	
0.2801806139789378	0.0659108844906467	0.2567651014431457	0.0832862599283917	0.3206987098620955	
0.1057460232893732	0.027649776915623064	0.21665017451339363	0.276252660566565	0.02378116752969752	
1.0594443544028544	0.8538282352260979	0.4028209777782315	0.5440270432294144	0.34118164418197244	
0.17444736534440447	0.21688237011148412	0.244233839820989	0.16843079302333114	0.09808282768409679	
0.2759214452203269	0.18122336303144781	0.19659909733221229	0.13484966822489353	0.28106333359792396	
0.013192645948177461	0.15158177331468542	0.21957194808262226	0.2293003733647826	0.07704912597261633	
0.020750062814089594	0.023533906853532	0.2691980564559328	0.037391117626617586	0.0	
0.13990353055057458	0.39278493095560923	0.34116885950539927	1.243020753889848	0.3497324248476535	
0.10095325038223532	0.18951817786791034	0.08258023240361839	0.044881698110495354	0.21989853989038563	
0.18606365973634445	0.2911220303215828	0.23714125588881643	0.22326223646440504	0.1598085612905206	
0.23978947689978755	0.11573612674981734	0.10437951200568486	0.2498230432475709	0.2506978686557277	
0.25679872576540386	0.07527842939263685	0.020886053810072653	0.22756875436716983	0.12730001645049574	
0.005463763656507012	0.10134748171100812	0.18796799784955728	0.062451287781813566	0.028697780472671987	
0.06505798190758225	0.09979780859748333	0.24415675056209876	0.17046046134744372	0.11430796354272012	
0.02555960462243729	0.13975911647782263	0.10348352691034358	0.20979821236490315	0.03504319495874152	
0.0	0.06345546797026824	0.05558796957484849	0.14696969423923825	0.0	
0.008522495376446653	0.009854553719615576	0.14523511972887362	0.03491736489128963	0.009960290793043437	
0.3036417356265406	0.08461852301998338	0.20517586677353228	0.11657774720850615	0.0	
0.29660747173204793	0.0366573379052925	0.22966035448380545	0.09612321527804644	0.30295239471540436	
0.2703436730454174	0.12022743240563469	0.23421527267057143	0.27518942176977434	0.274820843103273	
0.19138913165418764	0.05446262208172363	0.2850501785845714	0.09540881385177906	0.16269639608941613	
0.18122787815394562	0.17682035896068848	0.14039830971277664	0.022375287569106818	0.28085385553279235	
0.060822373321595104	0.1536009650371621	0.18892801056128583	0.060115103869785205	0.04201765452804516	
0.04788450168191264	0.21788893549127517	0.29148548428823395	0.07518697787876238	0.03209336982267086	
0.1454735868775263	0.25879564036069974	0.17717900674095885	0.04896808925086981	0.11336702844458238	
0.29314128684153995	0.0	0.02430008414418711	0.14296114536123275	0.23107831578569504	
0.20064820691700683	0.004419513346471735	0.2691037099721647	0.2273783365196246	0.16372258562549122	
0.08779572741979337	0.08286909577640607	0.06687747616102854	0.01679196487106387	0.191243968026686	
0.2935490218789683	0.25521939606521954	0.24134298468157042	0.018804475905946496	0.019014003386285276	
0.32218798505197055	0.06252878122735771	0.0849496017468944	0.2548263003953228	0.04374486442225535	
0.1860503509056681	0.11643911301395536	0.07312629797598934	0.14541220276962813	7.755299563325403E-4	
0.0746661072517344	0.1256129449193586	0.11352186434491018	0.0882618170234842	0.2587197281602121	
0.19532994328261974	0.19613861053036266	0.11955139493963651	0.15149688435046954	0.2190868512588084	
0.28548239996023705	0.17778339599321047	0.121190235607077	0.12025870422722382	0.07779543224045474	
0.054962957641554205	0.14528160681183516	0.056610923339754524	0.266065003834613	0.11879692664533706	
0.2253673915304834	0.2774701526544102	0.28418837980216766	0.02912223393431715	0.1276725054452002	
0.021058117996375466	0.0027806790737120394	0.20009966013627736	0.1392214350057091	0.0350722456564724	
0.6708995939544871	0.10530396877515075	0.08128502951439727	0.0	0.0	
0.2587501160432631	0.06363742019857191	0.32224134139912725	0.23973071608455845	0.07981901217856605	
0.036816620944266853	0.06551974570781247	0.18004497848140505	0.10683305202178614	0.15673798357787888	
0.1738523176240194	0.07466183213699314	0.10097483566395898	0.18169223160460762	0.21995186765727145	
0.05826422834742567	0.2677039388210908	0.21161879814489923	0.16597285115117183	0.057081413805356966	
0.06061831751235942	0.291145446063744	0.19545176560413952	0.28597235241590835	0.0	
0.05334395419052887	0.306590157046861	0.08726584621482616	0.07192282657925923	0.09986887932959661	
0.0	0.0	0.0	0.0	0.0	
0.1700507765018717	9.377816269208444E-4	0.0464472508526741	0.0012092175836141304	0.1508536278028076	
0.2571909299327445	0.028177227983589	0.08868596963690462	0.07989565938542004	0.12708277016933808	
0.2473190410264828	0.20803140838992787	0.13538731757619799	0.15462779290138848	0.20622781173108184	
0.2623853497815108	0.03714065586545554	0.04381644611923858	0.11056219573387582	0.0032074353056619565	
0.021346236198678554	0.09143286108289056	0.13196111782639203	0.1598701790680996	0.09130217523437147	
0.004861521740777285	0.0269911775429171	0.15341268576927802	0.0	0.22279860647880553	
0.3026820391787074	0.19024742637143463	0.013079940910608502	0.14271373726653971	0.07255926466815721	
0.261637112346595	0.03704179219519212	0.07435887483932563	0.09724317791223569	0.262122771247719	
0.17503499081414506	0.2423881488448179	0.001584680882555106	0.2836242822730367	0.013441191703014579	
0.10018940011702619	0.10797805879719218	0.2835220038431208	0.1189924136111071	0.25241447614597895	
0.20000037180502778	0.2049380427237701	0.14278289318799284	0.03015603633565369	0.30178355414753943	
0.041443563644275386	0.06178807469295023	0.20095901965541305	0.2989293744707508	0.10900373807682635	
0.1273793985565022	0.09780206706188857	0.17136857706488698	0.11997918424291841	0.02732722241937614	
0.053607193867156754	0.14423817173803824	0.08649589300243993	0.19738395196534944	0.23331845018368644	
0.043473707934717706	0.27787272352285985	0.22552568723046312	0.1757116488579859	0.023096068116555797	
0.03895725007810141	0.07259864361697888	0.03950985038571374	0.04853066999951493	0.2984906979285986	
0.12880086770899393	0.05341339783642616	0.2872130559003288	0.00960895425702102	0.18090169832983125	
0.143997651705987	0.12737836639276834	0.08966346202758436	0.1630034855424845	0.218880261334512	
0.16957375361751695	0.2883858373911982	0.2881831607698045	0.05812397770012357	0.04434111839334224	
0.29638385922225885	0.1820791427301059	0.19356850771333067	0.14986982633053111	0.3023946725484109	
0.3930799692318081	0.07794260474130618	0.0	0.19726216915249933	0.30704439770087977	
0.012577332245850201	0.10533057314870793	0.20806395573811132	0.25632404444332485	0.10250163107071285	
0.14163536596979473	0.13477992138312378	0.05198594629522228	0.17485899255943677	0.07319269924528464	
0.21354034044909245	0.20152601307357665	0.2729415712929066	0.10938097415536817	0.21452303856023416	
0.08667232550354313	0.18190639787285903	0.07630525438352709	0.1842167673744448	0.2761625652235495	
0.11328977481819492	0.0737107954715683	0.0793605951117826	0.17169344698666672	0.0	
0.25622365539767217	0.2912300756784869	0.2390187009003491	0.1053482948116098	0.10208814010594516	
0.19016171329066364	0.2713538007584313	0.1473236426328579	0.29117286160881367	0.07104540595915206	
0.2832236963878488	0.10427413607434402	0.20966520087187776	0.15556398192235346	0.06924074746192617	
0.11978680984841562	0.2592458325081328	0.20853744206310415	0.08943034883591629	0.1581652404229795	
0.02892382844868123	0.16131768717781056	0.038641425345086446	0.2597981504276045	0.09536425577764715	
0.07042774571928374	0.03543455233559705	0.12836761399291696	0.1680625357889777	0.007484784440431914	
0.13758582923867868	0.17333098527800764	0.0018931214928849215	0.09506212244948553	0.1191239494086233	
0.11737504014648277	0.25039646519367176	0.0762592404509975	0.2666936703450264	0.04770035739687741	
0.2189889340583614	0.08641612798844542	0.28726300848959196	0.2926033023549338	0.0062460430747516785	
0.21989896071015935	0.0660497595722482	0.1286709100444096	0.13722927169729077	0.027589356060138175	
0.23898821247308027	0.004397816732993472	0.09562102884906129	0.02797788369076542	0.2335035807369796	
0.05056031040398524	0.2451932400638557	0.2924348879154766	0.0377230923600765	0.11006607859142636	
0.12712567389815327	0.001355458530569303	0.27174995270260016	0.020450539604949258	0.0	
0.16524168478459014	0.11072997467043967	0.14202410668913132	0.12973451034170058	0.23632346450033626	
0.15814340093190546	0.15401896254806435	0.03689319409496165	0.03454114259530799	0.2793657784396914	
0.09705401825024582	0.08500674375028139	0.23252112357287993	0.07225636741681628	0.2787998554476504	
0.22420571658616853	0.09890743016020255	0.026707724373870548	0.1163156056226063	0.14202916205510557	
0.062126732141904666	0.2817288802493197	0.11057975403972028	0.21377079345223512	0.008221322028012677	
0.25958746115256714	0.13772198987058404	0.052470413815909875	0.1950577006993018	0.0	
0.2962551745030527	0.0019409123134478733	0.037687404342415604	0.2418897804299844	0.26705497215938984	
0.014108500461006267	0.25429960254120976	0.18301622912123103	0.19193865419800363	0.211795615832516	
0.22909860108750946	0.03735882374077702	0.23172625390646057	0.2350870944905741	0.27815735363770583	
0.2558390336447309	0.05439238600110986	0.11282368079066499	0.28941288433376605	0.05095316306370667	
0.20845576008796354	0.11427956622057052	0.2546421375075358	0.016788272366260498	0.140608204277246	
0.13861471238743545	0.0990557507496639	0.07183556182246979	0.005067853667968742	0.0	
0.13372542456247852	0.21405064243521754	0.07618818617258613	0.12576987196929995	0.0324917322199347	
0.27804811690531966	0.08498122738325455	0.062173983186070585	0.2705883439322676	0.1747435161293477	
0.03330513509620255	0.12410042697028414	0.17838220192197446	0.24133319621285856	0.0693022142540594	
0.24166213510030035	0.05959853772867959	0.2864970606827669	0.2153312665853701	0.277967729236931	
0.08834712272637736	0.28354459107374785	0.23647500796260132	0.18050798163366913	0.2942057334506234	
0.1069228103438001	0.11216653039545435	0.13605170278311554	0.10170813209703691	0.14807714846113915	
0.03670940841598084	0.27238329360115926	0.18496683760374066	0.19120183483146938	0.0868108513981046	
0.2750696192532416	0.19838883964528925	0.18462033985516793	0.1081980452569133	0.02068269018995213	
0.22108652916815796	0.04952880689704348	0.32236971033058187	0.07572147091424926	0.14891853769243268	
0.04562313768557351	0.22228948659598924	0.01997352607009124	0.057486461236362855	0.1121707645153913	
0.17120155725880157	0.1275300990769552	0.07602917752290024	0.04900118742020503	0.23767610542440262	
0.20576367211294574	0.13978432421915146	0.29915060278988864	0.28856559721184943	0.1799089022937755	
0.03902456767095449	0.25324912842316966	0.27539798233947127	0.08824272810467006	0.25582437011955783	
0.2418690039701847	0.015329959637976174	0.014084358077154295	0.2244548349478435	0.05996236709708571	
0.10457696370279522	0.1990670539878234	0.2956595848574365	0.2054369198389534	0.24150631349771798	
0.22101345810951592	0.1428046604091553	0.2435329526725157	0.019847627013794826	0.21218163651360658	
0.2614129912122409	0.06814825322831006	0.10726672573556233	0.22119654968640914	0.0033222061569443137	
0.06883771883766009	0.26179615130119743	0.1674645313918705	0.2758430021100005	0.11472400630336856	
0.16447369939360237	0.15837856230005973	0.15995070608072826	0.0	0.22090430570951822	
0.047575217067246364	0.05428303738728049	0.05216407718381936	0.18146859947472138	0.014462613014535443	
0.11075526448660131	0.12642463178899763	0.030109772792190605	0.11542433182414062	0.2561928318278049	
0.24714608595570794	0.15949250883227625	0.0455103625364034	0.1279835393656626	0.0663693868148646	
0.29593419818105227	0.024368815278033567	0.234148462092786	0.2538919642426623	0.12149930723787555	
0.1674496762184962	0.13448400487435516	0.08703329219774346	0.10727935198797312	0.005365548826051063	
0.005996338355546523	0.19595316431606682	0.1351417523442372	0.28967603552393184	0.00931946334790749	
0.13730119815287323	0.038701849125869124	0.18216939875198898	0.19701236747451015	0.20244352604894697	
0.10995720352732483	0.20750774122721452	0.24481636116181243	0.19161073313762703	0.08303765410559472	
0.24222671610555255	0.2533591139335389	0.1810094598373229	0.25796829066730576	0.04469101230751256	
0.2624982387507686	0.17515353500248348	0.07215447945275821	0.09032533961362677	0.1649607106196935	
0.2514036176737368	0.2255927982352068	0.10672003536371963	0.11157536411878663	0.1587526459386444	
0.01638747543248625	0.27937253412010943	0.005001052863758763	0.04219433792817771	0.2576711823979502	
0.07740209053580986	0.28229470930090605	0.15615493999929744	0.19601442010180858	0.09206641820990805	
0.1017497162391474	0.13363716486833696	0.28009174215063837	0.08251963551539862	0.06063197095229618	
0.10156383682007494	0.2357945399350864	0.17316666361487273	0.21184012192549112	0.3087434562059409	
0.008108308185519119	0.0022041049127931394	0.1164252335536297	0.10585245951865611	0.05363790086762168	
0.208395809136332	0.13407670002726882	0.1109695964373363	0.008846287151490825	0.2951454415037243	
0.12449582914818234	0.27683874113500423	0.283034818633727	0.25918526574948214	0.11195669778050055	
0.11102598749199537	0.2745298234566602	0.18320789845102323	0.1877115885739975	0.1988527794862337	
0.08558806925975518	0.12886084731232092	0.17335809784202197	0.05670392493746022	0.09649186829726053	
0.17506192450001037	0.1128590660366638	0.2690079366492744	0.14640006604941447	0.24661128410085284	
0.11313646021065304	0.2689535573670939	0.0079315263042777	0.3054825056953611	0.09988249448886821	
0.12308890580844369	0.18579737510134667	0.19493336505757788	0.0677666030123297	0.2808814443805558	
0.3062634118796358	0.2748585880871428	0.27628943762536984	0.294905044374105	0.24106549233669633	
0.28283938893320015	0.23177135235958146	0.04985420570520622	0.052365572364254646	0.25361313316633716	
0.301949847391515	0.24461480194286225	0.13705173898805695	0.10218770386856717	0.22671052220728605	
0.29087469073107486	0.2675805607581524	0.0687900657096017	0.27803927852751276	0.1401063709681176	
0.0824114429393805	0.14394030888648665	0.036943092491666274	0.11450031776088235	0.04228370535174353	
0.14205920542055128	0.03746888357442764	0.08095645294786194	0.009511960773938682	0.18205358930036922	
0.1898647654373185	0.244526947262752	0.2419311175930084	0.1273100087061809	0.30081418808581384	
0.2544088127179064	0.17796606441979307	0.054194947177609504	0.0904987841509954	0.024359949601564825	
0.06039552695945885	0.035330200932130885	0.14204700464954356	0.032609586555190015	0.04864114319592647	
0.29753559741273006	0.23594027451071647	0.0	0.2962868788934006	0.26130778578420605	
0.13011261104130784	0.10754909776871414	0.020518294584651743	0.02779497422579345	0.25664587940805345	
0.08477445715148851	0.1774825217518944	0.2191086730481463	0.10817986226470613	0.004335682435891119	
0.30195009266584877	0.16559602353812455	0.07851728312492216	0.18034440123235615	0.008592646400247279	
0.1569791541284796	0.05755211503280278	0.24005872528512218	0.13518374496476346	0.1589197393711676	
0.026358530516417004	0.29249978207028465	0.07345593254168412	0.14069926914055977	0.17100417576861823	
0.2569291095976943	0.12171735997553165	0.05097521211952698	0.14056554529160645	0.04588842724826663	
0.21322280740801233	0.032577909990026285	0.07796114196137391	0.11776670563651458	0.15216477412828336	
0.0032580965699838243	0.213344266800936	0.008445187176000452	0.13035051802301448	0.1325288330575504	
0.0659963825329273	0.2808312995474881	0.25462998557832056	0.10756630074724292	0.2501851136294739	
0.051136930796769044	0.23117550944461143	0.059647449641012415	0.015646599558839996	0.21354485226198927	
0.16235797123547768	0.2543313638331338	0.2835712802169748	0.25151261255671037	0.227064557987142	
0.19205894972635454	0.20749376603557818	0.16388062480896412	0.22719924101814826	0.10710537734750077	
0.11691511222640819	0.024491603927628627	0.06848524206649101	0.10487304955706447	0.04746410702137318	
0.21870810896635923	0.14078925942985668	0.09019704885351967	0.004300621564989657	0.12969128814913353	
0.18435344634702694	0.0	0.1767112543906418	0.28116456989886446	0.040352503241397546	
0.2363781544410279	0.1813868145113317	0.14716193371622624	0.1855342695668605	0.08374035750973458	
0.020547832579819396	0.2938624485474246	0.24331484024351543	0.11030258271666245	0.047191375897640046	
0.07781174622208036	0.09254970918053353	0.1062968213269597	0.04086878039483487	0.12075431656477979	
0.10424713146157717	0.1645533129478746	0.28303744695250205	0.04413579993555305	0.06291576167332923	
0.0547506857642842	0.13171352092517002	0.24331642132086087	0.049633506029987215	0.14347390204303406	
0.09828766351358338	0.038533173414943174	0.30157995634811774	0.2029307880098156	0.110230098441508	
0.04841934297844466	0.1239013769392087	0.10813948876161876	0.2621266539164103	0.07809497181989243	
0.19438967672511082	0.002813842353518407	0.29031899792907245	0.18384944981994547	3.373132504893249E-4	
0.10065510279832575	0.003938059403304535	0.1166804425306513	0.17123794919424787	0.21940380242598143	
0.086992191681473	0.018269786067812925	0.2931596331963159	0.1382839022860137	0.17014515316358655	
0.07706886761191718	0.13634560388674946	0.20062782144413485	0.05962774708502364	0.16788245507255112	
0.10608071340792005	0.0572261941876451	0.21518900534848043	0.03796371470810815	0.10068711871782501	
0.3000738867931736	0.26223034051306576	0.29473735799926165	0.16333006210156029	0.2667544500050381	
0.0434158772442813	0.05298466995750892	0.27399182258443694	0.09949907075435037	0.29416349921180884	
0.18819520518710214	0.03421356740668993	0.2743525059578322	0.035767192712884525	0.2731473138363195	
0.2793143534264587	0.2362871687560995	0.05124345929278352	0.14007689166785775	0.133354019244166	
