0.10050367469446635	0.044474135860522075	0.1801376855894091	0.14628344861406198	0.03696173870274322	
0.21665026494179954	0.20363775140937956	0.4281270655379369	0.06295156022387322	0.40972875366835454	
0.0	0.0	0.0	0.0	0.0	
0.3374274040854364	0.1045007883178782	0.18620089998987907	0.49965118688713667	0.3413460761053236	
0.0	0.0	0.0	0.0	0.0	
0.0	0.0	0.0	0.0	0.0	
1.3478145515408948	1.4208491119544338	0.45783773312942777	1.1459813301833386	0.18218315620828868	
0.8698960906926675	0.5413984005525069	0.0	0.9065203609243635	0.11557394208908801	
0.1929285452218881	0.3394608583268831	0.31701800123325646	0.8809623852483283	0.6571573640378185	
0.5449632298856839	0.31552260508211205	0.0	0.4807383967091084	0.4803553465086536	
1.5201887114761432	0.1843770885723409	0.9281865357222431	0.7077313579131855	0.9749443234525107	
0.24207480417361868	0.9902950001833186	0.5331283572812879	0.107360359546437	1.3557370303850311	
1.0010667934645197	0.3777224931498438	0.232124070275891	0.08417629991275118	0.9347552264938112	
0.0	0.0	0.0	0.0	0.0	
0.0	0.0	0.0	0.0	0.0	
0.8247662916001433	0.4554515840082028	0.5420906422448631	0.543694739826763	0.4840183864039637	
3.524654759953034	1.8267366074120095	0.8728781382117681	0.5099856537408697	0.6610589466663886	
0.0	0.03344633280274701	0.27544598825018224	0.7324107967798454	1.0237152658780064	
0.001775806129602691	0.23848508909003102	0.7124752843341653	2.226439706834209E-5	1.1143120580729549	
0.0	0.0	0.0	0.0	0.0	
0.0	0.0	0.0	0.0	0.0	
0.4980082462821334	1.1161829977531232	1.7815688450032638	0.1429809463445658	1.3957801386625663	
0.22996401327734486	0.7062540782507412	0.0	0.09792532240721234	0.3278856664256555	
0.2636274212590577	0.3011609180082289	1.0222414447164967	0.0932624666336356	1.2805196271005006	
0.42357824771484737	0.035562647519205286	1.1063942116222634	0.0857133462040711	0.5715173405552562	
0.5013124939039203	0.45257481683216083	0.9070889414438402	0.39027628462842145	1.0338785996103224	
0.10635945503231746	0.5552569013551272	2.081298579736842	0.0	1.9536785184244627	
0.029431020869300436	0.12263137211617114	0.5942301127999046	0.2577957614914345	0.9590911495280138	
0.6430307371438868	0.4335595211443584	0.32584102271497317	0.30489884972078424	0.5708975435344317	
0.36285590718162675	0.0	0.42071489409730495	0.2526534925071183	0.6761570780897925	
0.0	0.0	0.0	0.0	0.0	
0.6075229534339699	0.0	0.31287049974244896	0.3227372657107497	0.8177655648645509	
0.3574883998315386	0.0862355640327312	0.8538994277246748	0.3450805436574112	1.1441941463336995	
0.24799926328174024	0.15455796938799937	0.4868459364615131	0.23992555589011513	1.1007293085671843	
0.0	0.0	0.0	0.0	0.0	
0.0	0.5270520540270175	0.7194539012287471	0.42704685539114456	1.1538241279197574	
0.46554898837204733	0.2566129845455704	0.5081189535758428	0.34389328169339783	0.3067869602363855	
0.5699732914516585	0.3069159457561537	0.03532672243275672	0.2971453587030507	0.36395023988604985	
0.0	0.0	0.0	0.0	0.0	
0.0	0.0	0.0	0.0	0.0	
0.0	0.0	0.0	0.0	0.0	
0.503420143367998	4.473896372619659E-6	1.2806584283084081	0.12449795654773561	1.1392977421843964	
0.3924952386919568	0.3258088071393217	0.6692550427920116	0.4742615564762196	0.6792438934732007	
0.5925378423620679	0.27673765517093885	3.5346924586380493E-4	0.4966972098990308	0.29748004979242615	
0.6421021383930212	0.599366999194673	1.551561586344643	0.0	1.3420137465086466	
0.0	0.0	0.0	0.0	0.0	
0.0	0.0	0.0	0.0	0.0	
0.5318086469249812	0.03613331832821848	0.0	0.711492729556624	0.9369354724274628	
0.0	0.0	0.0	0.0	0.0	
0.290456559921982	0.7796275962654172	0.9230394942305391	0.5930766896004865	2.1270288948158647	
0.029412204518481637	0.5732581676061836	0.4330819967915714	0.594015032823749	0.3724848288742268	
0.060468750607387566	0.07115021092873067	0.2903874313967797	0.5560810036247833	0.8432368467040755	
0.0	0.0	0.0	0.0	0.0	
0.0	0.0	0.0	0.0	0.0	
0.1305323746662703	0.13446976224983823	0.21753103278900526	0.044871255566432115	0.40850463271802556	
0.6545167146650626	0.6371708128215859	0.02454788175268102	0.5804043711139955	1.5721739598774085	
0.08873049492968431	0.04342453145099018	0.16827320862539463	0.19498063156524648	0.19712344398949072	
0.4878401527054091	0.0	0.8299857768579003	0.024921084778330427	0.5864715253255544	
0.2375246035919621	0.18213064755997257	0.5498040779953999	0.3432302745262222	0.5572778712179236	
0.0	0.0	0.5330411500068563	0.24433500885206175	1.1509054672558272	
0.36679443801880945	0.6428116844069736	0.0	0.5359113303947218	0.3797502955849646	
0.6067096982562791	0.2616959989391552	0.3445722486332826	0.25450190840730136	0.5451165977010857	
0.5731385225386391	0.48058237530797954	0.6728346358085155	0.24272075377066685	0.7948458636785463	
1.0320640998218484	0.7598040773480171	0.6224075814339813	0.5597215491203297	0.10156321214404707	
0.0	9.210911523161242E-6	0.5037862106796895	0.38613423331659263	1.0265276784252784	
0.5031613135336954	0.8453924682215813	0.6463443684284192	0.06967548944087804	0.9170898149565172	
0.4759640343586347	0.46857503686498275	0.5161786292094901	0.10660002422361015	0.4729051976512773	
0.0	0.0	0.0	0.0	0.0	
2.643869509965331	3.090574125975191	3.152668227879641	2.554045512602653	2.84470127393042	
0.4795036368495289	0.9787039087433521	0.0013619421797914596	0.6605684035525848	0.40959291864928227	
0.4605657459874351	0.20631889222930247	0.0	0.4079442273851056	0.2780555993820899	
0.0	0.4536433187091899	1.2708276203555886	0.19408996141733406	1.2317977049878888	
0.38717858583020676	0.5902166920550442	0.624110221893576	0.3421777788512486	1.13079308724954	
0.0	0.0	0.0	0.0	0.0	
0.0	0.0	0.0	0.0	0.0	
0.0	0.11359605171289908	0.218771323723669	0.0580283140656154	0.4624943143899802	
0.0	0.0	0.0	0.0	0.0	
0.2604635613013544	0.02044609459199058	1.204123328078418	1.698598335269008	0.0	
0.30695067662194786	0.48439122201248525	0.28709054543919027	0.06050470666579841	1.0419464226760649	
0.0	0.0	0.0	0.0	0.0	
0.0	0.0	0.0	0.0	0.0	
0.1520072992477606	0.0	0.6418651931367247	0.8051790958813374	0.9515873970173001	
0.3827213795990737	0.6974650438846731	6.814079578974434E-4	0.0	0.8045995754985081	
0.255493788857946	0.3610501735138616	0.5926348617497	0.350474980069579	1.2679895296636041	
0.0	0.0	0.0	0.0	0.0	
0.5073309978167182	0.28728500890920144	0.23780144417485774	0.7093392184377649	0.6998740057796304	
0.44018971987414357	0.18618136805927052	1.1771062129191758	0.6738032303039998	0.8039242908150358	
0.1530723841973692	0.0	6.191298975657565	0.0094733768720158	5.428427552641486	
2.0071718794175615	2.19156207905845	2.502078792894418	2.0473447158809557	1.320094183165525	
0.6953889871765551	0.27856610842228335	0.8754908875627805	0.43964662801438087	0.889125133786618	
0.40598746556516546	0.11047853780061073	0.2867719131850311	0.6479688893932045	0.14436914433445158	
0.40776647921958625	0.36274911632726564	0.08213188391286497	0.23791149831942965	0.7712133262134214	
0.0	0.0	0.0	0.0	0.0	
0.13781147276448566	0.5317109313257794	0.21717156730958748	0.46749558113967143	0.7183716288521772	
0.0	0.001662002426778069	0.7005955541576205	0.1881966299048606	1.3358557446419985	
0.398796277467343	0.30582108876528574	0.2252039832366847	0.05543041945099145	0.546848532603784	
0.0	0.5818077345002964	2.85489162275802	0.08714503688555021	5.148504094574486	
0.21873008144380948	0.2833571646661192	0.3517156543533	0.30493895316389724	0.42424213291875645	
0.1684231651554587	0.4460664717871194	1.0292689008874139	0.11805045803895203	1.355164244246532	
0.10039514642973903	0.5056614113770496	1.1321410644701875	0.300007718400604	1.07905635222135	
0.3017544714607036	0.38579294565851696	0.19603511544008997	0.5564318075490686	0.5419909008616498	
2.684764585996514	2.677255626393638	2.063631933614586	2.4978850931973327	1.5931538837230244	
0.15979020186658482	0.2569316193159949	0.9629578402763083	0.2630813437056498	1.7097366097437852	
0.22798567581687604	0.36630281770865963	0.9828306915830618	0.08608244905162535	1.180735117649158	
0.4573717880549921	0.06379400998666669	0.43758422568490146	0.36367895951904794	1.293041033285679	
0.10755070474963817	0.8450540541066351	0.5931674615058402	0.28029427953525604	0.982062736088605	
0.0	0.0	0.0	0.0	0.0	
0.0	0.0	0.0	0.0	0.0	
0.5758999636188318	0.3770871666418392	0.6735940423845312	0.20070992538052046	0.8997832786162436	
0.0	0.0	0.0	0.0	0.0	
0.7051317175692758	0.43615066621926374	0.9825837779119204	0.08751867065069323	0.8953698674727157	
0.16882871278869943	0.32684865270528474	0.482664079540322	0.36390270608914205	1.4343593647704416	
0.47271174812264893	0.5388005231480302	0.6410195560468668	0.3654592416112928	0.8378831425978389	
0.5576917727202945	0.09272305211984234	0.6129749018781738	0.063497433576782	0.8327374839105325	
1.1726953464353487	0.6628790574359618	0.33903799284753816	0.11868539911206014	0.4504822256097627	
0.14493664131280942	0.30031499225910174	0.9838384578552342	0.4452253811151943	1.2703287261672072	
0.7485960406655477	0.27464413550143213	0.20369925904184383	0.2025929985057192	0.33109887695191303	
0.848249191685131	0.6070951037402561	0.1023267507906744	0.5227064176046291	0.7789877351052005	
0.0	0.0	0.0	0.0	0.0	
0.36972295067667205	0.3333419528153257	0.4812848480690419	0.6361466097262815	0.7836410828714468	
0.0	0.0	0.0	0.0	0.0	
0.9064094257549633	1.0108849866458796	0.5570539629500716	0.5957771250842133	0.6718496075216915	
0.733124093411883	0.755219970243879	0.0013393826024230078	0.03773069062685701	0.14015056320105176	
0.798070216142802	0.5586283249314024	1.3377616159543033	0.26839025466761696	1.2742707522249543	
0.7360805753156715	0.44911964619783395	0.7041078935110839	0.015988690823889564	0.8351348834059292	
0.43116587565770065	0.10737980945745164	0.41178517036814194	0.7446659011398631	0.794826206406999	
0.0	0.40935724003603796	0.6355093178550638	0.5517341793318115	0.6960240583767494	
0.6025665871109144	0.0	0.6746926584847144	0.33059102597237655	0.6382422950192519	
0.0	0.0	0.4129756354765685	0.30624717590767186	0.963981227684715	
0.135565858606363	0.0	0.17046270124718046	0.14417827522444943	0.20474085238284076	
0.9433484649287648	0.18285170299434098	0.0869002986813699	0.06335320163494862	0.5921698573975035	
0.3190992731065523	0.4547976749582057	0.5303603202976641	0.0	0.8893560593120385	
1.1288744803981914	1.0052496917971687	0.8833623100649136	0.6867508218287899	0.0011077870018734127	
0.0	0.0	0.0	0.0	0.0	
0.332305909334271	0.5226843034452923	0.5392610739934279	0.2628165125635842	0.6182413168350205	
0.7136319471680125	0.19072285686343513	0.7092275939060658	0.002182872528059542	0.8563503375320204	
0.5154106591448899	0.0	0.3232749685052424	0.7185460300476668	1.0955004104361024	
3.3211501275853994	3.4046343142618443	3.270733215910127	2.930968077868917	2.6856899902237057	
1.2227795240416872	0.2757587786967267	0.03249506951513081	0.27728718184356144	0.42860143070406975	
0.09829404370996885	0.030673208098530535	0.17259207501238977	0.3015986494833835	0.5459771831192911	
0.23165573764760172	0.6606495379588088	0.30620664038033074	6.326968737045812E-4	0.576121833456077	
0.41709028969683737	0.4817454200351664	0.8742036228514624	0.3981611951696884	1.100830811210801	
0.19553645147838483	0.1863665824298715	0.5027356995400131	0.260693843644868	0.4769533694000635	
0.7641808822253657	0.025693412875380083	0.337869012635862	0.5183808501684807	0.9206250713489423	
0.008213110076946096	0.05759338394940383	0.25993501289036136	0.9452877107111781	0.7514741569553011	
0.35086019622751946	0.17960904083011411	0.5100598382435126	0.47889918504256124	0.5751246825606658	
0.5436729129819771	0.0	0.5778602908771736	1.195247917269485	0.2574951967967599	
0.0	0.0	0.0	0.7283122962416665	0.5174258450349986	
0.28187072328210355	0.09167675668344209	0.5847127728215997	0.7627909935537671	0.528484477083735	
0.4767902405081355	0.7498884737382749	0.46651880332531076	0.2875294147416526	1.0630972870372288	
0.1384831008515613	0.5352134047302576	0.4220242003774202	0.5191675278972552	0.7315812422007022	
0.3252312662669647	0.024490117949518744	0.31420033050475915	0.3046423199571583	0.48318624718869374	
0.23051569864995228	0.1094394064930015	0.6210700935327405	0.07008503830796979	0.8309477609475486	
0.0	0.13667305009574085	2.3003328149614877	0.35518393946798305	2.133422091808142	
0.0	0.0	0.0	0.0	0.0	
0.0	0.0	0.0	0.0	0.0	
0.15965315067825628	0.25077897231419066	0.5257873489530106	0.38706496292355747	0.6437374661665687	
0.17601888860892026	0.5259798702705845	1.0073521162693702	0.3467975526973353	1.0916970263042534	
0.22465421841596284	0.9050475032792058	0.03841219634010505	0.6589073477781083	1.2484627965902237	
0.8557549514860102	0.9914396592362748	1.548414195561314	0.7488739799506556	1.5901189757889909	
0.3802371935907898	0.0	0.43675264218612453	0.0	0.24739955115465576	
0.2965803539276932	0.0	0.20909149499467278	0.22942473999150617	0.5457752771949079	
0.28566074926575236	0.5674922899699918	1.3559959148617347	4.33262153646381E-4	1.3055163372136884	
0.732234088468803	0.2868342061475744	1.0181774900967464	0.23704265859022616	0.9479586278117531	
0.3739348835091645	0.0	0.9008593983844051	0.46169680288330084	0.3675957766380166	
0.43777739604344246	0.40006608555660883	0.14583920070266654	0.8161613266626628	0.5464566458148162	
0.2161041429546611	0.010484862480432238	0.24473318211593825	0.5749206201655275	0.674782939819442	
0.3734977291877979	0.0	0.5372216338358788	0.41066386810008904	0.22817432184059258	
0.2454928182836418	0.39928458985452636	1.122101572898441	0.0017906069040177868	0.6146528319261373	
0.1383947498148749	0.09341088451147192	0.24885223666618622	0.5338632758062548	0.43192387193702575	
0.0	0.0	0.0	0.0	0.0	
0.1360388301910617	0.2678687948733277	0.4254428676475217	0.4710221175300023	1.0075379024097058	
0.20731821400861264	0.03631933149467644	1.6701890190306075	0.1646559864364938	1.2416352914005686	
0.0	0.0	0.0	0.0	0.0	
0.38978822223757914	4.599944075245281E-5	0.7501281131023824	0.4789450643572426	0.8279909185555566	
0.0	0.0	0.010753087463368881	0.6209553911239543	0.0	
0.43090865421239194	0.35548321182820447	0.33329737297682516	0.8631468291899839	1.2860584397336519	
0.5926305736691557	0.2448345285728212	0.41674250014351794	5.634838908182521E-4	0.9732478699255264	
0.0	0.0	0.16063856497359444	0.28266964031048897	0.7689308907617479	
0.22661921121697737	1.1828220300347925	0.030567503266755638	0.39162960996422874	0.61908322103491	
0.0	0.0	0.0	0.0	0.0	
0.08275240215554114	0.12106998754671054	0.06663462580910341	0.005165402735635511	0.3478763382469341	
0.4301412348101917	0.5849827685059082	0.1322793187744666	0.5610287758271204	0.4743161346261168	
0.36667801725886523	0.12643716064997054	0.0	0.4460106947322761	0.3582546068905934	
0.061544934498009435	0.5617696751737967	0.8574968166365706	0.39996543336284857	0.8368189980344412	
0.08746465146026339	0.16644846721421863	0.45401672974985674	0.0062870403935639555	0.9575348337989371	
0.0	0.2549062447367295	0.6555499961291862	0.5698890630155456	0.4411637319330071	
0.0	0.0	0.0	0.0	0.0	
0.8084242941896392	0.4425292230007964	0.8600611056287525	0.42002116305938825	0.45634566582437097	
0.8014262532965436	0.216434026572665	0.18575535364172063	0.7013368395399153	0.8142976795400784	
0.7087164410444174	0.879090265556282	1.2508500685127144	0.6850540691874736	1.1485031790682765	
1.236013561827486	1.9423610557167774	0.30569971468259083	0.20132495132566317	0.2622822423857063	
0.06706938048468984	0.3480677317423653	0.7681733728585807	0.352458892220124	0.7648061915194473	
0.9311286496689053	0.7093966952035555	0.16242542494279721	0.5718017901525262	0.332467577433047	
0.3483895551480032	0.5784158542690667	0.4768156345665417	0.5872994814851286	0.12845577701600472	
0.9306896996890073	0.0	1.32640531445965	1.459448874191235	0.8330812323579114	
0.26102963541079494	0.16310334211381766	0.3457683882992541	0.35889595427571847	0.6863725786655211	
0.10834317934433114	0.15802262849620097	0.2957920546334983	0.31097468228169184	0.891093854970002	
0.016800336889867845	0.4916765837558507	0.0	0.0	0.23720937725510668	
0.0	0.0	0.0	0.0	0.0	
0.0	0.0	0.0	0.0	0.0	
0.0	0.0	0.0	0.0	0.0	
0.0	0.2636705163208031	0.3387364742834387	0.5897045526024594	1.1035060631913072	
0.5483129608661945	0.37095023398670607	0.5306969071754987	0.09849563232099245	0.2248026210910735	
0.28697635128429194	0.0	0.5778241006769036	0.5595527839745108	0.2963945930235228	
2.715358437494956E-4	0.7478424192592836	0.38727690145375687	0.6538460578637354	0.1324917746396697	
0.17751993727607987	0.7815443031831567	0.0	3.346961059331439E-4	1.7849118405554754	
0.5667913736088901	0.0	0.10947136570987964	0.6902530024815353	0.8735521481869921	
0.2860551972851293	0.25374869588808624	0.9927023421085893	0.6578906753224859	0.7033005160370357	
0.15039474944934303	0.2862713327684027	0.1921916527463454	0.3202150744840179	0.3797671107827839	
0.3071274879473823	0.21941902268221927	0.3485970377603232	0.20793269345279575	0.4361761639631293	
0.5866071558004645	0.0	0.07033945352210254	0.36940008108660777	0.6343845343317095	
0.22074791803104107	0.08773151448645505	0.6428831252866883	0.5774804266329765	1.0453550652700556	
0.298373089718748	0.0	0.0	0.3622941836622599	0.18451209622066927	
0.14444515280487713	0.27350111067541616	1.2920419798399272	0.0	1.3446658042540047	
0.0	0.0	0.0	0.0	0.0	
0.5646709550175568	0.14203294426142907	0.11142754376568358	0.2391685435791845	0.6609946423508556	
0.964800644534313	0.35054587271251	0.20336683429522376	1.1267602342730587	0.9286260205426633	
1.1956885570740385	1.156236355503385	0.35647475661841316	1.3065740891474555	0.0	
0.45329505110476837	0.3855398054139417	0.3622885344228326	0.27478583613656943	1.2970296541737278	
0.25238318192902676	0.3096001940366673	0.33262565915412623	0.24110987785145296	0.11434280499661051	
0.7251598581298885	0.47679605643998024	0.0	0.553213799133382	0.0	
0.20301470289696913	0.495242638535524	0.0	0.15901603660145755	0.19630875354768285	
1.5621864420590734	1.0309046609616672	0.3561198479356251	0.25456840073613773	0.3568155417967965	
0.27716974603193706	0.5574532809736495	0.5010952051060884	0.6511597379704175	1.2708290982598214	
0.40569552601272857	0.9022802527088428	0.9514060089017897	0.37073946248452744	0.9611141038735087	
0.8186044995445855	0.41409165453423635	1.1873255701988643	0.0	0.6897676626549936	
0.12881939557056318	0.05406078255770678	2.993873532698432	0.0	2.879299689753559	
0.32354850816689895	0.6139147945321003	0.053581993926641765	0.16429830800939096	0.3380250172389518	
0.0	0.0	0.0	0.0	0.0	
0.15719797956760423	0.12407919689010491	0.027884800041257294	0.45886360535368936	0.46784780286083827	
0.0	0.0	0.0	0.0	0.0	
0.15096622456356318	0.19989361406330994	0.12031129319342362	0.2081629258138415	0.4959307209630011	
0.452549724024046	0.0	0.04101260450295797	0.6484649418605899	0.8055363426469757	
0.0	0.0	0.0	0.0	0.0	
0.11073077727873452	0.9952031863366095	0.6853586657432675	0.02190462965733013	0.11499790389398057	
0.8197161913171633	0.5966535204403718	0.2740633528168767	0.5609357519171496	0.36152366996196267	
0.25013034000357925	0.10745223591400765	0.6425637532112048	0.4472869980294429	0.6636235570420537	
0.20684891566504154	0.07227604976638942	0.7200870029285223	0.29095202997595154	0.895288210895063	
0.8840737557086973	1.3429830496208122	0.7923376844539329	1.0452399234581549	0.8796035954313762	
0.6821104088063447	0.21412316526540123	1.3602867551248836	0.7691245191233207	1.4381507729275147	
0.4970526355872031	0.11281039903551988	0.8028235366297722	0.21135741254960572	0.7649954329456807	
0.44929313816033983	0.44023495505639376	0.4994172410329901	0.4017047325532976	1.3147809887518769	
0.4565758266048854	0.3121926682006424	0.23631619120926659	0.5306865500942097	0.21556241319515385	
0.11598674719106536	0.0	0.8197026095448636	0.04180721491389015	1.1092266339009418	
0.31336052455063623	0.6236106677682566	0.5416595699800779	0.20407315320474606	0.5381265385230947	
0.8164992580994714	0.8163741856592346	0.4772010130992692	0.339628086520253	0.39995845862197577	
2.31935149476277	1.5757971379085802	0.0	1.8634130099248662	0.510515770004858	
0.2695947077292605	0.18418416113658673	0.42003565716762703	0.0	0.28940694880307577	
0.33384244199124596	0.24472080749052863	0.6193911517505261	0.5154636695321407	0.5311417697273472	
0.20804344235727268	0.4285767258751716	0.5671137266341696	0.20358770088113257	0.2467831578749274	
0.28980145485455266	0.37503461297260643	0.2803092778005972	0.0	0.4000181992854986	
0.31988110783365886	0.4128264751184137	1.0732751231437185	0.12012046375336224	1.3273161647284322	
0.06184787270077866	0.4368186966940204	0.18988188394267147	0.3104806653531562	0.7500869101825774	
0.5345328505003758	0.5923134499611512	0.14168025149946967	0.1855360169290484	0.6097748448250663	
3.4888282557248056	3.5975399238830237	0.0	1.6740937683811987	3.579478570689039E-4	
0.05965444408639306	0.043950455996877996	0.9837952511287329	0.7344263878280851	0.3779861669692648	
0.5223808522721104	0.49181803138912433	0.0	0.2732087342650172	0.04023517297401169	
0.4761715136258772	0.06138770124288641	0.9460048768589757	0.47733787545508144	0.7932867526068546	
0.42226963784028343	0.334986162691732	0.05246612492501581	0.6068300428106348	0.3443124835425196	
0.01869203975868786	0.15375351586973102	0.3625401043960998	0.353204436489489	0.3916275845699446	
0.3052267815390666	0.2501791347564557	0.0	0.09255697721454363	0.06972817302318524	
0.5288134686338954	0.0	0.35541009678433444	0.17602378222305332	0.22340040413693205	
0.1599966621997939	0.017359634515490833	0.28503372169851726	0.4332519053424426	0.49686443552556325	
0.0	0.0	0.0	0.0	0.0	
0.6236553745263048	0.2024071657403936	0.25131628603599143	0.0	0.3073412898357201	
0.1140190960752122	0.0	0.520001420129496	0.34773847677171266	0.3175452428319718	
0.5465240140466663	0.2761852575175179	0.7618830640252315	0.31516593954440003	1.0178179893526609	
0.6093709054243486	0.4874017187972543	0.19413638419587326	0.532767948918195	0.9915035186368887	
0.35675386182118735	0.24618283757231535	0.1002936308261829	0.40969571972650587	0.5151347926873967	
0.6051294788436937	0.08662724737943243	0.21680486550667272	0.577625845456189	0.4407888145284851	
0.09806054962481657	0.4607967923820662	0.4505856664601012	0.06646000863142286	0.5772353988679655	
0.22384260673603154	0.38230812950700716	0.04053336500984945	0.13839577012114287	0.25701747032506783	
0.4825136562125182	0.46206715349728006	0.016957734815823758	0.0	0.0	
0.008818894859238232	0.6906276933505596	0.27848138795088934	0.36267357369648945	0.48533757519449133	
0.861342517132692	0.6361958607886777	0.5089437757312282	0.8089913153095134	0.30532684824328277	
5.899952644665963	6.374678723688992	5.222835168020756	6.084565949653624	4.904240184859081	
0.3135897461768598	0.6012059451881011	0.16340831517761922	0.46646999481047746	0.1878052455791536	
4.68232409263758E-6	0.0	0.2319906820476884	0.6641090254182284	0.7027099905460577	
0.3291450647402117	0.5629721828543904	0.0	0.15808220108431673	0.4926104606810576	
0.09923898765417288	0.12258060061001176	1.8352706902943867	0.011875736336526253	0.9505562156576545	
0.25461790340775126	0.0	0.08266328356227431	0.40196679974266364	0.9054914332795707	
0.6491150218047944	0.5120251314809555	0.3985548218333186	0.10607019715922027	0.6747396093429454	
0.0	0.0	0.0	0.0	0.0	
1.89120533525828E-4	0.16965231255085284	0.19896645867299398	0.7145246629444997	0.026149988983957147	
0.34259401371639664	0.16000738101481818	0.4387844143997656	0.23547657039545697	0.250935737704825	
0.8863609530349876	1.3940816191307817	0.8801440347979349	0.10884077233423278	0.8455318055540336	
0.0	0.0	0.0	0.0	0.0	
0.7415292841387942	0.34010400044997485	0.7719321362493171	0.6321476639528677	0.8110453019005419	
0.0	0.0	0.34266513022170614	0.507534138909143	0.7208842142236336	
0.5278893518626732	0.3080317916114511	0.6449632233328711	0.29010413081410524	0.24579090451784413	
0.4011719379569237	0.410320485067619	0.1732125783134302	0.6520339543358146	0.40357947506929787	
0.20497024480717663	0.500333826090151	0.3009490813141692	0.3095645127171965	0.5081094987348239	
0.0	0.015482632341862191	1.1518757191117452	0.3169396247156878	0.9552558949644445	
0.29829906974478826	0.17921690930534936	0.5567652805178188	0.36388050548491546	0.6381410999196114	
0.14860017501409334	0.0	0.5505877521648509	0.13980651822847703	0.14493885168733464	
0.8517560816232326	1.638687239083595	0.20935913967559328	0.8099752027197952	0.00778611778069701	
0.4370110359263531	0.40196670134383977	0.27352560355017275	0.4975974483396916	0.5650115183813751	
0.07667642631159223	4.1904614272919333E-4	0.8600353480037978	0.413753120014578	1.1923584217423508	
0.7145812825291863	0.727515381034439	0.35339137961619993	0.34703115444734745	0.659563724296574	
0.19181358129220813	0.43542286608403163	0.33445541127962936	0.2669495833373907	0.7709035600127702	
0.323735968918431	0.5501323468847448	2.812874548773239	0.0	2.0341640122255336	
0.6821575477206123	0.5657207034517682	0.08828153549321108	0.36865992002510434	0.09218924616371318	
0.4940935971700587	0.22373416829330514	0.23546265898818944	0.017268628466488446	0.3330469617743995	
0.3447992502647511	0.0	0.6441191493313507	0.9515861407853292	0.9596023010235581	
0.0	0.16498840845873194	0.6105285435111114	0.0	1.1982276455509795	
1.519482167809951	1.2068956129199613	1.173732587615368	0.2946481311062758	1.5069948175743442	
0.2215433342783174	0.0	1.7443455609092229	0.0	1.2072603847250967	
0.31386109517231353	0.017426937850654155	0.6158984992020443	0.720254462418177	0.9056156619108847	
0.5772359285355162	0.12337045542380635	0.35675530957284535	0.7246279980848208	0.269015500433769	
0.0	0.0	0.0	0.0	0.0	
0.4625614895007385	0.2866878155138938	0.46160305321818546	0.22617199024394408	0.3951296057541054	
0.21304269993456124	0.044452667401304206	1.2435862724548006	0.49855127846287717	1.3172357366371783	
0.0	0.34926092284714094	0.48515513910373	0.4419475424655599	1.4566116773761641	
0.0	0.0	0.0	0.0	0.0	
0.0	0.0	0.0	0.0	0.0	
3.3227307348590644E-4	0.28928606228243253	1.0119575756014096	0.06911875922835753	1.1587490491363712	
0.3402768927900864	0.09835929619201789	0.21977810300997874	0.5013520066753102	0.31740791501378	
0.14868250817183837	0.5965081140898211	0.6462614751131758	0.007469463985998115	0.5349023039301393	
0.7247805939191087	0.10412961726660125	0.28727494578025375	0.1466387768954997	0.7694351315353355	
0.5259208231103324	0.7546831509698236	0.5657821955083729	0.516958880163477	0.5359582289724184	
0.0626540114407369	0.32600388458447316	0.0	0.7531465599153659	0.6592422458470888	
0.3217534422579934	0.0	0.4219035501444768	0.3885569326224637	0.13961814084751453	
0.4129243328959075	0.40703969495190356	1.2898868813494038	0.32613112065922634	1.3615094957870835	
0.3535282695367456	1.3460530642129591	0.2741445984324232	0.22247193729588144	0.04215235301035508	
0.08524201275421107	1.0942093417896	0.24044137037344224	0.26643972000298843	0.6587399136072737	
0.5160298830682152	0.20255803069349312	0.6531807119769837	0.0	0.5266057332196397	
0.06207892275977087	0.45477834242292803	0.2036704467335443	0.10523221216616757	0.31708798283171397	
0.16720620602033626	0.0	0.6672642537671571	0.7117637175637797	0.2093351479935806	
0.30909725101122254	0.27563949871788884	0.27803746077205094	0.5811393040516112	0.7409331517014279	
0.0	0.0	0.0	0.0	0.0	
0.4242886523015075	0.45486920704076644	0.3670856815238105	0.30630812570763744	0.6661418946184487	
0.38178354755179716	0.5108921132535121	0.555496144528203	0.5728473541801596	1.0100200640900596	
0.6983530401600863	0.47421355354181677	0.9833674759375899	0.6019317439045118	0.8934514494583183	
0.37105560614239574	0.05645052556622377	0.2689639172252934	0.007821032719718693	0.4471189741174009	
0.6552955524483847	0.1367807842299548	0.15815141404183977	0.7696753116046822	0.408967355666977	
0.2217213321786167	0.0	0.20823701454564628	0.3155168175089932	0.0982938302713057	
0.5046664071087918	0.0	0.5467282842950165	0.2922820884285393	1.4868377486356015	
0.0	0.0	0.0	0.0	0.0	
0.3415276402609043	0.3601675400038648	0.45690137413060633	0.7469778731265928	0.48101845984893205	
0.32073673290183774	0.465788900341179	0.631212338325261	0.666289897331614	0.9407683603840131	
0.0	0.0	0.0	0.0	0.0	
0.08783011268189893	0.23259900424554536	0.38207251237202317	0.09648514556033125	0.3176902891335253	
0.5151620969370075	0.2755175013249501	0.38988867004420413	1.406991507439931E-4	0.12812017268980172	
0.588682789499992	1.029268145030857	0.43913638224103707	0.3753671899549661	0.29098575237897994	
0.2711117298812312	0.46994359518418005	0.3575295705011405	0.0818437469101533	0.9036359761107593	
0.36073241564308234	0.3537675758333469	0.0	0.6292798770576409	0.0	
0.4407996492431185	0.5435904004402792	0.7902759839676454	0.04102765462118053	0.7348392147345693	
0.0	0.0	0.0	0.0	0.0	
0.6035599170311173	0.3170528621120331	0.8898239031747592	0.3968497761557387	0.512780914336666	
0.3183553073366675	0.20915924701956393	1.2042205253426306	0.4140640997346778	1.1696510966489386	
0.771819840573138	0.3805273402155155	0.7710718337360071	0.11807862514839361	0.3106443414021889	
0.9881764760076318	0.4523003342473715	0.24292130608771312	0.40954721916946163	0.4903082994954831	
0.28319135945148805	0.6015771058505289	0.3081470014867418	0.2727903256326508	0.2461597773041464	
0.2922745675997936	0.36163594696576257	0.8700499865083551	0.20159812349460696	0.9991804525458547	
0.0	0.5243522457630596	0.0	0.7068816384688701	0.20681243508127378	
0.791181729949707	0.49225024408130713	0.09937641462910313	0.7980966102442347	0.6396341401205183	
0.390001553355802	0.2380922936208179	0.0	0.3459742422979243	0.35093363484045187	
2.452620867720684E-4	0.15745748735309464	1.3450605195523395	0.5590442384677301	0.6412664988164519	
0.4860487663515522	0.5016394067744849	0.39429419665235016	0.29071669431719466	0.02138368558057504	
0.0	0.0	0.0	0.0	0.0	
0.3345519048395633	0.02589614298628833	0.020326411270933185	0.35551525645517895	0.7079535026923024	
0.1698322538974276	0.21605381519356978	0.8308095371451325	0.12569965175948453	0.9759769813219661	
0.0735430889996846	0.3064645753783219	0.23328253030998133	0.29614552759014995	0.4974772164892055	
0.3707767349213889	0.0	0.9840133791333103	0.7335404049291944	0.5964641887494102	
0.4186004530430875	0.12295295847774051	1.0354307266271616	0.3175307860098006	0.9808338329508222	
0.0	0.0	0.2037770553558401	0.4189208587962572	0.6035860551820994	
0.0559879677504231	0.0101770035463208	0.5398342068459511	0.22466034657849393	0.3012359467560945	
0.0	0.0	0.0	0.0	0.0	
0.5399228616013683	0.42419510056627047	3.932048472381647E-5	0.6210881760741167	0.20910562310872385	
0.0	0.0	0.054187073757648606	0.1292362055457206	0.27334850427103835	
0.2871836447763931	0.6371173732237814	0.20750626993941002	0.32337854060615573	0.3216350425112104	
0.4720133650944182	0.1643723029894364	0.25935957689866806	0.25293834662907655	0.28481365857723706	
0.28129496392022435	0.4427814528180864	0.3116192062112328	0.13050596495322817	0.6554574702703131	
0.0	0.3901073400024641	0.5288248407412746	0.2942022347130707	0.2130516267829651	
0.4060126898942684	0.19137938598254134	0.32475945658152877	0.482122297290771	0.42923527357745606	
0.09178024807043395	0.0	0.003401325002481116	0.48262486405212424	0.6759960298321137	
0.24738210399707014	0.1889878510727564	0.664553167165271	0.12883852587194833	1.2413486202615422	
0.0	0.38891899632000465	0.5568817591006713	0.19703210796688192	0.7662195323305917	
0.5374368218941509	0.1973556083737538	1.1636761904228041	0.2819432656490696	1.6236393930621411	
0.22141353196780458	0.4675648913863797	0.30972897716817765	0.0	0.571498215917907	
0.2815982731433383	2.9726656540982875E-5	0.2517433428099674	0.24598817703944825	0.4564786040623584	
0.0	0.0	0.0	0.0	0.0	
0.0	0.8396166773239903	0.5881475683119319	0.3483920962230838	0.4082280665277528	
0.4214141708801179	0.6164618138299411	0.07601762185251479	0.6732869485294117	0.7623395021468695	
0.7003810853379386	1.7356870278895509	9.288370087447943E-6	0.2089074304197676	0.0	
1.5571488384615462	2.3310681733353547	0.770987705860362	2.267850665382881	1.222407017248471	
0.2986773974648881	0.378766676978443	0.18039655178487676	0.10961284370825852	0.33550385020626844	
0.010878673871982231	0.09813035929292216	0.16025704222125828	0.5113561578294069	0.4949918781961962	
0.15762010060664333	0.13558606974182041	0.48422555017242036	0.29780076870848254	0.5622538869235423	
0.5112064112911263	0.05320309423400827	1.8941122105811836	0.4886590273075302	1.6856511741742966	
0.0	0.48768823452930216	0.20487684973092915	0.0	0.0	
1.3485567245292052	0.8540922771486574	0.2615355333736488	1.442263496512055	0.6977400199442739	
0.09669384169334921	0.7700151741082691	0.16336300000367873	0.30208979254089535	0.16807226460037114	
1.3713047173096826	1.6627875230984814	1.0937507209774622	1.347674142828041	0.8761131166509397	
0.5558397943168114	1.03914133291151	1.039583962512336	1.439947314869519	1.497072047342888	
0.5943502659459687	0.0	0.22453294474311727	0.19584812574857	0.5890984553169311	
0.0	0.0	3.4615802598067797	0.0	2.596833813788079	
0.3241322775255369	0.36079749087736657	0.456872150397025	0.0025643220310425053	0.8330138499768457	
0.03484186853547001	0.6544214439687797	0.0	0.44623886855307215	0.3951599204991052	
1.231483068748716	0.21302229631484085	0.6747300328656022	0.7894246578029979	1.2284206033626224	
0.8363771238820605	0.09717538185709888	0.44368236774092784	0.26558905217515183	0.48240434543088107	
0.41919131304541923	0.5839414354393138	0.2365963117032828	0.42700155580439597	0.4343771309898965	
0.0	0.27641779910531256	0.01354240180832015	0.20419859939693497	1.2669653766369415	
0.42196873524429535	0.5957981905163935	0.13536632354884276	0.6458735330472676	0.24923579803256282	
0.09667105701732366	0.3396298070314207	0.556533858219911	0.042391583394293345	0.8815987830449401	
0.8820118311124895	0.9351884676747813	0.0	1.072001077170875	0.0011911761337746885	
0.11299753086860018	0.31782374623532444	0.5164389572084338	0.25372793489900547	1.0096308208063058	
0.33758279854815304	0.06394761079423233	0.04112771754210655	0.7273017159861905	1.076098693967292	
0.0	0.0	0.0	0.0	0.0	
0.3512278919926811	0.1346502700730615	0.0284734875504998	0.11516688296856017	0.5904019232432728	
0.685710089318127	0.263869932519201	0.42660632764418044	0.6699226430156772	0.6515123801195059	
0.6061034666314425	0.14294691774781781	0.9695960233199294	0.5664152802691044	1.0084029993466235	
0.14468487832567076	0.0	0.48144779215230393	0.522002687402993	0.4947404655490435	
0.4460465265579098	0.4571670025718861	0.5704736332980285	0.06556361806934079	0.4282184523021123	
0.3548609953612822	0.45484959776656775	0.816727444423844	0.23308512656088398	1.0844553062953586	
0.5203610483800253	0.0	0.05657350919704157	0.5823557049840994	0.23075913454401303	
0.9545476167177678	0.42957464395196737	0.745886917520925	0.477231814279393	0.2558466986559063	
0.0	0.2946457261596151	0.13468865943688166	0.35933847057185386	0.4134175482258135	
0.04416803166318868	0.29118417432343097	1.0308416259908293	0.506949659306432	1.0795789406509346	
0.1653677045944378	0.3718861188003172	0.43273059888954546	0.043952945361578	0.13896217941001557	
0.11799599251202007	0.41999986676877443	0.8536348792495141	0.34091861354626807	0.968409617629589	
0.8857540534471399	1.1265041253490493	0.0	0.9570998816295714	0.0	
0.3762879530616144	0.6645708663551939	1.0982536578667377	0.09524135789634412	1.3492894876166937	
0.0	0.0	0.0	0.0	0.0	
0.0	0.5334068342219229	0.11803523764254874	0.5210625844204674	0.4790174001049098	
0.05776391728344633	0.11197220715615726	0.3727250264800023	0.637149166806109	1.0976977112316098	
0.24747047497777205	0.48661675498290297	0.3339227329654904	0.4977480138246009	0.38847038288070157	
0.2027275284190894	0.0	0.7550864401400769	0.670854974811841	0.1024510034624337	
0.6460128047876172	1.2578498608797986	0.5404942245687842	0.07658382148616685	1.299798074303137	
1.0348558494850149	0.8805942009301269	0.4587309358017795	0.0	0.7267994368019282	
0.4085657579538595	0.0	0.9489996315396927	0.2365317541389878	0.10071571654958976	
0.47365298511190734	0.48900566912306315	1.1535359046420992	0.0573102211681164	1.2293017074704915	
0.0	0.0	0.0	0.0	0.0	
0.0	0.0	0.0	0.0	0.0	
0.6545150131274158	0.12416795758215377	0.14001995577123277	0.1343311218579561	0.4795558412556404	
0.063943122402817	0.0	0.45893013981506003	0.681251971774612	0.3521038369188819	
0.043618571650424404	0.8280627898181868	0.3249154365787716	0.47549080473540295	0.4874896982674454	
0.2827096747787668	0.022493693801033224	0.6799804622418911	0.4765660980086573	0.29351331361025584	
0.3369000113683754	0.4956168329177404	0.0	0.22182666286471955	0.0	
0.0	0.0	0.0	0.0	0.0	
1.3292954708239593	0.30741339542506607	0.5023826925554683	0.2628792046541946	1.0607820349040165	
0.4234949995739794	0.10981669451379852	0.057496589269620604	0.1675650530085877	0.411970346860911	
0.0	0.0	0.0	0.0	0.0	
0.11254595070523428	0.8178358442122768	0.26395692289603867	0.09180273776394751	0.730428627762845	
0.03862278039720012	0.10510860042684053	1.2587244777585904	0.13226747911018372	1.337433863521039	
0.7523896856925746	1.0968630501487413	0.18832737574737152	0.8907711369499924	0.0	
0.0	0.7936114435793782	0.632594660924672	0.0	0.0	
0.46397814350118666	1.0169947125397025	0.0	0.8872651246539857	0.10433619637111866	
0.42863156087205845	0.0	0.10756040430444432	0.6930983074211438	0.0	
0.1702260015601214	0.3173823014900685	0.2829565700278659	0.2727415881101098	0.2115347805150067	
0.0	0.0	0.0	0.0	0.0	
0.2716052566181189	0.5275326448529231	0.0	0.5418419065938975	0.4583649523649908	
0.0	0.0	0.0	0.0	0.0	
0.12240230420157937	0.5074882761928454	0.0	0.37634492228706523	0.18699788492905597	
0.6413902313935345	0.1564842627946259	0.006030832366806073	0.2353366416931558	0.5633486118159828	
0.20628272891437274	0.09452013357960319	0.7879352681669166	0.20926122160423521	0.5432386575835367	
0.0	0.0	0.0	0.0	0.0	
0.0	0.0	0.0	0.0	0.0	
0.17204238480757053	0.3257762149169462	0.3709322899523838	0.6781935324485393	0.056318303509218945	
0.6044961738999391	7.649558119555131E-5	0.7964467190102243	0.6670062467437737	0.47995098494374283	
0.5372429666658722	0.20077407150040014	0.18525961753666725	0.33869815343448983	0.38605441745753666	
0.11328090433830167	9.802149504830277E-5	1.9791108456370605	1.7147827055124274	0.8682085029449194	
0.7505771559875868	0.38441144944513483	1.281129618928701	0.20221690899231337	1.737867185612142	
0.820207075424916	0.8417969603217669	0.434061426619848	0.35128246340011615	0.9652249979387243	
0.0	0.0	0.6314962987686195	0.0	0.0	
0.3390132205749311	0.43004160736492264	0.25860282387703265	0.13526119047550134	0.2617741633500237	
0.23464014911157927	0.801272809549353	0.46770209380240535	0.061651355199187366	0.8832316663159364	
0.0	0.0	0.0	0.0	0.0	
0.0183029824388354	0.012556630522730827	0.7267632575348011	0.678111455210404	0.4252999310007986	
0.3155045251384177	0.6070980314560028	0.09279885870193602	0.7153549958314811	0.8538747403320183	
0.1425746158618135	0.14209488906190623	0.3157743711999202	0.4905533703319485	0.030061562899959135	
0.4757322186065143	1.0064387969703061	0.5565611942382638	0.38421502410403163	0.2792521791344548	
0.4328314138511394	0.0	0.11304270471360053	0.5524258420578201	0.7052162530817286	
0.0	0.0	0.0	0.0	0.0	
0.2617952311342692	0.13029395747604747	0.5858759419537262	0.23615219837037105	1.550428862065573	
0.44102692226669477	0.0	0.3924982794314061	0.10198684083591421	0.4148819924951513	
0.0	0.05350236486053636	0.30512610236974397	0.47506062858735687	0.7651813892277405	
0.8337912539104665	0.11523008885970197	0.48842071400525144	0.18308346298794798	1.269734832155422	
0.23995194843970868	0.16933551378365083	1.1471801064806069	0.3079432488315506	0.6376451488341012	
0.27171611257233996	0.22714894086730267	0.46908431858826377	0.4697144290037914	0.6238073367925234	
0.0	0.10577739245889649	0.09080242496844664	0.014443988027483002	0.35393978776592333	
0.10777156818891763	0.0	0.08200903287313406	0.24270788923195966	0.04985058043538284	
0.5495018868442713	0.07003636419282448	0.12301090901993655	0.3486166064533663	0.21959864817769467	
0.7894639132378194	0.6869625268086362	0.7234734699164358	0.33862441560203643	1.2498540118214743	
0.5905488854202189	0.5279376222554631	0.3056181134144083	0.3032633735302624	0.2709662159436048	
0.47323611407854715	0.6922709596271878	0.18897590168430592	0.11202409855374584	0.5371379476005007	
0.11379820385406268	0.0	0.32707984735455775	0.443368385796888	0.711612902013714	
0.0	0.0	0.0	0.0	0.0	
0.0	0.7366472739764197	0.0	0.592019040399085	0.45924202831963484	
0.2300063248049956	0.07804061376669699	0.4452199586829872	0.11575911378924333	1.0734073047313326	
0.4343292597966229	0.012259052962452511	0.3756575068677129	0.04896056188972444	0.5806762350234637	
0.4567332018679561	1.312967320729659	0.10530853955043326	0.7385587678844306	0.41125357884217056	
0.021604298787748843	0.428345367043016	0.41568475909541847	0.38862860714980796	1.393283089033057	
0.8440118791235349	0.0	2.028060232595181E-4	0.28247792154643386	0.0	
0.41107289967927935	0.4937309654280379	0.4315555557397985	0.126732258426435	0.3643895206580904	
0.41416325003426085	0.6868655235415925	0.04075966541518983	0.49117988276378044	1.7190690039674061	
0.4058611024021532	0.1589361537926239	0.6726529360603614	0.0	0.27812343452558463	
0.340084653997663	0.16407721421196736	0.9206261150044073	0.07151572105495106	0.6728149391603747	
1.0748485627186433	0.9386000606524935	1.0228492633167086	0.3939780373482655	0.44923011708424343	
0.39714939753983985	0.37858828944018563	0.6004576974566797	0.531757400517607	0.4019640861781676	
0.0	0.0	0.0	0.0	0.0	
0.570296958328871	0.24326955094755093	5.851291083133109E-5	0.10013467679823813	9.285160625864027E-4	
0.4487997972375993	0.270265859352535	0.17529028617819387	0.0422038866700073	0.7700740647280896	
0.7162067294289657	0.3060764376401149	0.8679751051389849	0.44021237333123836	0.34928441597565213	
0.3924776689376144	0.5277561152877702	0.5833682912594564	0.27811356056616526	0.3596744057975202	
0.2506514149467437	0.5749668724535565	0.3189294566649868	0.5098559963155348	0.1086278986229474	
0.36386505096313426	0.6371018020750897	0.7099674248486654	0.21169933444704722	1.2239541875678992	
0.0	0.010567944314290163	0.6451610487064893	0.12207552819744207	0.13298939990425737	
0.0	0.0	0.0	0.0	0.0	
0.0	0.2738044024225502	0.0	0.054035827189117	0.09045635190848791	
0.37514371692787696	0.29334477831187766	0.31851991555004205	0.18554449330916747	0.3500090668265545	
0.6061784708535976	0.21666507080176223	0.0	0.00456515587851526	0.5096359537881882	
0.0	0.0	0.0	0.0	0.0	
0.5874148471919062	1.4126554174401278	0.09063836514299357	1.0612912907873062	0.0	
0.05685070933778253	0.5460898201173143	0.0	0.31022945306785654	0.545516141245662	
0.046958402871024055	0.5342948976714794	0.705244797065704	0.11024207753628715	0.28851304737187206	
0.39156047731457716	0.9490608811473409	0.03813871597195347	0.29860902657614063	0.27840066022234516	
0.39579586992537835	0.2123817577752247	0.21547244563288007	0.6069815881100906	0.15280355111142885	
0.09539822182530104	0.0	0.40275585614451986	0.9504588641499034	0.9485116738853197	
0.5179148526231947	0.11320901772252358	0.23736759361292625	0.8233388906743243	1.0405694271312635	
0.19096532425268947	0.060855317717459716	0.44755963871192583	0.009005607101241712	0.0	
0.537718591691196	0.0	0.6863136346164683	3.372305420841383E-4	0.697206160373278	
0.6015028140142387	0.34201709323857044	0.4258189554857747	0.033556676408844605	0.3542152105073339	
0.0	0.0	0.442279705750288	0.21457070898661512	0.03863709089859989	
0.1579525011850694	0.5021491891645954	0.580982494662168	0.33882164069845255	0.5900417047668336	
0.08918768436640531	0.25020762242599803	0.6846280860326007	7.012045667811469E-5	0.7221479527889517	
0.803880590110193	0.6599263880320597	0.6604082418019657	0.42243687167785604	0.28557470194706325	
0.4619951967421467	0.17919277662389393	0.20552941640935962	0.01876056818278107	0.8275935158339572	
0.4211587186126659	0.0	0.027743904158543505	0.49565711132799706	0.33810549688201524	
0.6013726615733875	0.3017996739526978	1.057570897764628	0.6286879454719686	0.29435658154790395	
0.4753348469351797	0.39128602089140174	1.3661339145983662	0.2548035167641314	0.09252025215880674	
0.47375643111166893	0.046713822123464706	0.5605681321624238	0.15991929153915596	2.037346331485429	
0.0	0.0	0.0	0.0	0.0	
0.6706595834950008	0.39775559708001573	0.9983354092097954	0.1302645289353387	1.7052438152984386	
0.2354080016585962	0.0	0.4216671617074666	0.3061857989187145	0.7054053473616523	
0.46644849111808423	0.05796849218924313	0.17134179804630476	0.35404341035671943	0.23705342964180634	
0.6939840439395359	0.0	0.9113986911594579	0.19884134752819982	0.5800959360464152	
0.47183983822144	0.07985625294720043	0.6939101734426177	0.025109217221221395	0.7220368526492524	
0.7192802916576463	0.40116082028830213	0.9248614499561709	0.902700785418753	0.20653999997397102	
0.7192980099294692	0.17297587952153157	0.03821701460817359	0.0	0.7893812975384065	
0.6032886258409559	0.2976479227191324	0.2711896762096468	0.0	0.0	
0.0	0.3739869248818536	1.0267057466310527	0.9030167145666149	0.916648897830346	
0.4626380302245	0.0012250397599061777	1.057156035237167	0.09127651812460452	0.2863505265792746	
0.0	0.0	0.0	0.0	0.0	
0.43944450491545956	0.24817023232615743	0.667629290709841	0.5922188337595304	0.545967206456608	
0.3837859195380872	0.07233049850187678	0.14767075321677173	0.4186906442768195	0.741157727470164	
0.36024191204994377	0.3633862422861224	0.16724925190957596	0.30205024167005495	0.49216531249458734	
0.6278763650745762	0.5515102889100586	0.53613065365865	0.5442719629350335	0.525124387398351	
1.7960786160552714E-4	0.2697305354136069	1.559167714870757E-5	0.4869131707556323	0.7487907892412337	
0.21272807532927507	0.30738021313440994	0.4032333078749947	0.036416515559954156	0.5581794190372436	
0.0	0.0	0.0	0.0	0.0	
0.21672257821517935	0.34005535822353655	0.654981224102725	0.45541310889052733	0.4452268719148658	
0.34579570616041944	0.34808117730742466	0.06068051980301528	0.178278744398002	0.17753980998683633	
0.6343266451984265	0.0	0.10655105494880943	0.3839549497118566	0.20072521593437065	
0.17527229739444786	0.19049949467592592	0.0	0.0	0.2168687164798146	
0.6041076359719705	0.9046818891267414	0.10765744933578174	0.4629509910856774	0.12308100443238182	
0.5905355405824892	0.3241368908511809	0.8366336714522348	0.3066929925714103	1.4766152209180117	
0.7169619785487643	0.3373963339814911	0.20443032830847596	0.025265622962803137	0.39992141395048375	
0.47765781297139953	0.014524810418171599	0.21986631585281216	0.1764105362232919	0.32203119112136874	
0.46859626302056256	0.1770439608794502	1.304951825496781E-4	0.4273728523444388	0.2581936751005472	
0.7006246919150916	0.30640082971130134	0.14177764319334102	0.05375546758169787	0.282680605695613	
0.14631520248150623	0.819598861296402	0.18587786023701652	0.13426837532562272	0.34472069249304765	
0.1582640500316359	0.2584371269852696	0.8609215756945874	0.28311731135674995	1.0881345592591614	
0.0	0.0	0.0	0.0	0.0	
0.0	0.8693158247240453	1.9566693580328622	0.0	1.6257180006379912	
0.0	0.0	0.0	0.0	0.0	
0.24776032239478082	0.6896224866351457	0.7757142989101417	0.9773209073960505	0.4328783317438798	
1.9291501874018404	1.6724767704777075	9.8619899199023E-5	0.25802847520535643	0.22863496875035313	
0.7290291947914636	0.2202254526514078	0.23493468186668845	0.33733233473253027	0.5254006177159742	
0.0	0.0	0.0	0.0	0.0	
0.155710054016164	0.10291157918664129	0.47609176134340647	0.04726944878400802	0.7799054114140632	
0.6053103243906319	0.06108706446943678	0.056332655265127506	0.39302045620296583	0.7947314962383241	
0.09501647472844478	0.23914977489380881	0.286875841589668	0.14682512418692265	0.5103957066220031	
1.2157020342852412	0.3286337054624781	0.28235038008491953	0.7514457802961786	0.350357720107993	
0.03354773006541249	0.35146232007393674	0.02644265080744782	0.4925012397196169	0.12629242134206797	
0.0	0.0	0.8956658112396837	0.31324985114558923	1.0010906419184074	
0.8260862844431602	0.3685650029229062	0.6148935648209899	0.0	0.524077925692794	
0.0	0.45563980847549596	0.6537190201991161	0.488587408263977	1.539119967708803	
0.04818972136677294	0.10111385947516945	0.1094797633379615	0.1952686350292499	0.20395085799232782	
0.1856771240420814	0.6461823854657957	0.6920183707844105	0.1843835981692083	0.9765621060849299	
0.17561935672758935	0.0	0.16379072011167686	0.0	0.050104167450482975	
0.06356287975473796	0.020377960487245012	0.22756940361933697	0.9746156318157416	0.0	
0.15192616672632048	0.23307760121788573	0.3555543252518414	0.010878723637626039	0.2509831707582841	
0.09328652666282376	0.41925074753879293	0.21208378166353933	0.06402656720639391	0.4491734962891411	
0.16906370976338692	0.3783247279581794	0.9743959982051631	0.3766612695361953	1.071010922845278	
1.475087536045496	0.22975810284864595	0.40674024535806	0.8962757928127493	1.037896807374944	
0.0	0.0	0.0	0.0	0.0	
2.197609701813457	2.3240963983394223	1.5673591301915792	1.6548963411840723	1.027967563132992	
0.3114784398987071	0.3241163841676614	1.525723771265018	0.5976913757875655	1.625425773823861	
0.5965709339338802	0.7974616668985051	0.39237264717925435	0.36873376044501854	0.4958051349489947	
0.06413057911318136	0.39510971766587905	1.0221164913487981	0.0	0.9262310370127972	
10.404378432422495	9.853020094471189	8.649251619271558	9.952568733528711	7.190914063612122	
0.0	0.39314743381991885	0.3840310825915787	0.24671697813260474	0.543975415338106	
0.0	0.0	0.0	0.0	0.0	
5.491912950316339E-5	0.39788461334203745	0.10116655646696222	0.23677271750970677	0.6000854343384444	
0.5842661510647514	0.7648905968956763	0.8050325763328346	0.5649815040936401	0.6779692762399189	
0.3154975224132801	0.028358489032827967	0.20924971088863464	0.13455126051091973	0.2711394295050545	
0.059240418395498394	0.6300591038637244	0.3699445900428717	0.06353467043821646	0.37807733324098974	
0.0	0.1314056467480736	0.0	0.5853390097600748	0.6111484390007953	
0.0	0.0	0.0	0.0	0.0	
0.19923163070086267	0.5521314511362877	0.58411304290713	0.729330183050725	1.3345798950843586	
0.2649956937322186	0.0	0.2743624083363504	0.37660152608589736	0.5817702602130478	
0.0	0.17723313703997226	0.381738146195299	0.1315525468607985	0.42869321382176917	
0.25694998470394265	0.4107671090026375	0.5145385386892293	0.9083459731446044	0.11824789480525531	
0.3109933217457942	0.1805635239393951	0.06920108714223759	0.19706726143826303	0.3610925765019006	
0.5131914002148865	0.6677901600826937	0.8191900604516658	0.0	0.40394847125048905	
0.09683837592489353	0.36574364221131855	0.0	0.6784169416405987	0.7069702397671416	
0.9230372750282347	0.4493759595969216	0.5421611752014128	2.6560218001276346E-5	0.4883365959742079	
0.1251978159095885	0.31212254727668004	0.0	0.46937823463575595	0.3853192884740402	
0.27028572801385214	0.126790352162748	0.44989162381532327	0.586314156138569	0.5062275780909614	
0.07332694034681111	0.026834650453984903	0.0	0.16439656287083193	0.21507618214474175	
0.310553900518966	0.5586655613828618	1.0221338795238717	0.024407815877706164	1.1120916466571507	
0.0	0.24729551957794835	0.0	0.37914302364634794	0.08813159351297109	
0.2668948447961649	0.023818582084660547	0.5835958525771625	0.12982383247816565	0.8512420339111152	
0.0	0.0	0.0	0.0	0.0	
0.49033074133062104	2.439547607711564	0.3712018205283854	0.2267524146336468	0.22175803660966498	
0.18714190309092535	0.13397497609636697	0.030707153237418235	0.0	0.28200283566578116	
0.0	1.5167673229915597	0.34730842190509836	0.19391921487838792	3.25055972883363	
0.4735076627619962	0.1757200615579176	0.1565604004957923	0.028852497869489912	0.6482045602490376	
0.44001171462833644	0.0	0.15384125148540023	0.1525275506963354	0.6165843938956003	
0.4899572230932793	0.7308631425434448	0.0	0.7674525010343664	0.5160064037271054	
0.2824764394529296	0.11452103831254647	0.017796665462420494	0.2878901603006385	0.39403975101251026	
0.5402242825897065	0.3111684846027871	0.04815330070027893	0.4907891763850673	0.5653684728165638	
0.26463537908879686	0.39122070146757604	0.0	0.021495426748717256	0.42163100700715567	
2.796272185383327	3.0295237510510638	2.203537526023107	2.0331035156868187	1.9695844456696605	
0.0	0.0	0.0	0.0	0.0	
0.2899765855001982	0.4917315161621349	0.0	0.5063386917073965	0.2209063395152033	
0.0	0.153529036192954	0.2017964421005319	0.5697010447243835	0.6448607042638551	
0.09453719682453525	0.0	0.12352996234445035	0.28319267950771804	0.0	
0.12373593329452696	0.2685632597489627	0.10572008499629142	0.7232031062811443	0.8609295722090644	
0.5179508133273151	0.3202616753417597	0.10897701968300355	0.004540860868875238	0.40498597294739186	
0.2193863824528605	0.3146624876420066	0.5571065593805373	0.5656349952643438	0.7733201004275557	
0.6603532745998003	0.2377952956822321	0.019800421385464947	0.4210743164606984	0.20857379184141706	
0.40094536049005935	0.5770860772864309	0.5989967426077479	0.5809208400857161	1.0151850993958624	
0.2704149681161701	0.03624504370633898	0.8787551167236631	0.31074818942243054	1.1634819000441687	
0.5225086122057035	0.2347289924129906	0.18530822261607655	0.2835550248528645	0.711271979510105	
0.07722258815044888	0.33769131166390065	0.3287904749556844	0.044545649580986765	0.19505045009000396	
1.0053035087128832	1.1989288994734673	1.4256790688717323E-4	0.431433569994933	0.015434079486625956	
0.1496621418731878	0.458732004771306	0.0	0.07013679932520359	0.340339807269323	
0.7652701500403793	0.0	0.1446818026381265	0.0	0.0	
0.10863375935553439	0.6876233604226073	0.4710951735259562	0.0	0.0	
0.0	1.3043399877688135	0.0	0.7131250424499892	0.21011877646898094	
0.3876899398357296	0.0	0.605519013647494	0.8317470178060209	0.7954313326578897	
0.30384218147063075	0.27362060074674144	0.0	0.4590688635124753	0.31497637534259687	
0.17428793865212816	0.2245378599201907	0.21644728162516053	0.4910054646997913	0.4257709229078311	
0.1930756526329536	0.47427130840870935	0.14079818922246126	0.5757267522955644	0.4360745559725224	
0.3183904106454545	0.09326613733986572	0.09786557917251529	0.17171072421012074	0.5812320272565968	
2.4657693497753064	1.883116459821243	1.1736119325552028	1.1078412932079686	0.7260432023582993	
0.5369995567615837	0.7650233626304569	0.1896314102939891	0.5362184494571864	0.8071102611777107	
0.0	0.0	0.0	0.0	0.0	
0.5118904013220197	0.28730877054117077	0.6518419229129222	0.0	0.8002575439154382	
0.3925908978714562	0.5250874785513531	0.917279521104471	0.2505535227800529	0.7759678283067523	
0.0058126476155205345	0.0	0.31282689596585195	0.04539990030081787	0.0	
0.05513293989587276	1.0006658507111468	0.5179261564974387	0.20045023738832252	0.2697566940599412	
0.0	0.0	2.4363789927912904	0.2114305816289966	2.1331213985815842	
0.0	0.0	0.0	0.0	0.0	
0.36909550920341583	0.3208510164614505	0.2690019846059867	0.45440473230964096	0.07659077836796727	
0.3257600705587529	0.03818737941486121	0.35204939600354423	0.46265243028556335	0.6237494550216808	
0.49290796753297733	0.3777729977519368	0.35255234978567945	0.5436112608988867	0.4612892643697491	
0.0	0.0	0.0	0.0	0.0	
0.504111297344752	0.0	0.480859427866341	0.3203871914991082	0.5489660986743857	
0.6417999156837448	0.556386707350487	0.0	0.7506931041390513	0.22771395235437317	
0.18953401977452197	0.13566462725890838	0.18676010400559873	0.2141624668943263	0.05715281860807612	
0.7456519076097124	0.4626812876607831	0.022746799013146513	0.7975524574584791	0.5052771352231618	
0.326318049819421	0.1495518667158034	0.0	0.4521808324674478	0.5557902358844207	
0.3043850370435115	2.855366230843249	0.9806579534576542	3.2218957642376056	0.9585358777485556	
3.1829682864411204	3.4393865482473696	3.5349966262887556	3.16117945320204	3.0297281207463422	
0.2632565742518857	0.0	0.30897692349171807	0.3073876438693718	0.39028498114948484	
0.0853374045953958	0.9220428030282284	0.0	0.5363741285518265	0.25871852547752605	
0.23822167751859236	0.6484157263792824	0.13015447421125942	0.7724895844025658	0.0	
0.29402826192739395	0.647511934142113	0.6689783850432307	0.3644269090186796	0.34276636746372363	
0.5977753271616473	0.3320174665084847	0.33467235073184726	0.18640859780153837	0.6186654968203674	
0.2424250510399423	0.0	0.3267226828705231	0.03984606491250111	0.5153356160662086	
0.7393977316416388	0.3538915807904394	0.5779225033171318	0.33401276575291633	0.24461448569914446	
0.6568662401097092	0.3938867377736051	0.6554680399979277	0.627361153106629	0.5395878690799432	
0.26018078305262016	0.3172562555561616	0.3200282595580179	0.6508499779435912	0.4599603351872628	
0.6632102172700706	0.5353799106792301	0.5418023398346296	0.2570306651736299	0.43016960120226283	
0.28191582833943407	0.04562130517659476	0.291151196080793	0.12189664013458636	0.22127713082201947	
0.16580184149184146	0.5021023227370128	0.2494580951307068	0.27891589520560334	0.45379317408426456	
0.24179491588107302	0.029922803275904186	0.9788953990469081	0.4311336564943899	1.1149039292804492	
1.4095375450265648	1.6100076995965977	0.09340774406420488	0.496891820710327	0.0	
0.14484333356556273	0.055060568670498695	0.2822106820809975	0.41291334224476106	0.3191166443495817	
0.33833082683534865	0.2479827173765832	0.0	0.0062057554008003455	0.49887299288674763	
0.6168002311448444	0.6850496443183721	0.2508017542647922	0.13427485951642693	0.2144348949999406	
0.5112035390110583	1.038730248462172	0.13995108860945726	0.0	0.28304540375816445	
0.2673476851573478	0.4639416446086031	0.4529244908872873	0.027490882400125382	0.5770463765528713	
0.0	0.21583608004111748	0.36652098204123634	0.3598797604051212	0.7839584971659771	
0.5526631145655496	0.0	0.5428278063133187	0.31530941598007206	0.6093707956980275	
0.16544626520898204	0.41676451756915284	0.6325555031400608	0.13882743042701928	0.9103591281879813	
0.0	0.045921418615786885	0.40594678222453534	0.0030617125587172607	0.9672142794750715	
5.758497732152894E-5	0.0	0.3248540170560503	0.7183433949738645	1.0804617306021471	
0.0	0.7414193140507166	0.7819417709263549	0.22111783841932497	1.1490474796262302	
0.8959913590899821	0.38927467515702435	0.0	1.388311396252388	0.17379716976332105	
0.15200873673945642	0.0	0.0	0.7169483747377313	0.656264070677428	
0.1008398236795712	0.19062995969026805	0.0	0.17089764171518912	0.1584215966921677	
0.31233550539375965	0.0	0.1304625180600002	0.15652573944267786	0.7091972626263403	
0.3783926564237254	0.5045894594109879	0.26706975980379305	0.4999183949160344	1.5579903447723398	
0.10467715273765704	0.34325437312717666	0.27146589789695813	0.24748926114439676	0.2457282928625015	
0.0	0.4270077913807017	0.0	0.799156653722394	0.0	
0.039360071077804135	0.07159642345656153	0.3003671841673942	0.06737349909162714	0.7088503861600371	
0.0	0.0	1.0476396572568907	0.3134778224321403	1.060101661747492	
0.330365128014756	0.3559459137342932	0.46745373285834574	0.16324903761639448	0.39592294470204786	
0.18198752279916636	0.38500204589365367	0.20664515963243363	0.03704586200980122	0.3522040604372882	
0.06999102780706631	0.16728890353015421	0.2241213903059486	0.5768475014792958	0.27146523929421584	
0.12659450498976155	0.31657587303645723	0.6030789887985084	0.09076746883877987	0.49274351275474043	
0.07062660936975065	0.0391598321188127	0.44174975241169645	0.022898622370882454	0.7782790598617153	
0.5882952067406673	0.8158432161564302	0.41896555887032083	1.2828005937149534	0.4694717861026008	
0.7092060390944336	1.4571845577713858	0.6640433480873724	0.511053858756899	1.0168488380109535	
0.483010179568673	7.807117261120124E-4	0.2643260413982353	0.4024677290367621	0.4812428760939321	
0.5280128247863615	0.4680491123794452	0.7333934729794737	0.4022252163807487	0.2934993790801031	
0.19361658742088775	0.029722494387528175	0.7929950867648778	0.0	0.0	
0.265649874655702	0.19017972994256716	0.7107983401255161	0.14021080536604014	0.7045348301162871	
0.08323458192336801	0.0	0.43285116786911965	0.003008587194415449	0.24964960657726903	
0.0	0.0	0.0	0.0	0.0	
0.34322527075421705	0.7060455650939894	0.0	0.08511067903131136	0.24069192353457045	
0.5148870571283795	0.5766607013226059	0.032033161298275964	0.37757021714505407	0.8509627837840782	
0.24591241763554503	0.1023738860731734	0.16866317815555223	0.2850160271585179	0.6133115671519901	
0.48255665815623916	0.5975783153074531	0.697026780671921	0.5716295692114978	0.5515245547556131	
0.6144717143050107	0.6045080831412764	0.5482326680319509	0.34626110462391035	1.0498923712196695	
0.3712145919089522	0.5891759025502559	0.8454794088412737	0.2694715033302943	0.6049598953068768	
0.28969773815741157	0.7584949017636664	0.27104271218702186	0.20266059045652393	0.6187474921636216	
0.0	0.32444463130978707	0.061465550731525126	0.1796660718065781	2.752135784214499E-4	
0.11460334024730313	0.0	0.24599210344059858	0.5259466522718432	0.7323987103522891	
0.0	1.6203368488942065	0.36256476279456046	0.0	3.7269071223649237	
0.6236843738395913	0.4662319030551109	1.0155218414177083	0.3701696594905535	1.6205536243056295	
0.1748697601403495	0.0010295325987126089	0.30113286036384307	0.1826540244975389	0.2948959122824675	
0.3505553933093199	0.8055209958652163	0.3681585261040871	0.2964148333272752	1.24000833426515	
0.0	0.0	0.0	0.0	0.0	
0.5808527774844465	0.06152488995094791	0.6913053457322454	0.0	0.44170177232283675	
0.0	0.0	0.0	0.0	0.0	
0.0	0.0	0.0	0.0	0.0	
0.4260260211723732	0.3956896389095546	0.09899290035951985	0.04590196020236964	0.8962172503627968	
0.2791965524810352	0.0	0.5884801945755116	0.42231982125480455	0.47593308767160225	
1.0544947790612784	0.5805874329423699	0.40086198750559143	0.4172146382299741	0.2097604628404388	
0.36819898744715895	0.0	0.5047353938643552	0.4410446172680471	0.81774669104858	
0.1792572947605207	0.01610251684750982	2.0738046131278276	0.0	1.088876628403583	
0.0	0.0	0.0	0.0	0.0	
3.5843638396414614	3.3840940952345475	4.085004712977509	3.374820487310571	2.714371443358621	
0.45291491597974914	0.058466101352047856	0.2854570587925317	0.12975802560066063	0.415152514627321	
0.31884192213078144	0.0	0.35266635776725924	0.28969636213866823	0.3742634785113812	
1.4828346546567992	0.9046621257862623	0.7510655904884062	0.7836922669934359	0.08958238143805028	
3.7551099144153723	4.130966119470824	4.167856302023964	3.335510801094334	3.581011982566172	
0.0	0.0	0.21249355461050762	0.10571021805003028	0.8799451528564303	
3.530094724192624E-4	0.059122059851888065	0.08699450028539976	0.363104959171043	0.7933181916891259	
0.1789661444006238	0.0	0.34511976543340717	0.48703747751968324	1.1715641068460154	
0.845008372452043	0.5905450475251952	0.11347992213175083	0.3591233520711793	0.2369242252214841	
0.6429586951568297	0.0	0.130687563592365	0.6056094918499324	0.5839550015888844	
0.0	0.8281640880441314	0.7005079874970579	0.22176044446963591	0.869403468235649	
0.39786638884822595	0.8043321262566576	0.8582390394814067	0.6060379580123765	0.7841645281022992	
0.8556235474892165	0.12157211051017897	1.060424990964373	0.2523338261733137	0.092856812792746	
0.0	0.0	0.0	0.0	0.0	
0.0014738782195444914	0.5953834794316251	0.07111059538696383	0.3114379580449778	0.3096285347050419	
0.9800530122310778	0.47821264024294674	0.6462916491525682	0.5881597585963794	1.207407955249264	
0.2668817936879783	0.0	0.2090463118526036	0.0	0.4303735072448136	
0.5608894728184209	0.21679797995956918	0.9490661193037919	0.14447221560826873	0.9150530583896573	
0.3831194878339615	0.015605343161250063	0.2862958465043646	0.7322516315399459	0.7618933323587675	
0.22668152874465222	3.350277205169072E-5	0.1452263449842425	0.20729906510462476	1.2810984761994897	
0.021858263523856333	0.5055346371353823	0.9433215609210303	0.6244534524689783	0.34931520826230156	
0.0	0.6112799342432288	0.5174480856932943	0.056740204729036445	0.8087423509181666	
0.17436295187962966	0.8107193239668675	0.5461961373852747	0.08926545612445339	0.7065469106101112	
0.4496705489433395	0.3636281943533904	1.248397191245254	0.5820556654762316	0.8346438195918899	
0.0	0.0	1.3393186427075314	0.0	0.32529925542074134	
0.5171516040030887	0.25052014292728464	1.1208590710259596	0.11571570061049571	0.9702640201698775	
0.30574753637406676	0.6745830757945801	0.023021925378296698	0.17809827134114287	0.07308872737022307	
0.5813813271113978	0.5862599346191301	0.1593000644920369	0.10866276304769294	0.6777364889696685	
0.3478028444361924	0.05537398873140735	0.2991546623223807	0.3010722911094923	0.4995553791769553	
0.0	0.0	0.0	0.0	0.0	
0.49153631985241564	0.34653566933168545	0.680249839297013	0.1754339704000453	0.49358274117423556	
0.2051564484607664	0.012245631571201215	0.40120596760630317	0.30206357940346107	0.06700268403330946	
0.38078551563561386	0.2694391726137357	0.2889743239962327	0.0018417641951716727	0.42014658456677734	
0.05293896656808404	0.2239910347207776	0.4697733375985379	0.30259364379958387	0.4220532744903121	
0.5408552015186742	0.5700209375618922	0.12055907176257656	0.384612915064557	0.9048127048882605	
0.5443129797001665	0.018025640529202105	1.0153483649438537	1.24295047093638	0.5962063659415731	
0.0	0.4768881975609914	8.666743201805574E-4	0.07720982981469895	0.07768508509356978	
0.1466548994739153	0.0	0.4392996041337417	0.14850861159077844	0.0	
0.6274994051733961	0.6840544927221687	0.0	0.0	0.20971379799094686	
0.45540655123613466	0.2638592162584321	0.8157494813118988	0.9074739113630186	0.24238310718144768	
0.731978940531411	0.4610730351927322	0.23772313001550924	0.17135937821660086	1.574180546823625	
0.6052578652377487	0.0	0.0	0.7377454560690209	0.44456423586985283	
0.6097341637608428	0.328109446936877	0.036313328938610896	0.004892523240122012	0.04421450083000472	
0.1823705261690764	0.30350170248642094	0.554314096222725	0.6393535454943494	0.6676455994980596	
0.0	0.003271764090475877	0.019707785234952573	0.6773497441341407	0.550469221150289	
0.2495390190739579	0.036392656722365496	0.0	0.30765172990133327	0.06767302743136984	
0.3982829739157064	0.35724666600164223	0.13579990451673712	0.4900708990946653	0.0	
0.2396271021291993	1.5483075213529722	0.8268316923207514	1.45233335763154	0.24951688476336084	
0.3509662158026388	0.2493793980851984	0.3625485940013559	0.1022479495275111	0.21645880833376197	
0.6679501403471871	0.4353528099282814	0.955987961876265	0.2837869530289175	1.5135180028292123	
0.0	0.2593368001842738	0.523650020896738	0.4028543648284286	1.2094841382032844	
0.4479340750711656	0.6900984276145643	0.923882718910762	0.3552452898422379	1.0612640471788897	
0.46458510314177304	0.0	1.1245853591210788	0.0	0.6433267342898906	
0.0	0.9943357336311663	0.0	0.22403884640069857	2.7346763645749945	
1.0577219695888762	1.21998967768126	0.817869507369476	2.2040029287622858	1.398821262298225	
0.40425264521223	0.24854726187508597	0.32264570482841304	0.0011702450876741363	0.3178521073733973	
1.2200848786422268E-4	0.0	0.3338216510428748	0.4358762980353695	0.6379419330878696	
0.43341660987205116	0.6149164626902345	0.4326901177969752	0.5518108167571208	0.5453890160066114	
0.9321139076725113	0.30708368912236844	0.06270281636161953	0.39120270444322447	0.8204707074992167	
0.7407899619630305	0.0	0.4100308698313491	0.4334816307035519	0.5543497376750889	
0.14878107102335325	0.4536008930640827	0.21595002244821196	0.43019004493917157	0.4564428834848899	
0.6023874537926133	0.13845400651769368	0.18060336771841107	0.3141361514582584	0.06458200436505651	
1.2904624781663732	0.7555679943848354	1.0429744535673828	0.9711521728961835	0.530456816648288	
0.47683204203561397	0.3742646910417285	0.22137861877455978	0.39144082068055197	0.607194425873795	
0.1238209986176956	0.0	0.014477632632373179	1.0896750760919511	0.32241051981441315	
0.0	2.97954720932228E-4	0.009726540468981176	0.40842300007467575	0.3281612945009408	
0.3019667600763847	0.17932592443695433	0.5584178560487602	0.3769918581724971	1.1480008387261649	
0.0	0.0	0.6723390768493827	0.0	0.0	
0.190571936327119	0.0	0.25174558935853114	0.6668142280462861	0.5781860480449702	
0.7868262438559264	0.08766781940567901	0.3235381918339906	0.054487547298489564	0.4918946718863544	
0.13555035010818545	0.2574712082599309	0.20293743092096783	0.49319900792838606	0.7764398599455344	
0.0	0.588958164283146	0.2417794828088672	0.4823959585698206	0.1634073744027988	
0.5331778089093384	0.22142743576652996	0.2872748010864836	0.06415421611009443	0.4162085724320374	
0.5200160420011722	0.3767263490536133	0.21050645701006607	0.00981900400986354	0.3931310477026591	
0.05876431111570625	0.9995287434338813	0.3904089797849373	0.27504895459134715	0.28825597959759974	
0.9321903044866502	0.36001047427667104	0.6384944725142983	0.5585805368564867	0.6881131624570798	
0.0	0.7476542557646773	0.7426500406882294	0.21816720245621318	0.7621269176384887	
0.447258051420191	0.09177939550074503	0.0	0.40149810483536985	0.6139747239638205	
0.0	0.0	0.0	0.0	0.0	
2.1715540660926815	0.256830700552362	1.7182819186441656	1.39550599914601	0.9453895903053556	
0.0	0.3993201063558804	0.9688733120436223	1.2719999726617348	9.542248333933419E-4	
0.22600608991229368	0.0	0.5322200425875688	0.24639467521552325	0.6759370887082623	
0.42790133417146153	0.23684270129974003	1.3980610674877931	0.24845863135988258	0.6046924236889774	
1.9985658274253808	2.007977883937891	0.0	1.8582551167825823	0.0	
0.6543308201111562	0.26948762240176516	0.0	1.0029677820019889	0.49516388170978043	
0.5330687149686092	0.1290982193713241	0.0	0.4029766173910188	0.5005898052756362	
0.0	0.3393197616584494	0.0	0.17553675535501082	0.3971143243387575	
0.27288395867648335	0.6440293597331206	0.0	0.377425261325054	0.42385208414076453	
0.8586656336300659	0.44504680426411686	0.8969016018578172	0.4156540064647112	0.44428129942767614	
0.3260867148028197	0.03664734641609332	0.5458780662850834	0.23228863991443563	0.5195061602542601	
0.4054952651119037	1.7104881255231104	0.3219239972593697	0.0	2.8966990021578605	
0.20530872548524864	0.06158240305476389	0.3109487262798679	0.048679092746891695	0.2070873633851006	
3.171572811920495E-4	0.5590089165691389	0.015595837485919336	0.1518474042361715	0.30561728196850135	
0.0	0.0	0.0	0.0	0.0	
0.2621384748887299	0.5105835950910811	0.31180234007501384	0.31214028787973286	0.9913469149213328	
1.059424209631818	0.40583614926050277	0.20026351284841568	0.655978098575236	1.6306941875037855	
0.695603078080478	0.1401265231659196	0.7282971483109831	0.23138591357480393	0.21945392578831097	
0.12991325277275326	0.3136605601630848	0.3069236025217705	0.6284705805949656	0.4566870079657517	
0.0	0.24097945261965295	0.2739246349910815	0.6970553187565554	0.4079406431357851	
0.4704734855933755	0.7112464030192666	0.2810520361981863	0.4860068245867179	0.10250833306358179	
0.36641065376587695	0.5838639055173809	0.2862910836180996	0.6481185762718955	0.4351977497323457	
0.44934407542490484	0.3611629657487685	0.5911062749333795	0.4241719797503483	0.6514415841430176	
0.6147771746146076	0.3431697495597394	0.07965087398478997	0.5326158768551315	0.5489985566197251	
0.4051803977519039	0.5624857161438962	0.2639201827031776	0.03528191056721033	0.3807510314455004	
0.0	0.5979275829262407	0.33395084106383915	0.6289089583760693	0.7715036974842223	
0.43915045346565634	0.18448521271269525	0.3676723254186137	0.0	0.0	
0.6358377073722401	0.23240174016465265	0.760031326337724	0.10520636580224603	1.0666977930649384	
0.04616236758080919	0.0	0.0	0.6093781326712543	0.535048666922174	
0.19462641822419616	0.4967336486863987	0.15026838616921753	0.1731201797707372	0.40621448015200645	
0.3158335142090288	0.03848325282196036	2.0417470959316905E-4	0.542256716959505	0.13994837590160222	
0.3833863241220072	0.03413948330822107	0.5316149056101577	0.13970991324168308	0.6119797995880039	
0.0	0.0	0.19147818857824223	0.6834914439144275	0.6769397820347604	
0.5295601613917051	0.0252699766813853	0.10213406463818359	0.4524033175533406	0.6478297675423865	
0.27925915991792016	0.4385326458185074	0.10263382016977862	0.20000748533058268	0.09910034056693325	
0.5288123370273117	0.0	0.033604886548776004	0.4412194649881901	0.12039190636664393	
0.3741102110656977	0.029727427927390873	0.8522250431361329	0.7633640128340204	1.2838219542066044E-4	
0.31663962818871527	0.8498995942970899	0.3092066544018418	0.773564872483699	0.404122041471246	
0.006975058504887938	0.12991760092782192	0.10584115353145893	0.8516272105878179	0.7015068387337614	
0.0	0.5287163779541643	0.0	0.5330191436460197	0.4108349738276636	
0.3429163777160557	0.19502853923923233	0.4055314647331277	0.0	0.4805148271402827	
0.7090464069025078	0.168381730615566	0.9145355285094843	0.35142606497551326	0.8082697497198378	
0.2247564352422662	0.47465672880387716	0.9460703152144524	0.3378997230875168	0.8331487183697703	
1.0694166528061986	0.7915469666477638	1.1653497751956519	1.0627420682741877	0.09423172237809481	
0.12952027327638763	0.31277343356004383	0.5412750545309485	0.1175764115387351	0.7421722989651666	
0.0	0.0	0.0	0.0	0.0	
2.644691735083135	2.1461000338929415	1.5524166875021976	2.8364975052907324	2.177622729509821	
0.0	0.11250752050941713	1.5400966656737733	0.0	1.6845347639000328	
0.0	0.09316305199010899	0.024373240622746394	0.616923257795278	0.6401240218181349	
0.48135998795572077	1.49579497661321	0.18236074153220058	0.20501127846544068	2.756586045113962	
0.6296876934980106	0.0	0.42704517732584857	0.3035935545404021	1.1548627339074848	
0.4547972994348343	0.0	0.4774292279463091	0.06955311883247274	0.4319450456456607	
0.23287241260755884	0.096971936390943	0.6893816875192149	0.189861438313378	0.7586982318590084	
0.2026466251826771	0.0	0.18556936303126306	0.16314955725642488	0.4899579023990496	
0.0382239522807792	0.13265110621921944	0.0	0.22065356984641976	0.17951601008145007	
0.0	0.8058525950025273	0.0	0.4091277013532679	1.510837473354352	
0.02164982532925924	0.8783602231415927	0.3060244792363011	4.868773890236974E-4	0.4505016712390637	
0.0	0.0	0.0	0.0	0.0	
0.26887682518343103	0.7282798945668882	0.0	0.6129896084358403	0.534467293044599	
0.7530481814292384	0.23039680878943417	0.5562097771089652	0.36573922906601264	0.6908471367033463	
0.5424028331071606	0.20303533196871898	0.653111751824792	0.4809283887750186	0.16413675332642227	
0.07992320610758483	0.45338537577583776	0.014568849398126651	0.6595374761100516	0.9678449825975896	
0.36074233198357347	0.503826535480778	0.32476243205245225	0.8811335074764973	0.5112188914669937	
0.32639414663185284	0.41298351465713956	0.0932816314455073	0.08885928339947868	0.3445517605455341	
0.0	0.4250031144077482	0.22953143422265024	0.7852780831540396	1.5462545258919542	
0.5580934422472458	0.8941883924404165	0.3614923557703265	0.4991297303196968	0.06057209711107597	
2.5623911079679575	3.0561083677153538	1.482245070694745	2.921400358929525	1.4130286900485427	
0.5823526286725014	0.0	0.0	0.6274832601238178	0.35481366757877	
0.5102488586933918	0.14009858285053248	0.4814928661251169	0.2626590089694235	0.16542567241602463	
0.9934858258907192	0.4598151056601859	0.804951123778402	0.2624404810313817	0.3651409409211182	
0.05331039436399976	0.7244985321427588	0.3869245676070995	0.6044829176224782	0.8054981892645608	
0.35578623508153173	0.04517851270101659	0.09804601009691709	0.21788935172852858	0.28084728023896716	
1.2897298103533317	1.3901071689466729	1.5572996921342166	0.6085714431540327	1.477025962966703	
0.8687156266287818	3.610641503967528E-4	0.0	0.591923750116919	0.3118584646223505	
0.14842311796439245	1.146507571023742	0.21496537140048508	0.1510489907614555	0.017407853813503862	
0.8996533240721459	0.25744308548326555	1.5265809613430295	1.2194671615820682	0.6990236237815312	
0.9857469663245477	0.5628114368587501	0.7617521870992945	1.0746770175304357	0.16396289325626273	
0.2567651210164477	0.02074847423703098	0.29165967213255933	0.3901797666169348	0.3237589426842394	
0.2739323120867114	0.45230455774255607	0.04137908733084399	5.1222579042140346E-5	0.014929592088643081	
0.38556947141619224	0.16566802920102078	0.28062323231853764	0.7181033427380665	0.32441439739419636	
0.572124867271176	0.3509162425924474	0.24941790462454838	0.17765724818005146	0.8013475461260418	
0.3392223377494632	0.710623094422012	0.1186002225968213	0.30310120222393344	0.02758900041124809	
0.28797382093571894	0.3869194838900794	0.22894362144627722	0.4900979803662546	0.2141707535453789	
0.5499774172928455	0.9021896107166729	0.5647792367486727	0.8119402547928547	0.9809224033019742	
0.07999520982287883	0.22991349084775067	0.5211667449426454	0.31390580475694363	0.9126838776814477	
0.15610709340674062	1.1020603705066812	0.2876878697306467	0.4413494869114208	0.008146312257011729	
1.2190568740862504	1.0835703068328562	1.9912252973986049	2.7178585748242736	1.1772628177347633	
0.0	0.8026527080061054	0.2853761422661598	0.1781888170496906	0.46676518168987774	
0.26581602653037123	0.34439687197220636	0.29124150745324745	0.3623643119237477	0.5979580920867861	
1.1120455685153092E-4	0.20703221585055173	0.6953148174239187	0.0	0.5204849493662631	
0.0	0.34912577967305675	0.4285211817411311	0.16607221618655307	0.0	
0.25363879116296933	0.3574022386135445	0.46871660196164844	0.18162477492465687	0.29497627705819074	
0.3747987940472347	0.5040537456366391	1.2684263294319649	0.30968937192823925	1.4238433871398553	
0.38379982160339554	0.05595740085635484	0.26503605024834803	0.23035685053375368	0.45701915249802044	
0.650163913560828	0.5339250790381703	0.18431478487200412	0.9461052368713841	0.5775273401028871	
0.1549490377395598	0.21104427063700432	0.4965873515511997	0.28551836267846	0.5634883770061734	
0.0	0.0	0.0	0.0	0.0	
0.943912628079535	1.748397768235333	0.08987815335962027	0.9947637041366546	0.1454810060484356	
0.2755921696030504	0.0	0.6705890555162534	0.772326964642708	0.9766293010345728	
0.39546196275641976	0.518703020622632	0.20219407605099263	0.10212191597958588	0.28090117863107095	
0.0	0.0	0.3662778115966988	0.39432891679515747	0.45168474400125846	
0.8073279040016301	0.27096324775162955	0.802411996853534	0.4037597125339228	0.9012991218321206	
0.30586964347530826	0.5701084642028778	0.636731559882508	0.15071993706098588	0.7381385983698195	
0.04456239355088744	0.18081925409301108	0.27265399179699484	0.2324465973642088	0.42949883721768656	
0.4267344035093805	0.2600492142296376	0.0887259232107403	0.1417255273416552	0.3734982452361991	
0.6787285983604302	0.0	0.10587592126817773	0.21926051079132605	0.7898125781902946	
0.8244733412202434	0.5101000104296942	0.7422470368899721	0.0	0.6434237530083766	
0.8035924714333589	0.12504345206016965	0.23122289954309894	0.4192474476671217	0.5712878226629945	
0.24528259429559082	0.8696197645856096	0.5512052564112955	0.0	0.3612390029761845	
0.02318136292365883	0.6626626202469449	0.6958320355633033	0.12272627106508278	0.7342922629964768	
0.0	0.0	0.0	0.0	0.0	
0.6626620995944591	0.0	0.05865447741493251	0.04771612485644593	0.5229627569502395	
0.3620139565489479	0.29677264268746606	0.5513896397847489	0.19191724216363315	0.27374569545233596	
0.141731975893874	0.18336925294454312	1.0505754660384816	1.0106029315944207	0.5880664665511843	
0.27004938034855563	0.7467796488430252	0.13512988423971284	0.16130317410506378	1.0530207064094124	
0.0	0.0	0.0	0.0	0.0	
0.0	0.17589831041655685	0.0	0.45719342284019854	0.1436257533777915	
0.22833893757996204	0.03631112678802925	0.05584688799046806	0.09276574777426333	0.1314892619609461	
0.4512180592835793	0.8925103606339257	0.0	0.7918583460051327	0.05860271314886535	
1.1648216699975706	1.878882114892419	0.0	0.16106673284169123	1.1469646600827157	
0.07174684621069766	0.39096503458248694	0.47007080296141573	0.13187603128223427	0.14125231545287897	
0.33203903209869107	0.5887618001124629	0.1814676206438859	0.26014027932817146	1.126736115444198	
3.2884973806913037E-4	0.05506171549949548	0.8618387740667284	0.48060185055761606	0.6840249115163235	
0.15324039030975703	0.6109506915312692	0.16746688187964978	0.12560166281458085	1.5275139608127688	
0.4822312778064182	0.6459604987908156	0.3545925543283876	0.0894904022800119	0.6025347247088214	
0.050733241018364524	0.28202583353719946	0.2554671298281578	0.683690405003384	0.5169720105504243	
0.3052158757193062	0.0	0.21816000228850435	0.3819872287102479	0.5293067423197562	
0.1978177433182961	0.6144773757930023	0.3449431684941547	0.4183590530850111	0.47689592443149	
0.06748218809568245	0.19931648246884223	0.5956513468784232	0.017257787927352164	0.895846984770065	
0.28869335323197987	0.6077205180644443	0.2575258569527199	0.0	0.3837902494482842	
0.2503956219074379	0.4230222531875928	0.6809227225143749	0.20649128124574395	0.6943207353191597	
0.11878010013780244	0.0	4.2229663446915154E-4	0.5723212932724205	0.45626289446216983	
0.5089411695076681	0.44870185025321596	0.573311879765099	0.0	0.16901999777501073	
0.5583633799366392	0.45122205551312167	0.8557002650211425	0.9976369049793383	0.5328822872797863	
0.37891108617595115	0.17290367872243467	0.19464414185070683	0.44434608291470373	0.4400303879763529	
0.4027588352268233	0.08587754408754465	0.6560018808969749	0.6582930794366887	0.4839485576308138	
0.27891972972147905	0.3201678274669934	0.3159156998730026	0.2713217951070396	0.1799451781294369	
0.5843099422486905	1.1604653896794286	0.005539294550925578	0.8648462573189457	0.24977434641107404	
0.5995999699090793	0.3040266157317129	0.15960107962167863	0.39727054716064164	0.17522679217465958	
0.34905064105989886	0.45305368811478475	0.6945651810563442	0.5009169505194081	0.687772556213181	
0.6582240631277684	0.45483065674376727	0.5503415771630971	0.3117615309770958	0.0	
0.4397200953002744	0.0	0.0	0.802998868814947	0.07675685769823065	
0.0	1.1508815091809306	0.18574461877604317	0.015880303711803104	2.040179080829246	
0.6896468004945888	0.0	1.0028994887835043	0.8573157277556179	0.22099779464489958	
0.17581302586845468	1.5327534233614668E-4	0.43950411384932647	0.41247580714157356	0.7186192265344253	
0.5187734807457878	1.4326075495098785	0.5931384916649718	0.12753277633583357	0.23553329242749238	
0.19190709738543477	0.3954608452599374	0.43102321279506006	0.22845540211600182	0.8972830553515515	
0.0	0.0	0.0	0.0	0.0	
0.17447535211458484	0.60435473243651	0.06499357499463367	0.8206098693639132	0.5588598133494715	
0.5601642222607305	0.6356360560990669	0.38611298341596134	0.24418899017994064	0.19299850336158855	
0.07656845751108128	0.04938712470996226	0.5761401626180048	0.5551628504113078	0.6330010872343572	
0.6525417228225338	0.17013023181060466	0.3593998951255329	0.44863510607554724	0.0	
0.9003766517749143	0.5252476509888638	0.0	0.607352762860301	1.316920183235147	
0.7740541397851073	2.453400944606401E-4	0.32283853603206597	1.105237887682865	0.1726260160656661	
0.0	0.35839483554993296	0.8523772976026671	0.7523513055367427	0.5179424616237976	
0.05248348673524598	0.19558245453852133	0.2383896015059882	0.04045241334439385	0.4284387565517601	
0.610482303146093	0.1875675519009095	1.533381074988055	0.0018197327149056422	0.8681133117764355	
0.8234704578823636	0.32899756021170173	0.4016520368405291	0.272348319531742	0.04124065548194569	
0.39220033123058956	0.09288302214119254	0.49886418849060893	0.5187506871475389	0.7663930827441214	
0.22550551850521147	0.33112413287367076	0.0	0.33522346696877037	0.29782258312593896	
0.1704950290933455	0.3764641495124962	0.4263375645701401	0.24780313242012839	0.46165709611172684	
1.045987112479501	0.2366018271974979	0.7357665592613991	0.28567827026735654	0.8606208450616049	
0.0	0.0	0.0	0.0	0.0	
0.0	0.642883814163599	0.20763324824474544	0.5308969441049869	0.6122527588383462	
0.3053427611992727	0.10226022478934306	0.6934821433479147	0.29226010089308935	0.6010633324397329	
0.8486960114998034	0.5232487944183374	0.20002741280200445	0.08930074683131002	0.5820663866969656	
0.7188312235605756	0.8648889951724169	0.6088546417439583	0.3151816046807843	0.5204247844073553	
0.0	0.4778300225597599	0.3780943487508317	0.3507275757397392	0.21234210945886187	
0.3910704101924038	0.6184062171342296	0.16909418872611218	0.631754997443408	0.2965591918333729	
0.004191601142129023	0.3434710525186962	0.4479299322180804	0.1802731017579881	0.8677515241654673	
8.937902701088262E-6	0.3366000289519499	0.12682623721148037	0.1583746920799852	0.796422821313538	
0.10831829687212884	0.28079048965441455	0.0	0.5172956246524412	0.2255419696693033	
0.0	0.3989704142862736	0.030014477224754397	0.4537798381340494	0.631969090973877	
0.4624065924800677	0.5149767417057838	0.37014284784561263	0.7764396832654736	0.6678411814489241	
0.0	0.0	0.0	0.0	0.0	
0.9721478712745628	0.12744764190697178	0.5586621856832475	2.4191339683615358E-4	0.12569265886191355	
0.35425564817328736	0.2176431119541234	0.252407605975792	0.6238194278699639	0.20511910455645144	
1.4681948351508858	1.555260977745621	0.06390983542288488	1.1529371079919961	0.0	
0.28318734834976067	0.4014048918977578	0.2285072773973451	0.4242437921725507	0.4943820795960849	
0.19221518938457946	0.6168785081222766	0.5055330202008349	0.1795011169043605	0.6233936433762898	
0.36655166159529196	0.41974828472895737	1.0640121039861736	0.35205487648013384	1.2650581490168231	
0.7407029745442427	0.5972802848331474	0.22670049188680882	0.046334711702067675	1.2105505647585415	
0.5770282382318003	0.5303520099116347	1.417775220777881	0.0	1.5413726712598208	
