0.10050551292015254	0.0444587274074072	0.18015306049593105	0.14633370044461805	0.03694518499048663	
0.217520328143446	0.20447466802181172	0.42958910141126744	0.06285096750271148	0.410519297890346	
0.0	0.0	0.0	0.0	0.0	
0.3370062158985986	0.10599730490167768	0.18783962659124423	0.4993633463999621	0.3441937300761984	
0.0	0.0	0.0	0.0	0.0	
0.0	0.0	0.0	0.0	0.0	
1.3449237725443157	1.4208720122804885	0.4560124509809585	1.142285394570986	0.18593055235742578	
0.86905490901656	0.5404589819391288	0.0	0.9047878053513119	0.11797658441235688	
0.19305135692445272	0.3400556732701745	0.3168733285099347	0.8839439227320074	0.6583159992906044	
0.54809395994279	0.31571473964734487	0.0	0.4827818340921395	0.48353930063022105	
1.5236495093361266	0.18498875329077147	0.9278845016856555	0.7086221962656074	0.9729087997859215	
0.24461190230832336	0.9918062443235026	0.5318063729833911	0.10627208060909835	1.3559139780405367	
1.0056285542082977	0.3803118554506578	0.23402874126086504	0.08425878189452062	0.9409371658059876	
0.0	0.0	0.0	0.0	0.0	
0.0	0.0	0.0	0.0	0.0	
0.8282791897475023	0.4586937096451604	0.5457449558448715	0.5444866008472159	0.48886922384430265	
3.5356561504911435	1.8332313817214945	0.8727323726349397	0.5094056732531771	0.660846872461487	
0.0	0.03397687053830759	0.2770197394767903	0.7335974290376658	1.0295643658812998	
0.003939283295234013	0.23697075779924795	0.7135428349192756	1.6099938514681046E-4	1.115221637435303	
0.0	0.0	0.0	0.0	0.0	
0.0	0.0	0.0	0.0	0.0	
0.49648373307292126	1.1147613987439253	1.785734320722018	0.14292174869692648	1.399887705982618	
0.22968606651201562	0.7094384959539618	0.0	0.09770122445638499	0.3295978858756641	
0.261127190384951	0.2995177579796549	1.0228657018390586	0.09257624325002142	1.2804828021905954	
0.4243369341442456	0.03604088605228212	1.1077609118262688	0.08620699408538635	0.5717161184393668	
0.5014958146061099	0.45266949907794124	0.9063887738230516	0.3888142808435783	1.0337304007174883	
0.10464956043364526	0.5528207072058499	2.083354988108267	0.0	1.9552004134254153	
0.030903089276458923	0.12468583061614169	0.5964568233107332	0.2577054853946481	0.9589344416260743	
0.6454593206131386	0.43549251514056575	0.32767950422090375	0.3068275041456805	0.5722787570013239	
0.3617274663264539	0.0	0.42009744905011326	0.2534995540786835	0.6756588742958795	
0.0	0.0	0.0	0.0	0.0	
0.6087350264692188	0.0	0.3120495158898644	0.31941848324402217	0.8163596613268119	
0.35672308565408545	0.08612334724788205	0.8546974243796184	0.3456488971559384	1.1464417621673222	
0.2501937979506334	0.15516820668871187	0.48848537689024946	0.24384626779130616	1.1042776141844104	
0.0	0.0	0.0	0.0	0.0	
0.0	0.5265150097986308	0.7207411992529614	0.4280032131032822	1.1551882899868722	
0.46741887924876047	0.25897854153331074	0.5105744149684107	0.34336644715066217	0.3099763922645899	
0.572198566964436	0.30847722833796926	0.04077274110570977	0.2953420689868388	0.36830181178957505	
0.0	0.0	0.0	0.0	0.0	
0.0	0.0	0.0	0.0	0.0	
0.0	0.0	0.0	0.0	0.0	
0.5066357183513516	4.689362555371986E-5	1.285762226100947	0.12861277579863986	1.1480890631170837	
0.3941208480790542	0.32681764906049077	0.6710432813682169	0.4775504648830082	0.6825608066686623	
0.5942191079334299	0.2781538002534617	0.0013815654193674116	0.4969420516542496	0.2999875315177459	
0.6515558800968213	0.6046229482189227	1.5560988845193935	0.0	1.3431381868022505	
0.0	0.0	0.0	0.0	0.0	
0.0	0.0	0.0	0.0	0.0	
0.5335462074948991	0.03555146159970044	0.0	0.7126407740114664	0.9398126481000594	
0.0	0.0	0.0	0.0	0.0	
0.28991935979570044	0.7793380140255436	0.9233057122471517	0.5957338697495972	2.128567071275973	
0.030023140622310332	0.5751059529176183	0.4409173139748998	0.5940924473970742	0.37457486747664315	
0.061318928671929285	0.0740810585279938	0.2905453314910005	0.5628437353016937	0.8487199702049225	
0.0	0.0	0.0	0.0	0.0	
0.0	0.0	0.0	0.0	0.0	
0.13404402848050745	0.13881466854823116	0.21908694209628646	0.04651067127898942	0.40896291726527995	
0.6542963462660221	0.6380089560134664	0.026408225455819848	0.5812237620695113	1.577545166457987	
0.09307959694179538	0.04396585883965439	0.16987210658843205	0.1975131566153195	0.19859255771589823	
0.4936781326555068	6.671259494357284E-7	0.8321360572168802	0.03261593840982712	0.595624383781541	
0.23872525507935502	0.18152448546823619	0.5505421940002058	0.3443118147855065	0.5588345792075577	
0.0	0.0	0.5302362810814032	0.24427692996968803	1.1521943443688112	
0.3678651475718379	0.645957780348615	0.0	0.5359969854786536	0.3998604547265	
0.6088719174210043	0.26268451315960145	0.3456742467608094	0.25736224298894106	0.5465766688567943	
0.5752718195126049	0.4810727631783026	0.6745376127216703	0.24467816693615202	0.796184180902049	
1.0313296334740973	0.7594946625423148	0.6210768822877014	0.5557294473250338	0.11639459319913999	
0.0	7.940364222036502E-5	0.5061735955685859	0.3890559058648245	1.0286320973303136	
0.5031546902675463	0.8464402183933126	0.646418897070317	0.06844899832755101	0.9172356669086749	
0.4790436125046625	0.4711545225006973	0.5174179247075847	0.10938247587096632	0.47500884853233216	
0.0	0.0	0.0	0.0	0.0	
2.6442508193862024	3.0939327513223414	3.151542101322759	2.5491678679966205	2.838459121727171	
0.4834114377891602	0.9801565534586122	0.0017783078692690567	0.6652051809925912	0.416606542391762	
0.4624237650012329	0.20907096339975206	0.0	0.4079888036741102	0.27752897468341264	
0.0	0.4534181596470686	1.269991220326024	0.1957186993312013	1.2282443272513188	
0.38675648220992026	0.5900271115513958	0.6245518045370656	0.3416396063737343	1.131336204899656	
0.0	0.0	0.0	0.0	0.0	
0.0	0.0	0.0	0.0	0.0	
0.0	0.12405511887049599	0.21697053586568327	0.06661254308353123	0.46364746866780837	
0.0	0.0	0.0	0.0	0.0	
0.2630782123725404	0.01855405897329806	1.1987646542340158	1.6925530234234085	0.0	
0.3065377143247073	0.4817059256816217	0.28626214883091083	0.058796593505725865	1.0403737748978195	
0.0	0.0	0.0	0.0	0.0	
0.0	0.0	0.0	0.0	0.0	
0.15253469915245582	0.0	0.6427041049537933	0.806257471456015	0.9539662995554499	
0.38855942311095043	0.7001532351121398	0.004710534289802817	0.0	0.8044975143528528	
0.25875014591868833	0.36462468011065163	0.5963619668998604	0.3527971247339957	1.274635097571381	
0.0	0.0	0.0	0.0	0.0	
0.508788167629525	0.287101988798838	0.23770510641785492	0.7111127304417576	0.7059154664591343	
0.4416742974526547	0.18554468450825168	1.1825637198926247	0.6747413330998353	0.8074390207767662	
0.14975421009841666	0.0	6.200482066901976	0.005958973192639109	5.434011178767006	
1.9996051294318835	2.19266523924357	2.50161788880334	2.036962607265556	1.3058548832927663	
0.6977982790048163	0.27954411852992683	0.8780048858960815	0.43845768150440523	0.8895980137971408	
0.3996917663188729	0.10637829918353867	0.28515356711279344	0.6475044433152221	0.14349742666366658	
0.4097546073763364	0.3613300356035549	0.08265234796392132	0.23481341304268985	0.7737576116881583	
0.0	0.0	0.0	0.0	0.0	
0.13704425702086748	0.5288782707265517	0.21731207906000954	0.46808787050594114	0.7169766510314094	
0.0	0.0012108216087709138	0.7010983812434466	0.18872803370614058	1.3382542778201332	
0.39984904923496695	0.304753290928171	0.22829722153055076	0.05980121109131537	0.5471906785643419	
0.0	0.5805500437825154	2.857588175823214	0.08814586794127505	5.155380140888714	
0.2200585003612696	0.2847149352432896	0.3534847172800001	0.29895261059132267	0.427317396693325	
0.16857428559112206	0.4465772823051907	1.0295239002671204	0.11574776922756327	1.355803465437219	
0.0962013193537125	0.5052179674124525	1.1354487831784852	0.300805180248349	1.0808248559745168	
0.3018836467014357	0.3868466413966402	0.1966957834717993	0.5571169157263912	0.5430239723150252	
2.683948236298861	2.677845298909533	2.060364888719613	2.49114728383754	1.586781564131964	
0.15919780753851792	0.25503572662838475	0.9619848304886827	0.2646305393854864	1.7118351749677245	
0.22776780655268586	0.3657978459839768	0.9849970692073557	0.08548540318905086	1.1816971423261282	
0.4584546668941796	0.06362931294593006	0.4391426691143264	0.36730829197758813	1.296911455936569	
0.10934590226880726	0.8468029360139501	0.592228113447835	0.28129487318244756	0.9844368137822452	
0.0	0.0	0.0	0.0	0.0	
0.0	0.0	0.0	0.0	0.0	
0.5793179135299893	0.37923635332619227	0.6762951440803935	0.20395829846555757	0.8993974452157398	
0.0	0.0	0.0	0.0	0.0	
0.7074252267612186	0.43665943002677454	0.9851945995918325	0.08777768784198263	0.8968621212595013	
0.16880762124297555	0.32763805970470306	0.4807367751496681	0.365465538735411	1.4381285036766327	
0.47332202468237805	0.5387176103539892	0.6418987598624288	0.3672123344602412	0.8368144619514646	
0.5595440712754449	0.09737273735624648	0.6164729799323324	0.06441828372028717	0.8362599184747573	
1.174877121590193	0.6656781403911416	0.337917753203608	0.11787371178970478	0.4506131875937415	
0.1445367651396902	0.29976319974612525	0.9854361351795841	0.4462737102046926	1.2727154291077523	
0.7496478119105384	0.27687947495074294	0.20339599635	0.2009446191366783	0.32841781409753235	
0.8502077745878895	0.6071068377075858	0.10120614549677666	0.5252194527212714	0.7824724599220743	
0.0	0.0	0.0	0.0	0.0	
0.3700768436804654	0.33367516188564883	0.48227794156405435	0.6396987851217815	0.7874208912412916	
0.0	0.0	0.0	0.0	0.0	
0.905674517596683	1.0096176121672669	0.5575349927291091	0.5942334086948622	0.6682198363366647	
0.7368581745696444	0.7550659512706802	0.0049377852950926405	0.0481125973240347	0.14374171221355625	
0.801041246273573	0.5608224263861971	1.3441455366179078	0.27149793427921165	1.2780461995745283	
0.7388769323119649	0.45020607550160463	0.7033661461936033	0.015804296103084856	0.8349611710167452	
0.43365482980535924	0.10692365632671745	0.41306875348125804	0.7480149468895064	0.7994658855611615	
0.0	0.40623368189007386	0.6364163864089012	0.5492819245658432	0.6984312907612609	
0.6138773340992887	0.0	0.6758307198078666	0.33634532499085684	0.647117848253397	
0.0	0.0	0.41228897949221205	0.3046318794575807	0.9649849046801685	
0.13556808648514754	0.0	0.1692064083065984	0.1486299063490785	0.2066451098701472	
0.9522985082661748	0.18383219035390017	0.08960823478628675	0.06402133002939794	0.5965264791326044	
0.31978774168451607	0.454867302283249	0.5316586097351677	0.0	0.8910749870095163	
1.12698820265116	1.0043590220197847	0.8818629392078768	0.6901448761938873	0.005459021924861275	
0.0	0.0	0.0	0.0	0.0	
0.3316222368272743	0.5228591041852142	0.5409274727389566	0.26118617575698544	0.6159089844637093	
0.7157438467841141	0.1911029899364778	0.7108516887561707	0.004575311200970338	0.8563333638534417	
0.5183507727538575	0.0	0.325862832023804	0.7246017811194344	1.1023263395160663	
3.320494931717544	3.40870215661312	3.2741388787246692	2.9273014997818803	2.68108026462127	
1.2259831593842045	0.27581423352673473	0.03187657433504798	0.2808656359036574	0.4357496567898756	
0.09747941706327735	0.02957644227655311	0.17539723013302833	0.29865770459095903	0.5452835709682591	
0.24105955425718795	0.6613692249093566	0.3120960454232169	0.0	0.5766392055786346	
0.41490716484657447	0.4803731240094255	0.8741935892600747	0.39752331216638154	1.099702281831202	
0.1969202759063617	0.19213196473760752	0.5006771519443752	0.262264840874242	0.4811500476819317	
0.7672624330827901	0.02557076034736217	0.33893346181069695	0.5221284933961421	0.9223346581367912	
0.007341377620883101	0.05850547169821295	0.25989467749536416	0.948129346578787	0.7495587882129601	
0.35191797002286823	0.17974305947630032	0.5078178416552652	0.47956237974175164	0.5772431597886075	
0.5418657706056043	0.0	0.5735028282538864	1.191155277317037	0.26514018002125755	
0.0	0.0	0.0	0.7286429022508886	0.5223211488656533	
0.2853034125267225	0.09410996391700194	0.5845539619355097	0.7630365790933566	0.534818527954782	
0.4773500224902565	0.7520580123064569	0.46762993046528123	0.28895449463798567	1.064888931059862	
0.13685381470873703	0.5317166136307332	0.42171682721056775	0.5196502396158773	0.7333058678208645	
0.32507168148693505	0.02364505192653674	0.3118103911279613	0.3050641713042039	0.48366774105226784	
0.23105526664135118	0.10950323079499154	0.620349560400736	0.07001117472800188	0.8319049066135905	
0.0	0.13342427000334667	2.3030424126234856	0.3608231245794655	2.133547929118874	
0.0	0.0	0.0	0.0	0.0	
0.0	0.0	0.0	0.0	0.0	
0.159415645020869	0.25035774466865435	0.5252526351820653	0.3879528049375954	0.6431145757798107	
0.17477855173696247	0.524398063603888	1.0096062032002657	0.34520481210154846	1.0929893855083876	
0.2246038618857757	0.9099284470570848	0.03815781436428861	0.6609168836324217	1.257799480438175	
0.8545730615307272	0.9906917346876042	1.5514979564482092	0.7486181479280148	1.5934714861564219	
0.38457284531639435	0.0	0.4376933000918691	0.0	0.2522240499134073	
0.29953237494809554	0.0	0.21505095927377035	0.23154744267620492	0.5464593048598217	
0.28824245913410357	0.569063162079504	1.3604006088983356	0.0035828276669189595	1.3077240984923293	
0.7347096186532672	0.2890427369332548	1.0203576157825391	0.23770959850559065	0.9499571371112958	
0.3744917206615002	0.0	0.902446514435726	0.46271031234163434	0.3683520751934923	
0.4391030718083358	0.40137021040451576	0.1465065166027974	0.8154562966367185	0.5474993053126126	
0.21548709501024066	0.010214670026626514	0.24392219689121367	0.5773732981885457	0.675665550729773	
0.3707154318258997	0.0	0.5378309003396298	0.40870971446593746	0.2288776538322509	
0.24614857895423883	0.39910436759320034	1.1235735060259424	0.0017964239148286557	0.6142816749759752	
0.1393308779962569	0.09376817006705032	0.24886977394339568	0.533956211273033	0.4327654997323473	
0.0	0.0	0.0	0.0	0.0	
0.13716909310339276	0.2678632076688732	0.4257286892280565	0.4742365375016577	1.0089547123483809	
0.20706289131341252	0.036861143399628135	1.6738202437985494	0.16401057245551867	1.244181697448445	
0.0	0.0	0.0	0.0	0.0	
0.3946376899541097	3.6288301763334686E-4	0.7548992231265631	0.48729655266242317	0.8362984483813019	
0.0	0.0	0.011051977192379882	0.617351812475825	0.0	
0.43274937186521445	0.3581086629239714	0.3335525740433975	0.8654437560660695	1.2917932845027802	
0.5948105622528256	0.2458343690062599	0.4174781948002562	0.0	0.9733373896601223	
0.0	0.0	0.15894084268096068	0.2858201199910098	0.767587560032171	
0.2300214833400964	1.1904875308228062	0.031117204493750935	0.39937002308050895	0.6279609404340607	
0.0	0.0	0.0	0.0	0.0	
0.08461109807062148	0.1268458419553179	0.06746587823622256	0.004600569697893041	0.34610172322397054	
0.42951146119691586	0.5844311136571811	0.13413183882003765	0.5615045241150457	0.47375868168790947	
0.3673086936056894	0.12690661370820347	1.745853611904366E-9	0.4455224656699569	0.3592414621776568	
0.06631086392449267	0.5621680496040199	0.862526944042957	0.4049627058136534	0.8491470415369735	
0.08572207440480067	0.16487805376505935	0.45085411901959976	0.007809022484297549	0.956378272049398	
0.0	0.2568160260892175	0.6572268070317445	0.5677832018562036	0.44600810488849346	
0.0	0.0	0.0	0.0	0.0	
0.8089537437870871	0.4431634133429967	0.8608712172064471	0.4197066401508016	0.45733512250616254	
0.8045465563302556	0.21722735476322647	0.1867940834354482	0.7033528188221241	0.8190667742692503	
0.7100265405475591	0.8799517274267239	1.25228291487611	0.6880214726012879	1.1500910535053857	
1.2354807778904482	1.9420394520174409	0.3053171259836444	0.20193175110626424	0.26076019960591923	
0.06380986658770163	0.3451252884822039	0.7688339976811519	0.3528686567350228	0.7660552081757451	
0.9343045609698112	0.7110262876016503	0.16590248326087376	0.5688131155340177	0.33265410748432295	
0.35039801749897853	0.5835076398211727	0.4765767893163762	0.5854062697386889	0.1252197581472857	
0.9267774755306412	0.0	1.324281768799447	1.456765332320475	0.8446875940805614	
0.2606977713647011	0.16213586691900403	0.34467695791506986	0.36091418996341484	0.6866238446614822	
0.10824775924756562	0.15790185499466586	0.2954093068188646	0.31355406194999313	0.8948656793421059	
0.016211583224879977	0.4927051779513574	0.0	0.0	0.24072444985725683	
0.0	0.0	0.0	0.0	0.0	
0.0	0.0	0.0	0.0	0.0	
0.0	0.0	0.0	0.0	0.0	
0.0	0.26481195223127424	0.3388093181778583	0.5934125453575351	1.1051256885129168	
0.5497543308589746	0.3723343207125347	0.5318760396415573	0.0949162129408765	0.222873228476697	
0.2853788306343915	0.0	0.5760791466421076	0.561710783160645	0.30053986942466454	
8.524778176346367E-4	0.7525507718427814	0.38572359722359206	0.6566976307675537	0.1380067936173399	
0.17988318473392548	0.7831055832106846	0.0	0.0	1.7854659609642072	
0.5696596119523237	0.0	0.10941245636865933	0.6936636303578222	0.8750097687568484	
0.2858435054848529	0.254132931317399	0.9938772670713092	0.6569924514915136	0.702240302272237	
0.15361187963066816	0.2881198704369765	0.19413022473185984	0.3249797738390034	0.37918391751749747	
0.30857174944415444	0.2197070759355422	0.3485274510659798	0.21058574868513852	0.44044782960566803	
0.5884084365237554	0.0	0.0710584000019548	0.37128094542317425	0.6369422503931221	
0.21510346479994588	0.08539946058853957	0.6415256212394536	0.5754652110648281	1.0461163801992848	
0.2953229136477199	0.0	0.0	0.35908047516913305	0.18435251605846623	
0.1431388826535642	0.2759761146311599	1.2914306744634094	0.0	1.3443453351006511	
0.0	0.0	0.0	0.0	0.0	
0.5629031896105358	0.1398898243783352	0.11052708341587983	0.23970398188379	0.6625451006588418	
0.9671679150659104	0.35637634795860484	0.20690355007258313	1.1310329926425127	0.940882307908921	
1.190289332061551	1.1539977793737712	0.3513540752734966	1.3039379503828106	0.0	
0.45167041860914114	0.3838444536162488	0.35981301188273745	0.27392493861591444	1.2948744349560586	
0.25369338729565505	0.3098130898955537	0.3327986045127632	0.2430401847061522	0.11472140750760919	
0.7209342245149407	0.4760516612952593	0.0	0.5456444412214935	0.0	
0.1991849438793323	0.49560988806991885	0.0	0.1602111463561972	0.1956402217291166	
1.5630002096254292	1.0329617083309814	0.35326590910841327	0.2539084037527985	0.3574740118622322	
0.2776624810660251	0.5585941579765888	0.5027756404972739	0.6537431446027588	1.2723090485310675	
0.4043810618668127	0.9009214886141373	0.9457513047553536	0.3699194984957908	0.960309129099884	
0.8226352930393229	0.4166543395329124	1.1906231321805743	0.0	0.6877547304587805	
0.12711542213541271	0.055012760878519126	2.9961043346894107	0.0	2.8802763774844484	
0.32519830715372383	0.6151384403309643	0.0558292625999449	0.16894903702834868	0.3397128860357899	
0.0	0.0	0.0	0.0	0.0	
0.15942204007642818	0.12554812045781677	0.028216253149471376	0.45900813534031687	0.4730261737762953	
0.0	0.0	0.0	0.0	0.0	
0.15071992673041149	0.19897137649981816	0.11863546648840687	0.21070341297934944	0.49916328145263456	
0.4547253523408978	0.0	0.04077704015561637	0.6494246253961687	0.8080108697267617	
0.0	0.0	0.0	0.0	0.0	
0.10675448496958673	0.9956782911924734	0.6847996370985111	0.020883277087788255	0.11504491522491966	
0.8202762474967257	0.5978452417237893	0.27362373828176617	0.5621527142749196	0.3621497033604898	
0.2560725635848919	0.1095233163592026	0.6424602175057226	0.4535244930547312	0.6724515640248597	
0.2058053845421869	0.07272668411456061	0.7207829046525092	0.2896978191192229	0.894756357119991	
0.8809721621708656	1.3395215871540662	0.7930371280335016	1.0407840883766368	0.8748073150582625	
0.6838177684621471	0.21615318743662934	1.3647262547087027	0.7713893006220727	1.4408578314779663	
0.5003571242082181	0.11435143234036282	0.8037787813956483	0.21566318864094036	0.7649879371670636	
0.4510582006320017	0.4413992231847875	0.5006173114964216	0.40418545802185757	1.3170097551378828	
0.45510703348768816	0.31267278784684205	0.23566942395778842	0.5310964770902562	0.21337773541044358	
0.11310118260425579	0.0	0.8195028360068873	0.0439979139384615	1.1098154544785575	
0.3166039379494238	0.6232313738572115	0.5438535734432136	0.2030941716561762	0.5400827987011471	
0.8199384360185236	0.8184149391353511	0.4783974866451223	0.33685893018747876	0.4004960298484401	
2.31301210919667	1.571719585904966	0.0	1.8561880382578713	0.5027064541389218	
0.2699951754190148	0.18592200535809475	0.4215899521245839	0.0	0.28777619706056945	
0.33815558954256764	0.24474386977912282	0.6203331771735903	0.5188619228946703	0.5327422906409052	
0.2124126870793939	0.43261386877326713	0.569706179878734	0.20187584782331924	0.25150673574910676	
0.2918565899035162	0.3738955873819998	0.2778528047846037	0.0	0.3998289520912646	
0.31762223265374895	0.4099047104234433	1.0741531682188974	0.11936098619955013	1.3302570738181292	
0.059163550719669625	0.4363883921816256	0.1887964487559606	0.3113924113206242	0.7513438554787729	
0.537833247099296	0.5934761778847325	0.1416320460541433	0.18520532193426784	0.6118085196042828	
3.4853874132482585	3.5947542847554046	0.0	1.6745873619275362	0.0027480980374435964	
0.06079893958454788	0.04445118928323659	0.9875454116637971	0.7359539074495106	0.37970331410693303	
0.5222936780133867	0.49008826935919036	9.943895917316326E-8	0.2716672688973367	0.04246731043810593	
0.4869241011477913	0.0649293076066634	0.9500414693948779	0.48060125009831134	0.8050008307179412	
0.4252870344893258	0.3358708779344341	0.05363553220804805	0.6083703747393567	0.3473224591615282	
0.019815998718992055	0.1560381344959624	0.3633331187043064	0.35709643705854943	0.39520808692514425	
0.3068123258948797	0.24964702558501073	0.0	0.09728365885612274	0.07998967451319071	
0.5277557143940855	0.0	0.35411360514156603	0.1730458097947169	0.22128922307909848	
0.1625446359638963	0.017730605450294618	0.2850327687111231	0.4372436685140877	0.5049880241619786	
0.0	0.0	0.0	0.0	0.0	
0.623997643003918	0.20203747087775306	0.25306215305453295	0.0	0.30458159511254546	
0.1135307343052522	0.0	0.5202109035781105	0.3458206922777828	0.3168030847254544	
0.5496308100465656	0.2786286444638013	0.7671962593956804	0.3177814246648769	1.024469748274144	
0.6105916460988926	0.4900414922135712	0.19521521443954537	0.5307702416013094	0.9902973633810899	
0.35679154470014474	0.24490878859717413	0.10566183027194935	0.41147497153155366	0.5157145529963058	
0.6055983859323882	0.08708560408611493	0.21429092296124883	0.5776275683969351	0.44131868601944085	
0.1061292264664172	0.4624984172519173	0.4552181650509887	0.07084671370495008	0.5761053774584379	
0.222932958048674	0.38322010632598225	0.04242530898258385	0.14264851545743154	0.25714221164353684	
0.4844705473037643	0.460354371201822	0.020719004742150895	0.0	0.0	
0.0125150487972161	0.6942863533752479	0.2778883160224172	0.3603676039467049	0.48611359203675186	
0.8634535879629729	0.636802362623466	0.5110622478854653	0.8105258147600162	0.30674845404270945	
5.898617697245859	6.376384691382264	5.219345023775704	6.083918705223864	4.894800547148021	
0.3150347514004589	0.6017367240275271	0.16671633214280107	0.46389580955005455	0.18586931026983736	
3.353394870088131E-5	0.0	0.2329604557697985	0.664586456048384	0.7033377489323415	
0.3270371681446118	0.5608165112920497	0.0	0.1576538966316704	0.4940431854675931	
0.09706614528944729	0.12692605926239026	1.8374957081301548	0.011145272013234968	0.9504940148029444	
0.2554231056055806	0.0	0.08159104285294703	0.40091427361863013	0.9104164327014713	
0.6554480085166887	0.514403970603077	0.4032518778971738	0.11086455072610212	0.6796756987097015	
0.0	0.0	0.0	0.0	0.0	
9.272041424639512E-4	0.1674622424472704	0.20069506467110793	0.7164370024006481	0.02486337707354247	
0.3438062055685912	0.1642546198451703	0.43936539456908896	0.23412560180852512	0.2526010420027635	
0.8873726250063942	1.3927530405488366	0.8832080155007793	0.10231867100719107	0.8459960583790604	
0.0	0.0	0.0	0.0	0.0	
0.7432188381616236	0.33956055752489833	0.7706999977031113	0.6339885122399702	0.8122557981827171	
0.0	0.0	0.34051434557573734	0.5059185588209918	0.7196664691045409	
0.5279298812631855	0.30905860355438736	0.6469733266896756	0.2901115741018312	0.24661767841940355	
0.4011156048611284	0.40857904597332867	0.17441109199768023	0.6557285232090614	0.408540153361726	
0.20995611803792572	0.5047746701670446	0.3029897427906478	0.3124479548439395	0.5160272684975764	
0.0	0.016055230191815	1.1531700948050825	0.31799131799173025	0.9567124774273236	
0.29859793082815356	0.17821600817840288	0.5564920578423123	0.36267840299187276	0.6377108239327958	
0.14771751137303943	0.0	0.5545834472391222	0.14202715723149723	0.15017886319520712	
0.8527035386592441	1.6383730773076242	0.21429573204781785	0.8084706260620659	0.007739982382560265	
0.4374487887134078	0.4011094168733851	0.27270195137986186	0.49776683420332957	0.5674495264519811	
0.07579905331702791	0.0015793766643137609	0.8611167656479822	0.4140932350251141	1.1956836766092025	
0.719155361177431	0.728890133032518	0.3512047669314221	0.35084502811698004	0.6643481751433205	
0.19054141405317843	0.43370708889639853	0.3323538167362809	0.26554821771743237	0.7706746254016748	
0.3210058158932491	0.5487222198126397	2.813968111013902	0.0	2.025382064288035	
0.6912872224017818	0.5670529185793008	0.09157137103247974	0.3690299940794391	0.09966215239281652	
0.4926108139144736	0.21925111614241083	0.23585160793948512	0.018407517623110877	0.333502366051449	
0.34506745676717915	0.0	0.6449848115398088	0.9518961635819622	0.958162140059179	
0.0	0.16326372554336144	0.6100102823767343	0.0	1.2021124993534287	
1.5250225528661945	1.2111624655724051	1.1771527306446323	0.2948816521643187	1.5105756362804812	
0.2177864551943749	0.0	1.7479815667745895	0.0	1.2051092872570275	
0.31466532701246686	0.016851360735568904	0.6145201709380953	0.7217855018889613	0.9170314809892183	
0.5768877312757836	0.12304938189509512	0.35658254742625284	0.725044425701507	0.2743010182053143	
0.0	0.0	0.0	0.0	0.0	
0.46309373250291724	0.28599957975394813	0.4599255559496067	0.22086578095703155	0.3920789773101824	
0.2118305891673363	0.04446815463829507	1.245223413056994	0.4995536720812113	1.3184310120156402	
0.0	0.3494976407208315	0.4851910947352417	0.4415607738419905	1.4599447426785173	
0.0	0.0	0.0	0.0	0.0	
0.0	0.0	0.0	0.0	0.0	
0.002359164829985767	0.2879977212644528	1.0134262809884427	0.06633330436316248	1.161100487411181	
0.3394103266090709	0.09477555612789902	0.2181731102008773	0.5001705777653257	0.31792503821699586	
0.15240618756426985	0.600782281103668	0.6486879725664463	0.008406217134498507	0.533313281400785	
0.7261124805575738	0.10107400728639757	0.28612187834255987	0.14589068818771783	0.7712354638571037	
0.5228554558022095	0.7519853274456293	0.5639480568888973	0.5158703131890121	0.5329239067506865	
0.06334323312721113	0.3242268284666972	5.465759392230411E-7	0.7593403484741054	0.6636433292704568	
0.3225430069468607	0.0	0.4234395369694038	0.39048894892027486	0.14157632029553177	
0.41170384214645617	0.40517558259218944	1.2913670716694412	0.3267512314163724	1.3614024210729518	
0.35393116340812714	1.3440452929245164	0.2780687368862192	0.221356743030772	0.04259148963229412	
0.08389734945246255	1.0935865046593471	0.2416068875840922	0.2657181388743044	0.6598615612118761	
0.518070219919963	0.2031295468200785	0.6524826148866656	0.0	0.5260370374541324	
0.06037884195783624	0.45414638903803445	0.2029693575351533	0.10484314218054608	0.31501130968145696	
0.1676454308556828	0.0	0.6676346818910867	0.7177312701266322	0.21421478389856535	
0.3085436638095719	0.278577767933934	0.2785457889004531	0.5822529205823789	0.7417610336227255	
0.0	0.0	0.0	0.0	0.0	
0.4246554484223717	0.45623226332434735	0.36760770615486765	0.30808311852480075	0.6682815864575715	
0.3832837092762432	0.5120389909437648	0.5563711461362253	0.5754326532867824	1.0116608900358728	
0.7001840479431202	0.47549080712602454	0.9844545581158323	0.6035197552213937	0.8971015459808368	
0.37100367432295095	0.05801844937629035	0.26914319187995117	0.01194016519510511	0.4493808525732152	
0.6541685949166628	0.13508533643248996	0.1575527849917599	0.7694940326286159	0.40900298370532107	
0.22031128122593127	0.0	0.20719544006733315	0.3145955319542592	0.10059845252661671	
0.5048489393656952	0.0	0.5469459233316205	0.29237037865406257	1.487652965926399	
0.0	0.0	0.0	0.0	0.0	
0.3400062341039869	0.3610317667714515	0.45689823188497536	0.7435449990705916	0.4807287782735048	
0.32025723658817146	0.46394149377580635	0.6324660620429492	0.6680113669521488	0.9425744766661094	
0.0	0.0	0.0	0.0	0.0	
0.091109871267694	0.2349206160457188	0.3830960254577511	0.09745755798258414	0.32009864685935946	
0.5185914391459466	0.2759572414028223	0.38937701026268834	0.0012128347503509338	0.13379928615173903	
0.5950236585090308	1.029864444022919	0.44123114035976135	0.37636841746924354	0.29697149341268936	
0.27316345368526346	0.4701697659466831	0.35838552765556925	0.08164800052063337	0.9044984601414376	
0.3595771778582656	0.35340326870998284	0.0	0.6299936469059941	0.0	
0.4433149666311188	0.5434795718376632	0.7935687859218958	0.04475372717969386	0.7370125184907695	
0.0	0.0	0.0	0.0	0.0	
0.6052571152371484	0.31875447768646253	0.8918380353980647	0.3999207695051196	0.5149638330905656	
0.3181031055993089	0.20887371306074765	1.2050226944637175	0.413251890111367	1.1717712814125614	
0.7686437060325247	0.3784084403466872	0.7700097302116611	0.11843973749206181	0.31353769757745176	
0.9872021181398035	0.4523189162675652	0.2402548192790875	0.4093490640660661	0.4873775797214431	
0.28540840174922755	0.6047283796339624	0.3102229564805354	0.2791664429412736	0.251045574690546	
0.2920283393113651	0.36029123398882906	0.8704867835450283	0.19962400652264042	1.0011656482565774	
0.0	0.524571243128489	0.0	0.7054889747533915	0.2069481417952088	
0.7911927843802159	0.49210763643837546	0.09946564089380247	0.8022706848792821	0.6429604528388031	
0.3878418628832186	0.23644489409692934	0.0	0.34291411916771886	0.35175461850598244	
0.0017647924962438228	0.15789495464849623	1.348884129298794	0.5590125337089024	0.6389117885584894	
0.47971159291247917	0.5025292308309891	0.3920431856204656	0.292016244305655	0.019923801696525374	
0.0	0.0	0.0	0.0	0.0	
0.33378560040810595	0.025661010837943848	0.02010842691165228	0.3539073424967093	0.7115726662837477	
0.16837140551250313	0.21579565075668206	0.8287285242947502	0.12308474295847778	0.9771521555288561	
0.07353882065952885	0.30678393700555007	0.2337186184764641	0.2982200251067811	0.4979321337911897	
0.37011135448800797	0.0	0.9868428108850826	0.7390019606271524	0.601581050980312	
0.4189590640136912	0.12468265431858233	1.0419704383264483	0.3240514276990555	0.9861178811135507	
1.1074584681309717E-6	0.0	0.2025815952622324	0.4199840251660591	0.6052149440384539	
0.05432164407855912	0.007619271711554667	0.5408575762974109	0.22507946749242086	0.30188098902028754	
0.0	0.0	0.0	0.0	0.0	
0.5406435616346906	0.42345098106218687	3.108311828475533E-4	0.6248176825426626	0.21492368616145435	
0.0	0.0	0.05370126066747077	0.13226513127737052	0.2742197390769562	
0.2872621075864341	0.6364016571917083	0.21357746416901827	0.324763873195425	0.3244359663514499	
0.47881538201191326	0.16681708657314043	0.2598200099691127	0.25713030408183896	0.2921597778013596	
0.28117983898527804	0.44422058461696257	0.31153949145474147	0.13051712308174715	0.6574208386416105	
0.0	0.3886248549107282	0.5288708884870783	0.29407485574773157	0.21152789727922058	
0.405015392558674	0.19161439727358254	0.3237684719123646	0.4857773275475088	0.43422647190646263	
0.09473298638708992	2.9675984125342078E-8	0.0030884637381436123	0.48510289177889965	0.6802209985756313	
0.24806757160682644	0.18910456540375795	0.6686612225260851	0.13218846779440913	1.2492099791269657	
0.0	0.3892883044654189	0.5570391388318691	0.197651784768202	0.7675316429914487	
0.5386086418883927	0.19821727660452984	1.1676625002514232	0.2852023728798667	1.628691845696514	
0.22284948323953338	0.46879425349001763	0.3099281445871694	0.0	0.5691423760214052	
0.2825287278316882	2.468637956306165E-4	0.2520908430930142	0.24828903675863342	0.4590993096273456	
0.0	0.0	0.0	0.0	0.0	
0.0	0.842396197034286	0.5874705333890606	0.34934555643075954	0.40873843582918534	
0.4211920586368347	0.6164369307281314	0.07671396278680995	0.6761457425196228	0.76468798237074	
0.7005032765898556	1.733800852270027	1.1722395558113931E-4	0.21255481968164078	0.0	
1.5538115446591811	2.3310775794658483	0.7648863284509287	2.2705781957621918	1.2216024854286998	
0.3026080854627959	0.38243207188365774	0.1890546563773245	0.11762380046664989	0.3384988301728976	
0.01135681688272272	0.09760122424647452	0.16108148409991893	0.5072379920912531	0.4954820236077119	
0.15910195516854378	0.13835952353154035	0.48328926360287083	0.2975866811416017	0.560480264029217	
0.5113632526265122	0.05438970107521536	1.8982889655593573	0.48668566955481674	1.6884580113279708	
0.0	0.4893577528680454	0.20476818171072675	0.0	0.0	
1.3497892417569979	0.8551092661672289	0.26416431363957016	1.4446856338701857	0.6986080743440978	
0.09641197008037498	0.7702487166934948	0.16162934995905812	0.30184933020286264	0.16525587243084336	
1.3663668459646974	1.6618277650660196	1.089223726832993	1.3374822700674418	0.8628192271253535	
0.5530516048441674	1.0374286269858926	1.035902148917291	1.439189497143465	1.4957365532100324	
0.5959756274377231	0.0	0.22531673277639505	0.19785346757937755	0.5907333036400744	
0.0	0.0	3.4681071984669933	0.0	2.5999795756343302	
0.326382811549752	0.36277692281361346	0.4611480809627111	0.004757975417009695	0.8326949531599868	
0.03348069979105066	0.6563059820056499	0.0	0.44789539807313106	0.3968857844490172	
1.2341632677616872	0.21351125416016262	0.6745779394871937	0.791990171687752	1.232214012516583	
0.8383915434436413	0.0959826364900571	0.4432265295770691	0.2660571585339936	0.4845583256442949	
0.41910386756510826	0.5852078744589552	0.23771952997805268	0.4332866802638208	0.4350030492950699	
0.0	0.2749332338994439	0.015076026394637067	0.20522931993081167	1.2679221097749913	
0.4231147309952991	0.5959789137699889	0.13767742734143873	0.6466361730749184	0.24952615513653256	
0.09762189424708535	0.33968399186052267	0.557197250973553	0.043528074266086486	0.8822574526538891	
0.8794354432211322	0.9363422156808127	0.0	1.0683645553288688	0.009316441957685932	
0.11209972273547225	0.31724276733938195	0.5160362922267704	0.25432460791201467	1.0085417805231822	
0.3415714778712306	0.06595158753608814	0.042901279773347574	0.7325561912780625	1.0831750785213266	
0.0	0.0	0.0	0.0	0.0	
0.3547909780785622	0.1357854053104704	0.026010933022399204	0.11696305003785007	0.5907341311833373	
0.6865636375547515	0.26375432088865003	0.4274049498840125	0.6752731634270397	0.6570268184782158	
0.6075892493112048	0.143895640498757	0.9706596202396784	0.5673711829923249	1.008672801066229	
0.1463400249752912	0.0	0.4795732814870117	0.5246927860607261	0.4984938233776526	
0.4463880484834552	0.4579628825739771	0.5727815119040872	0.06237402781124693	0.4259483902553733	
0.355445623440203	0.45558309597171565	0.818499404136277	0.2334169917661079	1.0875330289631313	
0.5212882296073635	0.0	0.05584740152802155	0.582602955029192	0.2313392303716173	
0.9513234428211538	0.42543515482699895	0.7429169764689397	0.47867501522622335	0.25670794606328523	
0.0	0.2943241034974039	0.13413061758552436	0.36028722336946306	0.4150699024615785	
0.04067258870174712	0.28948760422463	1.0309196204643198	0.5102051085491257	1.0812673007226075	
0.1675987173619521	0.37424638999726917	0.435887313652096	0.04314111616358326	0.14045872102650067	
0.11688161219471038	0.42034741895460226	0.8550145869951118	0.34286606534685665	0.9676610807673826	
0.8842143195342277	1.1251089923268986	0.0	0.9547531230646613	0.0	
0.37869157829403577	0.6677456258022864	1.101762547181631	0.09992814828425815	1.3523551548984187	
0.0	0.0	0.0	0.0	0.0	
0.0	0.5320541703075269	0.11641798362574232	0.5230175145686974	0.48169667328285287	
0.05867574844872604	0.10795317530159491	0.3733555205856957	0.6385659179003541	1.1006169847683607	
0.24760868011881138	0.485552860064546	0.33463702274146323	0.49974396526563714	0.38814704526164806	
0.19970046425735258	0.0	0.7569981034970859	0.6734732345375635	0.10094209276827777	
0.6441055228687703	1.256454957427969	0.5450178349376252	0.07860849714923965	1.3093589791224962	
1.0361629463581514	0.8816371430124723	0.4551021075405702	0.0	0.7262926867155566	
0.4087642394391203	0.0	0.9504914286673859	0.2398332827133258	0.10530858106536721	
0.4735773241563509	0.48990806952706356	1.1556050227039683	0.05837506370121119	1.2303937130136364	
0.0	0.0	0.0	0.0	0.0	
0.0	0.0	0.0	0.0	0.0	
0.6576361269185355	0.12490196647837366	0.1410431125809912	0.13602137042103019	0.48266777679297795	
0.06147078360457538	0.0	0.464693424277148	0.6826751857142512	0.35443868761701747	
0.046847277303244415	0.8280240667981948	0.32953544324849654	0.4767013299073423	0.49525393136462553	
0.2841321471968048	0.021597595562768843	0.6784874448249972	0.47976868134755635	0.2988861546715639	
0.335985909680233	0.4958440678422886	0.0	0.21818884039288328	0.0	
0.0	0.0	0.0	0.0	0.0	
1.335555008016271	0.30797293676032994	0.5046288787985116	0.2666956479283716	1.0691261715478615	
0.426117019553983	0.10860184223810757	0.05616607854930175	0.16772948001400248	0.41199730358286907	
0.0	0.0	0.0	0.0	0.0	
0.11357171471242902	0.8205638861808845	0.2636386402029477	0.0962223970061666	0.7307149218308692	
0.040213238346345	0.1042506710567492	1.2606939315032075	0.13893531942379636	1.3409457301761423	
0.7527994712487467	1.095527389271327	0.19265039918255294	0.8942224980205961	0.0	
0.0	0.7929824638090366	0.6321970286031996	0.0	0.0	
0.4599415572341969	1.014654891048987	0.0	0.8844907240215516	0.10153083289655308	
0.4291989119833106	0.0	0.10756754529367532	0.6875012049423987	0.0	
0.1695289812438064	0.31768902913848124	0.28670868411035244	0.2745377715962439	0.21082138428823938	
0.0	0.0	0.0	0.0	0.0	
0.26811456942272327	0.5259735139411263	0.0	0.5436278042259621	0.45843609165899757	
0.0	0.0	0.0	0.0	0.0	
0.12216142915459115	0.5072761842617394	0.0	0.3772300437136919	0.19490428858754513	
0.6445491602652539	0.15704251490527277	0.005901390792214889	0.23801738079835966	0.566050764974331	
0.21148583516564481	0.09502749743230633	0.7907848650990748	0.21435448696571263	0.5455811909712154	
0.0	0.0	0.0	0.0	0.0	
0.0	0.0	0.0	0.0	0.0	
0.17024012936622643	0.3251977214635202	0.36983986798585383	0.6796003641226394	0.05502321529315183	
0.606615459491028	4.443065131898037E-5	0.7987011867386185	0.6681803954810415	0.48038757000097493	
0.5353019551831453	0.20017235364668018	0.18459322960788732	0.34062069353754126	0.38899111379388807	
0.1136843246328653	8.478959041626582E-4	1.9773366044404754	1.7150682944917908	0.8850327658762721	
0.7519601663903626	0.3858248287760138	1.2817106160419656	0.2033880705011386	1.7362440204092895	
0.8225258498672059	0.8429138782576447	0.4352241303113299	0.35084865079895244	0.967562464768967	
0.0	0.0	0.6332681069824511	0.0	0.0	
0.33999555535052667	0.4291070087544047	0.2582330990428475	0.13385358310735543	0.26366233422872654	
0.23483261708401668	0.8038360760402671	0.4656067035218316	0.059311494821683276	0.8837784486154768	
0.0	0.0	0.0	0.0	0.0	
0.01914191462628791	0.01263958669976301	0.728935472609121	0.6769766163025263	0.42591933688145533	
0.31449402036547963	0.6057773299120728	0.09067286883922022	0.7158085957396598	0.8535732388119409	
0.1414970492921813	0.1441894011407797	0.319082359112415	0.4925693860905943	0.032174965187110945	
0.4769597430889874	1.0058706757714526	0.5534465727959793	0.3857625113933909	0.281850520391228	
0.4327154580899072	0.0	0.1116351373118559	0.5489209638482601	0.7093919302858974	
0.0	0.0	0.0	0.0	0.0	
0.26302098032069604	0.1301687339138744	0.5868651283157872	0.2368973804353056	1.5502989399661684	
0.4402960716550606	0.0	0.39263139908670386	0.10770651330269355	0.41674493721387335	
0.0	0.053477622186341583	0.30528886598735805	0.47564804888318435	0.7683203442757353	
0.8353384977640276	0.11552218940589468	0.4910780240682631	0.18482352927866064	1.2749662624640035	
0.2437073326130885	0.17254538740024516	1.1550972921930969	0.31266493165209247	0.6438854508846038	
0.27464942040009316	0.225673717545309	0.4690827375090661	0.47160867281483504	0.6288944426348895	
6.106199753168936E-7	0.10659804645386059	0.0929063653603583	0.019855344615333243	0.3559056908139737	
0.10818802346006605	0.0	0.08207708551874894	0.24335031870718246	0.049051555813963026	
0.5496501938727063	0.06947222148776083	0.1242842162594275	0.3491482597687038	0.21967893562075685	
0.7931900081648027	0.6892058148934663	0.7248262179278862	0.3419078726735298	1.2526575391527117	
0.5917912184243941	0.5283651775197898	0.30819396223787743	0.3047974232433546	0.2730990872700003	
0.47441307884047923	0.6934771014762683	0.19098980104470353	0.11373095897521361	0.5410794914861723	
0.11319895629789226	0.0	0.32602729216397164	0.44778988380924195	0.7135587090749443	
0.0	0.0	0.0	0.0	0.0	
0.0	0.7378947683318964	0.0	0.5945900301881477	0.4634180454013487	
0.22989857903527933	0.07754138853903986	0.4458099154127875	0.1136735032441834	1.0718540130709164	
0.4341348027008499	0.011575685769062816	0.3762564387183698	0.05479281775545717	0.5829166549097441	
0.45497164496304937	1.3124486761709915	0.09973724252135678	0.7346048830095538	0.4089625238963506	
0.021213157163939473	0.4290853505059565	0.41455015184190025	0.3897864399695479	1.3937416204484836	
0.8448371454321747	0.0	0.0	0.28243261802042935	0.0	
0.40902498550062527	0.49302698828168456	0.429582675143622	0.12635661141523047	0.3636763813137058	
0.4123008172568641	0.685553675042099	0.036798519309371	0.49315697422640264	1.718323412441844	
0.4050771590966175	0.16171252907592085	0.6738242891840398	1.5141333100558338E-6	0.2782603567762676	
0.33957763564120913	0.16685784398373035	0.922375218088547	0.0700264370174012	0.6765635734149446	
1.0695896558343307	0.9337119097443023	1.0219888105004087	0.3890890723107178	0.4447493204342872	
0.395701291953185	0.37844722377639345	0.5995232860555693	0.532598834566949	0.40174942086325316	
0.0	0.0	0.0	0.0	0.0	
0.5727716309447423	0.24406792472610228	4.8486299759398834E-4	0.10559565551953594	0.007276383461805802	
0.4473451292457707	0.26912767155132716	0.1781701043127519	0.04730244944942551	0.768809980724373	
0.7147669978230471	0.3047626358606807	0.868603322922043	0.4364872706594268	0.3476515487361938	
0.39317676409000224	0.5287856487942375	0.5798169334721486	0.2790449896808112	0.3602015794393389	
0.2532329193136423	0.5767056075190298	0.31743223084507044	0.509261489281682	0.11164342885555571	
0.3639735034480224	0.6373889248253007	0.7112720478328257	0.21223401141406342	1.2253112177419372	
0.0	0.00834363750699879	0.6431640215397035	0.11735395550238915	0.1324915395508725	
0.0	0.0	0.0	0.0	0.0	
0.0	0.2762255048266444	0.0	0.05478864397028859	0.08978164056353453	
0.3773772025541695	0.2952993083722618	0.3204499745668448	0.18465987017639943	0.35074576252864287	
0.6003386508887034	0.21491323394929202	0.0	0.004599877322500733	0.5111099023258892	
0.0	0.0	0.0	0.0	0.0	
0.5903359737043976	1.4125341376996527	0.09927079227881315	1.0601810631433506	1.9725510453845266E-7	
0.055880366221543645	0.548098024905819	0.0	0.3090494065970275	0.5488244094035554	
0.04615343160864315	0.5324903536390753	0.7046798852903559	0.10657687535205843	0.28496818404353635	
0.3917684755088496	0.9495614811171164	0.04145340893124964	0.3011129305320741	0.28511299797478157	
0.3977893643934203	0.2139056853236666	0.2171851133555896	0.6086653382004867	0.15470520916660313	
0.09521865017649835	0.0	0.4007379282386607	0.9522859807127972	0.9544805828991381	
0.5168059703000275	0.11083776663553128	0.2373452858166852	0.8210617582631081	1.0439111228375528	
0.18987512887606503	0.060099111265174046	0.4477243667722805	0.012725917731779975	0.0	
0.54026050106926	0.0	0.686977276454066	0.002469782137502498	0.6966867629365632	
0.6037635575699456	0.34157651189561095	0.42468075223221274	0.035618955543375866	0.3557702364258796	
0.0	0.0	0.4418206544962236	0.21429237593437866	0.03837389987775405	
0.1588494574902972	0.5003213074477196	0.5810369989509092	0.33734770158100275	0.590141788851533	
0.08923316634642894	0.25012029465017716	0.6865267856428826	6.090822979597622E-4	0.7232736306155453	
0.8041036388144253	0.6604659671747275	0.6578158235171886	0.42106346039911635	0.2849284514118828	
0.46383030771190237	0.1812475492292162	0.2058559434812195	0.01858000811665703	0.8275179629922764	
0.42123708437170937	0.0	0.02580067118323056	0.49708984442096965	0.3371779228665533	
0.5990776975162867	0.29983826333752	1.057033274056297	0.6293884092825809	0.295515376292714	
0.47436428974760375	0.38802641374270375	1.3661119965024497	0.25549656960332773	0.1026983696118023	
0.46725126746217777	0.04065037509961321	0.5599909537842538	0.15940712762908302	2.039906370238365	
0.0	0.0	0.0	0.0	0.0	
0.6708803961946569	0.397451376144592	0.9989475105312675	0.12949523557607648	1.7095834635917047	
0.2350841570784293	0.0	0.4235472546542874	0.3106426995004505	0.706210465575146	
0.4661140505513775	0.056437161860693835	0.16974033628507082	0.35171756012501754	0.23793943714442642	
0.69720193862997	0.0	0.9141621101422194	0.1971309106115842	0.5790633570493847	
0.4706483295036984	0.07936233933214683	0.6935144068482929	0.020201188347411667	0.7258583190783963	
0.716321648970115	0.3988803705735447	0.9236311377093491	0.9037225393746805	0.21636503394295717	
0.7210617225342666	0.17451451400846243	0.03862103430149249	0.0	0.7906661082332608	
0.6044924906735668	0.29739429212995583	0.2743136381053889	0.0	0.0	
0.0	0.37419565076880534	1.0269066777054197	0.9030268797467478	0.9145425232239274	
0.4610635189154962	0.0	1.0588422920683767	0.09060895831149124	0.28401673108491965	
0.0	0.0	0.0	0.0	0.0	
0.43923316216269687	0.2478268675849059	0.6687686655522922	0.5942993602801612	0.5452702592235453	
0.38328277102281827	0.07167709629700715	0.144466917433584	0.41556959368424307	0.7442245097729808	
0.36055361739119735	0.3637461966659215	0.1670478427044501	0.3021177591722776	0.49263748187523115	
0.6304486683829965	0.5526295416656535	0.5389830293252509	0.5469611387446046	0.5269945772154152	
0.001321389921115902	0.2695042017499992	1.3753260707556682E-4	0.49971655711303836	0.7515249123562209	
0.21592326775404372	0.30629366690273707	0.40616790010869647	0.03518131716502953	0.5616037445722036	
0.0	0.0	0.0	0.0	0.0	
0.2167512857128827	0.33982312789142216	0.6553558332629419	0.45987509549032674	0.4504246623486912	
0.3459995500077584	0.34850933190380673	0.0621739225404446	0.17801316892930052	0.17512437779062798	
0.63250468970194	1.6075069747166026E-7	0.10547632656664692	0.38188657124866093	0.19894240441905564	
0.17468621818895436	0.18754609219079746	0.0	0.0	0.21676016362663902	
0.6040476240799153	0.9033870854652876	0.1120110028748648	0.4658692373215519	0.12565338081496324	
0.5906655879292494	0.32038357342366747	0.8382127688041598	0.3044716798896893	1.4801720719748084	
0.7197875190845758	0.3390594624559409	0.20651356296697856	0.02678162935385398	0.4009779020484776	
0.47990780683190265	0.014752761668191056	0.21978683247022915	0.17783308582234844	0.3248729346330902	
0.4674586523377322	0.17871022538144096	9.998103830918036E-4	0.43051561478584466	0.2590206124963879	
0.7017753782914308	0.30796412708150817	0.14281516386431298	0.056888132695172705	0.29391666555467877	
0.14221091489390753	0.8170416734005559	0.18140957581594344	0.13482312860962506	0.3446368160783129	
0.15596347051429663	0.256643870877803	0.8612166624761859	0.2835539568471874	1.0874831678877586	
0.0	0.0	0.0	0.0	0.0	
0.0	0.8659218846224619	1.9621095344921426	0.0	1.625845746676648	
0.0	0.0	0.0	0.0	0.0	
0.24671883183681773	0.6900208301576132	0.7761921721993364	0.9794662808151132	0.43398107176127976	
1.928946220992534	1.6719827112950987	7.80139899323782E-4	0.2614660939987337	0.23379522154869656	
0.7303695135311786	0.22102754337988212	0.23607922425582853	0.3384148301261685	0.5280587448393574	
0.0	0.0	0.0	0.0	0.0	
0.15307567274718478	0.09890767113571472	0.47403070021587723	0.048069945060474704	0.780479353964008	
0.6075443285630584	0.06005076074033054	0.05619751810463727	0.3949511167309979	0.7998170986634651	
0.09326035476297131	0.23744804781166517	0.2874250983156074	0.14407273143322832	0.5101451542078096	
1.2177054771069986	0.32847276448370943	0.28082803592669203	0.7497878826590668	0.35006188583014736	
0.031593976768104	0.3515392617586578	0.02681315682266293	0.48928941652681135	0.12502053087328022	
0.0	0.0	0.8953699862364394	0.3123926987218681	1.002496434025894	
0.8286344176430874	0.3724866045235033	0.6129878734876979	0.0	0.521452213534697	
0.0	0.4561841138346969	0.6535400585978752	0.48701546042442106	1.543481928583292	
0.044967777595069335	0.10185370092705781	0.11222578999558312	0.19268932179754583	0.2066670169704793	
0.1816459769945087	0.6421642644730872	0.6900143486618305	0.1859204104763971	0.9781533795162722	
0.1737299139674455	3.055558982824497E-8	0.16974970610026272	0.0	0.0503833399667781	
0.0635917837522296	0.02243089455897801	0.23204991715358517	0.9764405142407357	0.0	
0.15207808141305434	0.23417130635087208	0.36041397898846655	0.011737346285061618	0.2506069803853902	
0.09635102720330445	0.4213490414796101	0.2115764902464234	0.06853227362613853	0.45485385876424	
0.16810706985501672	0.3786300476662391	0.9750490934128904	0.37805185550404147	1.0745412842527846	
1.473849513794647	0.22791658056782	0.40540683669060934	0.8905952007965003	1.0357459193168517	
0.0	0.0	0.0	0.0	0.0	
2.19269798562139	2.3255523498970474	1.56158953850787	1.6422655492492084	1.016367692501642	
0.30993485537725907	0.32318279412413387	1.5284698026872836	0.5956163130095543	1.627557836556043	
0.597814232297426	0.7965263305790137	0.3928123761967928	0.37182652453873327	0.4964035470384249	
0.06452291553957114	0.39369422236472723	1.0224239821202443	0.0	0.9256226007565104	
10.411805199911893	9.858763264726822	8.65398507953243	9.953815742455033	7.1818546103829455	
0.0	0.39183275060105344	0.38320119546597514	0.2443399760195924	0.542800292641391	
0.0	0.0	0.0	0.0	0.0	
4.0363850814243395E-4	0.398884174717927	0.10082576820421463	0.2367976070632553	0.5988597143484862	
0.5880107704052422	0.7664939137975958	0.8091921965161115	0.568196085345707	0.6793690808880876	
0.3142535237428504	0.028255239151319493	0.20884746700432696	0.13502800768127787	0.27413224990642016	
0.058378431032303876	0.6283405510534237	0.3732698178478499	0.06265002978286244	0.3782945814193962	
0.0	0.13354400429751168	0.0	0.5879447357912704	0.6139902013450294	
0.0	0.0	0.0	0.0	0.0	
0.19929810551110366	0.5552782752170097	0.5839777903628468	0.7317072959395732	1.3397389269417814	
0.26544581757914126	0.0	0.274203492093227	0.37869528845612577	0.5840467181504034	
0.0	0.17643849723304386	0.3833036681835346	0.13390049949405464	0.4298333733637662	
0.2561126420874555	0.4114654418695588	0.516545178723844	0.910898231133541	0.11775674427956939	
0.31056433852047627	0.17936375141648947	0.06951293162634792	0.19745361261972097	0.3603245128699538	
0.5141102346520734	0.6686797476735997	0.8192328913852202	0.0	0.40266137016652437	
0.09648673282587926	0.36632095227808315	0.0	0.6793679302815432	0.7084398872866846	
0.9269079662677827	0.45253272886570456	0.5441146532916853	2.8076170868153655E-4	0.48873877451087355	
0.12367502687797781	0.3098102342023936	0.0	0.4716021213660777	0.3891878279191422	
0.2715626838514992	0.12403372298467301	0.44959362887952964	0.5857160843903498	0.5093203106859411	
0.07538293286427135	0.027988185325469317	0.0	0.16668349603766608	0.21790182714791023	
0.31135526056320234	0.5598521239540333	1.0247986225799826	0.022941567805969117	1.1126574393927462	
0.0	0.24960472681410092	0.0	0.3807704696583271	0.08866673418143008	
0.26786602501490264	0.023331875748107283	0.584605165460126	0.12963494434244752	0.8495731095644307	
0.0	0.0	0.0	0.0	0.0	
0.4876482410538698	2.436877853655245	0.37886924824382995	0.22560603919904618	0.22466417164272717	
0.1863180104446304	0.13027938507781806	0.030229025754000525	0.0	0.2822068229234447	
1.5521727431528692E-9	1.5203965336257115	0.346549536674661	0.18849224721956148	3.253059198044734	
0.47298743067837534	0.17123023827255202	0.1524490310390222	0.026942243875010527	0.6500976010374795	
0.4418397527943398	0.0	0.15061223660218842	0.14863480382678293	0.6146128611526557	
0.4869961196625721	0.7300245724177528	0.0	0.7641083556795412	0.5155294379451509	
0.2851928397730804	0.114818822135793	0.01772193138338433	0.2912184070106564	0.3965446654604193	
0.540438141363092	0.31026022725701186	0.04664815892596019	0.4887635450361134	0.5636835764268577	
0.26836071163097647	0.3923665054805078	0.0	0.016387577571176596	0.4183182774121458	
2.795786433547119	3.0325954957623082	2.2011824810071907	2.017295378134075	1.962767836107575	
0.0	0.0	0.0	0.0	0.0	
0.29005769608896875	0.49170154234946917	0.0	0.5069268499379194	0.22209737516122455	
0.0	0.15363151708226058	0.20220874960872273	0.5702454863870454	0.645860687436159	
0.09391431654439925	0.0	0.124004601968101	0.281654929356582	0.0	
0.12361583991958613	0.2692069830187456	0.10587869473242816	0.7254828992566247	0.8610690662968712	
0.5185836901795966	0.32099336961219155	0.10785355581863021	0.002886870270389666	0.4054115893523447	
0.21914978375683766	0.31469078938800654	0.5572835795111435	0.565830292194862	0.7738293632265716	
0.6646907630148782	0.23760776618019808	0.0289158839675168	0.42366266828584587	0.21475448283417298	
0.40161303475477955	0.5774516165245819	0.5995023644646114	0.5810185839504954	1.0135482252746568	
0.2718156061925059	0.036257301942216234	0.8809904731798545	0.3114656357926325	1.1644993535127832	
0.5227878633186825	0.23407287733430604	0.18506882381228446	0.2834273921272932	0.711860557786158	
0.07805762367604935	0.33980709590581804	0.3307307960114012	0.04251893360684478	0.19628188575761635	
1.0024291137071866	1.1945853138215266	9.697828122566393E-4	0.43437638387244104	0.020335760598033593	
0.1507719670438781	0.4619224679179175	0.0	0.07097400262688429	0.33913367374442804	
0.7661297633252887	0.0	0.14559889517411817	0.0	0.0	
0.10596404117181078	0.6884346947829361	0.473288942192849	0.0	0.0	
0.0	1.3015361683676603	0.0	0.708110425298465	0.21526600482970515	
0.38550013776302844	0.0	0.6053534036571563	0.8349545018210874	0.7998002381058298	
0.3005144404715915	0.26787988278710656	0.0	0.4613778057178787	0.31744818885237885	
0.1682212396489804	0.22478909768238375	0.2171859869654086	0.48823439914288363	0.42659086443037675	
0.1927000883063414	0.4748872962198095	0.14131076992690453	0.5755862355985983	0.4338874637777947	
0.3188001168919861	0.09248161421247823	0.09757959901066052	0.1749948268782645	0.5794033142571563	
2.462094945787823	1.8797649373953373	1.1688211922556875	1.1016027763314156	0.719196805209744	
0.5386164516851755	0.7695199020313123	0.19056071659426077	0.5389465076592991	0.810423794347344	
0.0	0.0	0.0	0.0	0.0	
0.5166131493008799	0.2896463618390357	0.6523105128589656	0.0	0.7996392238733884	
0.3928869868629332	0.5226277468245819	0.9188391041973913	0.2511015703085575	0.7754427048487971	
0.008440911659146799	0.0	0.31612614393370064	0.04548993552997474	0.0	
0.05462840181120254	0.9964054449659033	0.5156557350974115	0.2008589509031826	0.2706469366641265	
0.0	0.0	2.441247551508568	0.2103297589915426	2.137197509473487	
0.0	0.0	0.0	0.0	0.0	
0.3691843127951263	0.3218014523253465	0.26826085521873555	0.4578241754697127	0.07869976185148689	
0.32236691128342393	0.035543474490761943	0.35146713642516536	0.46154997925758445	0.6251938327317128	
0.4940683365387805	0.380359719839247	0.3580563900647465	0.5457622450224353	0.4656168312657752	
0.0	0.0	0.0	0.0	0.0	
0.5054180546634556	0.0	0.4825152701248503	0.3209528929993683	0.5486647999596151	
0.6389883557257349	0.5577415066670451	0.0	0.7507511677440392	0.232758504547327	
0.19161326284449917	0.13681762910709305	0.18691234376831864	0.21383701458028384	0.05796735522702931	
0.7460781339295766	0.4633651035044796	0.02342967126531025	0.798122568195666	0.5106526679193202	
0.3304435906322418	0.1458551228986441	0.0	0.45515315461179967	0.5555662326465387	
0.2997980252875972	2.8517545665983284	0.973343588713707	3.2157655916590815	0.9527767609662576	
3.1782168263132515	3.4419327356926908	3.536113485942131	3.154914283151209	3.0152509928747113	
0.26177158188989874	4.784961742339609E-7	0.3087879494694723	0.30961968384896954	0.3908576396397111	
0.08241391071688149	0.9223159978968648	0.0	0.5409714269187605	0.2634163568484361	
0.23577734614290646	0.6473262810537125	0.12850204430369938	0.7734470089675652	0.0	
0.2934235304826612	0.6491741332015201	0.6710500758940323	0.3638359734605975	0.3434600638394988	
0.6013201547549482	0.33392922886265175	0.33735501855391614	0.19005340827893538	0.6209379628443344	
0.2433434055600629	0.0	0.3253876107770772	0.039755636678387	0.5165831257433693	
0.7357200198960677	0.35208722985034696	0.5755020308243741	0.3343182694460936	0.2439840983131268	
0.6581522208644232	0.39330338049480684	0.6616418882693428	0.6351323126782358	0.5443817112410574	
0.25861220971946136	0.3150984829867279	0.3175668085740792	0.6496409296233531	0.46203187892192865	
0.6634532554121497	0.5355141712162521	0.5445545151894426	0.2553310249536074	0.43107925845828593	
0.28121850798681597	0.045078519975831136	0.29034975817835795	0.11956259456693621	0.21965801179108524	
0.16491019986465344	0.502735347195281	0.2491022579157423	0.27797647046102997	0.45296712666878614	
0.2429191268581132	0.030177301255754123	0.9789317104700322	0.43437701580636495	1.1167564169753652	
1.407893490529924	1.6054075434150055	0.08887547148687179	0.48973711291068645	0.0	
0.1446162616964736	0.05476811364189501	0.2818047004644503	0.41492379232259863	0.32276241372668013	
0.3389182342847202	0.25026541522334705	0.0	0.0026634635487622345	0.4989686439327918	
0.6188572065256255	0.6867673656874316	0.2518461290220324	0.13418301980273295	0.2142743342474391	
0.5126643947622669	1.0367144236811014	0.13811692117215368	0.0	0.28320808663834374	
0.26640879257243305	0.46376861920553775	0.45341878359915394	0.025459468718715343	0.5815142484977193	
0.0	0.21351949060351819	0.3650674006440638	0.3569030136347829	0.7833416224467586	
0.5554552288191941	0.0	0.5441681808080039	0.3155603915815317	0.610624686396384	
0.1659749127625559	0.417362473924371	0.6351089145920691	0.14039458281284917	0.9132254387699699	
0.0	0.044490042013669996	0.40551937510592106	0.006337549454636119	0.9709086688334495	
4.2614138916698385E-4	0.0	0.32579930042617894	0.7185349294747468	1.0879777898916623	
0.0	0.7403759835698988	0.7810652967294622	0.22203858892399717	1.1496285308500191	
0.8947814772009062	0.3898784177585854	0.0	1.3905216464878773	0.17830862886882332	
0.15226432416432883	0.0	0.0	0.7202030786088183	0.6593745457669369	
0.09726567283362929	0.1907603173016068	0.0	0.1667400105525018	0.15928055225394736	
0.3124938941926627	8.648061390468057E-7	0.12979190499520585	0.15977009286205646	0.7092996560620017	
0.3748753139098098	0.5035228432250634	0.26476854547142287	0.49568882333074754	1.5538216861454157	
0.10414336450129578	0.3433371836432036	0.2700221468571496	0.24781475061492705	0.24483984648852442	
0.0	0.4238030321176758	0.0	0.7972177708463359	0.0	
0.03788493881666181	0.07545821408794084	0.2986022925307985	0.07114352467757933	0.7106688919673055	
0.0	0.0	1.0481082212321493	0.3111435283074498	1.0600871356846289	
0.33133734361760264	0.3554089863786733	0.46594238247927267	0.16389363468751905	0.3997333122431174	
0.18259501853447235	0.3848299812046908	0.20707199811228005	0.03394191851718386	0.35037450350774085	
0.06971701539423505	0.16780041400103632	0.22444639877258507	0.5770006139020839	0.2740212877696819	
0.12595864632836995	0.3160369858699862	0.6033702694547843	0.09030775646472936	0.4972562193901745	
0.06998511163409672	0.04187480582386521	0.43957709542238904	0.02615637978817408	0.7767967084553904	
0.5908047444760162	0.8174392380848066	0.42312876402697763	1.284767025933418	0.4759467136601328	
0.705574131902578	1.4500682120381851	0.6623583164475452	0.5044480173429381	1.015274268586074	
0.4828276546473135	0.0061155063163562794	0.26337833853664516	0.4056189876059474	0.4884034148855857	
0.5287528584943777	0.46690499590211376	0.7335427060488492	0.39963312459107975	0.2916715605623932	
0.193174202945813	0.029545474151911	0.7936287220870588	0.0	0.0	
0.2646092350334547	0.1894102734084004	0.7136813174687013	0.138616925573367	0.7054836903698327	
0.08344108159552155	0.0	0.429651397676261	0.0028770478648723554	0.25131404683676656	
0.0	0.0	0.0	0.0	0.0	
0.3426810344573671	0.705893652304645	0.0	0.09099479841810929	0.24057719421524495	
0.5175751404949949	0.5800350602114316	0.031849052557697925	0.37709681106527954	0.8523250982051283	
0.2468622060452071	0.10403192396767356	0.17106197998882886	0.28882226127314886	0.615995358247143	
0.4868955992259761	0.5985479909988441	0.6969041035590463	0.572940006377891	0.5542652421315462	
0.6143666556483401	0.6039600094513179	0.5466293716265113	0.3469417672829813	1.051633642677788	
0.37262664434250553	0.5899789449584849	0.8491669360433564	0.2701064811667941	0.6044494007369292	
0.29247450128384744	0.7623632394871119	0.27211673853521356	0.20626699135173956	0.6214562654141796	
0.0	0.32295651600769903	0.060684480645067845	0.1807539897271243	0.0020074611833891024	
0.11372216704813544	0.0	0.24396824095237732	0.5268536640072331	0.7340533531501207	
0.0	1.6222489725201772	0.36141734703077183	0.0	3.7341914137320655	
0.625002091483704	0.46815147531245355	1.018555765724777	0.3685752649836982	1.6221167993096068	
0.172746675704813	0.005249725442308553	0.29996770796232475	0.1825357485869648	0.29338976315171134	
0.34755614242313615	0.8042434132694465	0.36315209296491474	0.29578208912129644	1.238560569862577	
0.0	0.0	0.0	0.0	0.0	
0.5811528291207223	0.061701494027199315	0.6940783323143004	0.0	0.4428706468264685	
0.0	0.0	0.0	0.0	0.0	
0.0	0.0	0.0	0.0	0.0	
0.4247006846138995	0.3934053549191218	0.10336885104858015	0.04792914242550442	0.8948717297993218	
0.28016811987864	0.0	0.590014048960653	0.4230155943396359	0.4789002816859817	
1.0537431542553097	0.5786076914939405	0.398519614615695	0.41562011985626734	0.20819275365829204	
0.3704383574615783	0.0	0.5056078590675522	0.4415331231968626	0.8203495817495333	
0.17499719041965986	0.015165857264152705	2.0765115901130433	0.0	1.085567621005109	
0.0	0.0	0.0	0.0	0.0	
3.5834103987086063	3.3874416187518936	4.086699601766952	3.3651345531028776	2.705248758957721	
0.45566652357906745	0.058472994012353334	0.28711173643821125	0.13321199345930793	0.41641343323854285	
0.3157202700499879	0.0	0.3542068106221584	0.2899850999512874	0.3737910864421712	
1.478549908763967	0.9023536145889782	0.7490479503207381	0.7785583234381077	0.08567935943892194	
3.7567767535469563	4.134483252952061	4.172249972548674	3.3300490656696913	3.574933836096426	
0.0	0.0	0.21366943742695219	0.10737884378868552	0.8828184577652385	
0.002784338593942631	0.07049981025636251	0.09074845246001029	0.372745892746572	0.7939600008038727	
0.18448779807513796	0.0	0.3481280252275028	0.4905458088011375	1.184812061128725	
0.8441662223774337	0.5911175347287033	0.11671999918814693	0.3603069929053341	0.23691947415214087	
0.6435473399354276	0.0	0.13126503010086546	0.6112660217562128	0.590349771407884	
0.0	0.8293547873083378	0.7020305186011989	0.2206651305171215	0.8693773016575561	
0.3953988177952015	0.8035260437655827	0.8574034529343083	0.6036840463292844	0.7832902368500252	
0.8555246842055196	0.1196803749188049	1.0598243803010803	0.25525338467183406	0.09994058327735879	
0.0	0.0	0.0	0.0	0.0	
0.004504500896272102	0.5985598518086518	0.07395026229880364	0.3130827754174395	0.3134072131070402	
0.9807651072401186	0.478640375414213	0.6465536446951604	0.5894951144482689	1.2094652397121801	
0.26504659271606834	0.0	0.20843460457162669	0.0	0.42938925551744994	
0.5616026860778632	0.21739695764598987	0.9506771361517338	0.1417127528287455	0.9141828739097945	
0.3808102928074007	0.016872949996360798	0.28687684294512805	0.7330006167946768	0.7638487129259288	
0.23068550437777377	2.719401211211917E-4	0.14418424648247397	0.20767041768970665	1.2907156396815354	
0.021102792749480355	0.505110239399608	0.9463227342710943	0.6266204516443804	0.35283456517649825	
0.0	0.6096386467529397	0.5156686369338519	0.05355978608762332	0.8109483048174828	
0.17408564757964315	0.8123610939594812	0.5443597198269002	0.08594118628136367	0.7065769674804289	
0.449924991487617	0.3637216417449215	1.2488770997946759	0.5823380505195372	0.8362302304866353	
2.0698732395722734E-5	1.7577099287292317E-5	1.341002019800215	0.0	0.3196238544332828	
0.5184733784283005	0.2514109973369806	1.121130659956282	0.11605710307665386	0.9685556675536207	
0.3058156095963397	0.6743770055879307	0.022911999510392217	0.1802507812474964	0.07644507177682361	
0.5840035213291783	0.587420358704435	0.16028689199036947	0.10744865404379275	0.6779563842898962	
0.3487601051779582	0.053743710831822056	0.2980986190865253	0.30046452803169055	0.5014368821014701	
0.0	0.0	0.0	0.0	0.0	
0.49507670512044166	0.3463814007497312	0.6835226866373051	0.17655439156946218	0.4944836306032028	
0.20462063355659152	0.009011396282912167	0.4013851897202856	0.3021490629865724	0.06640191512108391	
0.3831275099321963	0.2704351384492784	0.29359441798367236	0.007443725115756635	0.4208864348285348	
0.053289017185904265	0.22453166883040512	0.47021988664531655	0.30559693484524597	0.4247658558782992	
0.5433165616188373	0.5735261189566837	0.12218743228075368	0.3883534808572612	0.9100835928623011	
0.5438160119828425	0.01920205500193236	1.012709936392765	1.2409023350161008	0.6064087932564404	
1.248884189307011E-7	0.4796261975496928	0.0038282098107892105	0.07870814038262276	0.07805016636120635	
0.14611614278025048	0.0	0.43888983026671774	0.14730103862387495	0.0	
0.6270451531000973	0.6839397861001323	0.0	0.0	0.2082930589488897	
0.45517419091638806	0.2636016343027467	0.8163401171134265	0.912543646661562	0.2464322401489992	
0.732369144865586	0.4562153592561416	0.23753961236679152	0.1742508064509831	1.5738030028103203	
0.598702661717633	0.0	0.0	0.734513252705052	0.4426095371360175	
0.6100677674638733	0.326673912260797	0.03795583309270069	0.007932589198838654	0.043456792212809375	
0.1809004769733755	0.30283490323977097	0.5532433058604942	0.640523618163782	0.6682810107290718	
0.0	0.0048361684185462064	0.020144631927150793	0.6771551719303374	0.5516655546375417	
0.2473272977030424	0.02953565042367125	0.0	0.3067742738950431	0.06949326897515627	
0.39982858437324076	0.35698170041821803	0.1344182729996582	0.48934414386699837	0.0	
0.23437066264401604	1.5397943986715905	0.8204684385870785	1.4479979815822426	0.2428949251834964	
0.35360118701072035	0.2537533754072185	0.36650678912131945	0.10263238177264039	0.2220885642922334	
0.6677677851353149	0.43393627246713945	0.9563543185599842	0.2830355976091496	1.5148504445530682	
0.0	0.2570388984762903	0.518092326006396	0.40277488314030174	1.2086753858934238	
0.4508387823124675	0.6919254431503167	0.9257986065321608	0.3568924934261747	1.0624597037484096	
0.46531023832057067	0.0	1.1268295963636499	0.0	0.6445459018426904	
0.0	0.9959740771073585	0.0	0.22532643069183478	2.7375345658626857	
1.0530291534778042	1.2168311104185117	0.8139456026202501	2.199245615886264	1.398178329109399	
0.4052880488527321	0.24788859114953504	0.3207892152068407	0.00419765240233274	0.3198240386272192	
8.48481750596158E-4	0.0	0.33913542359924564	0.43999860884372693	0.641759909283474	
0.4335567031374481	0.613505522700438	0.43217138030676655	0.5509950535512299	0.545932587387531	
0.9353692393085684	0.3069206879849564	0.06258252046707845	0.3927180487251032	0.8237739685282306	
0.7423335295714946	0.0	0.4102977239899003	0.43300168706902487	0.5566616987513406	
0.1472681566167698	0.45210460393707047	0.214831208083178	0.4313521901708435	0.45650507550567976	
0.6017921395179464	0.1376905756462496	0.17901127052742433	0.3074112817356288	0.06204139499254176	
1.2918674699699482	0.7563831390994048	1.0445546128320868	0.9747725470489362	0.5341501131553121	
0.4747863270147237	0.37129985012156036	0.21910859691600243	0.38987303397553874	0.6104401300511721	
0.1221847170085984	0.0	0.012746385637778817	1.0858777514794662	0.32789377869775893	
0.0	0.0014351413886807254	0.013281663594807395	0.41210931373047643	0.3292453353538007	
0.30001846433755686	0.17941079636292018	0.5576458175997128	0.37645204907207525	1.1493570457437008	
0.0	0.0	0.675789073330358	0.0	0.0	
0.18987045308203282	0.0	0.25088671637404714	0.6669124833912058	0.5785959012621013	
0.7885155023383795	0.08225280952027975	0.3210270702860913	0.056127112638058085	0.49286691383551484	
0.1360889218381031	0.25848816995426954	0.20516896019511763	0.4968585973820087	0.7801104442162398	
0.0	0.587988566109726	0.24256667659544565	0.48305556846481174	0.1636272098938683	
0.5335296774044171	0.21887787509081258	0.2844135448303499	0.0627232243894041	0.4166023587894685	
0.5211120116033016	0.3771395745540294	0.20990337797653677	0.011571354786953616	0.3920063737107665	
0.06398902333266457	0.9979531541449566	0.3895310873191624	0.2784181328411499	0.29295998972076037	
0.9317188054040858	0.359538682875111	0.6377864346515842	0.5571465131350677	0.6869578225931148	
0.0	0.7443003524206084	0.7412684273610163	0.2177473163868204	0.7627089711586107	
0.45065341341454757	0.0935214099136888	0.0	0.4016075688714016	0.6211848322583495	
0.0	0.0	0.0	0.0	0.0	
2.170742479843604	0.24555230857143534	1.7172881429769393	1.3924262844497202	0.9439163775771754	
0.0	0.4006402978099507	0.964734174520245	1.2702470188502581	0.007678245918725529	
0.22576868349500295	0.0	0.5305738565142261	0.2481119325341664	0.6769975037908545	
0.4323853171468484	0.24216475749346866	1.4034272695837324	0.2466764759998574	0.6026817612612478	
1.9951979222425296	2.0050998748941757	0.0	1.8540106010148474	0.0	
0.6554044467605403	0.26669819960894325	0.0	1.0043513525158196	0.49220163511419596	
0.5319797821741773	0.12654581282014837	0.0	0.4011940883498215	0.5018207526830614	
0.0	0.338878176194944	0.0	0.17638944005011287	0.3976353199138388	
0.2722657514998057	0.6372081895138321	0.0	0.37655260706960125	0.4245073035937085	
0.8626127195247149	0.44621879201641007	0.89889800757059	0.41864597832877976	0.4488284493523806	
0.32526332050080325	0.03726146837664594	0.5445914660792186	0.23497606867616555	0.5197561796427211	
0.40287865584678	1.7079376657210226	0.3180423343435244	0.0	2.896163758162129	
0.20841332041725424	0.06194559850492852	0.3115759370646987	0.04759511847027687	0.2109516218448739	
0.0011402532999215914	0.5640771478021981	0.014530554631262302	0.1544210444752294	0.3093625929659983	
0.0	0.0	0.0	0.0	0.0	
0.26625004202019464	0.5100150547507069	0.31256112736632086	0.3130742034259444	0.9922659302337616	
1.0621391224027343	0.4060039417685098	0.2025561895095622	0.6560438479083676	1.6456193044349117	
0.695748629302744	0.13985138015116774	0.7294353267096464	0.2296721243147856	0.22235356192806327	
0.13218679821112903	0.3153281655148899	0.30978450858086276	0.632149531232128	0.4630849764613087	
0.0	0.24074345260906485	0.2736889873012179	0.699864516802303	0.40970238605444226	
0.4714982259018585	0.712110491060616	0.2851857628521544	0.4882954766703948	0.1030254881110809	
0.36838888965926886	0.5847413614928036	0.28845108787256313	0.6514776790942011	0.43758253435781547	
0.44964874688282364	0.3613999157275975	0.5909538669078127	0.4213836039223803	0.651814942138554	
0.6144387221829001	0.3434035629542125	0.0804064518615222	0.5332101901875953	0.55032020500863	
0.4094920240273048	0.5653127335021637	0.26691648299241777	0.033015007027917896	0.38063385185869625	
0.0	0.5998073099125436	0.33376699108216645	0.6313577266454756	0.7735382761238445	
0.4388494238158348	0.18377266758024657	0.37446443965635456	0.0	0.0	
0.6375186686013538	0.23257255127358067	0.7613647794677514	0.10635742445573078	1.0661555535281473	
0.04540460330638072	0.0	0.0	0.6118311351575136	0.5396658079341629	
0.19197516039055876	0.4939807773624525	0.1493555419603575	0.17306415024929708	0.4030965450979126	
0.3140118378385379	0.03603267153636064	0.0015297748580341403	0.546655162230403	0.15252225197597158	
0.38431184529120355	0.0341044525219569	0.5321883441970429	0.142114548293127	0.6137191844854888	
0.0	0.0	0.19230918294823618	0.6872611762672856	0.6842468603342524	
0.5306033199499278	0.025218173072054793	0.10230161002623707	0.4530111243751468	0.6476709201112884	
0.27886519920239133	0.4387946172715004	0.10114405218101438	0.19557884918672724	0.09827301806730002	
0.5341524940727617	0.0	0.03570765210828168	0.44166495598556055	0.12359330863706039	
0.3720491758322116	0.028414581786354982	0.8518806953923828	0.7635430809412281	9.767436202790087E-4	
0.31683840582762535	0.8503524808515912	0.31490269626011946	0.7732455855676776	0.40424431251982684	
0.0071165035499194855	0.13146025224250765	0.1068302511279015	0.856904751055612	0.7077705984558808	
0.0	0.527228681537729	0.0	0.534544136923651	0.4118232794971426	
0.3440676728915356	0.19622052817106794	0.4071017169374	0.0	0.4809315884070665	
0.7124233254931122	0.16971377407174662	0.9166922899724762	0.3526966323071593	0.8108481210866073	
0.22655295966461264	0.4781049127725623	0.949795224686128	0.3386898629288763	0.8324141053149828	
1.068187237973746	0.7914273680465936	1.1653795848821424	1.0576936049702876	0.0952084947537358	
0.1290260526687245	0.31061005146703613	0.5410969592901148	0.11622258049473579	0.7416562039554097	
0.0	0.0	0.0	0.0	0.0	
2.64334623117787	2.138637839403292	1.5504988264794026	2.828193048889374	2.1746770008918044	
0.0	0.11890852416575325	1.5383112937692283	0.0	1.6842696316815773	
0.0	0.09699238254929025	0.023665543982359375	0.6213174803550617	0.644793978569877	
0.48051018458466926	1.4976492505370904	0.18049053961115902	0.2056458297070874	2.7587926729646055	
0.6321963651722834	0.0	0.43008731764013886	0.30746404876477323	1.1655300769853694	
0.4571861457110861	0.0	0.4776958638734559	0.0713711549894739	0.432482898633414	
0.233650016619918	0.09725406650327434	0.6890331285584576	0.18912867507279882	0.7599838143498061	
0.2019794461411565	0.0	0.18107491150314023	0.16470546013727758	0.49030384960489737	
0.037521735537033356	0.1314842489026254	0.0	0.22458189181638283	0.1835445112403044	
0.0	0.807200823710515	0.0	0.4057596467049218	1.511772436784943	
0.019658256641897794	0.8753481372683453	0.30351345212420705	0.0	0.4537508697699901	
0.0	0.0	0.0	0.0	0.0	
0.2672911385148257	0.7284760627520076	0.0	0.6120376567156032	0.5337240662879857	
0.7548457379788585	0.22944877877591865	0.5559044040596108	0.3663678520700158	0.6915360411861093	
0.543409025115859	0.1996863178367006	0.653353233538851	0.4834591376897085	0.1662256197425737	
0.07873950270994587	0.4531632755961503	0.015209679206050295	0.6669004910636713	0.977495320671026	
0.36211461112519505	0.503182124110781	0.3249879055008587	0.8845006628571523	0.515700746557078	
0.3254057993143496	0.41226682459876796	0.09119689038598885	0.08822224453551318	0.34409214829244394	
0.0	0.42588565767637143	0.2281982518690669	0.785210114421178	1.5510085532539626	
0.5578939436086536	0.8940942412828448	0.3612470221049675	0.49993623281780764	0.06210491606523352	
2.5552201502887213	3.053986647852119	1.4741487862414369	2.915228639187413	1.4023130374037815	
0.5844023824345793	0.0	0.0	0.6270282200402448	0.3589018165233153	
0.5112440140283101	0.1400559330733039	0.4846126497314565	0.26252916934803994	0.16579749836998814	
0.9955461166523207	0.462275568491467	0.8056031854600098	0.26202442436108814	0.36773393304782437	
0.053244212666926076	0.7257545067488238	0.38805596783926777	0.6065296682620385	0.8097635558065844	
0.3597188517664682	0.04703641387302888	0.10102863332906101	0.2204418117521508	0.2839924225990195	
1.2863379008160578	1.3877322393034612	1.5589870042555707	0.603010004158396	1.4763580050510536	
0.8690288307764338	0.0025327967403398605	0.0	0.5972874854321268	0.3178917454118884	
0.14996499080077774	1.1462688083841908	0.21747233532231824	0.155186538587508	0.01715424649329232	
0.8977751584116441	0.25270597060349026	1.5259570796910222	1.2193441974547106	0.6977283820895407	
0.9863114029571871	0.5605375752126537	0.7630025778077735	1.0750683117680981	0.16315207797175424	
0.2554833756876043	0.018335149110831624	0.2940942469590584	0.3905690284675295	0.32155015786696667	
0.2696235797787834	0.4471375998261355	0.040187296799692206	2.9735916972501347E-4	0.018076425604193654	
0.38574525620522454	0.1667539121535989	0.28172159682353154	0.7181308897304272	0.32423796268758487	
0.5718069402533704	0.35121262580604207	0.2485643628426417	0.17625238526159306	0.8022813540964918	
0.3416730082413254	0.7123417985261855	0.12306202467081456	0.3048195635246539	0.02911748852038552	
0.2881179426586643	0.39681530085551925	0.22865642078940376	0.49051541363691226	0.2196836919645053	
0.5498642830318884	0.9023417956376169	0.5633548868431446	0.8128420788365959	0.9834140171289371	
0.0759250241375483	0.22985687489964893	0.5217667691662972	0.31412802450071825	0.9094369362622203	
0.160346481750766	1.1017482127859102	0.29381832335269165	0.44077502487050096	0.007882999890745424	
1.2188799096183989	1.0832651431956697	1.9900620871068697	2.7171935800884484	1.1759033132233985	
8.746567914529405E-7	0.8023499537120411	0.2914854543570961	0.17978252143857176	0.46764492971977506	
0.27013685826090283	0.3454805290765393	0.2925233328726388	0.3682544252341516	0.6000201381438847	
0.0	0.20706190705565353	0.696301421055011	0.0	0.5224749120821403	
0.0	0.3450922005947788	0.42593755084817375	0.1639735569296314	0.0	
0.25954466194314046	0.3601200480881612	0.4705239883425607	0.18285793358947797	0.30108028892662464	
0.37344234652154307	0.5042688755190778	1.26844912855623	0.3092074821782791	1.4237413807117005	
0.38387405794887214	0.05505543286823988	0.26438869471334175	0.2330451913548001	0.4596147986570586	
0.6494892910046524	0.5330390448969569	0.18490757946819134	0.9481563451041465	0.5820092622608316	
0.15165592041676895	0.21118324147208975	0.49659955222568464	0.284069528702306	0.562752697913827	
0.0	0.0	0.0	0.0	0.0	
0.9466804668558029	1.748886741319115	0.09653419279623099	0.9947708342063983	0.1481511929279964	
0.2763018186520543	0.0	0.6711021057856068	0.7725482148092369	0.9765341360734348	
0.3977840270750259	0.5192363741388927	0.20332473935748605	0.10404499473759199	0.2847208905013353	
0.0	0.0	0.3649132531502179	0.3903515506899157	0.4514193116903253	
0.8079620080014298	0.27206751322552164	0.8056450263950818	0.4046656350242042	0.9051621962665323	
0.30778802359210733	0.5712802666519171	0.638636782967197	0.152156933794563	0.7392197566511208	
0.046611875627903206	0.17920868412277602	0.2709655969743443	0.23238382197700178	0.4284820559091996	
0.42860350020672816	0.260252807586031	0.08943097719277408	0.14540290445156226	0.3731861908917809	
0.6806116796169698	1.676571172587834E-7	0.10572670360265203	0.22151333894550337	0.7935255928281119	
0.8287519267003536	0.5114010997814201	0.7436238336703273	0.0	0.6442839478877248	
0.8056065618338387	0.12068804736013253	0.2280356120448664	0.4177936485660353	0.5741744164378177	
0.24608742074946788	0.8706009408317158	0.551120094241736	0.0	0.3638187893025605	
0.024680440283355008	0.6636668401137782	0.6986577112149915	0.12373123488793751	0.7367622008578895	
0.0	0.0	0.0	0.0	0.0	
0.662841748093151	0.0	0.05847275910009046	0.04616815153236261	0.52236699755383	
0.3642404016362454	0.30013574315459396	0.5556710560814001	0.19189826614240005	0.2759132820047647	
0.14024893384806605	0.18223648024016997	1.054372333553523	1.0137527421936585	0.5915008056314761	
0.26889522545641636	0.7477676496428353	0.133200858279538	0.16050318481358208	1.0532321405397658	
0.0	0.0	0.0	0.0	0.0	
0.0	0.17256401853503986	0.0	0.4584406869806108	0.14196375384544643	
0.22930276185196485	0.039317578691825186	0.05556519407483624	0.09404651856274178	0.13133080337818842	
0.45035205155911645	0.888735346248972	0.0	0.7921865401060952	0.05531384918528271	
1.1599203962136881	1.8749857599079909	0.0	0.15095451351266573	1.1432883278552788	
0.07138880889200296	0.3900785416076561	0.4705282276415368	0.13454882269027177	0.14404077070614654	
0.3316368539682537	0.5894837283584458	0.18151053092301186	0.26039877543828976	1.129197597613312	
5.63231261963065E-4	0.055173884640521524	0.8639377250393518	0.4805171391443407	0.684295612305166	
0.15266531135871217	0.6115303873330667	0.16743555396566828	0.12448776762408874	1.5292566875529192	
0.48151639577699745	0.6455111671809134	0.3547464628867229	0.08864420885622107	0.6019176753573744	
0.04678420919040466	0.2819234115260355	0.2548551883636615	0.6806495570527856	0.5190715404279681	
0.30397980094211813	0.0	0.21833570347595085	0.37773612338664786	0.5298977117281308	
0.19748363848706882	0.6145535845796368	0.34483647457684696	0.4171738941081743	0.4752872423479026	
0.06803068553920706	0.1988023649291296	0.5960886790918135	0.017461617910269202	0.8955220785138284	
0.2936375916560372	0.6110854835447465	0.2606031209009584	0.0	0.3827573581610929	
0.2514429074659383	0.4236551345098328	0.6825463895424657	0.20564503380035765	0.6951236797076918	
0.11889959946739784	0.0	0.0	0.5711354286902045	0.45660669633070844	
0.5108245248841995	0.45074018593936055	0.5734520629920687	0.0	0.16860595283138255	
0.5597826629031956	0.45454556167955834	0.862496282160715	1.000673312724776	0.5393816247512242	
0.37868745178866714	0.17229067271370352	0.19373676102210238	0.4440092165036309	0.439490457104234	
0.40218142814292485	0.0849528642905435	0.6550580341286377	0.6623037025550793	0.4893534299294006	
0.27747696529986726	0.32040506754394976	0.31582714607911433	0.27102621792581716	0.1794440124264448	
0.5832000342917747	1.1550820493175689	0.0065301303560178926	0.8693476949024659	0.2536057382325055	
0.6011553851207162	0.3025480030563442	0.15854870874342628	0.3953132527294549	0.18330697521795605	
0.3493812591256682	0.4536907011436574	0.6955556042962024	0.5002084856851072	0.6880063009709804	
0.6551814937130083	0.454317155281985	0.5489810248415492	0.3125339394023077	0.0	
0.44434407729780323	0.0	5.059652961727487E-7	0.8063502532542194	0.08660345170121131	
0.0	1.1537748410684285	0.18507408618834703	0.014598516745725498	2.0421365815465475	
0.6901832134982215	0.0	1.0035531162314084	0.8546983932652431	0.2191606595042699	
0.17509345058170134	0.0012668755292017443	0.4384341147069633	0.4135021516642742	0.7225646921486384	
0.5146424894661217	1.431163764993834	0.5907731663686682	0.12620785794038789	0.23247090967818462	
0.1919873896275769	0.3961955920505455	0.4287798835185746	0.23174594886465053	0.9013929512155519	
0.0	0.0	0.0	0.0	0.0	
0.17467018933200298	0.6050291899545168	0.06540076987593407	0.8249422055864267	0.5657927113905683	
0.5593878649798918	0.6368906483726402	0.38704364355890286	0.24705747061400612	0.19877059634642047	
0.07669891413760736	0.05421582130430216	0.5791815299385886	0.5592058220459757	0.6333967541066953	
0.6522532788885068	0.16800593173935494	0.35802590326893124	0.44726522174343974	0.0	
0.9017329975821735	0.5251962142883065	0.0	0.6068800612633951	1.3179508138331049	
0.7709923858896737	0.0019124647144994676	0.3221726388417915	1.104214332078522	0.172559144275796	
0.0	0.3580699876704631	0.8530362176696026	0.7556132690977638	0.5227334930902625	
0.05668536274070831	0.19463521428723599	0.24214318428320689	0.03998144478523389	0.4293941062646316	
0.6111287870690817	0.18621420590981538	1.5376574258324196	0.0	0.8671193317444841	
0.8246505821796457	0.32908289790414025	0.4032182341121105	0.27292893983595373	0.0424217923156835	
0.3934770333050161	0.09343853357436847	0.49900317286595974	0.5232402018989268	0.7740149973018835	
0.2295260271095648	0.33146847665443946	0.0	0.33278983019396124	0.3035249362838614	
0.17302492567581385	0.37648010878199506	0.427905544316075	0.251624476892531	0.46604010853443983	
1.0479528554578064	0.23686135977871053	0.7372403307564966	0.2852953845674075	0.8642299558918553	
0.0	0.0	0.0	0.0	0.0	
0.0	0.6420470163949097	0.20718491365408695	0.5345232756900878	0.612192558660637	
0.30600518371984514	0.10241523931272165	0.6951282488498384	0.2948984798076792	0.6020415380410183	
0.8477764692671901	0.5218354350492813	0.19975284019625916	0.08775293146962189	0.5861686530644287	
0.7214579817330738	0.865417776450526	0.6108114501070716	0.3133959366418061	0.5212929592612634	
0.0	0.4786342597885276	0.37838224664967834	0.3519796149700091	0.21432518359257044	
0.39040382857191946	0.6175398666381515	0.1671565956589199	0.6367624661372181	0.3044141931712539	
0.0031533691703967844	0.3445768731020956	0.44867688996660077	0.18052494675234176	0.8674257020167092	
6.564688894057153E-5	0.3345065601970327	0.125465291001009	0.16374625754681274	0.799252664929658	
0.11060122859615518	0.28332416365578594	0.0	0.522801893537908	0.22993540903596957	
0.0	0.39804817342105425	0.030844738195893603	0.4531998810125416	0.6338735538537752	
0.4616224507225249	0.5147873779795381	0.3710420371525405	0.7778107562489316	0.6693506535017759	
0.0	0.0	0.0	0.0	0.0	
0.973064107227072	0.12787829191309427	0.5599150382568883	0.0018654573239714912	0.12658335215087738	
0.3546143342822843	0.21901996976537513	0.25313201839018934	0.626439855765773	0.2051839916104335	
1.4674718399597617	1.5547400363175514	0.06032319724446503	1.1501604701671901	0.0	
0.28559072780428335	0.40208035316104473	0.23130596754032606	0.42553594009061263	0.4952772619449467	
0.190878037385989	0.6145362158261004	0.5027646954005485	0.1798493735097183	0.6246574528962454	
0.3652531664892672	0.41906738407561955	1.0664668396870383	0.3523931930287151	1.2662621860861312	
0.7457797734125834	0.5984033915078926	0.22831976923114697	0.04747456725763831	1.2185782583374811	
0.5726327274664216	0.5215800482113517	1.4152250694030521	0.0	1.537622495069423	
