0.13900332772302126	0.3441663547819982	0.3398093515048863	0.0	0.06271844427182822	
0.0	0.0	0.0	0.1704563972913495	0.3823520037371956	
0.1509135353979339	0.0	0.0	0.38797311615483465	0.20810056870795826	
0.0	0.0	0.0	0.0	0.0	
0.11318919870943857	0.13718755128218432	0.20880509622972449	0.3052437136080647	0.2572438825562693	
0.4304455000201182	0.0	0.0	0.1679521139310479	0.2344084356392707	
0.0	0.0	0.0	0.0	0.0	
0.49013545036714545	0.29084665326700504	0.0	0.0	0.07621302641581863	
0.0	0.0	0.0	0.42255973098003724	0.18377329325724828	
0.0	0.0	0.07856720168837919	0.5617984119065802	0.21414420604730158	
0.0	0.0	0.9490187839074623	0.0	0.0	
0.0	0.0	0.1653536235586147	0.12293651825556196	0.21695243699061983	
0.05698287319594847	0.3974208746081234	0.004819714869075845	0.3082544847140707	0.1909226165186066	
0.0	0.22087776130790118	0.0	0.0	0.5159125745062131	
0.0	0.0	0.043156486974680754	0.38242080636469	0.11436027640745706	
0.3955258585326911	0.0	0.22274193331710193	0.44196002456457195	0.120434908696106	
0.0	0.0	0.4877695605493582	0.04025087325487285	0.006944515322319386	
0.5646610850111494	0.29510803831992494	0.2975357700292799	0.45102856382036965	0.14274462059342077	
0.0	0.12407212853637585	0.6062939072246843	0.06605371790472997	0.0	
0.2967539929327994	0.3566693920992653	0.06309217674561386	0.7930486826192027	0.0	
0.1254106683391475	0.0035254062213449624	0.5141418106437432	0.0	0.21712641963341509	
0.594928219003102	0.06272291512264123	0.0	0.0	0.02095183601907913	
0.0	0.0	0.0	0.2983170941958173	0.23471922305954554	
0.2235425658536303	0.24771626808572883	0.0	0.2279813696989545	0.10294744696359265	
0.07426822717104134	0.2639968300459332	0.69082375659377	0.0	0.0	
0.3497012892599015	0.04294492449088608	0.06216952291840864	0.0	0.18192683411197122	
0.227881326564382	0.22731884401174182	0.0	0.0	0.0	
0.4630077039426336	0.9032032807880743	0.037986537384316045	0.30840434650731785	0.032238555779471226	
0.4106937304206584	0.11912915008708017	0.0018578217832845518	0.2581282368679991	0.4216833730944217	
0.0	0.15373002515317527	0.3849823334422187	0.2676929299708516	0.0	
0.0	0.0	0.2615038844336013	0.0	0.0	
0.25627295947576195	0.0	0.018289713006849704	0.24677763799940683	0.0	
0.0	1.021312573754624	0.0	0.6498534814117429	0.007475512003424281	
0.34999979763160344	0.20201322535925206	0.252265769627336	0.0	0.11395385305257628	
0.0	0.9512894280979728	0.0	0.05260381908477573	0.13828534055981523	
0.1616314480223126	0.2939982854970196	0.5577030851653942	0.14511827373871813	0.4184566419613011	
0.16497290135302956	0.0	0.1474372892378042	0.11270409830104465	0.0390097585483277	
0.0	0.0	0.08938961794928124	0.36741749099030485	0.05228808001877246	
0.04692405105584042	0.22951183854288976	0.1366714792842096	0.04821251029439201	0.13691226130720127	
0.0	0.0	0.20955635815811627	0.29635585460983754	0.0	
0.05997399222201542	0.10727646781238287	0.10014730281423602	0.18640052160541756	0.2772666095545095	
0.0	0.46524790185250037	0.0	0.27714941965831746	0.1758000324900567	
0.18590373112120603	0.04428034438137503	0.18121412046459173	0.9786096917961132	0.0	
0.7509637402009334	0.054786123482168714	0.1630235206199792	0.176358996966935	0.0	
0.048950073335438264	0.22608251869111948	0.06017734680481658	0.291300441794806	0.008782863659938344	
0.0	0.24077366691290786	0.0	0.25265299951395864	0.23800580866291576	
0.24543422039790386	0.1490055596225744	0.1697953138943138	0.1275316539601158	0.2525365227578899	
0.2680286667942934	0.20782105202082274	0.3542167434000933	0.1632743513863432	0.2129521393143888	
0.0	0.0	0.7630362691936908	0.0	0.0	
0.0	0.0	0.0	0.0	0.5468973039240209	
0.06054647095792738	6.13064799950352E-4	0.0	0.5244978940573745	0.15515521783657682	
0.0	0.5105732256613477	0.2617598794601853	0.0	0.2102900011625749	
0.0	0.0	0.026783963808362184	0.8762064230276873	0.0	
0.0	0.3055139272461685	0.003872415475853451	0.23788236607201568	0.1142532700803812	
0.25874222215292947	0.23019108469136929	0.0	0.0	0.0	
0.0	0.1790330096816675	0.0	0.49315642156010253	0.0	
0.06435776165609285	0.0	0.0	0.0	0.0	
0.1849081692992545	0.0	0.0	0.0	0.10062950882893461	
0.3509114537074993	0.22012505018191356	0.06152616657362537	0.12568473186639012	0.04739038264500725	
0.05061216175375572	0.0	0.0	0.21439814039602154	0.09887688831209494	
0.24709446261804274	0.10852994453353244	0.12718487891761934	0.07748992239298767	0.03904621590985663	
0.10541673041835695	0.09584716498618918	0.21209676980098682	0.26806470033607954	0.010642633975595122	
0.1519311099854892	0.0	0.3874564664107628	0.0	0.6308645050979739	
0.0020978450238056385	0.09663825273833807	0.012581359026874125	0.21013224637817243	0.0015946685123518541	
0.0	0.1915061319335085	0.0	0.4571560732061965	0.029708438853803375	
0.0	0.07478689926092015	0.3953042825837004	0.05450374009714025	0.04900474754449967	
0.38592616257984785	0.42361753928533935	0.08472794175576631	0.15821401430812482	0.1023795577850481	
0.15832726700302432	0.3086439428541506	0.0	0.0	0.03839369108923995	
0.14957438765460399	0.3734303277683495	0.29034841850991644	0.3772965714863749	0.0	
0.0	0.7654396869209066	0.0	0.0	0.4425570837724697	
0.4513562036630012	0.37890932020996604	0.6318230604438166	0.0	0.1728669580691887	
0.16648703545956522	0.22417555648261195	0.004697339941378242	0.08863925629446935	0.12238924286006996	
0.0	0.0	0.0	0.0	0.0	
0.0	0.5458290447719638	0.0	0.13114161483068099	0.06633330013012331	
0.0327244342116908	0.0	0.3715254820898671	0.15437868462274879	0.15004255800540414	
0.22664786980105311	0.2798789450116203	0.290372994440507	0.16028315600923942	0.011650566505602429	
0.07339882385464941	0.0	0.2054419107617827	0.21466760181873443	0.2281084404376071	
0.2696396108111908	0.0	0.0	0.0	0.0	
0.018403010155076126	0.0	0.26421881681053744	0.0	0.0	
0.008332082379385018	0.07810759256477466	0.012335373971482278	0.03346514400315634	0.09547851484654096	
0.45463741077191944	0.0	0.018990128611461626	0.30207209093308973	0.24333632277715717	
0.17680242948299588	0.19442603887384605	0.020382577709395885	0.15541456694987082	0.0	
0.5372713528905304	0.0	0.20132646544898233	0.6611864039539296	0.022707433109092148	
0.11791721872416377	0.2147448413625289	0.0	0.21292104611012816	0.0	
0.0	0.0	0.17774285792174999	0.3980012538834636	0.0	
0.6017648013460581	0.2145061563702211	0.5876045366346486	0.0	0.0	
0.0	1.312646046588567	0.01415587253437202	0.16676761778968732	0.0	
0.12571815250872412	0.35025583293446566	0.08568272949586934	0.22100265235806038	0.2325912323519019	
0.06675248814954426	0.0	0.011288841248304794	0.22467004048434663	0.1625013777026652	
0.04397400911865889	0.0	0.0	0.9842817274042813	0.5690967828120803	
0.0	0.0	0.050670975379805736	0.2529338377821613	0.0	
0.0	0.18601012059517344	0.02143802426908123	0.11932303957879879	0.06644691634341443	
0.3187301204839374	0.0	0.06574486677843397	0.3566661645651707	0.02285166952541155	
0.29087607189189035	0.2379029403528534	0.2376152016208686	0.10763677353186961	0.06365812104045453	
0.0	0.011827155065009885	0.0	0.19744859576462306	0.19012597741442536	
0.07943515130223167	0.28558966556917365	0.16306255525736896	0.19707464406630884	0.04247265587301679	
0.0	0.0	0.0	0.0	0.29958137790858963	
0.0	0.013448873734352466	0.11972591226562948	0.10618916937249227	0.481236398114895	
0.02100901699133249	0.3089466315209994	0.2619572074501615	0.04887182909673478	0.0036225075444701743	
0.5934022674234959	0.32856598987136076	0.5213964775216715	0.1351495044186756	0.18137934955684443	
0.35594564682562185	0.0	0.0	0.0	0.5140552583952336	
0.0	0.09706584837243909	0.0037205918668301403	0.009966410793214978	0.31755333710450967	
0.08462244490955005	0.529748248233735	0.5627668895841422	0.2296188251328062	0.27783370764678045	
0.2126382981594354	0.12200064721557805	0.4427941475246898	0.0	0.0	
0.5349104811862541	0.18953275355843133	0.28867604972303956	0.01754629242646566	0.10450615455100358	
0.0	0.3835318082551547	0.22667562841536426	0.0	0.13977476618024565	
0.0	0.0	0.0	0.0	0.3192568546067426	
0.46748716578982025	0.2018544453924159	0.0	0.20298711001274333	0.2292601416622801	
0.1283635623511845	0.14198077513177268	0.2836635160251336	0.10896435162272448	0.059978328989475	
0.15487429899317934	0.0789978987031275	0.0	0.4649769071853921	0.08010492927769543	
0.14956592716043593	0.26192220768439983	0.1857575239402298	0.08887833611284056	0.15208251873368847	
0.2942738826842166	0.1026552853963124	0.10849591920535599	0.11809841081687353	0.29665549436507554	
0.07087329124708393	0.41273564940115365	0.16610172520278177	0.2783203918200864	0.14632679617252362	
0.4303463977060756	0.09465945807297226	0.3465469431883259	0.06156126161451961	0.0	
0.480988885132561	0.320621740295191	0.2701255915231717	0.37198453855615077	0.3403648736333594	
0.4949312300508124	0.2576128045191798	0.14805952429624925	0.2618472635252083	0.4619431510434969	
0.10442307554323971	0.06792221210853541	0.47960994421968306	0.603047135766412	0.10025944347724534	
0.0	0.0	0.0	0.5741876263791035	0.0	
0.0	0.0	0.2606230111764395	0.0	5.315426259453873E-4	
0.07129028885680144	0.0	0.003807953606750739	0.0	0.10031271259601124	
0.005460447169742151	0.056361486445316245	0.13951881492576287	0.4170816655663478	0.020053542454928068	
0.0	0.0	0.3198433472337832	0.38849302251177925	0.0	
0.3727183973533414	0.057415413653078916	0.15539567101880777	0.44685438105626474	0.017783404941487075	
0.005171620387251595	0.031068372758659195	0.021365190031148885	0.032252993752986805	0.001308571593463205	
0.31300240911464355	0.41707295272529604	0.26787125060947664	0.3896252929749191	0.03228605134416157	
0.08349183847317411	0.8062204817662217	0.0	0.0	0.04279970688682971	
0.9444015665141231	0.09655646252378793	8.53832311546605E-4	0.0	0.023266038558215827	
0.0	0.5448296608460957	0.11514589914058271	0.40366657484392304	0.0	
0.15808242689588362	0.40541396659569023	0.3883802344878162	0.0	0.3920902855638834	
0.0	0.03657982350481702	0.10690572887619396	0.06621523407129831	0.1215764894257761	
0.0	0.0	0.0	0.24068341018250025	0.10979365274146548	
0.24994133101368973	0.0	0.0	0.27898857415456035	0.0	
0.0	0.31239321709489526	0.11930571768176225	0.5202472587225302	0.022776530292972712	
0.20145425344480725	0.15088371568198375	2.452020902326538E-4	0.0131091667749181	0.04244768360466457	
0.3220491329654842	0.5850878649970089	0.06039667304639537	0.27911630188008896	0.25578068365763224	
0.24098903673587366	0.05309323447525243	0.19353229431225105	0.09011639321467559	0.15530939998153723	
7.373420519359123E-4	0.006068182115911653	0.027014773478498642	0.7634622141555285	0.009687236837690351	
0.008643131314462678	0.15493366541054585	0.0	0.6296579277320284	0.7390865032569753	
0.06974919299597483	0.15250240458717307	0.28039647025602016	0.0037942683307452397	0.23191901124063982	
0.24326971634832428	0.16315849778138525	0.2628113009263123	0.0804909930438628	0.19280841969203646	
0.41262368966210233	0.8457500886094359	0.2398815585610452	0.09865157219764926	0.40478821352933536	
0.22162519506828765	0.0	0.0	0.08275738625830824	0.4582557547043072	
0.18328932642416873	0.1918082420244706	0.07411165331803081	0.5449673144181836	0.0	
0.22159733830790668	0.06191299679119996	0.2683756808191799	0.31967707422601543	0.10489649436858642	
0.11695603698736579	0.6701088287317117	0.5150171328835323	0.3154894992301114	0.5935017835219051	
0.23851068844649487	0.08321713003313286	0.064552164535493	0.0517730494052904	0.030539306528117958	
0.5078877151166598	0.18011971346085448	0.0	0.0	0.19043889818521473	
0.09930722347379899	0.1385464955646425	0.04455351892333477	0.25783609277364034	0.1534965663061565	
0.2545202914446999	0.26300205570728025	0.5795951107968604	0.29048456458117167	0.0	
0.1610795205577916	0.12221104856856006	0.0	0.08753238649775484	0.0	
0.13803096162697367	0.29436929821047014	0.3298142401554899	0.17527135882963393	0.20035393725756798	
0.03507277588444159	0.055793400124572984	0.029536699478810432	0.3530736342819695	0.0	
0.05861183715523654	0.0	0.42468658653523456	0.6122913195512348	0.0	
0.6484213842174106	0.23129946920236527	0.0	0.23770812120375756	0.14460820944805403	
0.10984454793147247	0.2036432610211456	0.059277649677506004	0.15170965187551175	0.11820727692209779	
0.2624765868637856	0.4137289424517603	0.3168488100784335	0.26254283721542704	0.27058150935315545	
0.0	0.007711679447513532	0.0	0.38614942320546713	0.060424020475928465	
0.21787302347730964	0.46778971351798443	0.18748166150117715	0.45544198592810625	0.07510870954080227	
0.014426170098410688	0.16417246311561473	0.06178980791779477	0.008274049293625744	0.3020535079117313	
0.06545989171395485	0.26167469494929896	0.2962179801406472	0.18258827640563233	0.4584131974414356	
0.23357425058792172	0.392419220457593	0.3234117190778296	4.906124118273286E-4	0.11999745696003052	
0.05493911633301421	0.0	0.0	0.0	0.0	
0.7664625082703233	0.3544216648132767	0.5037039285708463	0.4074206087960514	0.21383372641943735	
0.2666446062196039	0.23346071345484554	0.12299535177981628	0.35970151566285785	0.0	
0.0	0.11963951070042547	0.0	0.0	0.0	
0.22157137662878978	0.3176794392545396	0.3973494523723626	0.2505926189678149	0.14617569614168566	
0.023491834985867144	0.014398472921086964	0.0	0.3285776894435038	0.0	
0.0	0.28502999609243646	0.0	0.06292643104484198	0.03945187089884422	
0.13582596025290164	0.13853083986123876	0.09418947676987506	0.05825237919462694	0.290471921335976	
0.258910701153241	0.24715708917718807	0.2385959428310451	0.19157624747235463	0.06999211541366075	
0.015052636576073322	0.12041820272893418	0.08628769758876587	0.2946566354496376	0.2344591898528073	
0.0	0.7777180284284446	0.0	0.22783067181367928	0.10764418717294454	
0.0	0.44383579410891166	0.0	0.605497967431841	0.0	
0.09033032170239715	0.08389913845356542	0.049955882947350386	6.768132518861995E-4	0.02436187124924173	
0.0	0.16019044417378764	0.37216557057115895	0.19373933234748203	0.03379746961105283	
0.0	0.0	0.07839426526494166	0.13616044763946877	0.4836146202560252	
0.13654599018032884	0.19391803173256372	0.038249767879909635	0.04924919600412349	0.09882265175252522	
0.15854609458208244	0.22046442102561	0.1420833380396245	0.6009782892123156	0.03367847185842512	
0.206304575139689	0.07431879184020926	0.0287038418104048	0.1613983395674679	0.1671036009990021	
0.0	0.01814202375819795	0.1824593687201075	0.0	0.0	
0.07284945984718434	0.06461925501970152	0.005034248848443149	0.2365209965582341	0.04698280003820258	
0.27798432230769216	0.16751895242222006	0.17769685730868873	0.25127916077637275	0.01821047407523655	
0.24827294844771297	0.1588651201149369	0.2023729022913758	0.06718599332632333	0.0	
0.16847715139295402	0.24807258183436068	0.1299395049859547	0.42246126471032636	0.04896722874113686	
0.2657883762445796	0.15782981626768647	0.2527518979677867	0.28192153725080676	0.279461566765341	
0.34299520321164556	0.0	0.0	0.10756796705524263	0.0	
0.3188849805591577	0.09658527679422786	0.08605406303330751	0.7177174267876724	0.03663779842490601	
0.05278845678179208	0.19160082246397175	9.90688500491719E-4	0.21690257574278868	0.011509493025947101	
0.1406205932352044	0.15313498044106627	0.013554141949028861	0.02553198211087911	0.2006015953307226	
0.15052195883975011	0.258847341592184	0.1686529940193153	0.24514072122637598	0.2800911682857824	
0.0	0.1416350579947616	0.0	0.14578691084624865	0.0	
0.09243622288420163	0.24117997003120598	0.0	0.0	0.20601497480821487	
0.027358935834926344	0.21455762162947406	0.1175947085383106	0.23375984772391875	0.18727947418716911	
0.3231954209732231	0.1771998401294402	0.0	0.21500405303088166	0.21370014869760084	
0.28820344477974535	0.05118809782602049	0.13164675140153564	0.0635466174628987	0.15455059071883623	
0.06940449638521047	0.20180756368527614	0.17406672002797455	0.25061133976068617	0.0723262560916889	
0.04823513770961023	0.03318883502108618	0.05962308631230658	0.1397234957987823	0.21599275993448003	
0.2387449595631086	0.0	0.0	0.36971950045566493	0.07234771453043876	
0.5787696318582523	0.0	0.0	0.6327129019826595	0.0	
0.23726951410442043	0.16303020035185123	0.05085945019045136	0.40577951503554016	0.09808133627001117	
0.21783407907953645	0.0	0.0	0.12678751825008966	0.1200683117571323	
0.016969842681424437	0.0	0.17699147095521256	0.35113277784832714	0.1879808915594466	
0.13754840397526175	0.3766412105752848	0.04481956027338921	0.2223693476674312	0.2676928819713817	
0.3458866820127775	0.37499305075785305	0.40457946315018556	0.5616719371227551	0.15375489817848706	
0.15315578573068003	0.1801788872496701	0.09213365187721395	0.2997281515019459	0.29496128138774136	
0.10575878553662676	0.43933878627751943	0.4313427859670794	0.028767959233348104	0.0877940331942459	
0.058506539242082725	0.0	0.2061533636112605	0.1579072526935771	0.0	
0.31835166288483596	0.14196512138555414	0.09224082121653586	0.44988497507242536	0.25459473319000875	
0.25799688787209074	0.14779847940341262	0.2720418542700527	0.1260584320261532	0.05386862454069465	
0.10751509323813024	0.34477918000192376	0.07846578419032862	0.0693917442840185	0.16637681088584244	
0.178034952009552	0.1450144384185762	0.2428688493019087	0.20161753110046043	0.0653265708523069	
0.0641869728899918	0.11330076897912744	0.2208437888384298	0.2417457298819	0.053534879108121027	
0.14993420089971607	0.0	0.32367793636252357	0.0	0.07023736946873305	
0.28194111642572844	0.06509177585917361	0.2761692789662051	0.10582054668613862	0.18199668997428042	
0.203620694935611	0.30853298461821455	0.0	0.2134278912848178	0.0	
0.25123715741641395	0.0	0.0	0.0	0.17760325677493105	
0.12787709941080352	0.2702024158327748	0.2947882160522819	0.24708119323449515	0.063517890130868	
0.27408376697472886	0.09804256530267305	0.1873021682063625	0.26168897907899324	0.17231024374628676	
0.15640149632054426	0.3992464712970789	0.1560041365519139	0.6178307061749235	0.3943213897629277	
0.0	0.39142586079490244	0.0	0.5112988719405384	0.3535389515901302	
0.0	8.972536048382959E-4	0.0402451506049172	0.059207865894408636	0.09243167689467022	
0.3711664480371956	0.530979649648063	0.0	0.5739986043363764	0.5186508405413718	
0.0	0.25882277697554906	0.0	0.08775801064008458	0.27038781417537866	
0.1739733760155942	0.044123478652848665	0.0	0.26977013216778367	0.0	
0.17598031299945202	0.27409106535574734	0.026179073836319226	0.0	0.044258653453533595	
0.2457052674015062	0.2724764314198974	0.2519096454445688	0.1322712105336034	0.20120476251464342	
0.0	0.5226663639556824	0.13029348695765305	0.012838925454941799	0.10844530561416629	
0.0	0.32344397197473906	0.14584144071617064	0.2615334244518107	0.0672380752214226	
0.24111138659928416	0.045534269871265874	0.3186784769668164	0.30550873506395393	0.4175153046126703	
0.13828237510859986	0.4032818702479637	0.25981771579012625	0.6501652553986607	0.34992309631289054	
0.17908726697789276	0.04713880272093002	0.0	0.1674766837911207	0.3919943809286444	
0.0	0.16469729136838862	0.0	0.0	0.18679520392286653	
0.2011309256764617	0.10667906785387823	0.07460216555382332	0.1450351087072964	0.022811788094711936	
0.1408017509245243	0.4929604741602705	0.07097271770096286	0.15400632067864084	0.24556218896245421	
0.048943325451389824	0.12252652680486048	0.28638181378349953	0.21399596095353057	0.16107992328984588	
0.453475379351907	0.318339024417383	0.12210645970494695	0.39518586415136886	0.15673791255297803	
0.1799385627636466	0.1576735907126699	0.09374244641335316	0.08710569133020261	0.0	
0.12929959875920163	0.24248465172607458	0.08811044361426433	0.06001727034022049	0.2786723245623021	
0.1987964200512921	0.2609883456994227	0.5113632133318975	0.37890055031955744	0.1390752636282904	
0.04601863713677726	0.38472994524506016	0.12439897780456695	0.4586558663684845	0.11947509620363522	
0.07425870543849211	0.2949388901735029	0.14265057000710576	0.2336825821340061	0.028542343754243783	
0.0386456301491216	0.2771038431232358	0.38826721517861457	0.0509430225764868	0.2996294601502759	
0.03627348904539064	0.057585617772988526	0.16451372912622403	0.18215413406305353	0.13882361009920438	
0.2728281502059251	0.07854128779226266	0.011425995809635079	0.04071179724161256	0.15682280156353787	
0.392148433632223	0.14387959554620733	0.6679740721693168	0.23098261335010328	0.06705015812686417	
0.0	0.19260579473338427	0.5204291792468391	0.30873026458202774	0.0	
0.03471159140113814	0.17656851624361714	0.24995763830764	0.19559542766402155	0.1429705207261842	
0.09577280899343059	0.11696998444511496	0.0	0.1620713138709349	0.0	
0.23213330478441102	0.09333811139944496	0.05461496243765176	0.3027285348417348	0.03762333052143901	
0.3257191960150258	0.30467061289561126	0.0	0.008270666902735837	0.0	
0.07955045338140904	0.09340201923550127	0.06197313869974318	0.08606109983896185	0.06744816883032713	
0.09988845231441419	0.1453863917434786	0.0	0.17183565666652437	0.059861394343825626	
0.10137857938091244	0.1018317601663164	0.012360238985454899	0.21701230812548594	0.017018966150039692	
0.0613001399218723	0.0	4.003090940981101E-4	0.7287605566597802	0.03588849371209022	
0.05297860999107906	0.12794666400842192	0.3818107892925316	0.43352865681717895	0.3469782588380772	
0.5842038929274682	0.02723403670986242	0.025990204776313693	0.09212202605751708	0.07814157649652939	
0.422121974465454	0.3627312222983841	0.17303894666270864	0.09030578946597552	0.2515460121579541	
0.4100947375399412	0.09097922910591717	0.4943078192843447	0.09645103046922984	0.0	
0.23289395182179692	0.07638741691849335	0.20408269829628975	0.03726223214939712	0.2829715394978919	
0.3275638622725981	0.025853714579310752	0.06110146591673121	0.002109245459513586	0.20985463173646973	
0.0	0.06168314094503501	0.035890179460887364	0.2309508273121263	0.06401864490495751	
0.0	0.11560201274399486	0.0648702624784753	0.2169588565654787	0.0	
0.0464823804476756	0.0	0.2037683741255153	0.0	0.0	
0.0	0.0	0.0	0.0	0.0	
0.2942977488963001	0.1657187684715813	0.0	0.6201571240174071	0.0	
0.22210991306171773	0.12409859206478757	0.15844760889583345	0.0851423644228883	0.14293222683205126	
0.0	0.2008414108738303	0.6515036045733598	0.16718702211456918	0.0	
0.20940669348957874	0.27226894095466686	0.02518209218669413	0.03808283361650463	0.23010430649883615	
0.2190629849088628	0.21640477887920698	0.17922801152739243	0.25762358585505	0.2298018794791165	
0.026230370897518555	0.08840957182850695	0.13870839103756974	0.09750841417386008	0.2325855723907165	
0.4106563827898773	0.2115360092890252	0.17642889395335448	0.43248489146052527	0.3267404856124761	
0.20997291615620509	0.1546164220722114	0.11497909810008174	0.0	0.04245496226716233	
0.05502983833604453	0.393795182702535	0.24934668223603423	0.10885902047486834	0.47826638699153273	
0.0	0.15750863645520397	0.13609245379693777	0.08835789305916326	0.0741842008186577	
0.0	0.2908948289352776	0.07679077732333812	0.047327388278572795	0.0	
0.2281973478854604	0.05401606047494232	0.22056917976962068	0.07418385529933917	0.0	
0.0	0.5270025205049351	0.12654586795505954	0.0	0.0	
0.19920330654369023	0.09825881741323178	0.19518527936236502	0.025778102193113953	0.2932263517278087	
0.35183098933447643	0.11716615334476542	0.07748007548890676	0.21275183236338102	0.10976889107691064	
0.4230500218448018	0.5157987776508571	0.0	0.5743631953145409	0.40253643797994054	
0.5072695959053101	0.0	0.2905049573410081	0.40292968453569006	0.0	
0.42284706756642176	0.6606733530990173	0.26550849451071906	0.14838248976295026	0.14218826224558312	
0.1595571541609839	0.21614482040703603	0.29931577454596897	0.1752908403524975	0.16683274772903284	
0.2825865552773572	0.20901975622895944	0.13737788231881704	0.1619565902885646	0.17698199778106943	
0.292704040823155	0.03280470047356386	0.04706876757630487	0.2763044512760918	0.07241715940065525	
0.009501441429117359	0.043302381041943096	0.2689041014997204	0.20466097070979547	0.14323130152190525	
0.2654471690619986	0.25318256313928406	0.174921348951415	0.47294622950056603	0.29657132153557103	
0.24227469727578324	0.008823239402164458	0.1968598891879671	0.2222212918168292	0.15458144083434666	
0.19538686709975167	0.07615186088225294	0.2987214184893882	0.12302474156176062	0.10199478739450106	
0.2926771500029806	0.06299428307638254	0.24267872163144172	0.2619161163402862	0.059315092691963674	
0.24256604591939496	0.17826455777668823	0.2399491450701084	0.16895038405574264	0.010511473788147173	
0.5811732258914101	0.602912938406752	0.0	0.0	0.7093513436726578	
0.1071145111956574	0.08816224156285614	0.13198919790188898	0.22428931071330718	0.0618699957719436	
0.17084613423117304	0.07314202156622018	0.11405233318274026	0.2924267083270782	0.06588492618711675	
0.1497112781614147	0.04437266264301423	0.5743012433206525	0.7620704658842806	0.28387643824216247	
0.29415587964936435	0.25062645688658847	0.28155061126112424	0.03921624247668972	0.23681042773561267	
0.284896271598205	0.2494295094681012	0.17354825172467414	0.36753131345540374	0.13826587945656552	
0.11264333301428381	0.2922419139334838	0.7861964655400532	0.13303433690860247	0.0504161288407682	
0.23976490265685652	0.22150027770187763	0.20135807448760967	0.28317525801624555	0.0953292016720189	
0.16119456821690886	0.30972840482725533	0.3694278317044057	0.27978933942693424	0.20066274691847202	
0.9818880060734957	0.58127076075311	0.25561798696850546	0.29129438915921146	0.27307403629840443	
0.24933101647668193	0.07154531703085691	0.2509265079344832	0.3457526998649347	0.40550267947459034	
0.28820410411405406	0.13318062929342026	0.08321731440195929	0.051534971549009684	0.08995105090414883	
0.07397470658526517	0.1531798369455078	0.0024144601867890337	0.28769934265341984	0.1183918933224473	
0.06658390222077273	0.15087843702513834	0.03632017410274819	0.0	0.0	
0.0	0.0	0.0	0.0	0.0	
0.10392015580260122	0.20911977767470338	0.2520068890963132	0.1351808590413212	0.25708124483601963	
0.29239812304478974	0.12502668636503006	0.1557188692455999	0.19821458495774963	0.18108240898344213	
0.07332056073846176	0.2281411553909557	0.04266937137668501	0.37583735604672236	0.0	
0.31518066759096275	0.12825977620263718	0.5323629258812178	0.4017618052630204	0.2811215977892248	
0.18831995589229347	0.06820761031217787	0.14392693275597748	0.08850114825930148	0.0038572322620485933	
0.2476005811810168	0.2825819640171813	0.05518670236604374	0.029614539585103565	0.2760886493087383	
0.2926362710113773	0.23919443517119776	0.0954981797779317	0.07856823000893103	0.17931944244659448	
0.1572872414649747	0.07766353361689927	0.10470985081945537	0.038190436704455294	0.0	
0.2766813081715501	0.2232784860852228	0.34619888597962717	0.12690605366283866	0.22894257426388326	
0.15698044162870461	0.03977209498511787	0.12313131527198803	0.13013453433561026	0.11942305989030047	
0.33627196412460736	0.3615119278767888	0.2996804262935134	0.20095199909469463	0.11786697900306634	
0.4671439061346744	0.12677319688659872	0.5773490232991474	0.21162653592314387	0.16956284096412205	
0.008481015324969896	0.2750044048293797	0.14709659641595232	0.02101399420006402	0.10924101262144906	
0.10888525774655171	0.05112589460698547	0.05399369793699561	0.2812891816474963	0.19903168538545576	
0.0	0.0	0.0	0.454177797449987	0.03072701600376896	
0.06170907157115145	0.10195435296288406	0.011494874851154623	0.2720493174276496	0.03132727312448967	
0.2009771549765368	0.11961477473678289	0.0	0.2549751380812002	0.0	
0.02285239471966882	0.29386857606157823	0.19439949206951593	0.26118688677013363	0.19532329215540012	
0.1753803013605719	0.05737632509612546	0.09953247852438214	0.30187265696870313	0.2617801742087313	
0.01854770382867984	0.0	0.32449319373149293	0.3444327538137302	0.0	
0.037013224991745565	0.07762101018198192	0.14155667203530528	0.016432368561980052	0.024191712246719566	
0.17127061336363997	0.19431729493025388	0.12228930220349032	0.11742509539847161	0.061562179926204094	
0.08286410639870831	0.08494803373953885	0.06586872316861939	0.04062984470265942	0.016735295367897165	
0.2933188247701399	0.1712292375430057	0.0826510031519452	0.20041752283056352	0.21895445606781896	
0.44017379115617344	0.1294922513685783	0.023749182236298332	0.3939205551149849	0.14753580244376352	
0.1760502422799634	0.06370480771602056	0.7937074981218092	0.7941621915407747	0.08857931701572211	
0.23658942096596594	0.005724352326765269	0.13281048829415218	0.15164783271163168	0.20610000289257496	
0.17294561765803476	0.562993111030558	0.7771502347097761	0.3128659082110439	0.28584480713534544	
0.148902336105192	0.04112964978127604	0.2682343511143149	0.19741450797747237	0.20551154821324205	
0.6402124206331473	0.460986494638185	0.5295563662521068	0.2513217690450623	0.19584796853221803	
0.16337556383286214	0.0	0.0	0.0	0.0	
0.08050681082663828	0.33869924824806735	0.3562781930835902	0.5332804944715396	0.12861166768634757	
0.24238177040559844	0.2942544055154811	0.18728336127312886	0.23942419114923152	0.04859450041736457	
0.10187412959790669	0.09543046889623721	0.1267251593405459	0.043301256868857906	0.030370889886375308	
0.15139593511947852	0.01544331764202413	0.14230318661991226	0.262377354796814	0.15076529890639528	
0.23867435141495297	0.24159390384482377	0.05599680235740472	0.10350986708769461	0.18945855630707692	
0.2853598522085298	0.0636457714867667	0.07977297906119887	0.10709026689598856	0.07886523828811316	
0.17037023246010413	0.14290601887978077	0.25320318075855364	0.26988228774601986	0.0758829743562613	
0.10819502489375538	0.025555460070493568	0.007579164720035926	0.06685621599815637	0.26604495293220176	
0.24454259342224632	0.3336372614769298	0.03543468554721695	0.2178355461014464	0.21787411772288717	
0.12723947038366798	0.23261011473560658	0.28682033978622534	0.15275756035257695	0.19683072744178423	
0.09131241519283942	0.0	0.07145726987648383	0.3527078640305316	0.14508350172455817	
0.08569170628496074	0.0	0.0	0.06590457389500488	0.11020818984233749	
0.19373492597320943	0.137312719211311	0.30126304036322743	0.2684180457660624	0.2524687187730378	
0.14101590121025262	0.15913363559790422	0.14044481903073594	0.085187381506312	0.09729427912722254	
0.08595881798727668	0.5270310047759645	0.7482498878920315	0.15389311412072668	0.13402394771958004	
0.08189580814452053	0.042220511596316776	0.28603988217962134	0.36304084020031585	0.15541794910312784	
0.0	0.0	0.0	0.9868106450136335	0.07826619265563273	
0.347336336388701	0.11621703415733593	0.5619494557321845	0.2652352321506866	0.46669979312585164	
0.2808832945511646	0.28946627023788035	0.19792063472547217	0.011870210027866548	0.08385050363035486	
0.13474856238522562	0.662738263710921	0.3066390585490149	0.30552762807319733	0.30898226845117305	
0.4993914260430106	0.05662790323290218	0.4117593671831743	0.5349013075237465	0.5252980887852411	
0.28952875657918586	0.012345245887193884	0.25272312148344883	0.18110125559162185	0.05040346407074582	
0.0	0.0	0.0	0.0	0.0	
0.18374732239195118	0.22866672085078849	0.1612688478366478	0.008862892562798397	0.10340716605297294	
0.0	0.1678667723553833	0.09862047207662299	0.0	0.16650498915635276	
0.020433102581385375	0.08736627823946279	0.0	0.01843476945261861	0.13678277979027179	
0.37093034863159735	0.3958968700115418	0.19279448791768367	0.37928908457327465	0.1419752729607145	
0.2727622747535565	0.2256180218878995	0.283216931155365	0.23909387632473236	0.18602045992606112	
0.10898683012644203	0.2961285520918315	0.0801317334225611	0.17092149792856862	0.1881285506789008	
0.13711736606547756	0.1580704852919653	0.1130726296746998	0.1382332598768197	0.17087614251940544	
0.11322297888828844	0.05448492662467406	0.2875267607887284	0.1648721372522445	0.1995311585076457	
0.012282264386840961	0.07463703474119457	0.052468673534679544	0.08170730813936047	0.10593080625448194	
0.01065760994303955	0.28646694612960893	0.2641624327133906	0.2872111479984013	0.2444305957167126	
0.0	0.14550753947287728	0.0	0.2678120117041219	0.0	
0.11854387666956014	0.0	0.6440266435121931	0.0	0.13959789619667495	
0.11991948164661448	0.25589474345921226	0.03583700434865312	0.0	0.09240830803322518	
0.2609222759030418	0.2231361146251738	0.18543570093199813	0.0	0.18302079920089442	
0.42306199844072573	0.0	0.11222578062141814	0.10014110971404337	0.0	
0.18793275617809402	0.26316810274099295	0.05170525873377118	0.1817179659310896	0.17619109980404019	
0.48329515819521035	0.0	0.3121125957164572	0.40046870597598927	0.15275814948581434	
0.17169335520479068	0.09521018666550528	0.26775973332969455	0.3007454552712819	0.06801101329338943	
0.103975182798222	0.30266787394961137	0.1906086154202512	0.2482263380567401	0.16046393490734925	
0.2595854049420493	0.1811114232804538	0.06438864237576505	0.11321933887415814	0.16556022264185422	
0.1153535972751365	0.05286851962470972	0.1017883618499693	0.06924280602964464	0.0	
0.008706343235407948	0.2236226501645965	0.07000344028661531	0.1474194272731344	0.14893128884538864	
0.29762165192831325	0.10367610637932136	0.10906814552525988	0.22637064788239072	0.288397871893993	
0.09888508841753768	0.09908912351617312	0.09823815623849014	0.1990115539831442	0.1332572531879341	
0.05584918612879586	0.27824058058219	0.1315692048525798	0.13914448553172368	0.0	
0.31705491334776986	0.23985827718325184	0.5694083421638413	0.2904666699232596	0.34013384725049955	
0.1209812884881776	0.13448214215350401	0.0972152155020211	0.17246989625203632	0.1273012147172163	
0.0045249372044495586	0.012097733278127805	0.27990392935733277	0.11286619458368208	0.046144516082298116	
0.029807225354541764	0.057742027319478716	0.07529248038146025	0.28756867534390673	0.22312244047050264	
0.00162771624330916	0.2908943801935365	0.040161971515437475	0.023060275803316058	0.2753282901088356	
0.0	0.0	0.05609178529812589	0.20758246347536383	0.07530137108493204	
0.23160967947617386	0.2514466902942934	0.24208729280189337	0.1964782593511191	0.2713312941994008	
0.10804793395101873	0.0	0.0024567889677394004	0.0	0.20784313747914843	
0.1866233434284071	0.2853792675443318	0.15030763135988165	0.2946840204569991	0.2442607203004547	
0.18800557842486154	0.25323815861748294	0.2086643916081699	0.25032081994775074	0.2393003875443915	
0.2792121291145447	0.2827168425113003	0.24061293729632027	0.2101986217795604	0.1559495511919727	
0.18417000779158088	0.04490009880774726	0.12295191077859442	0.1364300691449874	0.0	
0.28724253645335196	0.2859294823588754	0.23796522956378294	0.1379582352281327	0.182289086295343	
0.3350527772201892	0.5164078721373533	0.7119581862964871	0.24875093804730602	0.5839878070216072	
0.2613355391298666	0.16888018776096145	0.1293837591373843	0.28342973183290576	0.010494912545647484	
0.16464894098789465	0.06233701630281786	0.06901639522322928	0.14618908090079005	0.015210878563888716	
0.011505282154475893	0.0783506915712069	0.2764887866288481	0.10660512786501603	0.11482056125507033	
0.07323651386923474	0.10263149086853841	0.121147448360859	0.06423653877067356	0.14146399203743443	
0.17621910215589015	0.39215546652905037	0.11504515911748642	0.2822753675290675	0.27080861301781695	
0.5533255198493175	0.18556715899018714	0.377080427565436	0.021904914178203238	0.23984443972378988	
0.16895322623975087	0.25762398452364127	0.2087611177094695	0.19501713811539947	0.2807718676592898	
0.13815324237684418	0.2326620320594144	0.17644632413919095	0.11887967993068316	0.18837873447445858	
0.13550705466801263	0.4711801069642393	0.07788891260522268	0.3456072514324609	0.0	
0.0	0.19410842914591764	0.2039465539283111	0.19433845087509655	0.19510837818139556	
0.20877706505163168	0.26228360048701793	0.012670283205032306	0.006787772125838326	0.032161216300984834	
0.218281777603462	0.20702952743167835	0.12683689600722753	0.16931537552067305	0.2646321001693596	
0.2549026930072919	0.10837206644619302	0.14376410264577882	0.30070773898000047	0.03984134748033987	
0.08051135109585406	0.13996430899978501	0.18937266051518695	0.10554407104037868	0.1537286576399975	
0.02555540396517283	0.057943162767273695	0.14498560168558194	0.05719078681796924	0.11400440611780202	
0.1240635969400344	0.10768483856003086	0.10228668140869843	0.2499516325332538	0.24824717708518818	
0.4979406928651603	0.23246935251093698	0.0776423443237861	0.17663985235547475	0.17521620462315302	
0.13880356598896282	0.5543309666594943	0.3191598853537611	0.14611359059356913	0.20421603428248647	
0.2280900417650431	0.012473730259202152	0.059399271895592146	0.08517418434583836	0.0	
0.08343843389315736	0.43411225718568436	0.2341454031975056	0.30784022439301395	0.3559188603734938	
0.19152020078421356	0.25283950709522596	0.17188272493308127	0.11280036128247285	0.20119721709133356	
0.07082647356722058	0.5274565205840429	0.20919503728878047	0.06894921175915002	0.06211042698464068	
0.22944123873977568	0.24094883689567875	0.0	0.2034050412076894	0.20098116402352265	
0.20416478344331987	0.028409779935737404	0.11234570153407232	0.24473658950468424	0.20487973658316455	
0.2936843925427717	0.20822742091089957	0.21891369049139753	0.2399559402118438	0.07509821431825782	
0.11555284080537834	0.1842501291599602	0.09743803776195543	0.15988537591845858	0.24973342295630166	
0.29695877251522884	0.15968517296365206	0.439027254036859	0.0	0.3635675139056622	
0.1561734075552289	0.028041719058221868	0.18227951742619133	0.16376091596708683	0.1843630413928046	
0.020496905397305167	0.2375703471517226	0.28643800505243955	0.07458390043357489	0.2487279471555695	
0.0	0.257802876803414	0.11658264762583376	0.4445575745108316	0.016404778577345683	
0.11831719589769621	0.0	0.0755641219853066	0.3238508274184424	0.10117824999268527	
0.13558236162277557	0.2681465749527737	0.13743539428116552	0.09468713319957645	0.25834008429981653	
0.11513293695170436	0.013793241661482325	0.23177223373182548	0.07073248137310519	0.2587295756967458	
0.023372289377381093	0.27740241124563036	0.030122145812534976	0.0988706139033358	0.11711732656840144	
0.022605800316986058	0.24992148210403187	0.09781413993582222	0.02738454763910944	0.10078644760627607	
0.1900797419935952	0.029418362992937607	0.2453346600083527	0.11142860061789096	0.2688242900341323	
0.0	0.3443207518336694	0.23729095336832953	0.18051510815669125	0.3383100017315776	
0.14718208831777235	0.19440103710508225	0.29646364109327417	0.12155447373631806	0.2674321607694727	
0.21283331983187193	0.038012138415268217	0.06763205995282541	0.3155830615583196	0.22090578168649852	
0.165288622224635	0.07956465493395398	0.24417685373745796	0.2140649230266258	0.11604621784573899	
0.07906702871033569	0.17942256622921687	0.08705244257290515	0.20309191320502404	0.1696230596004604	
0.08525042775378208	0.17272264631440432	0.010018686447362379	0.2967948650221319	0.1975071262169745	
0.07150328264886933	0.17832730059329518	0.0150937314457694	0.0	0.09057293746697608	
0.16623476124553208	0.07147700458720775	0.25960825374779606	0.19642047194073328	0.17862911702834103	
0.021932025704517306	0.10050784714809684	0.12121141644668999	0.2082561655821401	0.11751337492857065	
0.26090075561239207	0.2006446205442824	0.19533718113471338	0.13197417103601664	0.14649762991596385	
0.28525533788270685	0.03658095857264932	0.11316001410410739	0.03184789117092767	0.2033922774109627	
0.08099511231650203	0.015004605329424645	0.08883331283300501	0.03694329024036157	0.02412500091113857	
0.0	0.0	0.02448916571806561	0.010961410163746623	0.0	
0.1641907312151968	0.0709359313945626	0.007625124553306559	0.06742935827732151	0.158741060931056	
0.30004116435914785	0.13719945085455107	0.1461150669878101	0.20374922410740026	0.23711183533207697	
0.09451695139473529	0.2558489581330866	0.22825001883229898	0.3121801421393936	0.24079233474763648	
0.23133043571073036	0.04256919256071751	0.27465770502682807	0.09617361200077093	0.14583556642050421	
0.27202429522554944	0.07434309181170427	0.05815241562634082	0.10452903870622461	0.2909975372494555	
0.0076779145881891615	0.01915449438654531	0.14463672342683967	0.009959013911087578	0.18495177297567528	
0.0022585492355868897	0.10965992095305788	0.37691485229664595	0.0254778682360796	0.18263462295187674	
0.0830544840175461	0.2915490209990346	0.05087462295553293	0.012154307844194816	0.26632240264668716	
0.13676441258922614	0.27685989425209495	0.13990991399542602	0.2137980888977859	0.09739248581977947	
0.22421204256494903	0.21975160780814934	0.261205329856814	0.11543975371508501	0.1450391389666098	
0.2110367847183948	0.2420832546756578	0.3649334497074119	0.28869691955792165	0.06825044054525406	
0.3347389984867729	0.33351703568267277	0.18889541231076723	0.22871494461571362	0.18065469927863523	
0.47702575705744193	0.39524342475222335	0.181639467387647	0.7043249818933334	0.11627777088773432	
0.0978022473672347	0.08249277523434169	0.11186195237378306	0.0	0.024879210771245726	
0.052190425304065834	0.17231161595346145	0.03371964011235784	0.20214073999811086	0.053982207844318605	
0.0	0.9952863820805865	0.2404630134247402	0.31775929800686353	0.091773195975871	
0.11461875745695704	0.15168899036018157	0.20778041664139735	0.0354811684129667	0.039991908773332266	
0.1402603252175161	0.11312905649340262	0.26864675519841885	0.1685618031400099	0.11549677118818022	
0.0	0.01963471224809591	0.0	0.18260274035399235	0.04002063477195094	
0.00540907710246627	0.2339369375630065	0.11386000426693402	0.35826762806697543	0.281588137910549	
0.1988020317962926	0.24855066471634377	0.12004806393524592	0.2158676201313375	0.1503847967310652	
0.30684792382713466	0.2894215245930908	0.2196790667164015	0.08984262883973694	0.2752513439706057	
0.03204776901112713	0.41166344387212817	0.2234687413081896	0.2661514511601735	0.2971615828449825	
0.30110464526317393	0.04254743762937136	0.13944607374269838	0.05872958817099681	0.22661381223545968	
0.1703236699578305	0.1812225896426203	0.11441276466150699	0.23130990688739664	0.009467397863988078	
0.16428188990400544	0.5019410297597858	0.2325834648967644	0.27469494000887745	0.12248395757262073	
0.11270210058509532	0.14694197835455308	0.0772052815469925	0.16542772189320995	0.2553977924311786	
0.0	0.0	0.0	0.0	0.0	
0.11420997998502844	0.07025188791698118	0.18863275297591506	0.057014410631557474	0.2550375052029685	
0.019348970843504634	0.6638299670605304	0.0	0.21668015586928766	0.07105185621318884	
0.0	0.027063164002281283	0.12207426480281854	0.37521953461919055	0.24905309466010384	
0.00361339678250489	0.2856498368627982	0.21505279715778092	0.13127466525194448	0.2556700083826781	
0.2286711520978254	0.09681058362189651	0.24943809480703955	0.23353238134386886	0.292764515223974	
0.30017395534745067	0.05406154314627495	0.06798082960992732	0.16717179326673087	0.08493202237064675	
0.12087954934235672	0.13015779540588698	0.23089647152633705	0.1957044762301432	0.004325804060289868	
0.21941250042062826	0.29020348406795354	0.2183483168634809	0.009545523062931273	0.18106629512431702	
0.22797068901711445	0.2348740189699651	0.1445632968742257	0.02982547762481449	0.25714144876359535	
0.2611620436127517	0.18742285022293054	0.1474088577293963	0.2985669271990525	0.06750558594782347	
0.41903543416339223	0.4800226902904395	0.2757814198504106	0.585326063507806	0.19346178316124518	
0.023413848327739895	0.1059256588964162	0.21598446318982573	0.06130799905314349	0.2518001937315092	
0.23045451110224197	0.12220994271019162	0.2585870044272609	0.17781804075056545	0.12527112442390678	
0.0	0.0	0.042443059725764204	0.0	0.0	
0.10414466528952325	0.023254670725144703	0.11698642621969334	0.23656509717748783	0.49687144235465236	
0.05535867514142239	0.13461738673894072	0.20116336167652604	0.13428747051798612	0.14563007023777144	
0.001848387337156423	0.10759001786522944	0.06548672849335516	0.0033127689320147213	0.16318013107337434	
0.05996546908206827	0.26311175314097773	0.035233948862713665	0.0863592537000929	0.0016019430645663423	
0.20627163051518058	0.2332660959516916	0.21126711810143642	0.1407395775869996	0.21422887815648498	
0.20470636388300495	0.25070633010170895	0.07590566547034408	0.12109550445622357	0.12067433150201028	
0.2203577095298893	0.2078910368659142	0.09534072230641796	0.13069031655648944	0.6816620572805837	
0.08731336909172266	0.16841544135582892	0.2713405707551118	0.03253041141709931	0.19423226267390745	
0.5487497692169693	0.08843094429472398	0.45665741858768316	0.30382250619333867	0.24186615279734586	
0.004203250263495075	0.04671349212804758	0.19865850571532134	0.2536079206323511	0.14958966374363888	
0.051199030296700275	0.2756595652348902	0.1499334470341091	0.23830229167247163	0.24104854505344459	
0.41267094823477174	0.678270979664625	0.18288734555155664	0.42832130802185736	0.18704655288570335	
0.3407081079463085	0.30450196667107615	0.2867568515347039	0.28116717570985167	0.14965144355734156	
0.0893762030367032	0.1210722278924275	0.30428954690662513	0.0	0.0793552731247629	
0.0	4.3044128880115215E-5	0.0221326506451105	0.0	0.10118746000059099	
0.30121666444420747	0.0034827238433458125	0.11170324251215671	0.16493699514223414	0.1803949719822617	
0.18513210091271867	0.06251962951085434	0.09001726302897708	0.10040820824578739	0.06688005506854439	
0.1467970126564917	0.13749430904458032	0.1374043693299706	0.1631874588118539	0.009413512910048988	
0.24480705876153103	0.0	0.0	0.341279946746829	0.0	
0.39737901495724753	0.034909471772484935	0.1114186904686496	0.0	0.06946615617850276	
0.0	0.0	0.05600620356747186	0.0	0.0	
0.5684405499446384	0.20952728608029536	0.3989506889599899	0.2555006839654596	0.034714814725542865	
0.01524797375768449	0.13203283182305592	0.1805555614094212	0.21522131257029423	0.15123107194501398	
0.1546656771685602	0.00123957978166066	0.10196508981510134	0.03293903232929809	0.028411277613380442	
0.062489954261738506	0.28750172450759914	0.18990043723814135	0.23205346861136505	0.0	
0.21384184141248588	0.04792162237898036	0.19848073048406678	0.1706305453834602	0.12469645633017491	
0.014836179131118581	0.010814406844388981	0.06669537332530576	0.18689274603846454	0.0	
0.0	0.003181236274606698	0.2983593296434655	0.18175917451256937	0.1917030550986425	
0.16328393386956913	0.2611603460505496	0.06155759255048708	0.2613380461520724	0.07462659304004386	
0.24051212307943837	0.023856885943652074	0.2378475540328837	0.06056187057456148	0.2911956794659956	
0.12803698912000114	0.08404884938734207	0.029243182444013385	0.09062800839186619	0.15845921328405874	
0.11730635600600776	0.15390091915399048	0.29935313327327917	0.058338065386144666	0.22793760164009425	
0.22180495559447852	0.2553298064302467	0.011061348261393258	0.29902714433709493	0.012131304027110315	
0.28116982215290764	0.05388835230939391	0.21695095169802853	0.015155556211851615	0.2628822487498666	
0.1719410517306026	0.10772697879610882	0.0	0.0	0.021508604912012966	
0.2635371989085547	0.05026902115057555	0.04314552312172767	0.2888218911439802	0.11225019679846038	
0.2820261096997976	0.2504917365889638	0.08401574963804043	0.20011115873419233	0.22287733278497068	
0.0	0.0	0.0	0.0	0.0	
0.13599193644151514	0.2695626238671623	0.2243436767151624	0.07048435457262205	0.19322189048936236	
0.2919255693219646	0.16336279675056578	0.2785648361511083	0.2823051673530703	0.2729734926840642	
0.22134161066836328	0.2157426410623513	0.5632979723500039	0.05368036224809588	0.6870890487588671	
0.06760768982013424	0.06825743260647055	0.2513263484444748	0.16827843890517102	0.27558941553033506	
0.0	0.5058862052366648	0.11908477022100315	0.41623470928782247	0.5506049185428089	
0.23720171486520977	0.10041064379114874	0.14350352669214989	0.2110999345118441	0.11789446148368135	
0.13578379800937515	0.26841404181582884	0.2574071917039276	0.27307217054959654	0.03818499112058147	
0.0	0.0	0.0	0.07145595754639153	0.0	
0.20884571923923229	0.1959812011516179	0.12270327986542491	0.2480273684352705	0.15615712656549907	
0.5543937096852285	0.6758851442129973	0.64629076940248	0.39629487710742484	0.24564157914144355	
0.2373418788194325	0.1405767206907471	0.022386270424779895	0.2464822986563878	0.03145703576057825	
0.2935489639171703	0.28737621232115335	0.1113225743175027	0.0911902383455186	0.009873437363482103	
0.0476280836367706	0.05501409109257898	0.2669685545365027	0.04968769304838889	0.11268514193945152	
0.11737543365178082	0.11891436767755972	0.11381302804066948	0.28911191791885127	0.2631086090367053	
0.2805498196420044	0.058824885801728004	0.15690992437759113	0.2518615221521498	0.0935086433408558	
0.610855070996216	0.19839226261826423	0.46773930613399683	0.032584434892617316	0.2555296572136243	
0.1859794602534832	0.1075079903366198	0.23446655031913052	0.2584971100821367	0.1494282141332216	
0.0715320114865483	0.2646881603274356	0.14638313281509865	0.03466109380468586	0.22866561046868192	
0.17250635288180183	0.1671593475873977	0.2489238926802154	0.062040207126248054	0.012071911515657372	
0.006284172000744658	0.09476016027610373	0.21424248837478801	0.2499112125513915	0.2831827620183332	
0.11564922769772534	0.0357169969705627	0.022012092202148652	0.08358401968496532	0.18219383750670337	
0.2692143382163016	0.1529522031428368	0.221089856621991	0.15708729863419388	0.2576796855254155	
0.26259330702182315	0.2148010329129765	0.11748877158421377	0.032590933246947396	0.0	
0.08077974466140074	0.11500025303671316	0.04719770324387922	0.12203380081152243	0.20531523019804676	
0.053141031207873245	0.0	0.0	0.0	0.04048674754408763	
0.06971825446393232	0.17000181958519556	0.14062683949688784	0.2430808550535303	0.25201310337648536	
0.2778885720825372	0.2537252918409327	0.08027460795268285	0.11213419971795482	0.21674234843750562	
0.06208017983069829	0.2928562454293698	0.19800414742837225	0.0917655130832777	0.17200160111564974	
0.14636276111016738	0.07515424867469411	0.12812194062723548	0.1426745070654359	0.18856145756813203	
0.18771213614647284	0.4155972252941454	0.09243050428411262	0.48694919973491513	0.1881153087445049	
0.13386677527050542	0.006340391917360242	0.2690693100989117	0.17335472846755245	0.23725009798712923	
0.2741958135010772	0.29150101753414764	0.24686597652973052	0.009810474947004296	0.012333144084033945	
0.14372775724824538	0.3563707314930566	0.3275446420182363	0.17874371940449946	0.3899385413254839	
0.03137335104728496	0.33101845035172595	0.42364623712624355	0.05042978575366814	0.10198088647419964	
0.1967613640250194	0.11462674133686271	0.13219619967511897	0.02880438444407501	0.20533709969536246	
0.04492301941973986	0.20136084859041142	0.2712934237328906	0.09688266969045443	0.2920078345138319	
0.255596090824293	0.6703625405976994	0.261873812615601	0.23484059512238983	0.1927122321493099	
0.0	0.0	0.0	0.0	0.0	
0.17014376421977262	0.122170570688596	0.24089231531398864	0.2413291912579377	0.0684103271904344	
0.23600329486299215	0.18138123777777596	0.27792967723003315	0.12921880733703023	0.2909054059012197	
0.20281974694074667	0.10182175640734033	0.29995678579350005	0.3107678971900758	0.10070375975235285	
0.28320840296413635	0.08879761044792171	0.04342122507892616	0.14226864894841423	0.23061544825907004	
0.12519809300428825	0.06818803378489574	0.05761055708968348	0.0839948107533596	0.0	
0.25665580849305747	0.0	0.021040392271652573	0.1270091323659734	0.23512740582715436	
0.23804814790147674	0.04083925660953656	0.14854332779364315	0.28055172953175034	0.20872510693513197	
0.3266143629392212	0.12938536797885025	0.24349829026184705	0.3017943006066077	0.06343073261938455	
0.025322218117310228	0.03331096115952416	0.0937230092618716	0.19675057822649333	0.03536812637544847	
0.11125154008435996	0.22288319783842078	0.2528138963503545	0.09496677174272525	0.0240749992196639	
0.02987367739634518	0.037795807011798556	0.046786209933211566	0.043899913824441215	0.03342741195829683	
0.10845204843157619	0.2943526837856406	0.058716479540926875	0.061594158322402705	0.08770115570751859	
0.13080756523152565	0.13231596377413996	0.26040157929830793	0.2917246397452412	0.11145171805864801	
0.22127437158866572	0.20020738236175278	0.05699733848105168	0.0757681756250394	0.12259491414200416	
0.10974407721365989	1.349285498192759E-5	0.04905574983215367	0.13534695753838144	4.8630998537292137E-4	
0.23482227956032534	0.19057646302885464	0.059599432673367786	0.22524576173437003	0.11490990390024078	
0.20489210415976575	0.6690210725626136	0.19679104647142737	0.41428605642022076	0.49076774375521337	
0.24546098788218676	0.07171602885212154	0.07350901778369008	0.12013393456419706	0.16109627727263265	
0.26320630057817246	0.42263516121622446	0.22138462126958144	0.32968684971302115	0.1972825840502682	
0.2738063715103607	0.07860074380277529	0.2582033822874587	0.06431235247166074	0.24647736861525912	
0.2178943965428033	0.061750966046285716	0.10741481614338329	0.08610816233814968	0.24683064983922737	
0.19974099602456438	0.009242688276274618	0.29190121746289566	0.023237853537857258	0.20842626268900163	
0.30105374780746447	0.07284828782617897	0.0	0.001304914553051028	0.2556830563558017	
0.07332681648474787	0.09927302245239564	0.03065255536469496	0.05013506295488504	0.0722179538070959	
0.2734317604386609	0.10817233986696836	0.2734258309459649	0.02807709258090084	0.2600976147838367	
0.2554124084944233	0.0	0.04109106633973479	0.0	0.2884667940401958	
0.31501748526874923	0.11049632427250841	0.16217783586840448	0.20853332932303817	0.03131344207605269	
0.08760835334720196	0.29663415812179583	0.12782446099121933	0.09791896743400684	0.03268745247715925	
0.0	0.06800783806164612	0.13824908836232444	0.25446202935441903	0.0	
0.12278257327045276	0.12653114124285703	0.2953239133845586	0.07092959483470646	0.11396306303754739	
0.0	0.0	0.0	0.0	0.059181285418755024	
0.2522332498774765	0.1383920711535011	0.09907938909553256	0.08879151727192905	0.17654728917918083	
0.17322884002210898	0.29855402351635146	0.24353079440927156	0.056208476841240085	0.23727644524887997	
0.290711196661473	0.2720006692489423	0.041382785331883894	0.10425697231336745	0.26750742659041066	
0.07385805418289669	0.11992426295803363	0.13951701351340867	0.19965556488673486	0.22146717251213538	
0.13547478475929126	0.2469064403345424	0.22766293997301523	0.29539061641648257	0.17992603971960375	
0.2965595551015285	0.16047068593390648	0.28731411894306735	0.005260435316995456	0.11464658815787654	
0.3164880542102597	0.16967062262656277	0.33277370173537846	0.29162074571745494	0.36518306681065626	
0.042870620041809776	0.2636174271519655	0.2953798278041058	0.05077402193088581	0.1610528829317978	
0.24035015832646014	0.23252755804641717	0.04485045436943528	0.12675122679599768	0.09602054222159723	
0.08312726024114898	0.265125782121397	0.18754972525935337	0.15192779699175718	0.23336105518280728	
0.2700556332854152	0.21454503663674812	0.2639402086242581	0.10911292945875098	0.02470478077741051	
0.16978856854364796	0.08644892314582424	0.14798713318075257	0.10118838379219691	0.2103611549111321	
0.046150775560547336	0.22369241580120786	0.11865841087772065	0.0638188222392911	0.06124049805870885	
0.06005229356002248	0.22843256536978454	0.27208364638050586	0.21843604870383743	0.1578181330818628	
0.06992497082635948	0.14245286047506778	0.2705873579955316	0.20153903037367155	0.05152895827604628	
0.0	0.0	0.16793397742825925	0.0	0.0	
0.004712619359597055	0.0018555408903864518	0.08023639928546143	0.11476109319296003	0.12387772020348349	
0.26589113689370764	0.26128034576770215	0.012027329217199479	0.06435024015450194	0.21874374775664407	
0.28158687632950796	0.2293239043615528	0.22007816831391322	0.1581685336768601	0.32855062292201215	
0.24722408926182568	0.208294108517757	0.05993614498843552	0.2857068168989528	0.22892123252952404	
0.014084844303034257	0.2487371026236078	0.24297551202321555	0.1719032379913033	0.1928113390668783	
0.06800244982599249	0.21190458118669697	0.19020090734193856	0.11221346382533129	0.17691094598775664	
0.03712663084975854	0.024124558910828816	0.052502418814858356	0.19875978908126424	0.15982112562640854	
0.1178991961083294	0.2395697253323277	0.18975923163927164	0.17843425165480004	0.06892476110549496	
0.1429952888039463	0.28770646626923274	0.2547260398648935	0.058045834923556916	0.2822596485643766	
0.20611875180581488	0.1744064351017406	0.04227098258723454	0.020592983025863522	0.019908231692549256	
0.2739705872692845	0.09633890372252388	0.09372948750930023	0.21815446432748795	0.06986503338151792	
0.0	0.0	0.0	0.040745335184035544	0.0	
0.018277326329094446	0.1605936864499062	0.0720562405073978	0.22297811588991093	0.20345368069747422	
0.016065156351878423	0.2387227600727651	0.22599154534024585	0.007159428752846327	0.08094482051554966	
0.21793739992443775	0.06660307513385293	0.02784638554328237	0.2592204152535202	0.21900154799682622	
0.08437084982849671	0.020636150638077343	0.07305212949811335	0.18783802875250077	0.11155618295765629	
0.18254390679780105	0.2905769128547075	0.01311435307536575	0.1791229939386868	0.018113025624438065	
0.21405106461632076	0.1114623270511695	0.18701540937150096	0.22110621036968262	0.10834813699542657	
0.08521373838471397	0.2817684142753059	0.2809563648278017	0.29274887245983583	0.13763003394310244	
0.24397809146583121	0.25178388661407736	0.1302355786150012	0.24588976357223336	0.006111394913627697	
0.2308911668565148	0.2677742462656371	0.20896235562350635	0.015541769198970486	0.04892287962407869	
0.2998861272328896	0.1940665444026906	0.2171179658951439	0.18134775595087685	0.2630881051041922	
0.08014527159508222	0.9386022559511643	0.4984752073970377	0.12774798849186567	0.09781291407509773	
0.3497684663957654	0.3139771370451599	0.1719373103083955	0.01619359146938557	0.2668464759647889	
2.548483663890263E-4	0.28097820628607845	0.07029260649742286	9.68274018667155E-4	0.0	
0.0	0.0	0.36487793558064957	0.0	0.0	
0.28416767430525464	0.24492688840296842	0.056606470745472474	0.10472155928808277	0.06646875791297972	
0.0	0.2011965227090079	0.09868458363349245	0.0	0.04676647348182866	
0.07461873344124259	0.27652101875294455	0.13173367507731884	0.17302000859562597	0.15460458270088112	
0.1279467926860353	0.18456934922689566	0.30921058054924666	0.15341099784942633	0.10493060709664534	
0.09185971888825258	0.27085175357636454	0.14864636456308	0.195689064647014	0.3935948857722108	
0.12993134979108273	0.03834594187213419	0.2129863685236316	0.1006411102188296	0.27219929507644136	
0.25877476342301425	0.081187160229762	0.1604184625151969	0.09624247870363095	0.22531979117934517	
0.22867421198580268	0.0483572638411483	0.0	0.1476560884499474	0.25960018124807693	
0.26364907843425706	0.20838710333142205	0.19441792420309614	0.13980942660394388	0.15835649757260895	
0.2465337859966374	0.07111124668173441	0.04064100383738832	0.22362328430017692	0.0	
0.14875517847722353	0.07788774347327021	0.0	0.010935566542353932	0.16529059992678544	
0.05826378214917114	0.0	0.144855032766841	0.0	0.0	
0.13266221539617348	0.41098913671569176	0.16524764134680786	0.3006835786776826	0.04568688318040079	
0.02242357087614382	0.054755932407065076	0.10157399823042014	0.16993682107394206	0.03620358629786481	
0.03735652292058387	0.21855994024478576	0.1469757428004935	0.18310919881107734	0.10060874596036329	
0.24731240262020107	0.061693518216746214	0.002439601643984372	0.21700014898931122	0.303075768923512	
0.49860193794564	0.35968128832568247	0.12890886545266267	0.554256416175545	0.23742896561350155	
0.36646441025677495	0.14753112816131259	0.25541847545923396	0.2003290954209619	0.06772593481321075	
0.01671403929027838	0.281380130415852	0.04813529530851984	0.16126002517975935	0.18996580254069154	
0.07087885875619244	0.22346497765815973	0.20476476958219153	0.21800221611706808	0.11470396926893853	
0.0	0.19985079932798372	0.45407787129571037	0.24401702412676893	0.24836015498424235	
0.08086334829980966	0.014089678848117161	0.06928196736517638	0.06255237956298361	0.1470871345410321	
0.2078550970098576	0.22225009398075266	0.23961771539080876	0.2591392678879617	0.2551491379269947	
0.6074444472359364	0.0	0.10944154743317848	0.0	0.12722142085981072	
0.031647046468049014	0.2665771211599352	0.2193120893651101	0.1433998188532127	0.1287168015206055	
0.15691287393253764	0.06279555044639953	0.02404820354207318	0.0051801791832643595	0.04378731023951447	
0.13801204393304506	0.25022610035846404	0.2781588726978533	0.23150804928855526	0.2596122624494195	
0.2423428266587401	0.1916838261059849	0.0	0.027796299785029375	0.22179882205619553	
0.17559788763233236	0.25128789808246554	0.11302395065083572	0.04935295917840623	0.17720400757958418	
0.18055457592666915	0.22830867500114532	0.18717846867413312	0.1083128664737005	0.047625404333974615	
0.26194507248506615	0.21805922449675885	0.2705918232314815	0.0	0.009045061001187136	
0.02657733816952386	0.029950891967433196	0.2935883313749756	0.23344841861569052	0.2675104616363409	
0.16937719792870287	0.06870866881686333	0.02878701066540668	0.2207495892755139	0.13560554934949354	
0.1417990607752404	0.006580191169310107	0.11939778324096878	0.1346575608077122	0.10980758829684321	
0.16411099130325355	0.051907415070094554	0.01947263425708718	0.14896011232447937	0.004915991976990735	
0.05220244260222873	0.056933296824442516	0.20192765375830124	0.16084367180014672	0.17316154448824603	
0.11985202168877512	0.06027478493228624	0.09252116542363484	0.23484600269180847	0.24042545550105984	
0.10717251702068237	0.19978320983042108	0.16003765887229932	0.07835835552469855	0.13992153025833268	
0.24152870851371663	0.11109006983971156	0.35447455996787175	0.16342015953131736	0.11871801196759502	
0.16807812043330347	0.2968913508478049	0.118849804584434	0.3038309900034037	0.406055560197007	
0.024674949305294094	0.09980911147413471	0.17224807084039973	0.06489213127615945	0.15570093773313723	
0.15045895116819788	0.2414311945833524	0.23724004571759627	0.22723628115713332	0.2044772237894082	
0.0	0.0014507328325120434	0.27415433595996563	0.26269280434647363	0.06289621177102399	
0.5194846662101099	0.3420265917629039	0.17712858518880975	0.5489594645435276	0.20930212793179534	
0.25208842987799035	0.16442640654253066	0.15880926176992682	0.21852222157125614	0.292607816214201	
0.27670773386291464	0.2876650112995478	0.0903906026805564	0.1132535453702453	0.19595493293841296	
0.302785412716678	0.06936150866723445	0.2904511390310108	0.28149471757235756	0.08331763052976046	
0.057639317101676905	0.233720025395367	0.1468199928513811	0.04420475565395284	0.28953141279532635	
0.26136423455116875	0.011362379624163388	0.16321338776554012	0.14549291876708867	0.17616604367431093	
0.297849277634679	0.2156766627635847	0.19652429254466042	0.19115934615357713	0.06874876765006457	
0.22251180457104283	0.16632062745396933	0.27965198801778407	0.2628132419316914	0.1688718579831473	
0.21207776245314924	0.20903968975861295	0.11067484898575107	0.11372728666686588	0.26063069065075634	
0.24642033049215603	0.300444504747859	0.2551210036869021	0.10335865654263673	0.2796978721011192	
0.17590608759736792	0.1435128252303421	0.1953559111169445	0.08072588224654959	0.06957616898275605	
0.16791755635221017	0.19033853027021036	0.16276112665674802	0.014514085185116612	0.11665036420214242	
0.23000174413771532	0.0	0.11001502860904484	0.0	0.0	
0.2514215283023822	0.13062051713863096	0.02358675697761349	0.28184892915530385	0.09674457552030934	
0.26577303695814364	0.5179162925195477	0.34956595499571674	0.3350984671361593	0.17038044734039448	
0.08283379412323573	0.1943969863158755	0.2703954154126278	0.06516358699245561	0.014508604471052877	
0.28205376934555615	0.03468945096774002	0.18936436448008515	0.2569203830935912	0.06979214128754213	
0.15798706175804925	0.1093734603176458	0.20165537478298962	0.03513470766358065	0.10192278851410015	
0.11865285789501877	0.0654620728418165	0.1699363657200771	0.120478012190378	0.001284716890401341	
0.15863819646899338	0.17407674764369235	0.2823005899949577	0.3001737327237937	0.009285461271577332	
0.017491925887021052	0.08933620638337406	0.02924882544267039	0.18272400737868705	0.2589974048952772	
0.30045489544992393	0.03177353602688367	0.18156496136182826	0.10257727888005383	0.05351187983602268	
0.0750100656430215	0.6937836086471275	0.4037894911339821	0.24681176389518786	0.26756810905191175	
0.213731986577762	0.1527049410108588	0.12230386863977148	0.09205953666598295	0.13016343041349632	
0.02653092290412363	0.5694762105682756	0.5452844196385963	0.22341602570246724	0.2405704629114273	
0.2972335435944532	0.2947532993645489	0.04714881338218536	0.1403437823081223	0.1473339168552229	
0.04530457151885942	0.11351311480456625	0.3086430156630478	0.18876435979419298	0.08820638147018404	
0.0	0.10228114774630669	0.13806255320069208	0.09561519504982746	0.09023394408487329	
0.30101556519891537	0.2573584733256138	0.1960240188319086	0.01425208605697726	0.07955730150472588	
0.0	0.7882423564861231	0.28320255753030377	0.025889090576441467	0.49440108337786054	
0.042013525865493166	0.1105097066258504	0.2995707873326919	0.15790306055834827	0.0357545381397826	
0.4798672529919842	0.12390022025264144	0.051890713110316324	0.27241292126829036	0.2598661731019863	
0.03589702852185743	0.20301077787398808	0.20736989593809843	0.26535387002742267	0.07131032790377013	
0.23676552676734727	0.20841140929324278	0.2771595111189213	0.23304645196105667	0.2213895720307512	
0.2705385695208004	0.2440168250767045	0.0686049867023931	0.2671059927631426	0.22442263598174045	
0.2564611966528733	0.32279617400879346	0.4389943292011608	0.23473704663633546	0.16895169434110704	
0.25880251274606914	0.05682222063337933	0.2514114899251347	0.0986772443638647	0.2763452508551594	
0.03698805505631479	0.19565635522535954	0.0	0.2742099140506619	0.08733801447790009	
0.2044439160430361	0.04376387911395154	0.1897186165757971	0.11475479833147825	0.1654753034886539	
0.0	0.0	0.2781195948183879	0.0	0.0	
0.27787441414764247	0.22315045067766817	0.0	0.22580451439160826	0.2775120190819734	
0.22995259182035507	0.15877119165350265	0.12870231940796645	0.0032824886512367126	0.038832883963552195	
0.3839897085942518	0.23105687632000052	0.17880999950543103	0.49877066688046306	0.18520774315923383	
0.3201823520446184	0.18637473869888843	0.0796046653554454	0.15131157730168898	0.1395793916612513	
0.06036734406505128	0.025156643499752683	0.1042014225006705	0.16328966557339122	0.008943565571973107	
0.10539430988597914	0.0	0.0030617221998000053	0.15574018574282167	0.003014135313944925	
0.11116197837482396	0.21101001925366458	0.10931836148753327	0.2677108217034488	0.20468952454195513	
0.25831249760665254	0.011624635767862216	0.06248049207154735	0.02100064384521075	0.1450574701482629	
0.22259879467085184	0.07103766966210637	0.031480236023995155	0.13216635237513166	0.14451318537677724	
0.023780610740064344	0.19949954366282585	0.020094843787419048	0.006196356696219203	0.15043501179452254	
0.07647006513031974	0.013965712775528345	0.21180637166085486	0.12432548766356225	0.0820968053118137	
0.1933241813686676	0.1704067782913494	0.20934155014108027	0.30417391545868666	0.3471044988107323	
0.1363051083733373	0.2875216797064134	0.025073880786102693	0.09859726241992713	0.13205620886181724	
0.19826544363487228	0.23553428740547142	0.047397186527040475	0.23082219077100258	0.12572071379835506	
0.0	0.14458488402422845	0.0	0.19852993246405035	0.0	
0.13766430133892552	0.20708747573789013	0.2751035247466722	0.18812822603920057	0.22323075861934835	
0.0	0.023248502399526864	0.15138965168126156	0.19888698761261042	0.0	
0.43541394963041696	0.22708659227885739	0.3375836026191726	0.5287640895184073	0.3164055953509311	
0.08904658254230904	0.0025318319732458433	0.0025153917920243346	0.20965053437483402	0.05211237223708808	
0.1541138614337899	0.009903785875808783	0.09748985698615799	0.27218092580819275	0.1512158056988471	
0.2759676748371454	0.05863962107887806	0.19742280713521002	0.017371140901232908	0.03433964714049927	
0.2846729443917537	0.08179700581018007	0.15263933324342246	0.2089218845778337	0.22135622867507626	
0.1879918821327169	0.07323264917248887	0.21588031007906533	0.020382344832133463	0.0370795466562315	
0.06969113847963364	0.12591511764246693	0.13739915831700222	0.2923696104089748	0.16088640462363815	
0.01793435511124217	0.21009190916477252	0.2825485421857023	0.09200582187446714	0.18986838987834376	
0.14877474947439054	0.2563081695879883	0.2833425863744679	0.100075511152985	0.04027381783432904	
0.4192275780858623	0.10707805702847042	0.22800397934848451	0.6435615559984562	0.3596005508627481	
0.08368710063408615	0.07361382470897303	0.10331410985385518	0.23172426037521737	0.2829010138037125	
0.1757215390999445	0.22111991044251803	0.1325811866593384	0.13309522326074094	0.08820450111689065	
0.0	0.10863107686630895	0.05469439581786172	0.0	0.10280326163566794	
0.22554683471204306	0.08355331770461755	0.0034713126535572828	0.1435954756913538	0.17350666986497496	
0.13173339023588324	0.08215170485876565	0.08125590276900742	0.09585506524206727	0.14729490788630575	
0.0035542295047782473	0.15490318866805336	0.09168572045435874	0.21655727235159888	0.26059835184984376	
0.16800042209597002	0.25936291655241467	0.09610396108951558	0.21948199275725874	0.23016202003147976	
0.1527784037469044	0.03343702116945133	0.08464947407428926	0.0689761976403815	0.24866167337722286	
0.2839468160936749	0.004055270910957006	0.2644692454567117	0.24226906614876426	0.005924242235113633	
0.023853218762321264	0.1156329366297472	0.16382212297698928	0.29602324697328214	0.2660372772687625	
0.19377155040675467	0.06482631251646835	0.19802260846533248	0.2923899165779366	0.16145601957491507	
0.28590254611389126	0.18256093759763162	0.09104300013421403	0.19954098973166653	0.135136078608079	
0.16961855077297405	0.2673270659232648	0.2794487565427004	0.05272690280355033	0.1956439049673861	
0.0	0.2903662587806094	0.19306015698189766	0.23413901183157773	0.024649321999597813	
0.19011345348832326	0.00398076205748805	0.17851327878001846	0.06345665174839804	0.20457928714625817	
0.27159866404181926	0.20620887540219787	0.20515136527058514	0.11983076927338633	0.021932474972396858	
0.039752391796762925	0.049204963191975926	0.1115772048784482	0.18247189692535287	0.07108084779108366	
0.16123411379131772	0.2566173073675683	0.12393065604985522	0.18160984341581338	0.2951709415974382	
0.007991562402947195	0.02924619370222539	0.23710067100449353	0.20973113229485985	0.0	
0.09458564221988108	0.08912067668806258	0.10513000995209905	0.2397662256428917	0.04008889181567445	
0.05975307048560244	0.07088744097499874	0.05920375312758332	0.032519343538225616	0.0	
0.26050177607500213	0.2924032843941679	0.0474690705718865	0.19060787434635984	0.21934822513110921	
0.38003506507119755	0.5166933805816869	0.3880496091741978	0.3633072729071314	0.2578159536669841	
0.19169072304591192	0.0	0.06254778187373054	0.0	0.0	
0.3830914079424256	0.5218079694066342	0.19710090501250305	0.47941545363854415	0.29520445589227884	
0.20768931292408838	0.08618239488451354	0.03933074731369262	0.2142121857402745	0.22175696995204763	
0.08561732854626314	0.2205718261884119	0.0556528020689489	0.14138800635009702	0.29833832879509214	
0.11302447672996281	0.011741232156078373	0.22166016827072557	0.04454054031542799	0.03796152890399069	
0.2139884335535467	0.17819517694120335	0.24383716788509274	0.09360199313898791	0.19605363725200997	
0.29260044578790306	0.1675210814070274	0.25863935155182555	0.29075182438580616	0.13521478964318193	
0.2682154715774374	0.12313090772538673	0.012739296571443758	0.18317621553090305	0.29748045428660796	
0.1582667630666319	0.16461536222356007	0.28667919124857844	0.25550839062132813	0.25945990671359515	
0.20428287019719338	0.2833359002487182	0.01903607131858086	0.004927230234467359	0.23834618327745094	
0.23036069682750687	0.08318585698130633	0.10612053386023891	0.2049317137281936	0.11257610235619475	
0.15834903883843293	0.09700666031836434	0.24980705168903605	0.28655390718708745	0.27434641015374994	
0.07400545238768015	0.23430120768867913	0.1958277126184578	0.189521326912538	0.033287858758452984	
0.25142228721315424	0.09592395394493937	0.1301100339079879	0.19436812978542123	0.23168602758442497	
0.04463201667528209	0.02903783347374417	0.2599978048552415	0.03077809310518927	0.1613253962608759	
0.02906023439578512	0.2783405650147948	0.11977714781304513	0.4289024569336427	0.20680910861059126	
0.3042136040816743	0.23615288007800808	0.25852011338505876	0.06219555753726733	0.08215157624455185	
0.059850405395389626	0.26204821388487687	0.2797179510756986	0.18160682172497294	0.14798325390819395	
0.0	0.30139408308339855	0.05649192376158008	0.0	0.19800187274020134	
0.21558714038273394	0.18911353585013208	0.3070761248112966	0.17431284842773687	0.0	
0.1862810007468429	0.12362844340152736	0.03166189383671428	0.14676780296904834	0.14604651552047818	
0.21242293456884945	0.2118340091122797	0.21884694067076138	0.16622358611061047	0.24399849528813014	
0.23706953761032484	0.17542367817561597	0.16345137595643652	0.01408636876069834	0.24992384866941852	
0.1557854262345463	0.22035927601925934	0.16229190244906844	0.17279066862751566	0.107625467071849	
0.2775563440867764	0.21244317004348906	0.12803054484680054	0.007003047793437664	0.19679635110780783	
0.2831443686401247	0.25145314218291764	0.2659052124533112	0.1457485105964387	0.1571532745737248	
0.2571624265951045	0.23467223701362755	0.1152643444092738	0.22444494415994704	0.009411688834466615	
0.206494113298494	0.03177098637693908	0.1108415190964291	0.24271798901856392	0.1855349425607082	
0.13698966565896317	0.18551571270904224	0.2981216950052934	0.003895662695602562	0.13762652412103468	
0.20171976983223724	0.20369803919890128	0.24760098418553017	0.024069689955451945	0.2149442669964628	
0.2522669931419433	0.11169223714631463	0.014729232328216286	0.16017605292073278	0.17366918392144043	
0.29971554782451776	0.21171770395824038	0.2278800561502595	0.282786782441416	0.1730786920029545	
0.2992709699063712	0.2968908406547687	0.238712749926598	0.24165180201650427	0.20920453476820766	
0.014897749337719582	0.2192482389865693	0.2401456825155187	0.3031715032170068	0.022979589620809385	
0.028145489565289505	0.09649129093843614	0.23375839166721882	0.021478639260475427	0.05698745024440291	
0.2577166899622638	0.1931969164718543	0.2340205242331974	0.22774704717945787	0.17919000789319806	
0.03693246602300512	0.06724267897024797	0.09733350181541868	0.11687178931004058	0.0	
0.04927619720626189	0.019533359345923523	0.10760442901907995	0.0984459994249314	0.1424074367707089	
0.20367598105704193	0.0014034022897442358	0.26725238001112367	0.1971430709314036	0.13116961776922972	
0.16763057670204767	0.7041939451506642	0.3534893131355261	0.15208568328833066	0.1693815838295677	
0.2416435191084008	0.0	0.2640133335926582	0.11275843323945642	0.19258624903665236	
0.021258376237359516	0.07904483509669018	0.17457149161688848	0.09195602352031378	0.28224132020311365	
0.13782874613067592	0.09411323445787964	0.09732959177116689	0.23234488334078002	0.08096546524682907	
0.08463613837187386	0.073381225149093	0.0577794275190573	0.0777919793580226	0.27782481102650736	
0.26780012192111996	0.24917523347366324	0.26177258656399904	0.28134916411404326	0.24823826843179417	
0.39655026293589	0.04522409691251958	0.1964487746525434	0.3767033439551891	0.09940712311011785	
0.07052809124653998	0.09184305185181904	0.1733420482080903	0.2732160684557423	0.25402100040271625	
0.18376866486000845	0.05415850268599277	0.044821746194961466	8.941056655954534E-4	0.2619067768803244	
0.2663151147183765	0.1646686255342938	0.03166871716838114	0.25964874213473227	0.2835696855326212	
0.2802767584890953	0.07269695831264394	0.24896937050842524	0.08925390578800826	0.31071424320535496	
0.1067998130942293	0.028683640248876582	0.21335669994504092	0.2758131648875101	0.02598459870365074	
1.0040367408112352	0.8026388141382991	0.3726004310675381	0.49274969416914766	0.3453345511191069	
0.1734113138040683	0.21691111321507736	0.24275523361609722	0.16813217645885456	0.09921533824156192	
0.2748058842815857	0.18242595258748842	0.1951206785349157	0.13519007144475328	0.28050103849216484	
0.016226430836646898	0.15093835449406948	0.2196803962988227	0.22671891789916013	0.07717589083481993	
0.021669319778450883	0.023435339034321538	0.26793500592841574	0.037625892576349095	0.0	
0.12917784929078868	0.42657408338512265	0.3199631523352451	1.1424148203248274	0.41839633264136133	
0.10129195456673595	0.18862889155718315	0.08312512816857037	0.0451138779560831	0.21924298040433252	
0.18496684787995393	0.29129899407632	0.23600962386319488	0.22291642951128945	0.1602381765342507	
0.23965120608797646	0.11567678172402088	0.1043354464532911	0.24966451813813778	0.2505432677649402	
0.25430651687480155	0.07631362883889517	0.02172367870092076	0.22570543298472895	0.12936873788741513	
0.0	0.10128715370269042	0.18704787087567046	0.061869297939250154	0.0	
0.06689672322121326	0.09905631817411312	0.2436968501425566	0.16958054832272448	0.11369788014787267	
0.025805386155136126	0.13923329913443172	0.10344361562527618	0.2094244052275764	0.036060496727772375	
0.0	0.08221001829940397	0.1101904791467075	0.1787642416723538	0.03877665141993255	
0.0	0.0	0.1417607604868364	0.04354501031003849	0.0	
0.3016215076597798	0.08579735721489706	0.20373309604689188	0.11770306783848725	0.0	
0.295448631964669	0.03785069458616438	0.22970812287607822	0.09704355019803156	0.30233670106628074	
0.2706455144877896	0.1206322089948071	0.23265737639582743	0.27500006791644155	0.2746772943734479	
0.19113520456862834	0.05608013219625815	0.283538337455038	0.0949963632645688	0.16282474110641787	
0.17906580253758667	0.17696724331302155	0.1399772919910003	0.02461770973313552	0.280274376556677	
0.06196820797546225	0.1531301687171691	0.18791322800265695	0.059823065898223844	0.04163596413697257	
0.04939754103438508	0.21539501425868063	0.28985841514352223	0.07443913646693728	0.035637086750451054	
0.14447632744339167	0.256509057577882	0.17561341371106626	0.0508789073303077	0.11422489282989078	
0.29171022395334884	1.7078256313274182E-4	0.02476351744683832	0.14244884535096883	0.23093033379145864	
0.20083388443349584	0.00540515548097278	0.2665445906711521	0.2280776780060167	0.16306949226682324	
0.08784177145472738	0.08178489982598741	0.06795526883197497	0.017131749348156637	0.19053261185537107	
0.29075051681389025	0.2531209736705381	0.2402055757199943	0.021851958755645585	0.020676394652968798	
0.319102007147488	0.06184738463624378	0.105624371586103	0.2529241188638387	0.06990255585391986	
0.18551639652925944	0.11694478759158118	0.07283379340979186	0.14512506824126362	0.0012679580063793634	
0.027518639174794295	0.05967397024825733	0.10170559087190026	0.0783967752665893	0.20491136830512133	
0.19435586369631624	0.19377421322323526	0.12165486658979713	0.15276309036707103	0.21628735168621702	
0.28258744306786393	0.17879539039510475	0.12024031036802586	0.12175619616078061	0.07837583894764316	
0.05439865944030615	0.14418806472355136	0.05621562303115326	0.26592152990356743	0.11939616403849838	
0.22375349683312135	0.2776068236600305	0.28207616927303963	0.030623838033393608	0.12826956639655204	
0.014875427041797078	0.004865394779952722	0.17206637792222096	0.13877565081652468	6.667187265451274E-4	
0.6280520663845747	0.14295490698910518	0.13311607920595656	0.11307790092761294	0.07379730233486045	
0.26887519358171674	0.12029589052397799	0.3181023540859565	0.275708345739044	0.11737481563679757	
0.03996246540330383	0.06658378563176097	0.1787191574153997	0.10806128497169952	0.15273489029939144	
0.17223034195226747	0.07544973836805306	0.10181769700945788	0.1802690070869042	0.22003532623828198	
0.0582424212446452	0.26753818168136956	0.2114950360823875	0.1658763575394816	0.057060254117712046	
0.0683207919605424	0.2863200062838482	0.19241386808905606	0.28401342489849035	0.004586566515623492	
0.052032174366430664	0.2996678525870371	0.09075573651638456	0.07007094282727559	0.1033786826832631	
0.0	0.0	0.0	0.04766313410298989	0.0	
0.18976584649796485	0.05274177126762045	0.044648907698964395	0.050375815385879	0.20359226677668382	
0.2555060541519867	0.027737310385850245	0.0889582770892281	0.07988246121141243	0.128348940124558	
0.24682813247364616	0.2064440153658686	0.1363827996912889	0.15351617276410198	0.20649198376554895	
0.25959823345771804	0.037167280932874795	0.04571578493493054	0.10982489983122928	0.005850958623792695	
0.02189141506769668	0.09057781582594947	0.1317596512783591	0.15893723009688634	0.0918908905720313	
0.005237553592277241	0.027531360792214857	0.1528808853247453	0.0	0.22193189893167367	
0.2974406609733007	0.1896654114810193	0.01298172293756671	0.14236759722976872	0.07646559188928398	
0.25891794089730746	0.040227683599394284	0.07482212563228592	0.09621229328212133	0.26045071273822384	
0.17493622753394683	0.24225068091027632	0.0015990583337148088	0.28344516678725795	0.013442733271634965	
0.10029069352718804	0.10933295247082066	0.2806610435978392	0.12004021205579056	0.25180236214362806	
0.20042691261997164	0.20367592122453074	0.14324195530729086	0.03116861688023125	0.30106799566893344	
0.04305703950278199	0.06231501060110421	0.20117201557819073	0.29754689196755113	0.10825532399845228	
0.12592445563477145	0.098095680702636	0.16815197617492755	0.12023092683225184	0.029905517559160193	
0.0544442355031696	0.14431876436175167	0.08646295935491197	0.19801813534203358	0.2316280681734992	
0.04482824817789011	0.27737733175023643	0.22433705264010737	0.1746488249445167	0.024666413043476724	
0.03843760488907361	0.0724967190278254	0.040083090336433716	0.051082417085221585	0.2966704983548376	
0.12913384398685196	0.056451793066386806	0.2844648545930965	0.01184181965186489	0.17864255576324675	
0.14507178493276965	0.13089521265410137	0.09058148163413335	0.1641557722606501	0.21172358267194147	
0.1703752930430971	0.28593612086643844	0.2857393478415494	0.06022029129381859	0.04507743839181452	
0.29648881962103496	0.18158556125010838	0.1940599215033038	0.1500259200177754	0.3010803074156554	
0.3129149481343784	0.09668263012455136	0.0	0.19969896154527977	0.2713151586114479	
0.012674751040537944	0.10669265741950679	0.20648009078270654	0.2549646897868466	0.1040326353781696	
0.14193178574037674	0.13407252621082213	0.05185124281481634	0.17414161638708836	0.07388684307407492	
0.21396706654640957	0.20223098614404078	0.271007888907081	0.10974002581020788	0.21390674399297807	
0.08931263093875912	0.1798612745380522	0.07558693865340488	0.18446964096908786	0.2735945305149643	
0.11126786521550523	0.07667754017837168	0.07833916739715548	0.16840094121278235	0.0	
0.254721917038909	0.2865003607623239	0.24047514335378922	0.10832464288006613	0.1029644755550719	
0.19115170608244658	0.26945469312397236	0.14809332162426284	0.29095863851294645	0.07077181347356978	
0.282219700348395	0.10383327858951222	0.20915299955205024	0.15607644104754448	0.07015339165340148	
0.1202585974513405	0.25944708934300803	0.20742360680301455	0.088904158835251	0.15731319130517488	
0.04881699958763919	0.19461273233443183	0.10135685022153994	0.2773775613418664	0.16051550083261248	
0.07139537158884735	0.0362953504739462	0.1267484637453235	0.16524915957144448	0.010665704285741541	
0.13711766441758372	0.17378766800732176	0.002266319449883189	0.09517961563642462	0.11751687917141494	
0.11775807300975573	0.24943201397152012	0.07703167971313417	0.2662258923146174	0.04865328091880198	
0.21802038750809213	0.08851069681605422	0.285227830611314	0.29146361173357016	0.009629673834197388	
0.2170263249242984	0.06590127976404106	0.1285516409575289	0.13611021254474479	0.030850392166991043	
0.2355252310477702	0.00921619852963681	0.09491836317005826	0.029789447203338804	0.22957848970818964	
0.05341889277595987	0.23950288355352056	0.2886080681655	0.04722758997210886	0.11045017035025677	
0.12538045500503311	0.00452122905684065	0.26889377809364073	0.020980186642005308	0.0	
0.16443609853962773	0.11105209163371019	0.14187062769436432	0.12936901278891375	0.23639183508986158	
0.15684580778087695	0.15338694290581958	0.03913216588584008	0.034322185268407204	0.27843164367278767	
0.09641496681423312	0.08594856267094035	0.23263399900869572	0.07245391009289276	0.27701839008048146	
0.2226247483365051	0.0993809850343839	0.028504473024504977	0.11616747033633222	0.14123445632178366	
0.06237607605497596	0.2776845217493117	0.1129424882913182	0.21036316904604174	0.013350185970782993	
0.2590089517182677	0.13690311777990685	0.05318628574268527	0.1941943001514386	0.0	
0.29529779574427106	0.004319437957370944	0.03789457362451714	0.24264497893370784	0.26533643665757095	
0.014645754334563828	0.2530060014726926	0.1833666579798486	0.1913418998241399	0.21225248530819452	
0.2289660100629323	0.037341370977841994	0.2315820493548582	0.2349469782783113	0.27800111395485594	
0.2535775303536028	0.06049906277703623	0.11027863157325406	0.28679808420596636	0.050618645612111095	
0.20644622975406934	0.11262786143492418	0.253412968721253	0.01924306350288135	0.14203347297989552	
0.13915364457056767	0.10561800421206696	0.08248786196252857	0.016868284099533507	0.0	
0.13225349883473397	0.21168758160634468	0.07700402026936037	0.12588556883434193	0.03422745238108389	
0.27756958320753083	0.08501664324252194	0.06409666020555312	0.2685697749031706	0.17523133952700917	
0.03384401751167608	0.12466240018821162	0.17821332040093618	0.23852990700203844	0.07105703140013105	
0.24036576591453696	0.06044582779725601	0.2860764983819203	0.21485119007486028	0.2781381965689697	
0.08933961466980471	0.2829396457187999	0.23572679274629801	0.17997178092970612	0.2941303663187757	
0.10779954570987214	0.11057846827989172	0.1345632599148298	0.1010364042766234	0.14861275012273406	
0.03886107338293297	0.2706636374163437	0.18523535648180367	0.18879287111390844	0.08807229063961829	
0.274534104001038	0.19730774894758485	0.1839853397959747	0.10859382259149251	0.02219154496475515	
0.23749412869257946	0.052963325078692565	0.3182133797849356	0.14638784588754328	0.20584778175755838	
0.0448278216659403	0.22096961909790455	0.02197301633715081	0.057138863446101924	0.11259644751160447	
0.17108749950547333	0.1274652304970043	0.07599726143933366	0.0489901979494098	0.237522592767848	
0.20682748202442505	0.13886928611054494	0.2974289470524516	0.2868931706468394	0.18056106648837222	
0.04020628958615193	0.25246619927383945	0.27539266740382284	0.08871218087701388	0.254932111788793	
0.23821206916095344	0.015819511902212237	0.017637538192904048	0.22393288428951452	0.060818875874529235	
0.1048740607124205	0.1993655166510927	0.29323899541064774	0.20397074938076148	0.24254480562905797	
0.22087342699869672	0.1427385489537113	0.2433877721633299	0.01985185073012885	0.21203902994007157	
0.25987021929098764	0.0683566963012508	0.10660074515593093	0.221469696882965	0.004164430721143538	
0.06954577051051303	0.26116834210008794	0.16719243215200716	0.2753127997228477	0.11494143959629512	
0.1638075116828297	0.1595979780331625	0.15764879623394534	0.0	0.2181267789559273	
0.04977845608501048	0.05900191152556215	0.04928616989727026	0.17290989612444665	0.018985686373205052	
0.11013854478321491	0.1269584660436522	0.03154405539606255	0.11504934879052567	0.2546212481767382	
0.24469315949029685	0.1591386030060606	0.04562451830918141	0.1270724693402434	0.06917246147240719	
0.2927537277539586	0.02435525608523967	0.23490340968164242	0.2533147990601354	0.12282731631959411	
0.1641814981113501	0.133249744422811	0.0857376333089739	0.10540896372464778	0.01046001364187518	
0.0077899977713782485	0.19614948055537726	0.13494708311902304	0.2867612535821739	0.011590581280491629	
0.1362441502958443	0.03933715526964491	0.18131642727630778	0.19763174483822699	0.2020824355510238	
0.11035907365273835	0.20584893224843123	0.24364224869357243	0.19191268228173816	0.08391333609816232	
0.24083939627973536	0.2535869241693239	0.18078615008964014	0.2573068588466329	0.046431225410403426	
0.25946031417703636	0.17397089694317577	0.07363833975922315	0.0896994765430181	0.1663860258207706	
0.25022686255094617	0.22598935064716177	0.10677220033486916	0.11067727910509303	0.15902183721303292	
0.0171744795053222	0.27790921209148595	0.007343830146001688	0.04268192528369943	0.2571162925810257	
0.07724089217159097	0.2801447655307694	0.15509583808255345	0.19676033977136165	0.09284425985463857	
0.1024434605936194	0.13397574719131644	0.27935233291492745	0.08170487754234226	0.06065179765792041	
0.10246653170874316	0.23462224042781776	0.173840220566786	0.21309533763377464	0.30609680568069175	
0.02640275330320241	0.0	0.1361077030797526	0.11897993145235929	0.06711807663842001	
0.20765875021180039	0.13303614547920345	0.11238197681232269	0.011273810037419304	0.29318633534414407	
0.12496743316655423	0.27657074359957007	0.28274681275254343	0.2587354581209937	0.1120975405171235	
0.11204086299996928	0.27522886027079013	0.18034645982447478	0.18794210017484084	0.19675660186295701	
0.0866063000558084	0.1283460855017483	0.1718189079074666	0.05770930875721933	0.09585619388260724	
0.17435720319153158	0.11320501344036331	0.26854055687904627	0.14699107400624692	0.24630955408551533	
0.11497891441379017	0.2678761432052891	0.010538530039130693	0.3032675700889366	0.09918776394464512	
0.1240488907990178	0.1835766051150898	0.19274075565961435	0.07089817181547461	0.2784791718149402	
0.30203938817808756	0.27494138777233396	0.2733676990725501	0.29125710588112724	0.24479553475852234	
0.2817019287290918	0.22870596306125754	0.0528409741741127	0.054990773076486185	0.25119134821655115	
0.3003198214157039	0.24262516780683968	0.13772468260624476	0.1030862821974334	0.22730991766995193	
0.2889595313235924	0.269297274271436	0.07051431651579287	0.275330383696698	0.13969676050559526	
0.08151475196123029	0.14228001147493358	0.038029253143122534	0.11297930417063808	0.04469399030487088	
0.14197160279843646	0.037444440667203274	0.08091995763380717	0.009526710895125527	0.1819233276069862	
0.18885654240459304	0.2448168599649279	0.23995577445263258	0.12926479838867275	0.2997762748984496	
0.2535083740725653	0.1782154558209187	0.0550913261999991	0.09033977032420351	0.024804807344079225	
0.05938424139646705	0.03475930251308747	0.1407881067333141	0.03368907962790446	0.04995057391146519	
0.29795136658033006	0.2351154940425153	0.0	0.2959980794599706	0.25953121843962784	
0.13061503342321798	0.10714439579168701	0.020325061351673612	0.029880164843742642	0.2556157033476015	
0.08657237692556792	0.17414483664470037	0.21604210181734523	0.1107040462083706	0.005361272153609593	
0.29798845470199725	0.16490344539564442	0.0808539959393673	0.18079957700957777	0.010212437526488786	
0.15625858149591024	0.05805118309531338	0.23933201381690583	0.13467613083851362	0.15946366706087398	
0.028760605013472978	0.2879142395946726	0.07722945442189483	0.13826164175245048	0.17064676501664588	
0.2567309124375377	0.12155038442041968	0.052126394606526565	0.13974073564544373	0.04539934972543921	
0.2119050707197011	0.032521498137721205	0.0788933765479897	0.11792348031232705	0.15213306360623477	
0.003926251671814955	0.21283179792002851	0.00851158526775756	0.1306346910841364	0.13205495543778073	
0.06624215122844056	0.28023340606621083	0.25446073607160175	0.10786994955648133	0.25016503040717886	
0.05371069912338712	0.22795768492576532	0.061160611258622384	0.016538246099030814	0.21268071928236335	
0.1622734535768114	0.2541759919811358	0.2834114211617577	0.25135734849695	0.2269262585994402	
0.1899957878394149	0.20791706085336165	0.16286562083946657	0.22675841469055816	0.10835620251565893	
0.11567077971057732	0.024375339957814924	0.06943359195898198	0.10353304042356203	0.04862089880624994	
0.21865191560380484	0.14074976508264847	0.08957879453955153	0.004795473815505967	0.12946831221004962	
0.18400139028100077	0.0	0.1761767624230854	0.27835614669136743	0.04161698908645818	
0.23459258599084695	0.18177899038696224	0.14752556229542174	0.18542694544286203	0.08368040559998297	
0.022396257883613064	0.2930814849160923	0.24161053151609993	0.11145813725885656	0.04761547261728698	
0.07616445545644865	0.09226722227049873	0.10573672641759557	0.04095251066411072	0.12132346280815756	
0.10321770363150125	0.1644020568507898	0.28080297896550965	0.0442543075458546	0.06505464595730474	
0.05501228253470453	0.13130647614784433	0.24112152101419732	0.05144727122815619	0.1428281884023425	
0.09747432638302639	0.03987778339666787	0.2990628906238769	0.20281613372951993	0.11144822893896755	
0.04971772020086014	0.12398555686076743	0.10784070187395885	0.2606721155819064	0.07945486985200885	
0.19427102045961092	0.0028281380407719882	0.29014690494697704	0.18374039675607204	3.49492551533471E-4	
0.10310746232362755	0.004518232670727469	0.11689807299668703	0.1686962953987552	0.21654444338049156	
0.08763000324887257	0.018879163795993498	0.29131350407045203	0.13952442514655783	0.16939799415021617	
0.0802320818099967	0.1379054992726019	0.19505735790055	0.06240662873056318	0.1629538936010894	
0.10578626461649007	0.05826688768229959	0.2130396333147065	0.03922049387201246	0.10135817089130764	
0.29873744164187804	0.26266914089035764	0.29459846906578036	0.1628606197609817	0.26691545078440976	
0.04429897826591325	0.05388342336875933	0.27326287269198657	0.0993165852722688	0.29388973945535407	
0.18852291677800087	0.03634118644354046	0.2713680979724984	0.03546983552921383	0.2731327913765759	
0.2755298819300494	0.2334605145867755	0.055674658322049674	0.13700863715400655	0.1364825358178881	
