0.10050334484723861	0.04447654408630178	0.18013527929385623	0.14627564856377975	0.0369643243194968	
0.2165158119234895	0.20350714774800552	0.4278995957279074	0.0629673153734911	0.4096052921965496	
0.0	0.0	0.0	0.0	0.0	
0.3374944561384221	0.10426556174730031	0.18594370477624386	0.49969970045192197	0.34089664243657314	
0.0	0.0	0.0	0.0	0.0	
0.0	0.0	0.0	0.0	0.0	
1.3482702059607894	1.4208458042375711	0.45812586828239127	1.1465630514939829	0.18159814745658207	
0.8700259676742118	0.5415450957735457	0.0	0.9067950323618061	0.11520504942757112	
0.1929091146384206	0.3393673031004182	0.31704052876342875	0.8804979397982767	0.6569835614144616	
0.5444715459454436	0.315490416557481	0.0	0.4804313179182351	0.4798731526674252	
1.519638847322532	0.18427856803924042	0.9282284254653973	0.7075894662917251	0.9752670044384723	
0.2416776197128553	0.9900630948117629	0.5333303500843127	0.10752824585421719	1.355700540571431	
1.0003464669803643	0.37731374538089957	0.23182191832094418	0.0841618759360829	0.9337867502761058	
0.0	0.0	0.0	0.0	0.0	
0.0	0.0	0.0	0.0	0.0	
0.8242284702246786	0.45495115394140034	0.5415285522671897	0.5435794456215822	0.48328889028345295	
3.5229164929376795	1.8257114372615526	0.8728941179932133	0.5100850933632053	0.661093510123445	
0.0	0.03336513129230152	0.27519832452396564	0.7322194227562926	1.0227913791123906	
0.0014401866627302832	0.23873053147801962	0.7123014710034561	9.771202492768751E-8	1.114168403951395	
0.0	0.0	0.0	0.0	0.0	
0.0	0.0	0.0	0.0	0.0	
0.49825334806690813	1.116417166261467	1.780911823969287	0.1430245854926024	1.3951417253093983	
0.23000543911289884	0.7057582711533931	0.0	0.0979566921656376	0.3276439535363966	
0.2640051189826436	0.3014170753937691	1.0221432387415974	0.0933723295527412	1.2805188500911184	
0.42346066707043556	0.035486582408373483	1.106178693508926	0.085644366879748	0.5714945181395662	
0.5012827713220176	0.4525633014539661	0.9072025347032726	0.39051427233628433	1.0338965990634819	
0.10662774106044481	0.5556411008106876	2.080974198294713	0.0	1.9534278012178692	
0.029200945703090703	0.12230854236028571	0.5938804120800414	0.2578007842131906	0.959108063671936	
0.6426507735730944	0.43325595446196646	0.3255545376429265	0.30459699496870024	0.5706882130734909	
0.3630244606329343	0.0	0.42081382054935784	0.25253531362288445	0.6762306235481376	
0.0	0.0	0.0	0.0	0.0	
0.6073260781118582	0.0	0.312998617969262	0.32324763057103917	0.8179711935349051	
0.35760418780392544	0.08625142952019832	0.8537699156360486	0.3449931713789339	1.1438426672581898	
0.24765228178502977	0.15446041843541566	0.4865870368152249	0.2393155678044415	1.1001749777146095	
0.0	0.0	0.0	0.0	0.0	
0.0	0.5271288635872873	0.7192523688587772	0.42690009308424354	1.1536091448848487	
0.4652612847941199	0.25624356854731645	0.5077375970885903	0.34398149992620214	0.30629829794680163	
0.5696319215468374	0.30667828528791435	0.03448992256401004	0.29743221184212776	0.3632720728759522	
0.0	0.0	0.0	0.0	0.0	
0.0	0.0	0.0	0.0	0.0	
0.0	0.0	0.0	0.0	0.0	
0.5029204938036456	0.0	1.2798609735232607	0.12386806178658619	1.1379488914375748	
0.39224049471359695	0.3256505002389162	0.6689770019400222	0.4737557190093718	0.6787307388581701	
0.5922772740566977	0.2765165108984955	1.960629216886432E-4	0.49666448548656805	0.29711196844122695	
0.6406426029266772	0.5985644058192177	1.5508548600118686	0.0	1.341827911089047	
0.0	0.0	0.0	0.0	0.0	
0.0	0.0	0.0	0.0	0.0	
0.5315308775534792	0.03622208529951585	0.0	0.7113112896845877	0.9364882002062807	
0.0	0.0	0.0	0.0	0.0	
0.2905316262680775	0.7796686767446037	0.9229871305678846	0.5926419893985562	2.1267757372437726	
0.029320947343204843	0.5729955756320598	0.43187387343017414	0.5940037320000121	0.37218144680664206	
0.06033758164390947	0.07071287894670933	0.2903625074180956	0.555023808740986	0.8423710419443416	
0.0	0.0	0.0	0.0	0.0	
0.0	0.0	0.0	0.0	0.0	
0.12999510836476774	0.13380783401042104	0.21728886115386212	0.04461977439704862	0.4084389659889635	
0.6545440780906917	0.6370310170064473	0.02426214459242298	0.5802800382437288	1.5713308982282665	
0.0880477038782203	0.04334154177571806	0.16802171326612478	0.19459208591665617	0.19690766836791726	
0.4869596869247691	0.0	0.829654507914459	0.02380707748886536	0.5850645438838751	
0.23734080008416733	0.18222600545346807	0.5496896005473241	0.34304872594915437	0.5570460573711813	
0.0	0.0	0.533470119285475	0.24434857882339395	1.150695510291229	
0.36664073792904317	0.6423299084863157	0.0	0.5359360202058098	0.37669606595686916	
0.6063705046188828	0.2615410493003286	0.34440220099341007	0.2540633600325563	0.5448945742567674	
0.5728100253814986	0.480509643377291	0.6725692443603969	0.2424164216608562	0.7946394092884002	
1.0321798536502111	0.7598528289201214	0.6226156220913946	0.5603755902988437	0.09930223737729389	
0.0	0.0	0.5034090132181799	0.38567118557267444	1.0261995300810496	
0.5031633762113487	0.8452299779097868	0.6463334223041797	0.06986506402520881	0.9170747820480162	
0.47548961174660537	0.4681742318367609	0.5159904824884947	0.10617512714957528	0.47259590485780184	
0.0	0.0	0.0	0.0	0.0	
2.643809379840724	3.0900455114289476	3.152825306538581	2.5547873849872347	2.8456504213941765	
0.4788993409178106	0.978471964787755	0.0013017952967427084	0.6598653458026874	0.4085082196587285	
0.4602859319895011	0.20589176109244464	0.0	0.4079391783334786	0.27814210512995635	
0.0	0.45367869130026944	1.2709592513533996	0.1938285988290915	1.2323335121213177	
0.3872354387399554	0.5902365343151297	0.624039485261794	0.3422517385959789	1.1306947380029537	
0.0	0.0	0.0	0.0	0.0	
0.0	0.0	0.0	0.0	0.0	
0.0	0.11201626144321462	0.21905462377679108	0.056735348514586635	0.46231777222062287	
0.0	0.0	0.0	0.0	0.0	
0.2600707131470225	0.020754839115706417	1.2049569405181866	1.699549896379476	0.0	
0.3070112285233428	0.48480178516495104	0.2872200350575014	0.06077086336666769	1.0421800022136805	
0.0	0.0	0.0	0.0	0.0	
0.0	0.0	0.0	0.0	0.0	
0.15192281792634235	0.0	0.6417327161922228	0.8050083527453508	0.9512166346938833	
0.38183090947607023	0.6970718048351786	5.883595480991377E-5	0.0	0.8046289312759245	
0.2549873358452834	0.36048954905132163	0.5920513584406256	0.350110333095272	1.2669562167116661	
0.0	0.0	0.0	0.0	0.0	
0.5070980623533367	0.28731221782404337	0.23781320744425696	0.7090662224214663	0.698935254808442	
0.43995696191600253	0.18627622692648957	1.1762467890009607	0.6736503134682434	0.8033654666643826	
0.153573572226026	0.0	6.18984096564215	0.010010439468216833	5.427521435432017	
2.008353138570512	2.1913885233194303	2.5021515283711233	2.048953203913187	1.3222759244626232	
0.6950128834611333	0.27840294867745163	0.8750978343854025	0.439828819809157	0.8890462165519948	
0.40693301381861313	0.11110568062117583	0.28702095599048855	0.6480286878232451	0.1444864151145476	
0.4074498201562568	0.3629572101891739	0.08204805174917448	0.2383945646700587	0.7708035812508991	
0.0	0.0	0.0	0.0	0.0	
0.1379315576006699	0.5321457470135943	0.21714940276446812	0.467405698418636	0.7185906607819715	
0.0	0.0017329940936065518	0.7005178817529626	0.18812652223902843	1.3354859688067384	
0.3986356984536538	0.3059922520000022	0.22471929863791337	0.05474319158333303	0.546797112532789	
0.0	0.5819980848054781	2.854454854620821	0.0869752490541477	5.147396198256975	
0.21851994410247827	0.2831392009544713	0.351434894312967	0.3058339800290437	0.4237810887113986	
0.16839884718807707	0.4459859969803655	1.0292254552247702	0.11840536620940523	1.355063535281841	
0.10103721547538372	0.5057208315640244	1.1316266836102593	0.2998840915819623	1.0787839892729478	
0.301733140392144	0.3856267797076091	0.19593027398422727	0.5563191579359322	0.5418242670102668	
2.6848849351074917	2.6771560592297226	2.064135810731868	2.498920359391431	1.594127003785291	
0.1598672451697876	0.2572203412899776	0.963103716770374	0.2628275754210782	1.709416909294465	
0.22801689267232805	0.3663721410588125	0.9824922397763038	0.08617034516654624	1.180583847373754	
0.457203575571724	0.06382253254137603	0.43733903006791713	0.36311222231366114	1.2924472944023981	
0.1072745747482617	0.8447835278198232	0.5933052976549718	0.2801422674567085	0.9816993462363544	
0.0	0.0	0.0	0.0	0.0	
0.0	0.0	0.0	0.0	0.0	
0.5753788797813776	0.37674536585849094	0.6731696211849343	0.2002074147753385	0.899838503930769	
0.0	0.0	0.0	0.0	0.0	
0.7047629547881149	0.4360671058530457	0.9821745963032552	0.08747951747671591	0.8951379670245772	
0.16883209204462232	0.32672348683205027	0.48295329441685975	0.3636636492264239	1.4337760854870094	
0.47260901800611027	0.5388015129137892	0.6408826684020512	0.3651830727429196	0.8380427320267766	
0.5573995996987416	0.09199620298530417	0.6124267372583546	0.06335228188187601	0.8321783880638348	
1.17235240160309	0.6624400130455603	0.3392128352218254	0.11882130120965391	0.4504823300978749	
0.14500234784622207	0.30040356504926147	0.9835871043241362	0.44506442692500975	1.2699582149778812	
0.7484321417709572	0.27431734341825176	0.2037467137544051	0.2028471323784203	0.3315142596444957	
0.8479454887794605	0.6070752972152132	0.10249436244553561	0.5223058380829012	0.7784468712206206	
0.0	0.0	0.0	0.0	0.0	
0.36966800891655044	0.3332896541524609	0.481129359312633	0.6355976598918274	0.7830569517888973	
0.0	0.0	0.0	0.0	0.0	
0.9065198931008245	1.0110793431355567	0.5569782062457359	0.5960151329980733	0.672411431425587	
0.7325763163907629	0.7552542443630924	8.086710051799974E-4	0.03616660602132018	0.13964671302006565	
0.7976047047786305	0.5582822543767262	1.3367629265574126	0.2679010585731368	1.2736802432488414	
0.7356410779361355	0.4489444428117087	0.7042280326140579	0.016034014285097882	0.8351584943741271	
0.4307760139968342	0.10745388984401094	0.41158348389967403	0.7441411712470377	0.7941017073880794	
0.0	0.40985068525766105	0.6353710645203577	0.5521337002355134	0.695659950056926	
0.6008052058639805	0.0	0.6745137456327696	0.32968940900959154	0.6368627546402216	
0.0	0.0	0.4130835547449401	0.30650055380796115	0.9638264144283086	
0.1355652325563857	0.0	0.17064316594717174	0.14349905230681553	0.20446408163792276	
0.9419392903288792	0.18269687021107336	0.08647214148215267	0.0632589924615005	0.5915140147218432	
0.3189977263076305	0.4547844732559854	0.5301650208062586	0.0	0.8890863038913966	
1.1291662456275902	1.0053831041548218	0.8836027196084176	0.6862315938795966	4.419263383167837E-4	
0.0	0.0	0.0	0.0	0.0	
0.3324065351915485	0.5226583249618892	0.5389992212538266	0.26306607904754514	0.6185963220954581	
0.7133017128280277	0.1906665240609704	0.708977974871546	0.0018083168529245564	0.8563541222174169	
0.5149457847404693	0.0	0.3228778357787222	0.7176156977653019	1.0944315030105125	
3.3212377428190005	3.4039942325587442	3.2701974138156333	2.9315256095044706	2.6863855160961876	
1.2222804578306545	0.2757462086715963	0.03258263557309567	0.2767275129906413	0.427492606164977	
0.09842121862580616	0.03084569521872119	0.1721597352677601	0.3020612461671925	0.5460811907927043	
0.23021749544792328	0.6605234656214126	0.305286689479093	7.39724156407281E-4	0.576047198992123	
0.41741913759275195	0.48194817057355155	0.8742052268871177	0.39824964680210195	1.1009936659646473	
0.1953131251958412	0.18547600649425727	0.503051638559133	0.26044952562252693	0.47631320523016546	
0.7637029920760557	0.025717420050378262	0.33769641616046664	0.5178017691886156	0.920353591078658	
0.008336263480817943	0.057449606691318704	0.25994098729597764	0.9448407583791585	0.7517649922406434	
0.35069481537322816	0.17958793692964234	0.5104042304787023	0.47879887630563706	0.5748064552156164	
0.5439582325015451	0.0	0.5785489681252177	1.1959134526734456	0.2563293733286718	
0.0	0.0	0.0	0.7282666865418508	0.5166787334244148	
0.2813353942639122	0.09130584114168669	0.5847383175537039	0.7627487486942104	0.5275364636586994	
0.4766967607460341	0.7495502451442838	0.4663462601725527	0.2873061162310813	1.0628087793692622	
0.13873342437114894	0.5357480193860646	0.4220712519032022	0.5190930692965977	0.7313199175128126	
0.32525683684461437	0.024623316124836314	0.3145699949985109	0.3045821862126321	0.48311675421364386	
0.2304311306138879	0.10944286730861302	0.6211956115191402	0.0701029227554368	0.830803285977501	
0.0	0.137175663920144	2.2998976206405732	0.3542997442770413	2.1333821457061326	
0.0	0.0	0.0	0.0	0.0	
0.0	0.0	0.0	0.0	0.0	
0.1596853885363293	0.25084131219728184	0.5258639937548508	0.38692379229565105	0.6438356812333745	
0.17620464854715373	0.5262149891284125	1.007005860888564	0.3470230068864115	1.0914894153845442	
0.2246599955608899	0.9042800480051499	0.03845087419460207	0.6585916209281697	1.247012330926393	
0.85593785407751	0.9915566525521261	1.547928003361575	0.7489154940530934	1.58959005475138	
0.3795597672201145	0.0	0.43660499941947434	0.0	0.24668686177324103	
0.296115910166439	0.0	0.2081812609303151	0.22909566700738085	0.5456817735931188	
0.28526349576985865	0.5672572112216258	1.3553175773463442	4.861434473466393E-9	1.30516608227911	
0.7318450986263981	0.28648683463573327	1.0178351522162437	0.23694383423640225	0.9476479633385404	
0.3738473806945309	0.0	0.9006094642668608	0.46153733127766317	0.3674760443292595	
0.4375745861761561	0.39985636877466174	0.1457340164088798	0.8162514931045717	0.5462883220518892	
0.21619692404185564	0.010524105631766265	0.2448555012659224	0.5745404803924157	0.6746508613309653	
0.373922307342892	0.0	0.5371258280898322	0.4109584378564073	0.22807327248808457	
0.2453876534858497	0.3993112516638711	1.1218671656224422	0.0017876520817309838	0.6147074384737206	
0.13825028251691204	0.09335225402882516	0.24884514472106936	0.5338456284918761	0.43178724157765785	
0.0	0.0	0.0	0.0	0.0	
0.1358604743176271	0.267869109241218	0.42539891825329285	0.47051755313320803	1.0073166630472057	
0.2073491586313236	0.03623394857509249	1.6696188568345867	0.16475904606927946	1.2412344468277385	
0.0	0.0	0.0	0.0	0.0	
0.38903232842798974	1.290245615510098E-9	0.7493937013281676	0.4776374588636399	0.826700598698868	
0.0	0.0	0.01070610718080165	0.6215031971749473	0.0	
0.43062575436622036	0.35507990539243567	0.3332572194696051	0.8627938006254483	1.2851684355574722	
0.5922865337029284	0.2446772465315999	0.4166222210293464	8.578981080935679E-4	0.9732269031112255	
0.0	0.0	0.16090552443343234	0.28222063514085016	0.7691301401168342	
0.2260816910158287	1.1816216520709557	0.030478132441166157	0.39040562561636283	0.6177358424278941	
0.0	0.0	0.0	0.0	0.0	
0.08246538266128715	0.12017298414961532	0.06650936225942433	0.005235293430544561	0.34814243336135087	
0.43024660306662427	0.5850795834094099	0.13199314345291577	0.560959333820308	0.47440472003342204	
0.36658103052624014	0.12636629528884036	0.0	0.44608665945534715	0.35810990049049723	
0.060817155619011555	0.5617070376947794	0.8567155201460462	0.3991925483454505	0.8349176960238014	
0.08773596135257579	0.16669389246874847	0.45451295040276396	0.006047334236791348	0.9577132180361974	
0.0	0.25461506400822775	0.6552855524201526	0.5702025407366301	0.4404422359910809	
0.0	0.0	0.0	0.0	0.0	
0.808341939102707	0.44243105336220756	0.859933677225593	0.4200808379956612	0.45620477306893037	
0.8009393130443749	0.21630650631631243	0.18558571320043823	0.7010130779664936	0.8135698034925685	
0.7085141056848464	0.8789574236330825	1.2506301395085118	0.6846032569749604	1.1482611207175153	
1.2360985273800449	1.9424144754953625	0.30576929015660465	0.20123853499522812	0.26252360623187093	
0.06757384455834395	0.3485187367850487	0.7680701885201028	0.3523991695877131	0.7646170469535091	
0.9306446616928249	0.709147223023122	0.1618948560288198	0.5722697776831945	0.33245111413755646	
0.3480826740908303	0.5776365115529556	0.47686514397903007	0.5876044007464682	0.12896137560168205	
0.9313062358872117	0.0	1.3267397018436515	1.4598809540910156	0.8312841061064224	
0.2610786949916947	0.16325488519235867	0.3459412204695471	0.3585877256487974	0.6863410841203332	
0.10835894976018222	0.15804114874615724	0.2958434711697215	0.3105823986980712	0.8905129438683934	
0.016888978522290467	0.4915080439890805	0.0	0.0	0.23668155096986548	
0.0	0.0	0.0	0.0	0.0	
0.0	0.0	0.0	0.0	0.0	
0.0	0.0	0.0	0.0	0.0	
0.0	0.26349559795043787	0.33872502169504737	0.5891338125918679	1.1032513607528387	
0.5480911983338937	0.37073453859128	0.5305153099318646	0.09904732017050352	0.22510312277456107	
0.2872244292589575	0.0	0.5780899193247461	0.559232056932165	0.29576045667456496	
1.875116850414761E-4	0.7471038241188344	0.38752122078370266	0.6534166149312487	0.1316451692688709	
0.17714418658356768	0.7813017932708466	0.0	6.622454667309844E-4	1.7848020327870007	
0.5663393679394726	0.0	0.10948080927434259	0.6897274416240602	0.8733206148395698	
0.2860910541908431	0.2536917283211465	0.9925170823264877	0.6580408346375848	0.7034637193735667	
0.14989425211234988	0.28598995428806334	0.19189057094079487	0.319457847487206	0.3798509009643851	
0.3068999413102602	0.21937367757647494	0.34860799177813884	0.20752274610906637	0.4355318413171646	
0.5863251729014448	0.0	0.07022620166532335	0.36911594623244776	0.6340007945179013	
0.22162669304439483	0.08808745820784579	0.643096808336246	0.5777984221446241	1.0452348773663855	
0.29884531703610134	0.0	0.0	0.3627940398241147	0.1845613193816146	
0.1446474889530794	0.2731235937335738	1.292135392138331	0.0	1.3447023955001318	
0.0	0.0	0.0	0.0	0.0	
0.5649359029568116	0.14235851061208316	0.11156544441815096	0.23908674857309922	0.6607608498701829	
0.9644309655446138	0.349623677553479	0.20281374577556247	1.1260935694991556	0.9267213523694948	
1.196520521557926	1.1565831231128725	0.3572662926842776	1.3069854208997123	0.0	
0.4535380127018972	0.38579245061040834	0.36266472246090725	0.27490466221837945	1.297338651067351	
0.25218245016000057	0.30956860888574617	0.3326011763890379	0.24082415901860307	0.11428281916779727	
0.7258304913296146	0.47691499508704194	0.0	0.5543919510772145	0.0	
0.2035933966280357	0.495192032536551	0.0	0.158828485956421	0.19640483856260352	
1.5620372026357843	1.0305802246183227	0.35656516448839964	0.2546928980106125	0.3567335946389733	
0.2770913957382978	0.5572736389861542	0.5008307143202346	0.6507400227237021	1.2705868861728946	
0.4058984229744308	0.9024872531706045	0.9522736457177964	0.370864051105363	0.9612390180449836	
0.8179780659402738	0.413692023608204	1.1868134164782937	0.0	0.690071411447593	
0.12907033627942377	0.053902555023809647	2.993510742996054	0.0	2.8791224824899375	
0.3232955418782399	0.6137311172426009	0.05323956115217426	0.16357555940216248	0.33777325678816567	
0.0	0.0	0.0	0.0	0.0	
0.15684769424802	0.12384807458720017	0.027832629327704545	0.458829380981194	0.4670443241686098	
0.0	0.0	0.0	0.0	0.0	
0.15100590614282014	0.2000388083062794	0.12057555021765032	0.20774875557570902	0.4954101954511029	
0.45220714731261685	0.0	0.041049629191217456	0.6483198419471234	0.8051574961729506	
0.0	0.0	0.0	0.0	0.0	
0.11134336924788509	0.9951282817877515	0.6854466723823943	0.022092452738818328	0.11503438354826404	
0.8196254677056839	0.5964587296155113	0.2741298255257616	0.5607393794636898	0.36142304378734863	
0.24919867020759262	0.10713090770528463	0.6425808499659065	0.446322431689424	0.6622642481070523	
0.20700759351879727	0.0721989064897633	0.7199727214129559	0.2911477554990619	0.8953581038696228	
0.8845425549180369	1.3435094795219267	0.7922276079405268	1.045924056047176	0.8803367348255708	
0.6818460792206895	0.2138060153656413	1.3595951765754581	0.7687758639846979	1.437727529544199	
0.4965353463320575	0.11256926461738245	0.8026759566265343	0.21069460895087122	0.7649986784700744	
0.4490153537537808	0.44005187279895136	0.4992287959708016	0.4013160994525016	1.3144343407558057	
0.45679870943848755	0.3121140565615947	0.23641560555248103	0.5306167898344305	0.2158967553313644	
0.11642387773801756	0.0	0.8197280769178452	0.0414703808121607	1.1091331338384416	
0.31287020603059024	0.6236570815774499	0.541314417985684	0.20421856820885245	0.5378384668801132	
0.8159643418939356	0.8160506688487189	0.47701680054909246	0.3400636465037199	0.3998907736950325	
2.320340894926617	1.576435298790533	0.0	1.8645413025328845	0.5117344273058231	
0.2695292629823999	0.1839103441305711	0.41979656765152995	0.0	0.28965679568005365	
0.33317238831146284	0.2447171014536449	0.6192429956123883	0.5149454832942091	0.5309075429320955	
0.20735510697370507	0.4279437674913345	0.5667163802413102	0.20384642680677306	0.24603963627501152	
0.2894934015185741	0.3752160669073273	0.2806962488803758	0.0	0.4000547679587715	
0.32023342264957244	0.41328751179542333	1.0731379522000009	0.12024229374291388	1.3268588203644403	
0.06226009655660889	0.4368791411106873	0.19004646487076873	0.31034447211594635	0.7498925924181119	
0.5340203921649626	0.5921343029914963	0.14168773394054818	0.18558223372490087	0.609460464478401	
3.4893671724829667	3.5979776929568272	0.0	1.6740323823581431	2.083405072555265E-8	
0.05947849068905722	0.04387543488667794	0.9832128430292936	0.7341903852845801	0.3777197270311398	
0.5224132485944195	0.49209814194999774	0.0	0.2734456589840794	0.039922939616520915	
0.4745074551920131	0.06085417494108494	0.9453925004032933	0.4768405828582302	0.7914764219247649	
0.4218082145979811	0.3348517390353553	0.05228573386274793	0.6065978219499447	0.34385124889405727	
0.018521936571837275	0.1534118914832539	0.36241638843994767	0.3526256249431352	0.39109342790983315	
0.30500634208899	0.25026357405664795	0.0	0.09186182764649538	0.06819566680624108	
0.5289828449686317	0.0	0.3556140668277086	0.17650763634619965	0.22373420064720032	
0.15960360653803762	0.017309409006384082	0.28503168092692766	0.4326274036036318	0.4956323103063965	
0.0	0.0	0.0	0.0	0.0	
0.6236013116248122	0.20246232267210776	0.2510385366442953	0.0	0.30778308852387815	
0.1140948450085157	0.0	0.5199673413635345	0.3480389001804014	0.31765928930137405	
0.5460327572323476	0.2758278468072593	0.7610444933155969	0.3147651852691238	1.0167620962994928	
0.6091784718859571	0.48698571959648407	0.19396658793055932	0.5330660658260163	0.9916830408667193	
0.3567488849744654	0.24638523205547538	0.0994728158768192	0.4094270222857786	0.5150468749320188	
0.6050567973788143	0.08655156986822915	0.21718845777779258	0.5776196389181898	0.44070587951485707	
0.09680281120198253	0.46053353757955623	0.44986118884369536	0.06576501221603305	0.5774010126150715	
0.22397728671207795	0.38216744475674763	0.04023561900195009	0.13772667458507296	0.25700598593332064	
0.4822285160181898	0.462326315224199	0.01640383491221848	0.0	0.0	
0.008244209616732114	0.6900673189099262	0.27856911372132737	0.3630337634424403	0.48521924066642474	
0.8610192010112615	0.6360994621298915	0.5086142190728471	0.8087589840848453	0.30511053486560397	
5.9001481178830355	6.374394678615626	5.223361246094498	6.084642411169443	4.905671587612152	
0.3133736698460998	0.601125158317919	0.16290527907350658	0.4668700531542411	0.18810498072908277	
0.0	0.0	0.2318402613508994	0.6640323590428685	0.7026089104479919	
0.3294607725939528	0.5633034099183488	0.0	0.15814641556838627	0.4923765558364702	
0.09957644989591002	0.12190151772429689	1.8349234929227514	0.011986707699756063	0.9505592015987476	
0.2544842185072222	0.0	0.08283029052655833	0.4021257320106192	0.904696082504383	
0.648127403406242	0.5116549429573652	0.39781549048364995	0.10531781585779212	0.6739769658137718	
0.0	0.0	0.0	0.0	0.0	
7.961180856459452E-5	0.1699940306395431	0.19870645926555786	0.7142282625679045	0.02634708541511534	
0.34240851430330677	0.15935242077195047	0.43868743374357233	0.23567677092996284	0.2506813406887437	
0.8862113618190244	1.3942900566883087	0.8796683825294401	0.10984565235523985	0.8454626560706735	
0.0	0.0	0.0	0.0	0.0	
0.741262540621766	0.340190341723379	0.7721260966739018	0.6318651292148766	0.8108646289100954	
0.0	0.0	0.34300436751878066	0.5077987397142066	0.7210694766321143	
0.527880045479182	0.3078711739028568	0.6446460732869286	0.29010156011544824	0.24566385854713227	
0.40118078647276995	0.41058930314527364	0.17302938540107063	0.6514773064664673	0.40281215147431965	
0.2041878219569159	0.4996368777835229	0.3006249431655945	0.3091084390401687	0.5068629843438393	
0.0	0.01539564030271945	1.1516691614056578	0.3167753583082914	0.9550289733750952	
0.29825091768774475	0.17937463436160564	0.5568099519648311	0.36407726619613273	0.638200789845141	
0.1487325591343151	0.0	0.5499628615142835	0.1394763722893598	0.14412070402162122	
0.8516503213764394	1.6387492749572474	0.2086017625399379	0.8102208638114391	0.007851592872148603	
0.4369396935847711	0.4020932813334579	0.27364838482610876	0.4975617005949074	0.564636901203635	
0.0768128625931359	2.184266719910908E-4	0.8598651731616722	0.41370880277068584	1.191842706846395	
0.7138779111828073	0.7273041363961847	0.3537119088648747	0.34643239710266044	0.6588339546645517	
0.19200781674626094	0.43568177325600177	0.33477780996610457	0.2671657766490822	0.7709376260341814	
0.32416317639107833	0.5503507289030861	2.8127024423489826	0.0	2.0355022417301716	
0.6807696831310583	0.5655187292092647	0.08777579815731372	0.36861674125219757	0.09109485888437725	
0.4943187098495275	0.2244213888066402	0.2353977600965042	0.017093871339123504	0.3329898655433195	
0.34475784898474837	0.0	0.6439829095078117	0.9515293986325374	0.9598184632024065	
0.0	0.16525739798237052	0.6106028117653435	0.0	1.1976303174249394	
1.518611331410408	1.20622046956936	1.1731949723279944	0.29460850342841327	1.5064334582010925	
0.2221352528551782	0.0	1.74377410336546	0.0	1.2075870522552405	
0.31374107664843803	0.01751598494570693	0.6161151126202548	0.720019591018955	0.9038419771119	
0.5772907334049877	0.12342099873097588	0.3567824862095021	0.7245784030247608	0.268206358594043	
0.0	0.0	0.0	0.0	0.0	
0.4624863027551938	0.28679564528404844	0.4618697383057643	0.2269988023255334	0.39560899114385945	
0.21322614515330107	0.04444951726882864	1.2433284559719333	0.4983935894238055	1.3170475513094886	
0.0	0.34922473455080383	0.4851494937009812	0.44201217340451915	1.4560913276532519	
0.0	0.0	0.0	0.0	0.0	
0.0	0.0	0.0	0.0	0.0	
4.6369262302236567E-7	0.2894795439820932	1.0117250193454501	0.06954445820727	1.1583787187008854	
0.3404129589217603	0.0989107605390905	0.2200286019439725	0.5015487154645573	0.31733932802949655	
0.14810459848974933	0.5958575930655459	0.6458907186508158	0.007327029129037921	0.5351400206109697	
0.7245665233358299	0.10460095746551003	0.28744600863182995	0.146743758881309	0.7691506948194157	
0.5264011501523126	0.7551062638107459	0.5660693927364235	0.5171319742173277	0.5364349311781488	
0.0625455399061238	0.3262826022615141	0.0	0.752191196027651	0.6585463054048838	
0.3216317622175428	0.0	0.4216696518381547	0.38827962522434356	0.1393166295853406	
0.41310418302759555	0.4073192924240026	1.289646168954576	0.32603478544213754	1.3615211841688462	
0.35347194247904024	1.346364756345969	0.2735367559704692	0.2226473185989216	0.04208646829226231	
0.08544654941689606	1.0943027397587546	0.24026083923302557	0.26655143739103265	0.6585640821030619	
0.515715806777254	0.20246297658686072	0.6532878301629902	0.0	0.5266924099359336	
0.06234120289641025	0.45487555468680135	0.20378145411404971	0.10529706923890739	0.3174026018039497	
0.167123205790713	0.0	0.6672102372228268	0.7108590412847584	0.2085906494612763	
0.30917167986209615	0.275186456137317	0.27796494863769583	0.5809643774445813	0.7407951661963792	
0.0	0.0	0.0	0.0	0.0	
0.4242209876651699	0.45465034681056665	0.36700339526420633	0.3060284227135605	0.6658071793032198	
0.381547306813121	0.5107116372064282	0.5553584270752655	0.5724396540531049	1.009758645528062	
0.6980613385349437	0.4740108426546155	0.9831936810528624	0.6016920339223929	0.8928891471887489	
0.37106190390202076	0.056223672894733415	0.2689423626964263	0.007204478874940975	0.4467692319671658	
0.6554759414217121	0.13705104997617132	0.15824523641309254	0.7697027211662131	0.4089846335876304	
0.22194150291656914	0.0	0.20840513572621192	0.31567391050314153	0.09795632080958694	
0.5046358533735584	0.0	0.5466902102104347	0.29226600411257003	1.486699809853338	
0.0	0.0	0.0	0.0	0.0	
0.34176001549737084	0.3600334152332239	0.4568983048492645	0.7475010950185935	0.48105450054905935	
0.32081151222788795	0.46607563899604215	0.6310107874629991	0.6660212312311391	0.9404854430548174	
0.0	0.0	0.0	0.0	0.0	
0.08731779381166062	0.23223149594560843	0.3819054929192568	0.09633115042724891	0.3173159243150541	
0.514649914277735	0.2754533334719741	0.3899713915143539	0.0	0.1273019443739808	
0.5877306610913035	1.029185431200831	0.43882179458765325	0.37521961376237195	0.29012736117140786	
0.27079305069507037	0.4699187080391542	0.35739564986900263	0.08189798537382556	0.9035118155109735	
0.3609106510983986	0.3538255033665537	0.0	0.6291660988765766	0.0	
0.4404301044572019	0.543619093639626	0.7897677022924801	0.040496704533785795	0.7345016493541652	
0.0	0.0	0.0	0.0	0.0	
0.6032940210854209	0.31678574433098433	0.8895110081801371	0.39638332403554805	0.5124422001640239	
0.3183981598020754	0.20920653127145725	1.2040950659603895	0.41419243606174827	1.1693171220055893	
0.7722889396367791	0.3808489233560997	0.7712263861405652	0.1180163382252258	0.31019785653386855	
0.9883103765108026	0.4522937547918961	0.24333678127505726	0.4095782096198478	0.4907523418503711	
0.28284886462953474	0.6010932814761937	0.30782148307072726	0.2718067179773034	0.24541188120577795	
0.2923097139630155	0.3618413336536078	0.8699812467487603	0.20189405503235647	0.9988764317998815	
0.0	0.5243206101559235	0.0	0.7071010321455663	0.20680028036429193	
0.7911819727496894	0.49227363538670055	0.0993658990866507	0.7974648710092115	0.6391305186210731	
0.390330168575495	0.2383353239492328	0.0	0.34644061860241404	0.350804999217911	
2.592190182408948E-7	0.15738747282714288	1.3444586097537905	0.5590469520295929	0.6416208208186391	
0.4870183644313088	0.5014968855359091	0.3946451089992348	0.29051253085536377	0.02160795344380229	
0.0	0.0	0.0	0.0	0.0	
0.33466674581574923	0.025935071288958375	0.020359150608182112	0.3557597983309427	0.7073785032522057	
0.17006325775383274	0.2160944317544746	0.8311234570349766	0.1261127997582523	0.9757925497933744	
0.07355467658172257	0.3064280114995337	0.23321525151752112	0.29585506984044785	0.49741182608204154	
0.3708738162046614	0.0	0.9835843205781488	0.7327113260845425	0.5956823448869286	
0.4185301051614149	0.12267900742746378	1.0344113618704045	0.3165235566069526	0.9800080675435381	
0.0	0.0	0.20398317547324774	0.41876651693141353	0.6033436821702627	
0.05624889649292608	0.010578222189768807	0.539692374996667	0.224615815064947	0.301147030844032	
0.0	0.0	0.0	0.0	0.0	
0.5398208739314153	0.4243097721092031	5.274176656854933E-8	0.6205264047177085	0.208229836073916	
0.0	0.0	0.05426981277902372	0.12879441771896172	0.2732201606210119	
0.28716836812929175	0.6372302034742244	0.20655607950447524	0.32316064096004243	0.3212050399808261	
0.47096012646809904	0.16398678439334402	0.259285313765097	0.25228906430272857	0.28370103276572917	
0.2813128695933692	0.44254989157737273	0.31162850336750253	0.13049412414709272	0.65515057753768	
0.0	0.3903323304161223	0.528815428955027	0.2942268460756376	0.21328964931674568	
0.40616836013525365	0.19133856353620696	0.32491322376011966	0.4815534533310165	0.428475932707707	
0.09131252873204283	0.0	0.0034473609764855613	0.48224030982758065	0.6753396243836182	
0.24726354958927213	0.1889643742533989	0.6638972647186273	0.12830882299100946	1.2400993856107922	
0.0	0.38886082831534685	0.5568569978720946	0.19694206200631384	0.7660165048676717	
0.5372507721650546	0.1972188379823349	1.1630500825764147	0.2814324065675406	1.622849332784666	
0.22119187712965277	0.4673728498916634	0.3096976019614829	0.0	0.5718700364020095	
0.2814545879555509	0.0	0.25168773031258396	0.24562810364105164	0.45609016245689443	
0.0	0.0	0.0	0.0	0.0	
0.0	0.8391907019591153	0.5882545458256839	0.34825022501960873	0.4081475500857984	
0.4214470003825465	0.6164637964676539	0.07591045029993414	0.6728530982202738	0.7619770949084497	
0.7003789025159719	1.7359833910318232	0.0	0.20835795012154013	0.0	
1.557656825247702	2.331060894476037	0.7719239588866755	2.2674209648741295	1.2225265222741106	
0.2980814123360688	0.37820191522641244	0.17904858882774305	0.10835556528584339	0.3350581365385341	
0.010802775292845616	0.0982083946893006	0.1601272628159918	0.5119797137735942	0.4949025619098378	
0.15738199896574057	0.13514650252872593	0.48437098350672886	0.29785273562746845	0.5625349334760091	
0.5111799736807887	0.05301704673655823	1.8934564205220046	0.48898502995031834	1.685210069182458	
0.0	0.4874357972311812	0.20489661143635163	0.0	0.0	
1.3483633010092837	0.8539484699012759	0.26112984500984315	1.441899369474719	0.6976074786952938	
0.09672940566228923	0.769976169280776	0.16362615250058055	0.30212769291400193	0.16850452555574594	
1.372074203820629	1.6629340760511038	1.0944585741458204	1.3492553147109487	0.8781586972854466	
0.5562725710502645	1.0394103433842135	1.0401515508574406	1.4400673287343904	1.4972843471760715	
0.5940956124368624	0.0	0.22441083044252258	0.19553711715098468	0.5888579700764931	
0.0	0.0	3.460542421051522	0.0	2.5963232921623223	
0.3237900145404463	0.3604916237351395	0.45621109883176014	0.0022163737510687317	0.8330673409487542	
0.03503917174196398	0.6541079157899913	0.0	0.4459638789300353	0.3948778555938606	
1.2310549271359181	0.21294050251184624	0.6747432354992128	0.7890237401623771	1.2278228982804702	
0.836061794978049	0.09735988858449074	0.44374621731027053	0.2655151989461681	0.48208159769386266	
0.41920397181493835	0.5837483045857271	0.23642454970371599	0.42605040647265646	0.43427945082886465	
0.0	0.276632189657759	0.01330209636608528	0.204018222655924	1.266808344033418	
0.4217941026766883	0.5957686519191151	0.13501015693942914	0.6457570805501821	0.24919074764921298	
0.09652172783988824	0.33962392188803553	0.5564308591376428	0.04221674308613662	0.8814968764083856	
0.8824128853308452	0.9350221893267139	0.0	1.072568911764191	0.0	
0.11313536267841721	0.3179085042135657	0.5164909028247815	0.25362185734883447	1.0097889674941967	
0.3369645464249354	0.06364281667105524	0.04085490509895663	0.7264888841844093	1.0750006386227644	
0.0	0.0	0.0	0.0	0.0	
0.3506825323041986	0.13448919188317926	0.028852155886945133	0.11489193751432279	0.5903504240849791	
0.6855835670120752	0.26389365130262	0.42648436047316807	0.6690996726987296	0.6506778410879792	
0.6058703012809922	0.1428049368205735	0.9694336553791358	0.5662585691113333	1.0083580299758839	
0.14442831152217234	0.0	0.4817395440628436	0.5215957747415765	0.49417792970170843	
0.44600129618015755	0.457052139588755	0.5701302339281199	0.06605821591478626	0.4285729216210837	
0.35477694548282185	0.4547385149814567	0.8164521347486767	0.233042777470004	1.0839753596568658	
0.520220242438457	0.0	0.056686783623916444	0.5823259913907373	0.2306779298100077	
0.9550441258582032	0.43021828987757194	0.7463523893226192	0.47703102235522643	0.2557396456278776	
0.0	0.29469092227741456	0.13477017024495133	0.3591862255235731	0.4131455713949915	
0.04470314280391863	0.2914539462076957	1.0308295294749263	0.5064498989386764	1.0793148919177296	
0.16503104250533196	0.37153861625251866	0.43225037016636364	0.044086573874315894	0.13875988663982639	
0.11816621257053676	0.41995411016354994	0.8534265840544342	0.34062530331687374	0.968517767782597	
0.8859883399013372	1.1267202826139469	0.0	0.9574545429219153	0.0	
0.3759105221386984	0.6640764943450247	1.097703490813582	0.09451209181575985	1.3488053588369906	
0.0	0.0	0.0	0.0	0.0	
0.0	0.5336174039614774	0.11828501869419521	0.5207647863687458	0.4785985418348363	
0.05762050217858577	0.11258253146905757	0.37262478157954637	0.6369254979339166	1.0972449645087226	
0.2474358496642173	0.48677671060303995	0.3338060415499142	0.4974426676622334	0.38851825340391527	
0.2031986139453071	0.0	0.7547921812893644	0.6704601616834804	0.10268772564834534	
0.6463173276557119	1.258073578800803	0.5397892486447138	0.07626539933633454	1.2982913958521503	
1.0346488948396975	0.880423508204957	0.4592957431948487	0.0	0.7268807689027131	
0.40853454686148005	0.0	0.9487703789781226	0.2360315956347545	0.10002146945181027	
0.4736619318854718	0.48886486066859547	1.1532135047989338	0.05711914092874049	1.2291224706718193	
0.0	0.0	0.0	0.0	0.0	
0.0	0.0	0.0	0.0	0.0	
0.6540309979490659	0.12405335453271074	0.1398588289847719	0.13406985732055093	0.4790708541632371	
0.06432281870394811	0.0	0.4580395015047276	0.6810291194487582	0.35174983703498175	
0.04311418388763849	0.8280676134964402	0.32418547608986753	0.47530817281798965	0.4862861449336141	
0.2824918395511899	0.02263860908127602	0.6802155781394424	0.47608112934200103	0.29270697994222633	
0.33704506824923547	0.4955836145536792	0.0	0.22240309351235893	0.0	
0.0	0.0	0.0	0.0	0.0	
1.328314339955607	0.3073228307713308	0.5020232422508146	0.26229333211021066	1.059489727521694	
0.4230841039717447	0.11000048558671073	0.05769981692867768	0.16753843460820375	0.41196180577916475	
0.0	0.0	0.0	0.0	0.0	
0.11238522375154208	0.8174101160787813	0.26399966836738503	0.09109932312382606	0.7303672869930403	
0.03837544429291928	0.10524428801060803	1.258413045726349	0.1312551468374975	1.3368834948643713	
0.7523329450201229	1.0970729354855542	0.1876806533467038	0.8902451088167068	0.0	
0.0	0.7937000855482649	0.6326555957173216	0.0	0.0	
0.464600881147807	1.0173561110365599	0.0	0.8876951533280508	0.10477264272703743	
0.4285426126004211	0.0	0.10755729488840236	0.6939531158833822	0.0	
0.17034876956161563	0.31735386503264135	0.2823806227962602	0.27248091739573516	0.21164204561630487	
0.0	0.0	0.0	0.0	0.0	
0.27214229345522084	0.5277737781969389	0.0	0.5415677845586298	0.45835581782669077	
0.0	0.0	0.0	0.0	0.0	
0.12244012033473639	0.5075180416683919	0.0	0.3762119711018769	0.1857616040724091	
0.640895202655288	0.15639692711853814	0.0060553359994986325	0.23493010007582044	0.5629309402200994	
0.20546844345549356	0.0944400462942588	0.7874851994611719	0.20847172737178474	0.5428717937965403	
0.0	0.0	0.0	0.0	0.0	
0.0	0.0	0.0	0.0	0.0	
0.17231769496846355	0.325865195155565	0.3711029490835969	0.677976502603991	0.05651365827380531	
0.6041684141838849	8.138843838522896E-5	0.7960907091805308	0.666815460701032	0.47986773398727905	
0.5375340036741072	0.20086466790808785	0.18535807756868883	0.3383893610775589	0.38560171299589324	
0.11323178289841905	0.0	1.9793911664248636	1.7147489251040746	0.8656368160449354	
0.7503558024081328	0.3841871985622422	1.28103482966422	0.20202673897139115	1.7381097870073106	
0.8198339955590558	0.8416241907010007	0.4338698775772659	0.35134065436432155	0.9648429951192641	
0.0	0.0	0.6312185424183175	0.0	0.0	
0.3388601040484437	0.430183446043981	0.25866002436119473	0.13548218853849203	0.2614986124968514	
0.23461718027310405	0.8008776287432035	0.46802061907765186	0.06201410816306931	0.8831452190962867	
0.0	0.0	0.0	0.0	0.0	
0.01815893285157857	0.012540615256221155	0.7264045814539356	0.6782604887068535	0.42518289897590567	
0.3156534136179638	0.6073003438052448	0.09312219779665369	0.7152763444570409	0.8539172665292379	
0.1427315020312091	0.14175767222962085	0.31526167080783385	0.4902349445054817	0.029726705944741694	
0.47553998827951416	1.0065144922882234	0.5570271404797024	0.38397395270538415	0.2788653768631354	
0.4328423532980169	0.0	0.11325331322004359	0.552957902347072	0.7045615302160937	
0.0	0.0	0.0	0.0	0.0	
0.2616006203716879	0.1303123028337203	0.5857201817227565	0.2360271175500035	1.5504333000148753	
0.44114479783560684	0.0	0.39247676371245904	0.10109092936169674	0.41461039273342465	
0.0	0.05350600639254959	0.30509808195507115	0.4749704781795184	0.764696477099095	
0.8335490065004284	0.11518411426546254	0.4880160734677263	0.18280869540605918	1.2689214786602594	
0.2393598691844829	0.16882795132203654	1.1459457595803801	0.30719466980790355	0.6366571166811471	
0.271261042660483	0.22737677727968225	0.4690818438081144	0.4694146610694251	0.6230337979629251	
0.0	0.10566861541985137	0.09047118015613038	0.013619927236403142	0.3536410873426251	
0.10770268232632084	0.0	0.08199680565991142	0.24260891021203831	0.049978048110574456	
0.5494854508726474	0.07012611864065023	0.12281484296045768	0.34853268480572325	0.21959123030679573	
0.7888811635083071	0.6866137521301137	0.7232584220106838	0.3381077090310803	1.2494146170331653	
0.590359675166675	0.5278739273183023	0.30522325597150335	0.3030244912506192	0.270644775435247	
0.47306095897666345	0.6920865213319759	0.18867006605009204	0.11179871696570734	0.5365537319260097	
0.11388629544929274	0.0	0.32725351463679125	0.4426793108606616	0.7113178440040867	
0.0	0.0	0.0	0.0	0.0	
0.0	0.7364542902562821	0.0	0.5916221472910056	0.4586018993721616	
0.2300219327147785	0.07811819187176416	0.44512726058592256	0.11607491958191318	1.0736451933922466	
0.4343591516963204	0.012367859254655958	0.3755612473901447	0.04804878740861204	0.5803483755045659	
0.45700858927583415	1.3130462565580951	0.10616352169946938	0.7391703172434291	0.4116024123316812	
0.021666300653076166	0.42822940983614216	0.4158581455063273	0.38843867426338113	1.3931930929617597	
0.8438867436467016	0.0	5.065728549642372E-4	0.2824923335438138	0.0	
0.41139016609227047	0.49383301741467933	0.4318591936845447	0.12679097093401945	0.3644987654500869	
0.41443816505421377	0.6870608772815154	0.04135974281224504	0.49086345675708143	1.7191569057673568	
0.40598181579102083	0.15851304513786527	0.6724857498811495	0.0	0.2780942803877398	
0.340164196500356	0.16365366390447778	0.9203617379835126	0.07173750228296152	0.6722114011123801	
1.075669377562662	0.9393569976695739	1.0229842249324728	0.39473187856612335	0.4499314599311134	
0.39736616584883855	0.37860656141452637	0.6005935759113942	0.5316229592074867	0.4019961202328783	
0.0	0.0	0.0	0.0	0.0	
0.5699313460919924	0.24314884084729135	0.0	0.09932936268188922	2.3819793133543178E-7	
0.4490271375956982	0.2704466266752374	0.17483868417077544	0.04140267498766934	0.7702671793183874	
0.7164201223094135	0.3062752854647446	0.8678699516981881	0.44078464835062164	0.34953544732289565	
0.3923723138413336	0.5275995597565215	0.5839118906782798	0.2779723153078775	0.359597458878389	
0.25025984546771457	0.5747051613159889	0.3191653739795015	0.509945215020566	0.10819231491729463	
0.36384606288020915	0.6370531055946482	0.7097628123552818	0.21161370120142023	1.2237299734581675	
0.0	0.010908537965370535	0.6454616397166593	0.12279435861846236	0.13306787901980638	
0.0	0.0	0.0	0.0	0.0	
0.0	0.27342124272146523	0.0	0.053899306743710705	0.09054471191369845	
0.3748067935138051	0.2930442479884675	0.3182285788223012	0.1856915171494054	0.34990216671437285	
0.6070638371460751	0.21692695904303375	0.0	0.004563631596508564	0.5094075195816513	
0.0	0.0	0.0	0.0	0.0	
0.5869796492257549	1.4126878934445612	0.08930987790681165	1.0614696026181756	0.0	
0.05700057835686421	0.5457751988200785	0.0	0.31040971940407774	0.5450149958366726	
0.0470901651905639	0.5345764646155543	0.7053440352452416	0.11081510164610275	0.28905926411144217	
0.3915371295493716	0.9489879645623729	0.03762876049823821	0.298221926992951	0.2773792622688386	
0.39548415789125674	0.21214547578233928	0.2152036220332588	0.6067230713573132	0.15250754948184164	
0.09542390058389284	0.0	0.40306494175827334	0.9501734365098231	0.9475681222515626	
0.5180734151544905	0.11356574171851155	0.23736313062126024	0.8236798665268306	1.040026947139345	
0.1911427937650198	0.06098398340627439	0.4475463794714552	0.008431382974550265	0.0	
0.5373334515652559	0.0	0.6862101698385723	2.9033575620780275E-7	0.6972854414056445	
0.6011511930420071	0.3420876586228602	0.426001501854606	0.033243314225541484	0.35399144210045935	
0.0	0.0	0.44234663140301106	0.21459841709929725	0.038672704297740154	
0.15781298301009283	0.5024303504978357	0.5809755190526754	0.33904724067665065	0.5900229501446523	
0.08918262423702536	0.25022430227986037	0.6843340686620693	0.0	0.7219722608227387	
0.8038449514471173	0.6598414761040746	0.6608050783952394	0.4226568222143324	0.2856798626848758	
0.4617118250341832	0.17886925257008207	0.2054786130909774	0.01878509619310716	0.8276043848964687	
0.42113680177172275	0.0	0.028035980025657478	0.49543528196168446	0.3382422205125486	
0.6017379120644273	0.302109876664225	1.0576613196516307	0.6285936711731694	0.2941975565113446	
0.47548946154671823	0.3917976590135816	1.3661374817100875	0.25475374892307917	0.09102541135076958	
0.47476090699470913	0.04764758679252049	0.5606498551872785	0.15999373487815788	2.0369355924996433	
0.0	0.0	0.0	0.0	0.0	
0.6706159570196145	0.3978002290671663	0.998239030578802	0.13036030801394483	1.7045602847534358	
0.235455714048074	0.0	0.42137696521263923	0.3055024260543422	0.7052775993168765	
0.46650563553913976	0.05820932144833328	0.17159602085703515	0.3544188790683767	0.2369391663643665	
0.6934826594763845	0.0	0.9109683558811191	0.19909741863267877	0.5802672411870886	
0.47202263567754454	0.0799302809591381	0.6939727687014481	0.025857634982732833	0.7214448825306351	
0.7197515326980644	0.4015315357336739	0.9250590747040619	0.9025774994609095	0.20504146754761382	
0.7190183902836104	0.17271957172051505	0.03815004108843063	0.0	0.7891744881648733	
0.6031048557836763	0.2976804466095587	0.27071125570858506	0.0	0.0	
0.0	0.37395413276722705	1.0266749810607418	0.903009524048861	0.9169698149201326	
0.46288577933430836	0.0014812391660173727	1.0568943362105943	0.09140200437055723	0.2867160810754506	
0.0	0.0	0.0	0.0	0.0	
0.43947718341741426	0.24822280637997773	0.667449984145174	0.5918905326789318	0.5460803130684364	
0.3838476057003506	0.07243233850929665	0.14816841737976838	0.41916690779736715	0.7406642035854842	
0.36019130876390776	0.3633313750039202	0.16727757056729672	0.30203991246147543	0.49209123764061014	
0.6274821748316637	0.5513427704662358	0.5356930857829676	0.5438609438338441	0.524835838526857	
3.9912279812978365E-8	0.26976133445678235	0.0	0.4849396590061815	0.748369773006361	
0.21223577641675545	0.30754024550194237	0.4027776119096741	0.0366045797544156	0.5576556381286938	
0.0	0.0	0.0	0.0	0.0	
0.21671167683023346	0.3400914829759886	0.6549214951188003	0.4547249262144092	0.4444227345424752	
0.34577521912784037	0.3480214863681112	0.060455144272730986	0.17832072312827282	0.17791190374942484	
0.6346060298594884	0.0	0.10671595202196235	0.3842826997084069	0.20100765400882412	
0.17535484076807037	0.1909399287013934	0.0	0.0	0.21688860423021328	
0.6041266459450886	0.9048809051585244	0.10699654679279608	0.46250824888088526	0.12268617108729007	
0.5905088233111917	0.3247021472274595	0.8363832596804479	0.3070141850309699	1.4760565378504942	
0.7165130002682804	0.33713388897928975	0.2041077556011263	0.025038349209008968	0.3997571029493431	
0.4773093241899357	0.014483005568968574	0.21987519296472785	0.17619521505311495	0.3216101236674816	
0.4687698737253316	0.1767843567777369	1.0946502844915127E-7	0.42689084767231367	0.25807498309981886	
0.7004310789034954	0.30615252910041635	0.14160933799810835	0.053257303727742226	0.280969938915951	
0.1469472231430537	0.8199962221177846	0.18656054432987104	0.13418106352670886	0.34472903257862186	
0.15861148605985245	0.25871227671301456	0.8608735091152694	0.28304479442945496	1.088234195828892	
0.0	0.0	0.0	0.0	0.0	
0.0	0.8698418028320055	1.9558169024725276	0.0	1.6256827669711553	
0.0	0.0	0.0	0.0	0.0	
0.2479192186503041	0.6895579401197418	0.7756373616695829	0.9769885428222466	0.43270538804740977	
1.929183816982414	1.6725582292224936	0.0	0.25750585180511104	0.2278395270117933	
0.728818021980512	0.22009870306536808	0.23475349058440007	0.3371667603611964	0.5249942758182051	
0.0	0.0	0.0	0.0	0.0	
0.15612952170907468	0.10353657732388805	0.47642128286534313	0.0471442366565451	0.77981540043943	
0.604951112965423	0.06124560523503169	0.05635211980201016	0.3927229483083053	0.7939463049854643	
0.09529018840673761	0.23942066222722685	0.2868024531743971	0.14725564635080732	0.5104320389978558	
1.2153793819963348	0.3286479000568688	0.2825788099379781	0.7516916418708902	0.350406111128082	
0.03385947361378473	0.35145553114885614	0.02639405723095033	0.49299250012747026	0.12648721091563897	
0.0	0.0	0.895705865046169	0.31338564957586257	1.0008730013275475	
0.8256946622631537	0.36795287171355306	0.6151873503426938	0.0	0.5245077312078392	
0.0	0.455552377750845	0.6537467851778456	0.4888305493941708	1.5384320976328538	
0.04867623463335151	0.10100370976377815	0.10906741449778379	0.1956505926178727	0.20353467611909784	
0.18630829358658849	0.646813338354805	0.6923299310807961	0.18415152968289655	0.9763217864345297	
0.17591628889574804	0.0	0.16287475703057247	0.0	0.05009071252977433	
0.06355813930210556	0.020096134118831224	0.2269027441904537	0.9743363922182445	0.0	
0.1519115344696947	0.2329140623161647	0.3548001357553004	0.010746885032716496	0.2510480975068092	
0.09281538818110374	0.4189224904957324	0.21216945119124359	0.06334361485471096	0.4483186605312561	
0.1692125450034834	0.3782797758117293	0.974293184706995	0.3764513932086821	1.070466387460246	
1.4752835555194046	0.23004933474941436	0.4069476152447123	0.8971550491019571	1.038232340673025	
0.0	0.0	0.0	0.0	0.0	
2.1983723172783454	2.3238673237922978	1.5682472927212763	1.656852552955736	1.0297491557021092	
0.3117206121224072	0.3242611502229434	1.5252888516424903	0.5980176079855568	1.6250857436709074	
0.5963808975599092	0.797610935269396	0.3923060001314093	0.3682539777856132	0.4957267177288945	
0.06408580131942868	0.39534417163083097	1.0220873344842942	0.0	0.9263180848379233	
10.403192103819459	9.85210644267022	8.648490815376462	9.952344840199641	7.1922660896281405	
0.0	0.39335100103760157	0.38415996381210754	0.24709233264879316	0.5441626061034764	
0.0	0.0	0.0	0.0	0.0	
2.193941183889176E-8	0.39772729974526644	0.1012180637045718	0.23677385072112297	0.6002694995609471	
0.58368277176035	0.7646436210209453	0.8043859110511675	0.5644861954725859	0.6777533080190363	
0.3156783227381045	0.028372991988040625	0.20931294231784797	0.13447808383354007	0.2706829685870583	
0.05936998287263186	0.6303085566209208	0.369420677901336	0.06365857947146933	0.3780265007991826	
0.0	0.13108619901365118	0.0	0.5849408525060279	0.6107079123210881	
0.0	0.0	0.0	0.0	0.0	
0.19922253646852983	0.5516467331653442	0.5841345660971546	0.728960299315904	1.3337789357986052	
0.26493908563131174	0.0	0.2743924233165004	0.3762924788901933	0.5814297782401058	
0.0	0.1773482762091554	0.3814930818205345	0.13117299796513013	0.4285032806443628	
0.25707963215521046	0.41065241046774464	0.514222624032219	0.9079481318621508	0.11831366175914765	
0.3110494442689402	0.1807398714790879	0.06914839280145893	0.19700432171528431	0.3612013393110023	
0.5130458154765432	0.6676525995217256	0.8191865511581443	0.0	0.4041510452187122	
0.09688815196683344	0.36564251577705675	0.0	0.6782529978810873	0.7067276643848986	
0.9224344431337073	0.44888170825414264	0.5418604965134973	0.0	0.4882912620850456	
0.12543779477783035	0.312482439602756	0.0	0.4690401656288488	0.3847248660999469	
0.2700848251573944	0.1272137681009907	0.44993386258556617	0.5864064479271919	0.5057419591825864	
0.07300761389676759	0.02665882213528332	0.0	0.16403477728314447	0.21465614774999964	
0.31042974975689924	0.558478867692304	1.0217182514818923	0.024631802714655992	1.1120015933157243	
0.0	0.24693793505957648	0.0	0.3788847201669916	0.08804766676740823	
0.26673930870414286	0.023891081483129677	0.5834366137144018	0.12984617403523624	0.8514920817662012	
0.0	0.0	0.0	0.0	0.0	
0.49075330061880285	2.439977731531098	0.37000354889793063	0.2269559836907035	0.2213354048293548	
0.1872722115208373	0.13455750919266263	0.030782590728077673	0.0	0.28197062359172054	
0.0	1.5161963456196252	0.3474307636310634	0.19477146610778123	3.25013783124201	
0.47357627868950736	0.1764078393423804	0.15718717828627404	0.02915268825533654	0.647895029408445	
0.43972918867023203	0.0	0.15433652190974237	0.15311723824827295	0.6168976204975154	
0.4904062803068607	0.7309815795424034	0.0	0.7679555212315236	0.5160759409847645	
0.2820490659398072	0.11447411968463178	0.01780841860392124	0.2873828094127054	0.3936597411619906	
0.5401852540955756	0.3113037350400419	0.048383081539388424	0.4910944373349371	0.5656242135947697	
0.26405966868203223	0.39104782511186587	0.0	0.02227742502342906	0.42214421522423595	
2.796341347735998	3.029040337263286	2.203890321892347	2.0355264271233287	1.9706284135084449	
0.0	0.0	0.0	0.0	0.0	
0.28995634371244194	0.4917221331748893	0.0	0.5062499590849591	0.2207112319024619	
0.0	0.15350896679502235	0.2017295826399427	0.5696085808011008	0.6446963103340807	
0.09463665045732285	0.0	0.12345971177449867	0.28343049319013014	0.0	
0.12375469412102132	0.26846192507055405	0.10569506239744045	0.7228491502488195	0.8609021504034706	
0.5178523829153974	0.32014677783144607	0.10914643949826866	0.004787987373831813	0.40492620878576246	
0.21942264133967174	0.3146577993242753	0.5570786433627378	0.565601360093062	0.7732388357825544	
0.6596932174897501	0.23782866432095776	0.01839078424037845	0.4206802237119158	0.20762163113451457	
0.40083976720878894	0.5770259604917705	0.5989158841325809	0.5808977446552948	1.0154333806747817	
0.27019457479697906	0.036242108848295665	0.8784037919368678	0.3106324648996014	1.1633159703373295	
0.5224612200288421	0.2348224983763437	0.1853462386859801	0.28357138295026263	0.7111780196930545	
0.07709432207742092	0.33735855709414636	0.3284791612587426	0.04483344682302245	0.19485071837746132	
1.005769024859352	1.1996136319284993	2.4403258614571235E-5	0.43099118406356185	0.01472313381067016	
0.14949316931204562	0.4582399159527371	0.0	0.07000429281586545	0.34053929810016714	
0.7651347117958891	0.0	0.14453550466467774	0.0	0.0	
0.10904985837677751	0.6874902572568965	0.4707470479027251	0.0	0.0	
0.0	1.30476327847369	0.0	0.7139023910344858	0.20930524985823565	
0.38801778100994483	0.0	0.6055428840040286	0.8312433313610392	0.7947262805170452	
0.3043535276301559	0.27451435976622907	0.0	0.4587121297912583	0.3146056210166826	
0.17521207681838794	0.22449833460782165	0.21633083651788892	0.4914231202812876	0.425639011398011	
0.19313929821640038	0.4741741125360424	0.140724680328047	0.575746119177354	0.43641637388117854	
0.3183246966533679	0.09338775136396238	0.09790486944135368	0.1711938163507183	0.5815199105197167	
2.4663417908765957	1.8836361623756357	1.1743626291294116	1.10881831662061	0.727108015617879	
0.5367449839998738	0.7643207596631688	0.18948675417619254	0.5357968169473255	0.8065939445177324	
0.0	0.0	0.0	0.0	0.0	
0.5111607490685626	0.2869531635581194	0.6517650069650123	0.0	0.8003458932316705	
0.3925453518094771	0.525467396202894	0.9170397837297173	0.2504657355609016	0.7760530505563791	
0.005405709451467828	0.0	0.31233584865119124	0.04540202778792715	0.0	
0.05520939367572886	1.0013136536804665	0.5182712537336163	0.20039082087656102	0.2696312750574566	
0.0	0.0	2.435604934523459	0.21160345806570527	2.1324753524151556	
0.0	0.0	0.0	0.0	0.0	
0.3690814942727707	0.3206927164549575	0.2691053610453211	0.45387500179520934	0.07627183018314038	
0.32627380460880884	0.03859673835899565	0.35213877368735763	0.4628181011971811	0.623530906873644	
0.49272608852507105	0.3773871683607389	0.3517025020175826	0.5432806486192192	0.46062220578366037	
0.0	0.0	0.0	0.0	0.0	
0.5039076751437964	0.0	0.4805995063047422	0.32029932195009414	0.5490134719908265	
0.6422411261662394	0.5561837565854496	0.0	0.7507039890655702	0.22695169208122504	
0.18922052341588688	0.13548933781571068	0.18672908296986274	0.21421191867492256	0.057036671437592334	
0.7455809785536056	0.4625748642406115	0.022641891152994857	0.7974644204954564	0.504435541982982	
0.3256813717444085	0.15011930781321153	0.0	0.4517222431532688	0.5558217856238827	
0.30509442937624165	2.855931838675702	0.9818069447197095	3.2228567357144597	0.9594384242685234	
3.1837062272794157	3.4389858000504505	3.5348210046215307	3.1621376447710254	3.0319381089366226	
0.2634935393871952	0.0	0.3090162971832327	0.30704337948135846	0.3902028611475266	
0.08578510722967102	0.9220040982080602	0.0	0.5356691227530893	0.2579861110342405	
0.23859943203478454	0.6485838556940231	0.13041539604352975	0.7723420193178031	0.0	
0.29411658834374355	0.6472576624068783	0.6686602243390941	0.3645161944642986	0.3426635073729832	
0.5972222209106797	0.33171977109971207	0.33425479800389013	0.18584370240609913	0.618324870303565	
0.24227680783661612	0.0	0.32692865626425494	0.03988512218909806	0.5151469881477809	
0.7399611153657294	0.3541679129291955	0.5782923574916249	0.33396627755811814	0.2447118479990114	
0.6566705930360224	0.39398342041213086	0.6545268481770591	0.6261813840719697	0.5388668673364402	
0.2604175186027243	0.3175891514696631	0.32040398309955725	0.65103607890468	0.45962974694625947	
0.663158620272768	0.5353540124974395	0.5413732608892248	0.2572820409236814	0.43002052346750025	
0.2820235975672601	0.04570541644953718	0.2912744511653868	0.1222585475582795	0.22153242476320192	
0.16593780646025072	0.5020039768681116	0.24951404231757907	0.2790639267636829	0.4539150200389624	
0.24160482955570162	0.029879569034999217	0.9788837606555059	0.430628462743482	1.1146185583513282	
1.4097937364596467	1.6107131558535424	0.09411869734745182	0.49799771481052885	0.0	
0.14488020098769322	0.055107894398751966	0.2822749676219212	0.4126100203355142	0.3185654334159732	
0.3382332391533926	0.2476279792308504	0.0	0.006733898002595912	0.49885288950884255	
0.6164834901429966	0.6847826144283335	0.2506430264758011	0.1342971918768356	0.21446930673948694	
0.5109963485354512	1.039045667486627	0.14023504147382634	0.0	0.28301473817881406	
0.26749391441835224	0.46396409097619684	0.4528468664902107	0.02780788114516139	0.5763579135554302	
0.0	0.21619125737583034	0.366747592499453	0.3603400824719181	0.7840479696956234	
0.5522312510621229	0.0	0.5426167233624696	0.3152657851848605	0.6091737971732484	
0.16537073757728757	0.41667487442019796	0.6321622804534344	0.1385914141036172	0.9099177310305031	
0.0	0.046142249777737954	0.40601418616001184	0.0025788959992710755	0.9666315557290274	
0.0	0.0	0.3247052044778943	0.7183022285567878	1.0792809559511736	
0.0	0.7415844153011	0.7820785228212146	0.2209761485246062	1.148958931226811	
0.8961892235320837	0.389180066502055	0.0	1.3879848123946987	0.17311975492296783	
0.15196638294733827	0.0	0.0	0.7164389937630977	0.6557721103776162	
0.10138873178955195	0.19060795383543808	0.0	0.17153684886816092	0.15830558146876497	
0.31231862050540243	0.0	0.13056801455639022	0.15602204282872176	0.7091864452084766	
0.378938188410588	0.5047540430371101	0.2674360240034812	0.5005736815351477	1.558613098013857	
0.10476698423494338	0.34324956363335934	0.2716950865723556	0.2474410747182815	0.2458679198715141	
0.0	0.4274916424885712	0.0	0.799447281907092	0.0	
0.039585586590325045	0.07098981654853716	0.3006240353637347	0.06678003767170135	0.7085695335021289	
0.0	0.0	1.0475585725127725	0.3138437276304826	1.0600915796773926	
0.3302123010354609	0.35603311408265087	0.4676942222921598	0.16315519457798103	0.3953543878318657	
0.18188851772150705	0.3850289020471475	0.20658511788580214	0.03753406920523764	0.3524706858375344	
0.07003418774724327	0.16721427240562853	0.2240720839680497	0.576830690198337	0.27107033778012724	
0.12668451567889538	0.3166584479497672	0.6030187312647288	0.09083417068246007	0.49205056614474824	
0.07072041234407145	0.038729496441476816	0.4420907756378001	0.022387592955280793	0.7785122885759483	
0.5879131779611365	0.8155930161596928	0.41832081113962255	1.2824964840519872	0.4684704237572722	
0.7097615335395365	1.458278391761965	0.6643155447081744	0.5120706642943689	1.0170966825097087	
0.4830446976325104	1.037980060159642E-7	0.2644745191524004	0.401983423757259	0.48016796378299686	
0.527896313993838	0.46822186917197195	0.7333715453566932	0.4026326621330566	0.29378748367023927	
0.19368425382909635	0.02975155671322574	0.7928912883398727	0.0	0.0	
0.265810128673771	0.19029021859585127	0.7103517871283774	0.14046022616856155	0.7043882027342064	
0.08320960252179267	0.0	0.43336159058349216	0.0030448733486014828	0.24940386875680437	
0.0	0.0	0.0	0.0	0.0	
0.3433028571115765	0.7060534723749642	4.879281506418981E-6	0.08418814456425079	0.2407004058454638	
0.5144670428073438	0.5761352455607095	0.03205996726832099	0.3776359509984174	0.8507413973630057	
0.2457674948607482	0.10212070803297774	0.1682856866337009	0.2844179069498015	0.6129132894250413	
0.48189355688941293	0.5974225164398884	0.6970366823424657	0.5714257405377018	0.5510931559223504	
0.6144848927557399	0.6045920365116261	0.5484746026930049	0.3461484911913229	1.0496286734909137	
0.37099560068927473	0.5890488060885694	0.8449046928974254	0.26937021839769304	0.6050299507390472	
0.28926824640375665	0.7578960089072319	0.2708809185934178	0.202095977897154	0.6183259505428711	
0.0	0.3246698108687559	0.061581459136566215	0.17950123653971325	1.422941459076061E-7	
0.11473831220090933	0.0	0.24630249092961648	0.5258073247176078	0.7321429847473988	
0.0	1.6200244190918607	0.36273867368732	0.0	3.7257467456955666	
0.6234827349122469	0.46593248262915654	1.0150514495945948	0.3704350461913811	1.620310243759065	
0.1751948588053151	4.037329332785599E-4	0.3013182085621866	0.18267811473554982	0.2951253704452459	
0.3510129224240567	0.8057136373267293	0.36892783837815085	0.2965001354213018	1.2402286535665885	
0.0	0.0	0.0	0.0	0.0	
0.5808039098318808	0.061497097460904454	0.6908775454878018	0.0	0.44153457780648886	
0.0	0.0	0.0	0.0	0.0	
0.0	0.0	0.0	0.0	0.0	
0.42622043856741404	0.39602789511376957	0.09830088245172665	0.045537164819997214	0.8964146333911873	
0.27904777915105206	0.0	0.5882447292780087	0.42222019808607536	0.4754847710160423	
1.054615607660521	0.5808925991312133	0.4012276296812782	0.41745958434731567	0.2100063477618522	
0.3678439448765379	0.0	0.5046001430424398	0.44097153738428596	0.817346341218152	
0.17990947434187904	0.016234745735327766	2.0733766366067643	0.0	1.0893764004081559	
0.0	0.0	0.0	0.0	0.0	
3.5845117077770263	3.383567306139602	4.0847329213906125	3.3763052516899488	2.7157570551766184	
0.45248618280929437	0.05846496727135302	0.28520114222198323	0.12922037536336703	0.4149546509773037	
0.31931996121883977	0.0	0.35242775648060415	0.2896568229800934	0.3743405257589796	
1.483482844476553	0.9050174353064935	0.7513761738895917	0.7844934046451126	0.09019791186990295	
3.7548473786496483	4.130409182797957	4.167164813033716	3.3363373185056875	3.5819301937822368	
0.0	0.0	0.21230485718026287	0.10545809851997623	0.8794903624674827	
9.586772404976847E-8	0.057418280439006396	0.08645257094671575	0.36166830563546165	0.793218498023151	
0.17809901318306406	0.0	0.34464619261796114	0.48649884647751906	1.1694954105828257	
0.8451267984219456	0.5904479339782202	0.11298058788048074	0.3589402735396969	0.23691538037824134	
0.6428716783174839	0.0	0.13059963351873444	0.604747242136602	0.5829624276531675	
0.0	0.8279838252034389	0.7002691390031645	0.22193367521455112	0.8694030930981888	
0.39825180266259996	0.8044615491522193	0.8583745609027501	0.6064015650459453	0.7843040503991695	
0.8556338793466611	0.12186894978179043	1.0605093016636293	0.2518855551531659	0.09176702838422564	
0.0	0.0	0.0	0.0	0.0	
0.0010046606407582718	0.5948861630224931	0.07067338673029885	0.3111852934122709	0.3090443461218123	
0.979937950225883	0.4781440574820752	0.6462459050694681	0.5879501595464504	1.207084302252698	
0.2671635475409864	0.0	0.20913856180940116	0.0	0.43053244642380933	
0.5607736243212196	0.21670130113418742	0.9488121902369426	0.14490049063730412	0.9151860757946972	
0.3834671133117883	0.015435512098489822	0.2862192691113075	0.7321293524212334	0.761590384498213	
0.22605968718041602	0.0	0.14538046239308958	0.20723276558632486	1.2795857544234162	
0.021977580978488738	0.5055997480905501	0.9428495168672515	0.624118229478922	0.3487745169786632	
0.0	0.611540075264453	0.5177251892463878	0.05722974319190393	0.808409018921081	
0.17440194537697834	0.8104563327396958	0.5464697453406279	0.08976731482265325	0.7065312733918249	
0.44962533683604333	0.36361571687527383	1.2483212979970457	0.5820087022828487	0.8343966430981778	
0.0	0.0	1.3390592610887695	0.0	0.32617014311050363	
0.5169386315619505	0.25037862923605214	1.1208132048261459	0.11565838746845471	0.9705274836005937	
0.30574289167142654	0.6746191545303428	0.02304371804330979	0.17776703277363276	0.07258018342268505	
0.5809680579545542	0.5860667307435423	0.15914318549973536	0.10883801141927064	0.677690351700973	
0.34765129152904345	0.05562868374358155	0.2993203600261776	0.30117475391592297	0.4992850180161385	
0.0	0.0	0.0	0.0	0.0	
0.490996678162176	0.34655908245528816	0.6797357827950156	0.1752600193230812	0.49346083064416013	
0.2052395747031606	0.012732970065077362	0.40117841028518536	0.3020542949173624	0.06709192966862501	
0.3804361355362978	0.2692933570538501	0.2882597537825087	9.633336262381469E-4	0.4200367599255496	
0.05288233137442956	0.2239105677960677	0.46970308453970966	0.3021341147436024	0.4216481367500272	
0.5404685239799898	0.5694686841832095	0.12030658347935297	0.38402138968830113	0.9039818081541156	
0.5444073763720829	0.01785639203723452	1.0157696977733703	1.2432884525017933	0.5946173793266325	
0.0	0.47647446416880834	4.058167557924753E-4	0.07698995619483097	0.07763791810831154	
0.14673965448349	0.0	0.4393641443325271	0.14869899944610104	0.0	
0.6275709711220164	0.6840726406370178	0.0	0.0	0.20995594488063132	
0.45544240774117695	0.2638999609333011	0.8156568190116571	0.9067098249888982	0.2417553724705693	
0.7319132324306395	0.46183436351714763	0.2377472449331561	0.17089547050348863	1.5742243157475908	
0.6062473078864931	0.0	0.0	0.7382384058971712	0.44486217449315907	
0.6096778442967896	0.32832835398584287	0.03605323648813244	0.004414214435411883	0.04433227193862852	
0.18259871510276982	0.30359876584522916	0.5544715763586792	0.6391707873413568	0.6675409045688417	
0.0	0.003032004841379003	0.01964409572680423	0.6773844789355462	0.5502779862446284	
0.24987740664521665	0.03745736924137769	0.0	0.3077967947545952	0.06741851524266348	
0.39804608128603164	0.3572866387399652	0.1360154697866201	0.49018491017374255	0.0	
0.24045732253234736	1.5496246842119474	0.8278362764036099	1.4530077872386977	0.2505672195969638	
0.3505627453168549	0.24869735262729745	0.36194100436335946	0.10219580414423321	0.2156079439966441	
0.667973805700226	0.4355732447586197	0.9559253977190614	0.28388635489717234	1.5133072757611243	
0.0	0.259688085855796	0.5244957064071079	0.40288250875796416	1.209600970681424	
0.44748271328536193	0.6898119502644356	0.9235830024828399	0.3549942627706184	1.061077828086501	
0.464469788799944	0.0	1.1242289869156985	0.0	0.6431430220627362	
0.0	0.9940834486334793	0.0	0.2238235745434447	2.734204263846831	
1.0584434124147244	1.2204884097380986	0.8184800967557317	2.204732301210561	1.3989225431431886	
0.404095122286692	0.24865029794891003	0.32292711841442395	6.971576976321843E-4	0.3175537950903775	
6.156554440718216E-9	0.0	0.33299248728098774	0.4352287441916029	0.6373412954972167	
0.4333980884715568	0.6151343636565634	0.43277432846758335	0.551939890009507	0.5453090738274767	
0.9315993627113696	0.30710454528139886	0.06272110072043402	0.3909760543234585	0.8199670542789489	
0.740547536688128	0.0	0.40998790479929575	0.43354634600513436	0.5540127784165538	
0.14901392440878736	0.4538237995802508	0.21612251306678934	0.42999992794220326	0.4564307579190554	
0.6024728909914782	0.13856929538323884	0.18084235514236455	0.3151652150205189	0.06497375110614372	
1.290246365141852	0.7554442181562719	1.0427315082410722	0.970597827133481	0.5298948758464532	
0.4771299060867365	0.3747113676738072	0.2217193925498623	0.3916647592878803	0.6066829086582528	
0.12407764361103665	0.0	0.014751635126316902	1.090266199529067	0.32157113608076043	
0.0	1.0706134401738531E-4	0.009167517049799428	0.40785369836957325	0.327988843892644	
0.3022686873481943	0.17931223504425126	0.5585353394173984	0.3770747171743219	1.1477850946842638	
0.0	0.0	0.6718026645633183	0.0	0.0	
0.19067456711669561	0.0	0.25188182745494697	0.6668089880562406	0.5781108459455506	
0.7865603319984754	0.08849266847275564	0.32391908691355	0.054235891385246864	0.4917533993811044	
0.13546799961988623	0.2573211603062111	0.20260095340360998	0.49263780412898006	0.7758827542660954	
0.0	0.5891111512060837	0.24165708522464047	0.4822924401832238	0.16337309781816367	
0.5331200030385383	0.22182231279759887	0.2877237197683972	0.06437166339745137	0.4161445528433533	
0.5198446387879293	0.3766636841480082	0.21060741910108147	0.009562451054284174	0.39331243186350895	
0.05795045156402137	0.9997528461532914	0.39054514378076954	0.27453588620491975	0.2875266170090021	
0.9322633398721902	0.3600849038344006	0.638606886167279	0.5588067441924454	0.6882959290693833	
0.0	0.7481735415207265	0.7428610286008807	0.21823564048548616	0.7620381633706125	
0.44673428278316696	0.0915138322609772	0.0	0.4014837755905921	0.6128499217811731	
0.0	0.0	0.0	0.0	0.0	
2.171680658066701	0.25856539624625513	1.718439175059819	1.3959889650896542	0.9456174234348373	
0.0	0.39915042229484	0.9695258934340151	1.2722759689323768	0.0	
0.22603804106226605	0.0	0.5324740803991485	0.24613385861238657	0.6757819070419496	
0.42720821932628295	0.23601481076825676	1.397222564047675	0.24873171952935458	0.6049815444235406	
1.999091296425562	2.008428458474238	0.0	1.858920029265444	0.0	
0.6541670772559124	0.26991267232417193	0.0	1.0027510502307742	0.49562211775896786	
0.5332265372766025	0.129483895919551	0.0	0.403248951163928	0.5004054639733745	
0.0	0.3393866104735233	0.0	0.17540543750263093	0.39703227817968323	
0.2729737003144223	0.6450699812692805	0.0	0.37756112246467716	0.42375679769647456	
0.8580535951114078	0.44486361278177206	0.8965918822872128	0.41518155315834043	0.4435745040469108	
0.32621450030097476	0.03656087840652655	0.5460764103291545	0.2318725164515614	0.5194750273947594	
0.4058911251888874	1.710872681353312	0.3225193102742518	0.0	2.896747967748523	
0.20482004216420222	0.061514511590708844	0.310844468598293	0.04884174831536525	0.20651018189304624	
1.9093197466882742E-4	0.5582272985585849	0.01576335486839746	0.15146058658853692	0.30506786243123346	
0.0	0.0	0.0	0.0	0.0	
0.2615022902645574	0.510667871991381	0.3116821022137695	0.31199390112291997	0.9912041649617143	
1.0590051469030621	0.40580903776378385	0.1999007717116589	0.6559720355389151	1.628356801547717	
0.6955814426804849	0.14017055406286752	0.7281272063440586	0.23168255062889706	0.21903631891763184	
0.12956579707516427	0.3134070835504018	0.3064835911905474	0.6278900725493389	0.4557067317927525	
0.0	0.24101843015728974	0.2739688155378452	0.6966257632345526	0.407672407386627	
0.47031728854650723	0.7111162431923103	0.28039561467402396	0.48566097471327424	0.10243045344654517	
0.3661010478692447	0.5837206806416324	0.2859482642297069	0.647594116750721	0.43481966234353336	
0.44928883696154287	0.3611236147338818	0.5911306276325785	0.42460457346576913	0.6513739062073389	
0.6148306753728663	0.3431330949532347	0.07951075909793623	0.5325245011088505	0.5487948239555362	
0.40451810377644914	0.5620426890714404	0.26345192750952506	0.035632101235248105	0.38076368941219535	
0.0	0.5976355389745828	0.3339796863133568	0.6285316105330915	0.7711851844194727	
0.43919425192928	0.18460737721185422	0.3666217673634932	0.0	0.0	
0.6355750040242204	0.2323762025390357	0.7598197770102145	0.10501431617077575	1.0667825917384361	
0.04627385196090821	0.0	0.0	0.6090035460181313	0.5343295787237927	
0.1950371927774677	0.49715622793877295	0.15041030214330972	0.17312843955464113	0.4066994258210989	
0.31612142216057015	0.03886956008615881	0.0	0.54159689645881	0.13801712898959512	
0.3832417670267261	0.03414696542077997	0.5315193180982326	0.13932922610326437	0.6117237932222801	
0.0	0.0	0.19134785475101623	0.6828982730811735	0.6757870732837529	
0.5294044442762996	0.02527811274214226	0.10211330744369834	0.4523129084896915	0.6478616498522596	
0.2793210026229948	0.43848705317623266	0.10286108013303594	0.20069098954921322	0.0992333508284601	
0.5279932199908296	0.0	0.03328835695568205	0.4411504396175105	0.11991933763778839	
0.3744233686484485	0.02992929862409699	0.8522738546177372	0.7633383556838026	0.0	
0.3166077174993141	0.8498384683507787	0.30832017852484866	0.7736132799371956	0.40410241352749965	
0.006954697098916274	0.12969388694793113	0.10568544013985948	0.8508091879274282	0.7005316143832447	
0.0	0.5289479359163926	0.0	0.5327838430172412	0.4106797087406769	
0.3427414522733771	0.194843045625853	0.40529163467565077	0.0	0.48045072410390965	
0.7085204781447453	0.16817294922109097	0.9141916609695762	0.3512276168096077	0.8078660218477016	
0.22448213673628153	0.4741303689762933	0.9454867876940785	0.337781476660743	0.8332552025125514	
1.069610313442746	0.7915658486574988	1.1653451301802649	1.0635413683572146	0.09408365236032701	
0.12959612365077552	0.3131180285557713	0.5413102352577802	0.1177873521664687	0.7422521954778937	
0.0	0.0	0.0	0.0	0.0	
2.6448949856393216	2.1472440257127214	1.5527145666232365	2.837772612907685	2.178075890933461	
0.0	0.11154766774705151	1.5403694274064645	0.0	1.6845631476432614	
0.0	0.09258856992557515	0.02448447594711921	0.6162440048473636	0.6393866228560223	
0.4814902865720016	1.4955016371838903	0.18265721635760385	0.2049035243880055	2.756217636842104	
0.6292911110656164	0.0	0.4265756822151174	0.3029953339214657	1.1531918546908337	
0.45441641556672707	0.0	0.47738448151013113	0.0692737128636831	0.4318652447279785	
0.23275268044951525	0.09693798063260539	0.6894331239717282	0.1899805323279574	0.758497021742211	
0.20273752550804292	0.0	0.18625617768302394	0.1629045467563111	0.4898866260165336	
0.03833735999835058	0.132829485119612	0.0	0.22006609560344634	0.17890390559297523	
0.0	0.8056343927404375	0.0	0.4096343837935968	1.5106713734708817	
0.021954041034920973	0.8788156302555211	0.306406879823174	0.0010242678957519504	0.449993360241531	
0.0	0.0	0.0	0.0	0.0	
0.26912566948522343	0.7282386420966095	0.0	0.6131352484734737	0.5345830091877374	
0.7527611904977648	0.23054586956014422	0.5562524030204652	0.36564986544936845	0.6907439889085784	
0.5422441224891575	0.2035619121574493	0.6530764491214041	0.4805556843864426	0.1638143593525003	
0.0801058684319561	0.45341351542059605	0.014470834514961596	0.6583990732289561	0.9663406542920485	
0.36054287766505144	0.5039234590574947	0.32472142914674224	0.8806197123602882	0.5105269014643122	
0.3265486638353341	0.41310110607751055	0.09360568825350751	0.08895465886147472	0.34462391590062236	
0.0	0.4248609328213164	0.22973911250859164	0.7852874401434087	1.5455124387558323	
0.5581209484800109	0.8941973033095468	0.3615285268891815	0.4990070867414308	0.06033880148060609	
2.563492528713499	3.05643070372505	1.483503965625916	2.922362549297731	1.4146631785422985	
0.5820352592713699	0.0	0.0	0.6275502026981926	0.35418750209950167	
0.5100922360735569	0.1401052703293533	0.48100983939153225	0.2626845416822369	0.16536707179587284	
0.9931619270204396	0.4594288649888637	0.8048506625868208	0.2625148421780674	0.3647502926921288	
0.05332081668151438	0.7243048958685	0.38674857748799896	0.6041707647173287	0.8048425510434479	
0.35517267440408345	0.04489824826971014	0.09756943816763915	0.2174920476639879	0.2803735359814632	
1.2902579640874878	1.3904663690843257	1.5570312566938147	0.6094236042489548	1.4771134035653168	
0.86866736848167	3.673805976828725E-5	0.0	0.5911145611068107	0.3109304511894774	
0.14817959053110447	1.1465402293412772	0.21457482538820322	0.1503984392540662	0.017447817821917084	
0.8999406698711623	0.25816790265631884	1.5266775380589104	1.2194942411845173	0.6992214386206582	
0.985658861603564	0.5631599976468102	0.7615572187918209	1.0746168021094415	0.16408934451015178	
0.2569579727782251	0.021118283641808032	0.29128268839969895	0.3901222882906554	0.3240973235234562	
0.2745957432747033	0.45309387417250746	0.04154960879000729	1.0042822208393884E-7	0.014427701086878013	
0.3855399162917312	0.16551359921753073	0.2804635256587833	0.7180973081833375	0.32444090487338656	
0.572176673480692	0.3508848597085492	0.24955165468266016	0.1778715205388119	0.8012041175446848	
0.338856134897131	0.7103706449314343	0.11791800539364333	0.3028508877246807	0.027364715937137296	
0.2879686812031249	0.38543399921189775	0.2289986990525291	0.4900357027976577	0.21337670533696226	
0.5499922109486856	0.9021644048732111	0.5649935214346441	0.8117986704108995	0.9805404787041021	
0.08062289516317374	0.22992186179400706	0.5210721404754249	0.31386039038590496	0.9131835155505836	
0.155447202159725	1.102107846572713	0.2867345809745884	0.4414350513389015	0.00818747809477152	
1.219085877047992	1.0836174240474687	1.9914055532606567	2.7179615492525326	1.1774691683867833	
0.0	0.8026817678310427	0.28445012609272524	0.1779453050738878	0.4666345353175221	
0.26513450674480904	0.3442206402593125	0.2910382995142788	0.36143439528471866	0.5976288753477452	
5.496032992847196E-4	0.20703253675303065	0.6951634020722315	0.0	0.5201882377321508	
0.0	0.34973620798719607	0.4289146334702142	0.16638981569734312	0.0	
0.25271141058834407	0.35698238879859295	0.4684370557496698	0.18143618562557567	0.2940233481679479	
0.375003505989013	0.504027930082949	1.2684246820589633	0.30976414082654524	1.423851401543815	
0.38378917866672696	0.05610724157679906	0.26513957277141875	0.22994575356198907	0.4566318498328148	
0.650269227900845	0.5340604433356178	0.184219106795316	0.9457852208514484	0.5768403298345084	
0.1554458128330449	0.2110168509436928	0.4965848067905448	0.28573581838358614	0.5636035118277247	
0.0	0.0	0.0	0.0	0.0	
0.9434974807099271	1.748329048863801	0.08885454406332666	0.9947663961292263	0.14507419016779946	
0.2754792390469816	0.0	0.6705073813989789	0.7722893041521616	0.9766360047568724	
0.39511022882506275	0.518619650281083	0.2020195392405725	0.10183208056881835	0.2803360516360831	
0.0	0.0	0.36649268198311863	0.3949483190444014	0.45173620105758017	
0.8072371573402529	0.2707922777180593	0.8019115533503322	0.4036275127385318	0.9007021183222513	
0.30557221925513595	0.5699260529487163	0.6364379108753028	0.15050034014922786	0.7379737232248947	
0.044243916524979075	0.18107204544618355	0.27292292897225007	0.23246243867479077	0.4296522728497135	
0.42644045527669716	0.2600171464743086	0.08862300645631481	0.14116712497462697	0.37356162796951387	
0.6784244532295617	0.0	0.10589800346036936	0.21890683115259246	0.7892392786932597	
0.8238057215064996	0.5098892500720696	0.7420285833661375	0.0	0.6432978984166758	
0.8032708837542986	0.12572936657602465	0.23172201044124988	0.4194883151100992	0.5708283268700705	
0.2451638944656018	0.8694731396078378	0.5512168157466493	0.0	0.3608412189113497	
0.022951973385310104	0.6625102142765188	0.6953944925210985	0.12257551963157046	0.7339130310899326	
0.0	0.0	0.0	0.0	0.0	
0.6626284216744056	0.0	0.05867923337187201	0.047957533648990476	0.5230627757355092	
0.36167760780692576	0.29627176263996474	0.550740415488775	0.19192639127806227	0.27343580303046244	
0.14195807343278585	0.18353729995776824	1.049980936357677	1.0101048701727016	0.5875225750134605	
0.2702288406600917	0.7466124795085695	0.13542560618106408	0.16141591300834493	1.0529766833650893	
0.0	0.0	0.0	0.0	0.0	
0.0	0.17639472146035665	0.0	0.4570070706252465	0.1438834149682164	
0.2282007199412075	0.035894694808637544	0.05589604161286765	0.09258864613275687	0.13151806128256407	
0.4513536721746501	0.8930936713727347	0.0	0.7918068020743257	0.05911333329877246	
1.1655709928045104	1.879488730202504	0.0	0.16262969478259834	1.1475476863836938	
0.07179591094922642	0.3910975342385232	0.4699964243355109	0.13148406625355027	0.14081657387619356	
0.3320994729711217	0.5886515284492934	0.18146782807321582	0.26009723262547774	1.1263525713725142	
2.884627770701458E-4	0.05504263061770867	0.8615090919320146	0.4806159840819749	0.6839829384141689	
0.15332954879820718	0.6108583530856888	0.16747179813551893	0.12577087747034643	1.5272357293768333	
0.48233912105372506	0.6460263771171625	0.35456922422206644	0.08962406338126211	0.6026306850037965	
0.05134295338449537	0.28203885701795384	0.25556031521351547	0.6841477882106086	0.5166393863249971	
0.30540286282243045	0.0	0.21813220362407423	0.38264994291348475	0.5291910280074682	
0.19787479164919294	0.6144688854271617	0.3449616489017095	0.4185421808275022	0.47714633870070766	
0.06739434636245312	0.19939876568403267	0.5955831618417494	0.017231549582544716	0.8958988406016649	
0.28793674628509697	0.6071989152220608	0.2570539560320911	0.0	0.38395441306832323	
0.2502339765347169	0.42292562102930875	0.6806697327803802	0.20662391837980643	0.6941948909321003	
0.11875914348368745	0.0	6.077298026799665E-4	0.5725051322905996	0.456197211216512	
0.5086477817727673	0.4483828050029643	0.5732916347297723	0.0	0.16908335784055992	
0.5581413819159237	0.4507231764470472	0.854652520360801	0.9971695136085567	0.5318742030076639	
0.37894404235161167	0.17299841752515752	0.19478400627316259	0.44439832862752027	0.44011120518985314	
0.40284288207314506	0.08602355925333682	0.6561481041800502	0.6576719178114943	0.4831220178399047	
0.2791487784442214	0.3201327839641238	0.31593987866525053	0.2713701735479058	0.1800288068916801	
0.5844845119908714	1.1612889925345387	0.005395047697553949	0.864150952248064	0.2491863808689559	
0.5993551908602575	0.3042566832933774	0.1597642356169284	0.39758301030192345	0.17402444155701233	
0.3489964458523899	0.45295794869297396	0.6944128566112602	0.5010364150175445	0.6877414298925111	
0.6586935767274665	0.45491487352986965	0.5505593069460433	0.3116443731777632	0.0	
0.4390181919533041	0.0	0.0	0.8025132088320923	0.07527884909857802	
0.0	1.1504281996944372	0.1858558918691239	0.016082314551540265	2.039861528476949	
0.6895634547819179	0.0	1.0027941211615243	0.8577166827659076	0.22127841413060947	
0.17592554603601254	0.0	0.43966678136016196	0.4123205797060485	0.7180159310013126	
0.5194230879624394	1.4328311287711164	0.5935108126138372	0.12777539676035535	0.23602429225976007	
0.19189172121709172	0.3953500918344541	0.43136774619211465	0.22795422195402945	0.8966540094190337	
0.0	0.0	0.0	0.0	0.0	
0.17444633248250777	0.6042496043483263	0.06493067111951786	0.8199463548977559	0.5577913780219611	
0.5602890574571047	0.6354461592529047	0.3859727778099944	0.24374222546691898	0.19212056242476544	
0.0765391650448123	0.04865861499778209	0.5756615659896075	0.554532124381544	0.6329286272233393	
0.6525815820329879	0.1704646098594442	0.35961863141022476	0.4488469142476978	0.0	
0.9001643173291888	0.5252557683511576	0.0	0.6074341800267895	1.316760493034707	
0.7745200789874431	0.0	0.3229436111089349	1.1053988030586774	0.17264509841666825	
0.0	0.3584444054798952	0.8522731016130806	0.7518492793956814	0.5172031259830769	
0.05183214299920832	0.19571819324642245	0.23781282556628158	0.04052077350366968	0.428291395244984	
0.6103902432504189	0.18778081241142272	1.5327174113068576	0.002178012719888283	0.8682668247441537	
0.8232911018115181	0.3289900719187133	0.40142351033394336	0.2722612896504456	0.041060774809920875	
0.3919974860600873	0.09278282540255338	0.49883234506239943	0.5180255368823954	0.7651995508407019	
0.22487037194979875	0.3310631524879178	0.0	0.33558279913567196	0.29693115015497423	
0.17009825288144814	0.3764616340430839	0.42609753871764944	0.2472201724967845	0.46099591914841337	
1.0456681051391528	0.23655759148374425	0.7355327157432857	0.28574068943917674	0.8600680520538962	
0.0	0.0	0.0	0.0	0.0	
0.0	0.643009163970205	0.20770583472472984	0.5303434210709304	0.6122516850226393	
0.30523870047728	0.10223582382968302	0.6932237825844956	0.2918450031801189	0.6009120133745477	
0.8488177329902492	0.5234548678898986	0.20006062199874264	0.08954042088998163	0.5814338283125586	
0.7184220520672049	0.8648054385170155	0.6085446890967695	0.31545192544641115	0.5202864434423027	
0.0	0.47771335328148323	0.37804988338854617	0.35053540386620413	0.21203245358367181	
0.39117991656795814	0.618542030162799	0.16940333649610412	0.6309912838370529	0.29534905787523447	
0.004345410616200063	0.34330545982575955	0.44782337684376583	0.18023468514729218	0.8677915323470611	
0.0	0.33691533407525714	0.1270267329245239	0.15752530703940065	0.7959799677977683	
0.10795869244056608	0.2803893114630249	0.0	0.5164553427454094	0.22485476959077372	
0.0	0.39911681478404093	0.029881368986265512	0.4538659962351373	0.6316738365246284	
0.4625243257577649	0.5150050163260088	0.3700054607035446	0.776224186332178	0.6676068633240747	
0.0	0.0	0.0	0.0	0.0	
0.9720016680997389	0.12737816811287112	0.5584615053766597	1.7841510911321177E-8	0.12556093270031443	
0.3541989678312568	0.2174299570361112	0.2522943678146408	0.6234193340797463	0.20510987135244857	
1.4683035607110293	1.5553413491037122	0.0644687379346829	1.153362830018145	0.0	
0.2828303007799078	0.4013090652512003	0.22807422478907122	0.4240453584179456	0.49424124110034523	
0.19241782495220514	0.6172378669055864	0.5059619872051891	0.17944248019932574	0.6232001127062133	
0.3667487848288065	0.4198414669012221	1.063629253966329	0.35199618654726933	1.264869827727827	
0.73991251665236	0.5971049719289319	0.22644646784749387	0.046161672693835566	1.2093001822518943	
0.5776989031232116	0.5316946743331846	1.4181633962963982	0.0	1.5419447781004483	
