0.2920501292502812	0.20424097333570393	0.32356716072413716	0.0	0.058507458916247444	
0.0	0.0	0.0	0.24656825514122585	0.41847917764307857	
0.021108156206515738	0.0	0.0	0.27047130863872165	0.28221404927859184	
0.0	0.0	0.0	0.0	0.0	
0.019164454925487795	0.09700844690999641	0.15712388368330474	0.29826980894855626	0.23596461137844268	
0.19199840132500307	0.0	0.0	0.09260545530169056	0.3286115226075248	
0.0	0.0	0.0	0.0	0.0	
0.36327021337232845	0.3451047730931203	0.0	0.0	0.09325361888353204	
0.04640696591128405	0.0	0.0	0.26422127769364556	0.23517870834003113	
0.0	0.0	0.10472106675581243	0.4613585501563228	0.2224238550538718	
0.0	0.0	0.9089212069440911	0.0	0.0	
0.013374330788204235	0.0	0.17298215010997403	0.24815634560835464	0.14356289605440098	
0.11014341047748054	0.4632130888029394	0.009578453363258632	0.48683238335524975	0.0763408022083331	
0.0	0.278479927422129	0.0	0.0	0.315523137180853	
0.0	0.0	0.0	0.6311617718061592	0.0	
0.39853225849492724	0.0011122080264853581	0.11736623667513475	0.3464310247209441	0.3130322198345704	
0.0	0.0	0.48790542900466166	0.001835371202347233	0.004285215126410122	
0.5682279075546461	0.31438706813028877	0.30573980484978375	0.45461019712065587	0.15661659568624722	
0.0	0.12879997871488885	0.2888049842129812	0.03497772489938285	0.0	
0.09774926910329619	0.3067884497568121	0.022051124650621725	0.7898792552310749	0.0	
0.6683009970612713	0.5250192083446009	0.1193793443704833	0.04902981908641297	0.0	
0.5443542296780219	0.006230628635821408	0.0	0.0	0.07648291479800563	
0.0	0.0	0.0923373106342711	0.38659140906343786	0.05437925886645315	
0.19168252896435675	0.12437586959127951	0.0	0.22833359574015982	0.06194872339095961	
0.0	0.20310186444181152	0.5525447170531452	0.0	0.0	
0.36123305839148234	0.048106391240969444	0.0819528262447569	0.0	0.2868046457716039	
0.1543083960827571	0.2109262677954255	0.0	0.04199106411756171	0.0	
0.27389077852920973	0.6574372872352614	0.12131330957053654	0.08369273779098729	0.10105739704194153	
0.41693778727279557	0.0455778897802037	0.0	0.14387991628414082	0.33089873345527376	
0.041174509634633136	0.21525172005749985	0.22736419729808405	0.18355825347228075	0.0	
0.0	0.0	0.15570979839370838	0.0	0.0	
0.35520862938380565	0.0	0.0	0.07442522749467502	0.0	
0.0	0.9341698497794351	0.0037126527946702613	0.44025227679349666	0.033889745509269716	
0.24365203920534056	0.09812751809735829	0.2829602183438134	0.002497573797034658	0.2171706194831032	
0.0	1.1735544644634257	0.0	0.0	0.25574061686578137	
0.15563283320425655	0.2948796751227274	0.6140856504115789	0.14041322030978015	0.46268259297419534	
0.26933544960278843	0.0	0.23960962258909846	0.0	0.023706477373888157	
0.0	0.0	0.18359517483970367	0.3558207456370436	0.011984550802894985	
0.04703290104438639	0.22991244163842994	0.13703226506712637	0.048512595366103035	0.13706852643509612	
0.0	0.0	0.11128788481887533	0.4183161068346832	0.0	
0.059994787612541664	0.1073248549405922	0.10020862889272329	0.18652372842711232	0.27744336892382226	
0.0	0.4963123779393735	0.0	0.1439939222390052	0.07633681224698598	
0.21816905254075178	0.21915989314485457	0.14573563987131222	1.033842333350263	0.0	
0.7470000327138061	0.16617687954741017	0.41473262752803025	0.46057836384539463	0.0	
0.0	0.19540823510101224	0.04190274737451017	0.26413728741844833	0.0	
0.0	0.3302802479326539	2.2440499999765266E-7	0.17480062511834327	0.24020213097145643	
0.24559668468497006	0.1490964827292082	0.16988998088238094	0.12758905123586817	0.25269290528739224	
0.24469330423722233	0.15518335970889485	0.2773293577487061	0.11758208570417557	0.10547164334747088	
0.0	0.0	0.8244957122613236	0.0	0.0	
0.13089482848649456	0.0	0.0	0.0	0.2982059870387854	
0.07564300506440741	0.0	0.01568825373947174	0.4724802880703591	0.07083166981934907	
0.0	0.395885905044314	0.40510332651327025	0.0	0.035509871677755434	
0.0	0.0	0.047353013053288345	0.7650263056856819	0.016568050743906746	
0.0	0.3988955366449742	0.008608258999157164	0.20141876701840497	0.01419213873669969	
0.20000638694162198	0.17618187625235282	0.0	0.0	0.0	
0.0	0.09500691513195815	0.03968118247692398	0.4120773453816472	0.01772505454256663	
0.20279558791436156	0.0	0.0	0.0	0.0	
0.16398491211062352	0.0	0.0	0.0	0.1409868447055971	
0.3367428348944808	0.1816409074716033	0.05327846453102178	0.07769060031221642	0.020029003912904016	
0.08091462560591371	0.0	0.0	0.22159001666278247	0.07685945571734136	
0.24583292244295998	0.10402101812244346	0.12771137444748015	0.07385859594429406	0.03681198332514169	
0.13624814929259735	0.05871679332958528	0.3247667543545112	0.284562074084594	0.15198085411094114	
0.020947286110912778	0.0	0.34375155593482093	0.0	0.6634441554979953	
0.030706745268394477	0.13617824743276696	0.0625903872257558	0.22589737689030256	0.060175842275941506	
0.0	0.17381441522382918	0.0	0.4751522160941841	0.04792662004703878	
0.0	0.0719449827715823	0.40934765576152204	0.0	0.0	
0.36754304768366164	0.4761539093085918	0.03711135185158258	0.13094326291093475	0.024392810073717512	
0.08680009737461705	0.1650103913639746	0.0	0.0	0.05989854284106954	
0.22889485431136522	0.3639142187511443	0.3387563427435249	0.3635541419918599	0.0	
0.16060829999040493	0.6546173232834623	0.0	0.1414976147744233	0.32938476428964414	
0.4040623886596671	0.3722155934679492	0.5613825317609257	5.677985711016928E-7	0.13002247856169255	
0.17092777055756592	0.34774396802713453	0.0	0.16842267740003466	0.1620014177215775	
0.0	0.0	0.0	0.0	0.0	
0.0	0.6238672986242554	0.0	0.012091103697592543	0.16044264580508463	
0.0	0.0	0.37200046137929677	0.11694415861832509	0.07715255997314266	
0.2279349313696083	0.28097400236541176	0.290804473954956	0.1609079166507211	0.009664452935020993	
0.05958942416356458	0.0	0.2247862437211113	0.308156938019148	0.3245510522035023	
0.384885183306574	0.0	0.0	0.0	0.0	
0.04160316239192635	0.0	0.15583674660423172	0.0	0.0	
0.041707345956299845	0.1026874859622229	0.04357916653408097	0.06027966517827391	0.11177118549478206	
0.43050287522639663	0.0	0.005059289739829672	0.25818080662401466	0.197759510862493	
0.16624495819946578	0.1815182690857691	1.9807548233348013E-4	0.14190810623021846	0.002176762093556246	
0.5848355563173196	0.0	0.0846314593354877	0.6253221269553585	0.0	
0.11183093856523989	0.22776820019696023	0.0	0.2470551977759894	0.0	
0.0	0.0	0.3047721093749623	0.36406270121414785	0.0	
0.5839164579987589	0.14670349153465775	0.6062285207723469	0.0	0.0	
0.0	1.314406006573869	0.0	0.0	0.08782018415711414	
0.13218541459106442	0.3353092945928647	0.009423203319334671	0.20013797215776785	0.21748553026909304	
0.041403656939268146	0.0	0.0	0.1940838863549757	0.10676886786026524	
0.0	0.0	5.70279735649503E-4	0.9464800269619802	0.4143428397361078	
0.0	0.013066689941853013	0.0389464221443447	0.3456661492700609	0.0	
0.0	0.12565247045599648	0.011101871281331246	0.16519354335023567	0.06206053851150423	
0.3910788081893923	0.04212795871379025	0.20575359576671157	0.41949259375201486	0.06287962245114552	
0.26809652500486536	0.16157728213080574	0.25622213369069785	0.11545588640997012	0.048942272130524295	
0.0	0.13960741401070667	0.0	0.21953031060261727	0.05694264843184176	
0.0786726375921529	0.2865182606667101	0.16365102676304924	0.1986880395668957	0.04072924401122821	
0.0	0.0	0.0	0.0	0.3150505747749705	
0.0011752898395579667	0.2099498589684826	0.0	0.0757349881305691	0.3487173686956988	
0.0	0.3398821071189726	0.2635703067896309	0.17896058171324314	0.05987466489011009	
0.5965898470173975	0.2537669522091154	0.5100197507417229	0.10868472687740052	0.0	
0.23214810509496583	0.0	0.0	0.0	0.5885887425853957	
0.0	0.09780045312424407	0.07507702050512444	0.08401509462108549	0.17966835463545808	
0.08162401908108977	0.5569414917944054	0.6060676625477908	0.24992576844048714	0.27757755389967737	
0.13053729585124751	0.12028706371052542	0.4797595774341302	1.1432930621107797E-4	0.0	
0.5060430826723035	0.11571628193333758	0.20668035707491755	0.0	0.04742875387559464	
0.0	0.29293851035423196	0.21300781570732297	0.0	0.07259191333949667	
0.0	0.0	0.0	0.0	0.27461640407591376	
0.464365165208107	0.22298298904809497	0.0	0.09143700535568569	0.24702505283188592	
0.12804324506596437	0.14265905331346831	0.28544425683789787	0.10963385511371859	0.05743641527318902	
0.23366696896790753	0.13486787136107478	0.0	0.49652004777601194	0.0	
0.1519852603700729	0.2843482754690903	0.18114822754925872	0.1157645652628772	0.15988895213744733	
0.29755009340613825	0.10273472584464621	0.10798805863487362	0.11838748680974065	0.2955289907173033	
0.06649015560671317	0.4288258453331372	0.063651064388715	0.33773803399797847	0.07900437957152476	
0.44103963899684684	7.282725501552457E-4	0.3036254141651238	0.001533048919979023	0.0	
0.4674171440435676	0.2910212852199001	0.2469031439424721	0.3704670560477064	0.32059215820655623	
0.433129387649315	0.2046653210765835	0.0903945070554725	0.16185772986638228	0.43811038975173117	
0.09273592392341046	0.0	0.4804778158028649	0.7032128151314431	0.0272155606244218	
0.0	0.009922455933234892	0.0	0.48058605709859625	0.0	
0.014245264492283584	0.0	0.39327083137961744	0.027089983479175052	0.0	
0.06379972545900205	0.0	0.0	0.0	0.04023223689349435	
0.0	0.030171276254927423	0.22137884137440192	0.5180713021812416	0.010669974340409316	
0.0	0.0	0.24109071699649132	0.2196660712286332	0.0	
0.39884088423605685	0.03546647640536488	0.12649136968923086	0.5033093875845202	0.02456127871552179	
0.0012796854244925557	0.029072022978541927	0.0031855558290876584	0.03238653664684368	4.181178664044687E-4	
0.2758841403434078	0.265024557427027	0.15671630808556886	0.3704142104078225	0.0	
0.0788636616936189	0.5267880267350606	0.0011099144476388384	0.0	0.13653671017548424	
1.0056595339725685	0.05666272751164507	0.0	0.0	0.16060419227567027	
0.0	0.6282008542026358	0.036703470438837406	0.5191889519171001	0.0	
0.15707542171075561	0.37610356594937805	0.3484845177911071	0.0	0.1651804553153505	
0.0	0.027381115517354566	0.19876034848505492	0.02845916329388257	0.13232519750463947	
0.0	0.0	0.0	0.398290583982026	0.11688778754239602	
0.14085784053215508	0.0	0.006220427956813518	0.31762464312853045	0.0232208372871353	
0.0	0.33456249374250147	0.028312635823346564	0.5450245527953672	0.006026404208832533	
0.2541251819093939	0.1800813717924351	0.006312593473845584	0.06150650685515997	0.05345268158174718	
0.3305793838498345	0.6319726672159416	0.025353356086728885	0.30283005817111636	0.24702494048139995	
0.2389152459637556	0.05346424197950868	0.18437228231082337	0.04248752173781227	0.10518065782255369	
0.007119229155185348	0.03767050904296886	0.07414264695637142	0.8721994309998464	0.015504075855997548	
0.0	0.09887929199905147	0.0	0.7477850968022461	0.6895714634409033	
0.0654791201294751	0.15333382766573975	0.28457661825215796	0.003011157738457907	0.23406108841804757	
0.2445256295403064	0.1639327529509865	0.26375717252813824	0.07941506534352721	0.19218884104827916	
0.3424989770787365	0.7623291318262094	0.13135920565978085	0.001287348102299778	0.1794436475985515	
0.23486522960467587	0.0	0.0	0.0039755383937215135	0.5323675606997866	
0.07182452510441074	0.18093250653598608	0.05392407406464572	0.500595305753331	0.0	
0.25837474469178684	0.06739695863581066	0.3361719428476784	0.38685710729571193	0.09307733451539653	
0.12637935065454386	0.7277168144894662	0.5501699615033513	0.33325586770121085	0.6259505218722387	
0.2673177687137133	0.09636067546233007	0.08457145717458932	0.06184349570991722	0.04587956601682925	
0.38447651718608816	0.22139295026771913	0.0	0.0	0.04985126085219132	
0.11866633078629717	0.05790546666352881	0.03775012766312433	0.22885227718623177	0.21913272109166437	
0.21328271308262092	0.16894939410939347	0.5055311597715699	0.23275981904648196	0.0	
0.13558166118156095	0.0794438418683205	0.0	0.07808390663640523	0.0	
0.1940599576499534	0.29598664166663724	0.35751267546728377	0.1479140407639606	0.1825863619543935	
0.10565584475572451	0.048330237524017536	0.04594442140563231	0.34544786660409227	0.0	
0.008496789227854335	0.0	0.4232444349185392	0.7392194677582161	0.013172213852187266	
0.7764697001966069	0.22268149498250367	0.0	0.20890422823063548	0.0024376527327163115	
0.06838717146391408	0.20267087454610044	0.060593453785919044	0.0931729109426241	0.04770279707332871	
0.24830523601828114	0.3632295280403664	0.3222315522800363	0.2336180552164427	0.24681847440497798	
0.0	0.1297784696701632	0.01746374834937334	0.3722189285178995	0.08823570415152444	
0.23386966758602312	0.5140504069987645	0.19761672843026257	0.5045736990848947	0.066943605162824	
0.062424310270547	0.1948233123215084	0.02120331132355421	0.08181064267812947	0.3548313580374569	
0.0688491710334121	0.2740224824692131	0.3058566793423066	0.20173681322499323	0.4648692985141486	
0.3076312477599712	0.4715926067422434	0.38345590063554175	0.13018882090698922	0.0782425780126192	
0.012378441685960011	0.0	0.0	0.0	0.0	
0.7894053723464607	0.28788258405057565	0.44785979166456313	0.30306452577701287	0.11481456121658276	
0.2717039869871553	0.2198608342288583	0.10955317290663985	0.36466963998118507	0.0	
0.0	0.10986745024122732	0.0	0.0	0.0	
0.21498861893040927	0.33200025161107966	0.40136373639759176	0.240190503860725	0.06285949106224552	
0.0	0.0	0.0	0.41789040656271487	0.0	
0.0	0.32111133080330195	0.0	0.0427581316518952	0.0	
0.13637942404724274	0.1373147028113551	0.09049268848947539	0.05750670489979682	0.29124040240336485	
0.26025579374975805	0.2485523774164828	0.2395158214779241	0.19086890904905016	0.06853494651750973	
0.0156983604608693	0.12146051514554917	0.08673291095813469	0.29599456279651915	0.2355971595673187	
0.0	0.883797437515434	0.08693328625139958	0.11886236435355585	0.11316980106002596	
0.0	0.3350992397161459	0.0	0.6215658891549297	0.0	
0.08353824231266849	0.03721678486506727	0.017217239049138987	1.312943952248912E-6	0.023353007594655507	
0.0	0.05914860245491139	0.2928655176020645	0.11660827858975896	0.011308900505120546	
0.0012977495981597443	0.002624934093229627	0.03166780468903751	0.061578118004767854	0.3984903017426187	
0.1380044831460546	0.19744523803609162	0.03776717650970567	0.04689061412677047	0.09695435184337796	
0.12696144453143257	0.14236023153963992	0.0426951723886592	0.5582374694486623	0.0	
0.20867536456563046	0.07511823609360933	0.02829762639516256	0.1619528473001401	0.16590697832709517	
0.0	0.0	0.1543344609606474	0.0	0.0	
0.07290031517097845	0.06465784167600451	0.005030733059750292	0.23667170159168488	0.04699143285525962	
0.2787381633097294	0.16796239812641883	0.17822753761244997	0.252315681669924	0.01674917179703584	
0.2433039016153734	0.13696440699210566	0.21101119823393907	0.0	0.0	
0.0	0.301794242253534	0.22595975820648742	0.5456071283495223	0.013850714250699003	
0.2775283965825152	0.16688503117406703	0.26276937025400837	0.2842503844438812	0.2829390773222208	
0.29344462310859376	0.0	0.0	0.02394032967516772	0.0	
0.33440359705143796	0.05997412190628629	0.039029268061144706	0.7966687623263223	6.228225204103017E-5	
0.05280335995789823	0.19171751186428093	9.696929202404912E-4	0.21705574772642972	0.011498531860786686	
0.11733702634060579	0.09850896447738806	0.0	0.0	0.17226321051394639	
0.15850371350850406	0.26937653091364	0.17613045570800656	0.25844622761292124	0.2884327328313794	
0.0	0.1071999945347687	0.0	0.16395992578265742	0.0	
0.0017169595521424543	0.13798016053761486	0.025641312574253856	0.12982995378425782	0.23263722798555028	
0.027168887815444933	0.21571561275673354	0.1161285500087414	0.23548084414488887	0.18671782875738777	
0.4195974257540082	0.2271039647776852	0.0	0.16121651895459244	0.16457432063253447	
0.2906614556515423	0.0496345354054566	0.13116897983858783	0.06192432104637127	0.15551744267444514	
0.06589790457393595	0.2075516406061819	0.1722485039216117	0.25011644342807393	0.07157318086639032	
0.04636229651563884	0.03151572871918759	0.05613409115733138	0.13678580782296038	0.21428269038908712	
0.22987794938991554	0.0	0.0	0.3536200312115684	0.05570875349955081	
0.5304650281642693	8.844445258732002E-4	0.0	0.47731365007967386	0.00844628931984211	
0.2614399628925961	0.17119746678036168	0.0603366988857504	0.3699657779123932	0.05359035848804482	
0.23683836141992026	0.0	0.0	0.2242796448693101	0.025036044661561126	
0.0	0.0	0.19388521564398467	0.3152221244613727	0.14206804462271716	
0.11107389392457145	0.34635392981719476	0.03399296162003306	0.17866075468638293	0.24927518340998045	
0.13007539923623473	0.31937362568510763	0.31564682153387935	0.5538602659466326	0.013634201523413906	
0.1531211298906981	0.18157949512146324	0.09047804646815438	0.299921935938368	0.2962496255057945	
0.0	0.42455303708874775	0.3387334825865987	0.0	0.0	
0.10513120244522912	0.0	0.2295435242378567	0.19079254509938767	0.0	
0.3269244793747628	0.1446181080162756	0.09214568134503891	0.4881638709820493	0.21180869414861422	
0.2604341229852452	0.14889780964962948	0.27216444558526043	0.1249600991020947	0.05179135235645774	
0.10984667179457336	0.33388535855618023	0.042119543042543034	0.03319167194867796	0.09066480560001892	
0.17828271019860736	0.14523310260852162	0.2432268701367805	0.20245099799352453	0.06411584631917604	
0.024658605134061533	0.12236979207630713	0.2332099096222354	0.25286280724129584	0.0526111193889013	
0.17428950291624612	0.0	0.3141756209978813	0.0	0.0712086985211243	
0.28225674093470327	0.06537821390177727	0.2777156107087668	0.104750788928973	0.18218291806652107	
0.2253819204056306	0.44705731290148243	0.0035027694942545142	0.188073349500382	0.0	
0.2642407030370866	0.0	0.06890858651621394	0.0	0.18651414234532124	
0.12656148294986694	0.27177834623514413	0.2965985556076865	0.24810605645811018	0.06153082051153342	
0.27428204172361187	0.09844298893062031	0.18939862952729522	0.26114740455317986	0.1726895526228759	
0.05131099064568463	0.31484028889256493	0.0	0.6279697851894119	0.3350695310982072	
0.0	0.39517495295577043	0.0	0.43411361588123826	0.06775504264985274	
0.0	0.0	0.030458753411333403	0.032388601339299466	0.0886066092681892	
0.2657374170069391	0.4763779750166435	0.0	0.5466270367527035	0.49034504917423266	
0.0	0.2484354808336822	0.0	0.109597657558338	0.38040942025686497	
0.22313167420809538	0.07149955402969663	0.0	0.3012760517278584	0.0	
0.20007940045790043	0.2802494791268419	0.007021302614376319	0.0	0.01576982501426664	
0.24774605601051242	0.27282947023094634	0.25143151306102995	0.13266168874572454	0.20019745478830422	
2.2744200002717353E-4	0.473797773165726	0.041669107665509526	6.95164330515863E-4	0.08404986133667133	
0.0	0.11982192691120468	0.1398426472691887	0.5119913849510797	0.0	
0.24436249856519263	0.04424886897789035	0.32916261977442773	0.3241610826296584	0.43730533132281646	
0.0	0.3092200372105367	0.20977712228377668	0.603688241595222	0.27223776519539683	
0.1857488506277551	0.0	0.0	0.18469247770385955	0.4811011686907997	
0.0	0.2599668169672861	0.0	0.0	0.21778522618779927	
0.20349245392806517	0.09710203655752016	0.07174788109216704	0.14588156326194573	0.01511393910729515	
0.0657970743313137	0.5484846645382787	0.06729837145382951	0.10771023081967084	0.24202945916599083	
0.04895619927767777	0.12259338026258293	0.28655852458156134	0.21412704771894475	0.16117491270501547	
0.45034929539867347	0.3298815919014113	0.12229083948701851	0.38618032788635037	0.11985289952688076	
0.1881769597644532	0.2452192016598899	0.04748931135696725	0.0966571866574323	0.061462785036992575	
0.1299256234233733	0.24474504286921953	0.08606687437579624	0.05901680155928654	0.2794992469064337	
0.17360952858622933	0.2656945969773324	0.501756495437069	0.38942997231147775	0.0912321698102526	
0.009903852520418492	0.3412056660581216	0.26371882268992547	0.29339242687937206	0.23985447338606278	
0.07302824363308119	0.3004187031472374	0.1408505809857824	0.23543465079098494	0.024029770053538874	
0.0023267055134494384	0.20572203871628805	0.3614751639948356	0.012654967635110275	0.247149437610778	
0.03530342350586066	0.057199948714013904	0.16621337154973748	0.18464517812936906	0.1368432916062007	
0.27397384345898945	0.07821515979359661	0.010498331040050934	0.039067158074041326	0.15749911666393573	
0.3641639443169014	0.10963883649886166	0.7588761857993115	0.2494843976400941	0.050130643496451334	
0.0	0.2830301252139278	0.6329242889605067	0.318285447052167	0.008879295871980691	
0.03006662375897108	0.17952503596804165	0.2527026673642263	0.20332086547766176	0.1430703254324285	
0.08156666061346633	0.11267845620012464	0.01998966990236206	0.16457644040422986	0.02527523331140224	
0.23270038782993432	0.09340371017402643	0.05321940821043893	0.3047794533087571	0.036575944837818626	
0.40691075127861287	0.38944045553267576	0.0	0.0	0.0	
0.04912913692546829	0.062083560155850044	0.04441828371576503	0.0823742084611136	0.025081524334113967	
0.13580498689241433	0.18351565328339062	0.0	0.14388030892034684	0.06761884703935618	
0.1023643918566492	0.10236751582837733	0.008822788660695647	0.2223591688314021	0.012750412605892719	
0.04681887369203285	0.0	0.019139124931519653	0.8204134773345236	0.06540847737232446	
0.044664555108976704	0.13339222460034394	0.3845272315542278	0.4284047980775039	0.33126146367573434	
0.6680292633081334	0.0013585335628585346	0.0	0.1444061730252855	0.011744284806424615	
0.31979284001316205	0.32549671791618706	0.04191863573757171	0.07449308018985037	0.21132098124489562	
0.3908323489037762	0.09085690245430963	0.4637296823027494	0.09371426093880902	0.0	
0.2345694391577769	0.07723359079002962	0.20272123166320408	0.035206702674186664	0.2845691637954368	
0.3322166180537571	0.04593156255632162	0.021592391961210888	0.0	0.06614050460015977	
0.009217369176495849	0.046489123993164856	0.0049030847592795405	0.20897181879055493	0.012816930131711014	
0.021453419285131895	0.12361373384268091	0.07392628489399798	0.2087466963521048	0.0022873142306867496	
0.08166267734672052	0.0	0.2144594695255103	0.0	0.0	
0.0	0.0	0.0	0.0	0.0	
0.2541749358420887	0.06252257055313902	0.0	0.6326291143549433	0.0	
0.22209484652936123	0.13104152287685555	0.1500796696349043	0.07959941402815415	0.1454143353572312	
0.0	0.08651962298779646	0.7644306170780814	0.16898092273432305	0.0016154830648160874	
0.21025954730047983	0.27413011217845384	0.023052213258588895	0.03694380245751387	0.23041944856206223	
0.136695871885786	0.2215253430835355	0.10074186773385618	0.18056139032581567	0.10328313201143088	
0.0251108695954556	0.08818996900112676	0.1398663713154809	0.0969819379695287	0.23323727506440198	
0.4295317231518544	0.22820600566097038	0.15964672564718194	0.46882933516366465	0.3386124485540697	
0.2947525325487015	0.07248334816259001	0.04413172480578287	0.0	0.0	
0.05764429261538231	0.37888307567645274	0.20425958393195498	0.08642566325450479	0.4922231610111313	
0.0	0.15748254089748168	0.13794649965131212	0.08894753786643349	0.07521749588469326	
0.0	0.3867748633006168	0.10885441778372927	0.0	0.0	
0.2289449044967514	0.05244286837986786	0.22292226959767314	0.07214788966986509	0.0	
1.9299048689386833E-4	0.38151648280517336	0.005707559649762145	0.0	0.0	
0.19978686942118265	0.09668429863272089	0.19633554195764863	0.024023772287968197	0.2950585031385837	
0.38783841909322087	0.16261668364523824	0.09842291745879346	0.23139586445898125	0.1364398095732137	
0.42449466277825026	0.5162641946541954	0.0	0.5807633738865878	0.31084872643826483	
0.46418569249168545	0.0	0.15325633365968605	0.29938567774371366	0.0	
0.453143974962831	0.7557306145399159	0.29905254763167066	0.15197307529795026	0.155579972938291	
0.15911238319581922	0.2163552127479479	0.3011600030241921	0.17673419678515292	0.16650824204118223	
0.28274786425994136	0.20914623761337683	0.13746723020017215	0.16205026918566648	0.17709021287747362	
0.29512596048582657	0.032113766689895795	0.04672337401389791	0.27570169850909626	0.07275540538705591	
0.04403345727201745	0.11132538198013489	0.27372160796948425	0.2016959715119998	0.1329259065376936	
0.28232034022323466	0.2670514688427404	0.19281462945289413	0.49875206574024916	0.3041499325684936	
0.24242608168746124	0.008823522789055521	0.19697565097684633	0.2223537923651498	0.1546642888449584	
0.1957698305863737	0.07598005247825249	0.30014250076706733	0.12267381815294376	0.10037183019194394	
0.2952474187129779	0.06336458090552517	0.24330880110565725	0.26236892163668724	0.05691815723827519	
0.24275314745929993	0.17872243252947806	0.23983523400799409	0.16941513979633577	0.009643158244893037	
0.5166188491093108	0.6318554020612064	0.0	0.0	0.6766151290220771	
0.10773248106705925	0.08718890354610458	0.13212425692089957	0.22551202524824482	0.06120831730970525	
0.1732735109822682	0.07387925650632671	0.11141437982203696	0.2955165866126068	0.06307404871256825	
0.1612350190448765	0.044536882302014434	0.5342008386140961	0.7764125997261433	0.25522479794920616	
0.2948190949452243	0.25177909207657134	0.2809637530961947	0.0388571538949117	0.23762021017378437	
0.3297430083727135	0.2598987884582817	0.18969693481741898	0.41866367165421325	0.16057805378374704	
0.0939694961613272	0.3084452671094457	0.8481181663066478	0.14181470677043911	0.029722294679992448	
0.2354358198591192	0.21711154854559905	0.2000861063901127	0.28374894323977135	0.08879165132791428	
0.15439094415097432	0.3094573463628374	0.3709235037915228	0.2783130111920438	0.19851126424754792	
1.0476151918585732	0.6264340631543144	0.2207778961328963	0.30994959816964646	0.07974758495606266	
0.2425970877711306	0.06841506383614879	0.24069119939497174	0.35114976084864913	0.4065066004259324	
0.28939667476796727	0.1322796741911369	0.08402297334140564	0.05000205546049028	0.0909934371269684	
0.07272053887809748	0.15344205556553286	0.001528334480325419	0.2899870066926715	0.11800759412391826	
0.06615301585113198	0.22141759508813272	0.10244091933331709	0.0	0.0	
0.0	0.0	0.0	0.0	0.0	
0.10111401138240304	0.20958924597680054	0.25334654321138966	0.13673865329954973	0.2575600324998807	
0.2962010257383221	0.1268169694200915	0.15266351190313365	0.20200983303882794	0.18019952502187064	
0.0	0.20776513673884334	0.008332504283937612	0.3405306026737748	0.0	
0.3189828241919632	0.10111665504992766	0.5382454165333528	0.3915628601258205	0.18356994728040862	
0.18536577767343462	0.09117158961103888	0.12943215679936085	0.06676576000053067	0.003655401315734192	
0.2478614042285124	0.2836762907991209	0.05360552952006732	0.028692070816811268	0.2767193655316387	
0.2966596032644765	0.2430937903462308	0.0924332273840236	0.07809326780203896	0.17741788212492132	
0.13336478298513646	0.06604343912435034	0.06360825683890883	0.007368671025536221	0.0011033301507971842	
0.2416306532157279	0.059215863222642454	0.29346555953824743	0.10827274371811638	0.1446747824013726	
0.07948190911031831	0.011254636031150265	0.08784208146404981	0.07891734631541891	0.06436517621132126	
0.25528465955812313	0.3092401703784747	0.22275128916761466	0.1462653798964858	0.06768649091273758	
0.4886444056074378	0.13783951884446977	0.6078701194062338	0.2200746944157846	0.17393560676676903	
0.008048972872290132	0.27621703344584464	0.14661277695511524	0.02122735572155313	0.10858331790878453	
0.10753548497184602	0.0509560232506784	0.053470249432417676	0.28389287054415907	0.198841332497977	
0.0	0.0	0.0	0.3387711444983277	0.011179013001911337	
0.062186841822507076	0.10178183809833366	0.011628389563927685	0.27304635935515165	0.02961618072826363	
0.044203801162914336	0.03953354760105066	0.0	0.28562043451983965	0.0	
0.021475953328554863	0.2969795634026196	0.1927809778694735	0.2643942682981462	0.19333948034788032	
0.17606130961398833	0.050578150076984504	0.22621338725107423	0.3463812513573144	0.2735773730995907	
0.0	0.0	0.4424988048549165	0.5105236440476703	0.0	
0.02903384400423111	0.07115513090236862	0.12790755693702321	0.004583399430829145	0.005331837234114087	
0.18025968533266828	0.21795726293429482	0.12933263418953922	0.12612132503509288	0.059634288477148266	
0.08477315753132353	0.08774604350020988	0.06499626176761107	0.038730569957209325	0.01682674450154388	
0.29497026733198217	0.17173843500830144	0.08242385175763817	0.20016758674415744	0.21816517206350214	
0.43922466711295444	0.13027364191732047	0.00822059759816871	0.4212959465484891	0.13570763030041846	
0.18814960882332507	0.1050422669695202	0.7732385194883091	0.8424339490481844	0.15606090090068137	
0.23883912559470616	0.003990933251563541	0.13259523312400529	0.15182769140596844	0.20551294787241048	
0.1179951708136934	0.47506587561714925	0.7814657689695274	0.28440747485586587	0.26162141441665593	
0.1483225070997724	0.04101454909832715	0.2688625021594904	0.19875191967292313	0.20533372587033796	
0.7003994207668491	0.5088734756152988	0.5758084107769027	0.27463684582829184	0.21419079670686722	
0.1614525953718985	0.0	0.0	0.0	0.0	
0.06780561651417702	0.2866557317535341	0.37554408229343683	0.5827590603763424	0.14238663118456837	
0.2425250452237537	0.2944316680889605	0.1873940359220935	0.2395612011035711	0.04862613907104931	
0.10792342834499606	0.09868331161278537	0.1333451281831544	0.061369089477906445	0.05628558023744363	
0.1523203855922587	0.013684159778130166	0.1422701405783925	0.26410551932875714	0.1495991244790404	
0.23883536146342052	0.24174465202631001	0.05600932651354448	0.10357524842724578	0.189564995606139	
0.28702414066413395	0.06325597348094694	0.07888212411781519	0.10749993140602586	0.07822177735521776	
0.16955490163101705	0.14284109864523248	0.25337961699297745	0.27177009486566683	0.07584746397540938	
0.10790207508648127	0.021330838265474134	0.005353520479397036	0.06613596121462866	0.27079744153930163	
0.1759805673285762	0.3063957346717566	2.2981070662000258E-4	0.12134737566679296	0.12525744577664222	
0.12660708326827846	0.23287476527023224	0.28910769793726915	0.15141964281726816	0.19825733457187905	
0.0504460315901661	0.0	0.004448591946156406	0.27349038161150824	0.06940514710610135	
0.09167071038367623	0.003359735538520802	0.007641927750803804	0.056281564894327826	0.12467808464878463	
0.18432715885673642	0.14070582050528918	0.29991638097809165	0.2771648521489242	0.24557265631958325	
0.14269265400316314	0.16131178632255247	0.1388773832987258	0.08477850748118206	0.095211912462311	
0.028555496416379944	0.5302452294201563	0.7953732681986664	0.12987693546984552	0.0	
0.00993123764768262	0.002052728174751348	0.2298147795273855	0.2671181018343553	0.04154777389766293	
0.0	0.0	0.0	0.9395144262933551	0.0	
0.35508248960123795	0.12328055999837984	0.572985617814784	0.29185118808637794	0.4830049026329238	
0.28332717436385596	0.2899403280242259	0.19965303857862962	0.008995812708573586	0.08375067824482647	
0.11542348962932779	0.6700537165358998	0.29473665495994056	0.30527060197104866	0.29213237550401205	
0.5038711555235847	0.05932954223312795	0.41041736211339874	0.5024818993917997	0.45798989247300587	
0.18438393287544227	0.0	0.16508552785990388	0.10379806829658746	1.3515495896525496E-4	
0.0	0.0	0.0	0.0	0.0	
0.1800746472316274	0.16272539567692565	0.06794474102543561	0.0	0.0	
0.0	0.1566379705252782	0.07867803111211943	0.0	0.16361247532140494	
0.10030790597681553	0.10199518357192652	0.0	0.051547711479138184	0.22009254213052315	
0.2729260366496951	0.3382641486258395	0.04375011884717172	0.34283220645198365	0.0	
0.27389220261140035	0.22795623131001644	0.28254141414426376	0.2387479358114563	0.1857719588892913	
0.10863848003959135	0.29969925108162787	0.07774685070760706	0.17212544010295486	0.18755731316237756	
0.13824491922462018	0.15951367206570888	0.11317270609380534	0.1381144531705081	0.17024117090406785	
0.11378790933237912	0.0545946477694184	0.28750107462778446	0.1649581155209132	0.19983565046492988	
0.009483514615314988	0.05423887916178365	0.033560377924921524	0.060240587718178404	0.08231826109709041	
0.00838378429562526	0.2869146428841002	0.2661132864065331	0.28698575634312135	0.2456223701176603	
0.0	0.0708329542280914	0.0	0.13220999894445934	0.0	
0.06711520724457887	3.354664687337943E-5	0.5884938256685929	0.0	0.028047804217235926	
0.14901032762399438	0.2657719511297998	0.0	0.0	0.04346659269578057	
0.2589691653241605	0.17867335835205397	0.104521803491641	8.859128537339E-6	0.1562891609533052	
0.5658823487028967	0.0	0.0	0.06826892254666397	0.007112703422599504	
0.12770186903612932	0.25547760587385904	0.04288739720744576	0.14491790639176824	0.10555654879434648	
0.5107348963314972	0.0	0.32465726432284286	0.4196687771565676	0.1533826346951323	
0.17207678526205458	0.09523016437565092	0.26923368395308983	0.30353368763740074	0.06515974860581623	
0.09841005995209985	0.28728003169338934	0.17136257603483096	0.20955145715683243	0.15378992836069294	
0.26267647787375564	0.1839578558634282	0.06162235938395681	0.11454257079842406	0.1634001081486942	
0.1001748592998267	0.03405496641524103	0.08956016657922476	0.05495031270168006	0.0	
0.007638935200093163	0.22550538938088438	0.06952079886665909	0.1478566733001244	0.14851360745250997	
0.2977965252433009	0.10372763500446909	0.10913369200552168	0.2265121254446787	0.28856887291681504	
0.10044758859417302	0.09736575810294959	0.09758499513396758	0.2007456514324827	0.13392807279855987	
0.017982793645595144	0.25202442107568446	0.07151019563773037	0.07614167595412856	0.0	
0.31347046952021723	0.24579635347960754	0.5669855344712598	0.2750156363051256	0.3109353562930435	
0.12091057335939506	0.13248753956595674	0.09873301702741556	0.17289892163581863	0.12895538549625052	
0.038905136468874627	0.09085938548566459	0.42235368218654995	0.18187511976455414	0.05631158154457608	
0.029978856310602472	0.05779629171813728	0.07534625998483055	0.2877878402456726	0.2232388233077543	
0.0011292167337562766	0.2931122641133777	0.038720515680454766	0.02206509532365216	0.27535598154106355	
0.0	0.0	0.05410316304753386	0.2690836552475827	0.08276436478669985	
0.22932081447078914	0.2475516679476933	0.23965383054991632	0.19435406875950184	0.2698614996619964	
0.10700142411488958	0.0	0.001229575816133919	0.0	0.21362179604518639	
0.18753911663331	0.2843483317325216	0.15053237722167115	0.2956355805975101	0.24517904979096347	
0.18688048049338704	0.2528920607301296	0.20899816929663495	0.25064051046941543	0.24101394754481748	
0.2827192017341603	0.28436173932680125	0.2412212249435447	0.20875625563990555	0.1527302838990243	
0.21659949820137592	0.0019330506767791513	0.1699101616636077	0.10310144072539396	0.04935045526755144	
0.29536416531984955	0.2941538031514773	0.23322313574050457	0.14169409091633894	0.17876822617058413	
0.3227896828845183	0.545052645324121	0.7287318288842207	0.21961024540878993	0.5133458322303116	
0.26327915589983325	0.1678712345341517	0.13033977194320565	0.28400007242980563	0.009105245538125903	
0.16847428567002462	0.07200177451495511	0.13087055723095384	0.1253042662879239	0.11240311915776961	
0.008350960946703607	0.07880828878146504	0.2787426688658962	0.10692083709668772	0.11464937408930173	
0.07271800536769508	0.10207045980816797	0.12237173374526822	0.06373484708634547	0.142189412958061	
0.21098435550311256	0.4354428346440627	0.08083720892901813	0.29318667310526497	0.27151405459325734	
0.4504529626853605	0.12246276607218652	0.2917550465215957	0.0	0.20966246753326329	
0.17016228294780272	0.2585027085970316	0.2085516471396111	0.19655244255179713	0.28005573361119845	
0.13621835912404326	0.23893586923893392	0.18503141530381687	0.12632440359038974	0.17440938091725122	
0.10872913030578531	0.49469524691679945	0.0	0.3516964340623288	0.0	
0.03687083028766264	0.19523964503436916	0.20022806257022574	0.20260256460721135	0.1928081069235704	
0.2089121275243694	0.2624604855227079	0.012663645869120579	0.006769084399265958	0.03215730728845987	
0.21851257686995706	0.20789333269078877	0.1276001726791374	0.17004309512685745	0.2639963263748979	
0.25516119733275494	0.1084501884356242	0.1437442063195628	0.301885370953595	0.037793729762476705	
0.07994655805413588	0.1422639398173683	0.18967547100972396	0.10573956719973632	0.1529616579485145	
0.02096446681373763	0.06604257486426128	0.12427779301376558	0.01189426182762076	0.06740458420196657	
0.12358508294140864	0.10683225469031221	0.10104386259703624	0.25212311635468004	0.24905633239819977	
0.5455408733988152	0.2220125996819673	0.02056938325851381	0.1457262670157325	0.13834645804563928	
0.13510887936910923	0.4567986261435001	0.2645574634315229	0.1139393965942363	0.1703101885347798	
0.23034104480395318	0.01013183109017233	0.057258089763444216	0.08538370184853682	0.0	
0.07051232608839562	0.44296367391179514	0.2373070689929226	0.3035965316549848	0.33304477955512446	
0.19371831043642332	0.2550521912646655	0.17077885236088056	0.11260101385056993	0.20024954873988704	
0.0	0.5691710052572352	0.11128480768194421	0.03610697920984532	3.2403919582626566E-5	
0.24551140352366477	0.2476565820798302	0.0	0.17156279167620508	0.1638617603223263	
0.20429686996374363	0.024379005173481277	0.11412243906096844	0.2453770269843858	0.2083436048242233	
0.3029852357883757	0.228073019054919	0.24675996022997768	0.2506881650389545	0.09209782969955733	
0.11560839999228091	0.18436663476024676	0.09750540353003088	0.15998052053078565	0.24988271116946428	
0.2448895022114657	0.08070440600727995	0.4456125020713385	0.0	0.21941260350405797	
0.1688612464129973	0.02748296395223904	0.16192957404118768	0.1424152957198305	0.1811438823592054	
0.019507068672635377	0.23755255394853272	0.2877685661272524	0.07322046968981286	0.2493431624873927	
0.0	0.2216026469971558	0.05903585188805132	0.43139131110804463	0.0	
0.04452833925419483	0.0024065117294176305	0.035252567569382796	0.32672101712948737	0.11328097751471261	
0.1340623486152212	0.2690391892344927	0.13739790105551472	0.09603292012795125	0.259131056415911	
0.11484559441492828	0.013948385824946051	0.23087547168369585	0.07051496158238886	0.26141799138538957	
0.02179728431920098	0.2816601224193739	0.02653354539750538	0.10074997659568956	0.11519026026782682	
0.022597309005288658	0.25009618769152114	0.09788092140505977	0.027384270771304377	0.10084018004684762	
0.1901987993566107	0.02943664378735761	0.24547294995432592	0.11148511784661769	0.2689964959853945	
0.0	0.3126093107421348	0.1687728560671917	0.21174957102536468	0.3071729513278791	
0.14789132517174294	0.19575115721435063	0.2971450046053301	0.11989368691058618	0.26808986986754607	
0.2180501728767598	0.029900207008712102	0.03829406421394852	0.32458405605244917	0.1485411687440455	
0.16593456777787138	0.08015442771315419	0.2436873188150207	0.2145784395985999	0.11633726212714095	
0.0791378983073173	0.18236167327472647	0.09022947862783638	0.2073203346145272	0.17417272380331178	
0.08528153938362219	0.17282886024059013	0.01000843638190787	0.2969949550022565	0.1976277948478073	
0.043002915097803254	0.15763765868331622	0.007468791305058139	8.706829598853399E-6	0.07442735034122253	
0.16580443206166856	0.07130753727918707	0.26102969652950947	0.19710841019966346	0.17812239637890895	
0.02193401622166194	0.10057374663839654	0.12129012819476187	0.20838652019055265	0.11757776366613282	
0.26370034901665657	0.19956667832932415	0.19604296393699874	0.13308078656884714	0.14558247779769265	
0.29050763897614595	0.036363585711832215	0.11086219667709868	0.03188245781482609	0.20259662018051294	
0.08222937596516852	0.01097756398987467	0.09313684298163095	0.0353491230448296	0.025202350789837975	
0.0	0.0	0.0	0.0	0.0	
0.16621792462964657	0.06847485214400145	0.00775282853190486	0.06543252216094396	0.16185146800345293	
0.30079372346026145	0.1382641585967468	0.1468023173635085	0.20239288738504035	0.23880111416236938	
0.07505459248555835	0.23400963025325935	0.20490488021684003	0.2934913066621585	0.21442537705364526	
0.23146827912456044	0.042569083217125644	0.2748498260616118	0.09622955896143374	0.14591438051291775	
0.27347819666626955	0.07287911724788433	0.05856668540119977	0.10337797134462967	0.29186548720922784	
0.007656437740572074	0.019148259255653118	0.14472325620049045	0.009963156776139471	0.1850933901187123	
0.0	0.04177425332962712	0.3536412580152516	0.0	0.1072153944951486	
0.0815009209955504	0.29336702574114193	0.05100519245156761	0.011328834287190644	0.26674303507974517	
0.1588515029907605	0.3326504357315631	0.17706581299453494	0.270364760275293	0.10107027763609593	
0.22434829752844698	0.21987847629853166	0.2613624988941585	0.11549613018530756	0.14513849241296542	
0.21578790421450408	0.25971592315266284	0.3839458419549196	0.3127322698702502	0.060490923297284206	
0.35894910720460543	0.3388401251530186	0.19717018648307152	0.248043627579956	0.19177750133976415	
0.4511630187611704	0.4094352572971126	0.15645768958432274	0.723952312800048	0.008193696495494066	
0.0974187877516663	0.0831982243142747	0.1132281121558934	0.0	0.02390139487112387	
0.053469848292669965	0.17953405856119972	0.026190177794394615	0.20372368416316794	0.053901195402724075	
0.0	0.9654338505117664	0.14383641845485245	0.1860016560659414	0.0	
0.11438010535801352	0.151481503364332	0.21074208689525611	0.03469831188058534	0.03782624050599617	
0.14118910198709578	0.11388080538789126	0.2681207877086063	0.16968582760682127	0.11624990443325699	
0.0	0.018078720228114457	0.0	0.17083191129644168	0.03761049552385045	
0.07578675878751802	0.3575913884824248	0.1752061805694467	0.3584012154452003	0.2500552985680691	
0.2001228317955467	0.24969728695985582	0.18981241703661214	0.24361634081279446	0.17025260687481933	
0.3367399031767952	0.32345921775618364	0.2357383048391263	0.10453326855303283	0.30186895711698536	
0.024994726690609575	0.44389828972068984	0.2626376274191429	0.28263098667518316	0.3239527683457141	
0.30244482850319226	0.04233264976709554	0.13910622557905197	0.05715461779138885	0.22808390064165407	
0.1711428013304483	0.18026856092879814	0.11373485497705083	0.23324491338044787	0.008648523250940912	
0.1676175285336203	0.5288790635467119	0.21504392032199826	0.2842834829288584	0.12663626853348542	
0.1127704646774572	0.1470348797737661	0.07723801510235402	0.16551573792211627	0.2555631562277567	
0.0	0.0	0.0	0.0	0.0	
0.11352399273608078	0.07086966516104239	0.1886517250400538	0.05709698416641076	0.2557505352264244	
0.0	0.710959945860718	0.0	0.20268041848358861	0.018183065671444197	
0.0	0.017900023746788514	0.1337860071843055	0.39494238732119624	0.21888949349427256	
0.0029464409596205612	0.28811411506082146	0.2134119929723166	0.13195542997255405	0.2564739346774967	
0.22976004698851882	0.09637102781215985	0.24936733617082898	0.23354939490474155	0.2930336019541335	
0.3017960958433663	0.05375733204276682	0.06769429837153154	0.168037827400415	0.08397626304942264	
0.12092519566828759	0.1306967482384455	0.23139641247990222	0.19552948725937544	0.004025941214700019	
0.2186095705272223	0.2917176102715086	0.21929042831865117	0.008283961674309417	0.18137613066694874	
0.22870128422757505	0.23599257088260103	0.14419134463208502	0.02923966666937637	0.2566492960608989	
0.26110227020080934	0.1868787817546413	0.14738892615817387	0.2999949553016518	0.06696608061347369	
0.3423400209612899	0.47428698200760394	0.23415969155189967	0.5664750405951104	0.032192530354494646	
0.022961231829553612	0.10698646232013273	0.21685353107373143	0.060634468462737325	0.25171958602514233	
0.23060226927912658	0.12227406338364093	0.25875019338891647	0.17792567673942936	0.12533339944801383	
0.0	0.0	0.0037997907823455294	0.0	0.0	
0.08800130661512198	0.01274258285441438	0.0	0.27245283689291894	0.5874886909060207	
0.05414688194620334	0.13595786746937938	0.20175242165355026	0.13555757473473967	0.14504019937202073	
0.025797855518994786	0.13188052958536076	0.0927069946146646	0.05347604011104738	0.17949727285186978	
0.06102973710863	0.26729380490780347	0.03406018838141283	0.08666077356538147	0.0	
0.20466969628663134	0.23514949774591218	0.21290120596853734	0.1407507176433668	0.2160288534595957	
0.22189608769554717	0.35064372762403173	0.12978059005187212	0.1262432154399706	0.23315683082490685	
0.17269374332349818	0.17068450454887735	0.0871668824741316	0.12854873425105076	0.6119709386529149	
0.08650190276389583	0.16939901170304256	0.2713466385055878	0.03278715622533409	0.19481366042933906	
0.5704019427435162	0.07217506952395494	0.4353172445572537	0.2953034073281766	0.1385436966220716	
0.0	0.04339276166941718	0.19915914644454769	0.25785563187968663	0.15088342745202832	
0.04998152119224971	0.27679387626398966	0.14898147556647628	0.23870904333182333	0.24179283443872404	
0.3574516219689755	0.5523871607097404	0.01907455459876086	0.3499761008656817	0.0	
0.34192596928497626	0.3012368534999737	0.28880256598311654	0.27958891206821157	0.14713041755991724	
0.08796716309812516	0.12749369097119043	0.29201684207272377	0.002089530503618989	0.06652308187164785	
0.0	0.02819002229668621	0.026907350520697898	0.018877851198963277	0.17997692872407134	
0.30127456354011	0.0	0.10150927476957053	0.15940677975519976	0.18044714015659039	
0.1875389707049431	0.06083701453483054	0.0898032113415239	0.09964021167275217	0.0674417254468186	
0.14831458899401972	0.1381077237441538	0.13756640902471615	0.1657448212309217	0.005301834921698879	
0.32323503344949184	0.0	0.0	0.4487503766927903	0.0	
0.4113983587730521	0.05186904096069234	0.12651401139730264	0.0	0.005330120405944217	
0.0	0.0	0.0	0.0	0.0	
0.5948867086063471	0.22235562071757412	0.4241747235649077	0.25964694289758017	0.02311037294115393	
0.013018269372346482	0.13249681431837354	0.18220152608882992	0.21719854960920815	0.15094449252628714	
0.16031024388287937	0.023149377942251876	0.12408865114107778	0.039629681263948224	0.03739017171532277	
0.03435411185946104	0.27418417027513353	0.18562790298842946	0.1889293977379665	0.0	
0.2155706478126107	0.046182344586835906	0.20040540269220652	0.17089620180981807	0.1238010929269558	
0.03617805573721188	0.0209112005892759	0.08256438243630126	0.20264785101922123	0.018429053986357205	
0.0	0.040095597030118744	0.43875246504979565	0.3398799268658625	0.3215128334321185	
0.16338485654060098	0.26249760171842673	0.06130282507108758	0.2608962778686622	0.07468455892765856	
0.24278749471904693	0.02404809926122968	0.23894578705799202	0.05778646284873594	0.29173018147475255	
0.12904183506205225	0.08528355284334857	0.0290820947498	0.08934110177656664	0.15887748968940263	
0.1169750713215264	0.15428446830797615	0.299306165971973	0.058463225745549234	0.22909801089857226	
0.22216441665208236	0.2578986188277607	0.008412825524041708	0.3019115818695311	0.009412590754896625	
0.28125065196784216	0.05300252514925997	0.21702253624600393	0.015165447531564168	0.26370756398042566	
0.1660455852891434	0.12406496660534923	0.0015615646301273694	0.007676747280750816	0.06419666198463235	
0.2658628441985749	0.048761761672620314	0.04135635936293313	0.29036025095876866	0.1112157037793385	
0.2839313469631001	0.25134645742751277	0.08226078669574771	0.2018640523078848	0.2222663052102127	
0.0	0.0	0.0	0.0	0.0	
0.13549885156950023	0.27161056649833487	0.22570203918924733	0.07109298602694601	0.19184521451095457	
0.29201647069903747	0.164175794085684	0.2797259333857554	0.2820231351182806	0.27306149624074527	
0.23782941346310438	0.22856118323951802	0.6151650706690077	0.05149089235723891	0.7480281684953572	
0.06639477978345631	0.06732439131413244	0.2499990512138278	0.16933198010653613	0.27923148963627803	
0.0	0.47728315383965275	0.08894591209761599	0.3653064869620228	0.46551328301199557	
0.26785532874482915	0.16402166526390208	0.13190707537042018	0.21811976450939669	0.19740583007437268	
0.13535084227270505	0.2716409754382622	0.25779602471006613	0.2772590736513619	0.03290356089355002	
0.0	0.0	0.0	0.0	0.0	
0.20861437870125302	0.19710184442322864	0.12275128788618465	0.24805880603943906	0.15637537823082215	
0.36237239259023285	0.576325962633546	0.6355373841212629	0.35194297964799576	0.04704687180664005	
0.23817076653760796	0.1418351146724607	0.02011639374510174	0.24913150970791065	0.02943801683051888	
0.29530696636306014	0.29055317340428144	0.10898262539542534	0.08808587836185598	0.008830212332064817	
0.045554468343009316	0.05532090616285717	0.27056329274985585	0.05035374088063324	0.11141574119133067	
0.11571149076541323	0.11852211364391166	0.11360915103842155	0.29131653089783743	0.264950326980341	
0.2886609504858499	0.05903928176929594	0.1587485589311886	0.2543821041717354	0.09395109903700684	
0.5821026136694908	0.16244815786648897	0.39544075309476634	5.5690119762279104E-5	0.07875237010583107	
0.18906070924402354	0.11718895949230614	0.23092868516835532	0.2550931561204637	0.1466045421386422	
0.07093024434829438	0.2668766149084913	0.14558071619458846	0.03307710697992282	0.22915725144971674	
0.17287520994028124	0.1685869340256118	0.25076264154207284	0.06089749414323667	0.009952895043796874	
0.0049102479292688446	0.09402827554382936	0.21531866948947015	0.25057055791108457	0.2833841919243224	
0.11568463505108056	0.0340574256997825	0.02075653451245226	0.08313845982207471	0.1841962414046396	
0.27157915422884693	0.15288948320578685	0.2230037456553784	0.15667126812832047	0.2566146052170284	
0.2643758350883999	0.21547514182937802	0.11698186222385164	0.03248564378593572	0.0	
0.08081229994863794	0.11507106564235121	0.04722476574851565	0.12211451443532727	0.2054438966691811	
0.07428088061267964	0.018562010731291417	0.012910614168817332	8.490053766470426E-4	0.049829917562282604	
0.06866430463033286	0.16962972464296436	0.1412484760795876	0.2437947831578526	0.252792703042179	
0.2774523496780429	0.2557270485984404	0.08036863129983338	0.11131327852592807	0.21748439317101664	
0.061631996789342315	0.2932418477092917	0.19874814747241693	0.09210726971078502	0.17183403499656086	
0.14610327720193778	0.07222965090574152	0.13030872449010455	0.14316434260140098	0.19172483935132892	
0.20133628446210988	0.48537692244938474	0.014764529952584461	0.4850729195336376	0.06476943160241513	
0.132544663337986	0.005138137295519036	0.27052406722071953	0.17466579768469073	0.23777592197604377	
0.2739944279749745	0.29324291432130145	0.24747883473718119	0.008972054242649236	0.011167762420003242	
0.12063339003064452	0.3536186598111946	0.32467472752205856	0.14822451783670676	0.3853451519384641	
0.027666440788986092	0.322605796471075	0.3821068949083546	0.0	0.07958280756753287	
0.19831379220856102	0.11282346676412414	0.13296988134163873	0.02861040090033945	0.2063333282473249	
0.04490581533363723	0.20288218189869217	0.2714499944173749	0.09697756936805907	0.2916023303966883	
0.2740944768797005	0.6443327836998143	0.19066595580590892	0.22679735377274032	0.12615764714129152	
0.0	0.0	0.0	0.0	0.0	
0.17023951545085042	0.12224331972805579	0.2410447654103934	0.24147523211914398	0.06843560108979636	
0.2376720482343212	0.1807743648216997	0.2784089342734619	0.1269541564626877	0.2928662268031988	
0.19917383412957515	0.09671803873713664	0.30678680309209194	0.31682174976501787	0.10238152337209255	
0.2832267980352552	0.08884496538455648	0.04296269480727521	0.14244209362195015	0.23108668998042936	
0.129691046974803	0.066869731072356	0.047918912379827205	0.09656092771774855	0.007023433753439566	
0.2585812418277041	0.0	0.019388926113046424	0.12823691752610883	0.23469173778157743	
0.23812061016076017	0.04080732359860827	0.14959573553206257	0.28160425175197135	0.20792104571990852	
0.30972554137624364	0.12633750322260628	0.23667147644676906	0.2814476890360448	0.022935627249316172	
0.031010141520961564	0.08454673612923565	0.1647760717076301	0.22878520283099352	0.07127107678460845	
0.11174493853295746	0.2231332383343655	0.25465414002692704	0.09364410345451477	0.0237515119835483	
0.060960199901589844	0.07575899166429853	0.06230780793070555	0.0345734299024791	0.06428451283195999	
0.10714907364290531	0.29761312825357483	0.056966254947919376	0.06244000411033951	0.08667437016155799	
0.13288596266692523	0.13276761641230544	0.26169771823500715	0.29414099685755635	0.10792036884649707	
0.22197618991876816	0.2006858186852249	0.05666025520989274	0.07527195341373862	0.12258884367322713	
0.11794914160476848	0.005788528055144856	0.05556872879273792	0.1570331400610414	0.01181833791255269	
0.23484451080320098	0.1911933718304783	0.05923197787041802	0.22573088706963995	0.11496749052879547	
0.21920724768454153	0.7431038213065803	0.2253191745077135	0.448133089063577	0.5456896658126071	
0.2463249933764749	0.07114228144371686	0.07297588133961007	0.12092845435117848	0.16112191488661182	
0.29347221671598794	0.4124074481468867	0.17082609808543225	0.34088268267759175	0.12228347171113199	
0.2766551405904513	0.07812205695573136	0.257879714891166	0.06374859088667068	0.24590774052442385	
0.21723644912322296	0.06200793361172461	0.10835705901404344	0.08405966630654062	0.2486636480695615	
0.19987610320991966	0.00922064832149089	0.2920913102793158	0.023224050381791192	0.2085517033091165	
0.3051487677053968	0.06690656651112069	0.0	0.0	0.2618474900376703	
0.06993216135310198	0.10406225251051743	0.0	0.03529618146976426	0.03205340674069226	
0.2742229477368258	0.10574289769947064	0.27504379715979066	0.026606160218845876	0.2610252304720873	
0.21770043627176153	0.0	0.0	0.0	0.27998026990015357	
0.3338825331339506	0.09452616562049228	0.15964965983833876	0.20963371549180346	0.009874154505708162	
0.08847457830312674	0.29802375353636223	0.12756856387091897	0.09777073055425262	0.03085348326719329	
0.0	0.005773218819557736	0.1159111448583455	0.2500357351317192	0.0	
0.12378642775052022	0.1262341270885771	0.29748296569270427	0.07053961556816987	0.11262922260295992	
0.0	0.0	0.0	0.0	0.0	
0.25259694681087985	0.13897248423157013	0.09863616591948952	0.08887395371077256	0.17666273071057947	
0.1738881413594376	0.2981919120508288	0.2440883195125197	0.05616986638631817	0.2379679108414197	
0.29283182444291805	0.27349692892762867	0.04166626198413548	0.102681435422155	0.2672037842773434	
0.0738905476713523	0.11999140907364246	0.13960252580972923	0.19977581878802753	0.2216030119825966	
0.13623039665440942	0.24843136403281654	0.22820066070474693	0.296493348390178	0.17786683428288735	
0.2977186992629152	0.16169947127221915	0.28824749629240176	0.003740187488764813	0.1132689190244247	
0.25523536099192584	0.1634563743501303	0.2941337729244743	0.18797109869688575	0.23952027150915708	
0.04232848440380598	0.2648824703090526	0.2966374714278065	0.04804921641210587	0.1623069711459381	
0.24070690837208605	0.2332989999458423	0.04473845788385214	0.1267553108317797	0.0952158575367689	
0.08214834510090605	0.2656397278954644	0.18663876619011627	0.1536364061669018	0.23436924426694627	
0.2721324535867561	0.21516530632557732	0.2662563219281932	0.10755899793246433	0.022506053815826887	
0.16908536966250667	0.08620546420860377	0.14800707827552564	0.10255859341185099	0.211371831180103	
0.04591782251936647	0.22467171160654173	0.11992137544880081	0.06274646101350029	0.06053364557203827	
0.05965428667171373	0.22964102103338227	0.2727415252215678	0.21797456964485534	0.15753439817319032	
0.0699378083362006	0.14275957889235752	0.2716184758561014	0.2015365603969424	0.050856782492693126	
0.0	0.0	0.16155862296459136	0.0	0.0	
0.023437380455570086	0.010802368379556879	0.09582606554122966	0.1280173123321653	0.13453348864261475	
0.2676374201211135	0.263783193217595	0.009878725720076906	0.06457426530007011	0.21770269620888824	
0.2769121063449464	0.22972525546016037	0.2075375060228726	0.1406123840725599	0.3188234845381309	
0.2502329238812805	0.202427697704867	0.05955260656297416	0.2911922943054332	0.23315024166818127	
0.01334745569315137	0.24902847162236424	0.2439035100446023	0.1724969766174043	0.19255764047428103	
0.07047017408497196	0.21474526742420819	0.19536974019743683	0.11448274671396702	0.1723444376874616	
0.03583718458022807	0.023433508157956667	0.05245524679330659	0.20103342813002142	0.1597845733785045	
0.11732166103252419	0.24174326375358082	0.19071572516363286	0.17940690062047657	0.0670806572750191	
0.14240639460610555	0.2880007208584362	0.25738829689057346	0.05550615563609293	0.2834067148418087	
0.20681451096781345	0.17540018440186575	0.04248549535424121	0.019668080327892273	0.018670047967173673	
0.2615410456685082	0.09491132447261762	0.0862529826180595	0.21188775899608006	0.007267346040670584	
0.0	0.0	0.0	0.03361132156797615	0.0	
0.00859938940980848	0.15914397649110457	0.06784368252422916	0.2282705091408497	0.20810519504712263	
0.016048045158939653	0.23886963120376398	0.2261467149816128	0.0071443278737119385	0.0809886609626055	
0.2187512528381194	0.06518462408543244	0.028003991790876877	0.25935916180017055	0.2199070974692418	
0.08548792159475319	0.020337038951961872	0.07336844854578616	0.18834902283268026	0.11082801228992717	
0.18293910734130367	0.2919690710933932	0.012600532454741317	0.17854936902341945	0.01814431268330244	
0.2161237742695392	0.11177953730683869	0.188822656465169	0.2211696290086321	0.10628230162353491	
0.0838899709145568	0.28231266407829503	0.2820273107253019	0.2943797962545628	0.1368910819834068	
0.24572452405757497	0.2531873953711432	0.12951249104954674	0.2463417211366342	0.0032631894720738623	
0.2303281612991807	0.269230624706783	0.21112859693791336	0.013602169743840988	0.04811025521058628	
0.3020446947877203	0.19406584999582258	0.21736195765395228	0.18141043415295488	0.2620256339812753	
0.0010079297170156956	0.8474961541739018	0.4457100012884832	0.0928183845370825	0.0	
0.3067505024571753	0.3048932834971635	0.1806451390716313	0.014814654006915626	0.26233700703760937	
0.017947354177524567	0.26455569441929144	0.02334718914741855	0.03676319185155028	5.067353248531594E-4	
0.0	0.0	0.4691565884168791	0.0	0.0	
0.285318530953104	0.24499371165296202	0.056959650882483205	0.10487987754949667	0.06551514694564901	
0.0	0.06401211961558483	0.04861448420009662	0.0	0.0	
0.07479338799322352	0.2763219173805665	0.13132983657495276	0.17435861096884916	0.15583505526201008	
0.12986014917174762	0.1818521919083045	0.31458797632645374	0.15209471126596882	0.10585573133612634	
0.09038312402105733	0.2949136163693906	0.1472755122139081	0.20666331525623033	0.42596978674951647	
0.12967836376172853	0.03730893694015474	0.21441718229012485	0.09997019123581949	0.27319319669766046	
0.25993871567473675	0.08085710363849342	0.16086891968690328	0.09512988868745928	0.22567557498453497	
0.12180524253760934	0.06792679979905433	0.0	0.04850891050773461	0.3403219681852964	
0.26433443141512797	0.20946302551683324	0.19529349755275693	0.1403057125763187	0.1570492657157316	
0.24766169901543697	0.06610269769729987	0.03694325061304578	0.22921214255927744	0.0	
0.13498640772749299	0.0652610838306583	0.004747553978143501	0.0	0.15679469917016123	
0.05201818816379374	0.0	0.12802006632482107	0.0	0.0	
0.141583345471564	0.37482681138260254	0.1053211356218669	0.29221416832649844	0.0	
0.02167613930143054	0.05385647857057931	0.10096865074623015	0.17359369947132844	0.03410877382503228	
0.037511269935246394	0.21963035119079968	0.1464429923554312	0.18352646422355978	0.10077680806764842	
0.2473730700327366	0.021811298249886663	0.0	0.2169975412503894	0.33841052183806025	
0.496786819640138	0.34681616661543974	0.11917018165683373	0.5283262757845804	0.19413453236376246	
0.42717507308854286	0.18594426520286408	0.29844687866708935	0.2404327699366191	0.06995576346484063	
0.015216979857271612	0.2825712842140872	0.04734071175455283	0.160843910902727	0.19131179809262322	
0.07018198550973204	0.2253548677379485	0.20534001710171934	0.21823351636662647	0.11350252039120257	
0.0	0.21638492094640377	0.4925862324087595	0.12824372934646322	0.17038248416176943	
0.08089860024488303	0.014083752164710148	0.06932474129618213	0.06258199754302608	0.14719737621470422	
0.20767831589024657	0.2238004269046757	0.23955333139298918	0.2598218508597361	0.2548271316375063	
0.6130997746101354	0.0	0.0	0.0	0.0	
0.031053358105842373	0.2671893182560077	0.21955453446671647	0.1430266683292784	0.1291876565641968	
0.1566851731019772	0.06219197899787251	0.07581750469075707	0.011605163400446239	0.07998189050145234	
0.13777786056784594	0.25110382687458854	0.27991856426704664	0.23134895815757928	0.25905704315488165	
0.25363111053252885	0.1898192119191416	0.0	0.01489095564822486	0.22916447010082358	
0.17673928173233286	0.2579009444437006	0.10804919636698147	0.0403472522034975	0.1786022433897889	
0.18075074294584073	0.2300387315149582	0.1874074409553102	0.10813126591136216	0.04637803087509705	
0.2642371096344839	0.21660593425941715	0.2736119448047352	0.0	0.008353648299962952	
0.02578926064841406	0.027741556790901033	0.29566106001852777	0.2326981840856143	0.27001006429961805	
0.1705953796544663	0.06712625972895399	0.02649134614531937	0.22238874646890666	0.13616557598545054	
0.14199400253905403	0.005380260673962751	0.11994356528719236	0.13600861926954716	0.10911119639651128	
0.17996501055813088	0.07059181363770659	0.05739283254181269	0.16751518176418803	0.04694918709107241	
0.049830515364722175	0.05634509824753836	0.20253325461026403	0.16199900985500376	0.17473486899152404	
0.1188599796185372	0.059089757370252925	0.09113942768505043	0.2360643335584791	0.24199133163253753	
0.10744930152502848	0.20086913349896085	0.16066516196163116	0.07676088766809078	0.14016844077782542	
0.25497996769915887	0.10551821610065532	0.36319327890710884	0.18713031108865988	0.019672329616473482	
0.12261735501211256	0.26365070238150967	0.11384553896186875	0.28221645436818216	0.34719896738505673	
0.0242638373082012	0.09911567907018076	0.17344087105934902	0.0645013378007077	0.15590994493423835	
0.1514502723849116	0.2446053136587601	0.2365969646627501	0.228777149132362	0.20288221339577367	
0.0	0.0	0.2807176860634558	0.2671593148187745	0.0643802366684175	
0.5322942153529835	0.3531915610379042	0.18649572481473864	0.5736308892289596	0.21219650407638918	
0.25228658644600793	0.16452682152509576	0.1596651910190531	0.21968320802200514	0.2922614139979857	
0.2770328437614082	0.2874830673632841	0.0901519271244921	0.11370262862642619	0.19667156632246044	
0.29770125686720156	0.0707733542583242	0.2817707560774627	0.28672192188927054	0.08848364002036892	
0.05699733936108288	0.23396110536853593	0.14643744419919374	0.044347035243169436	0.290203082926884	
0.26415178092710623	0.010550339991677283	0.16329571712583896	0.1453838354427802	0.17521804578894154	
0.29849723062794137	0.2174261764988607	0.1962056169078205	0.19174098676657259	0.06716031068626817	
0.22379031032831478	0.16601448788465384	0.2802747309714795	0.26470472889827684	0.16734495752413578	
0.2141109716412122	0.21062560325855748	0.11016632506028128	0.11470553239134001	0.2597385945648863	
0.2486588573072802	0.3029909900957424	0.25616196976897987	0.10136795625951317	0.2791214542995138	
0.1794842078073969	0.1432952924313102	0.19629188128068809	0.08158472016533341	0.06660935785802721	
0.1677948032631493	0.19325142703314704	0.16647603241214903	0.008825528584654352	0.11898273765106898	
0.22280383141372964	0.0	0.08467659292690785	0.0	0.0	
0.2519637349021504	0.13052170606354427	0.023522929066855616	0.2820538087682903	0.09656983147684119	
0.26464741447824025	0.5272199675669472	0.3323165103098181	0.346824010247685	0.16501326306717226	
0.08274640452902383	0.1964338483070999	0.27467270035897046	0.06451639980313702	0.008932654841179664	
0.283296454545945	0.03341042243465428	0.189336914354636	0.2576304472880996	0.06920323657999981	
0.15988090748955497	0.108935250682293	0.2043531595561057	0.03233813790457559	0.10327664586204635	
0.17032484255380922	0.06262498319991004	0.2290803422602302	0.12095653462682752	0.0	
0.16021587704702256	0.17586031851724546	0.2824538567235074	0.30236346265414166	0.005506890418769841	
0.016338667081417686	0.08880231963536632	0.027578616786673112	0.18379104518028772	0.2603012101947384	
0.30207442609361373	0.030340584646693723	0.18208424107032292	0.10294506136592356	0.05242621646827412	
0.009904154324318975	0.7242987006690492	0.40206249316526166	0.23850053210829475	0.1382876495596605	
0.20020669269020028	0.14838761583280835	0.08516456915201347	0.09496532168257191	0.0867609773563634	
0.027546712401192858	0.6033885771881391	0.5815722483848054	0.22960697757777015	0.2491065385262757	
0.29958828436925955	0.2960619384785422	0.04638396713546921	0.13708534193238942	0.1484842072466223	
0.042981147007322654	0.10969332064938757	0.31332273645971387	0.19092278055775871	0.08576809198139139	
0.0	0.10395223416895011	0.1391244610643045	0.09545118494153378	0.0899907922487772	
0.30232757634151586	0.25831271067970446	0.1952938184845461	0.012460148896942165	0.07907863618092495	
0.0	0.691210760197885	0.25692948066005405	0.0	0.5041600602480072	
0.041424676562948876	0.11091629912700532	0.3006581457032079	0.15899364685546394	0.03349778639368945	
0.5045032377731956	0.11702083940207093	0.025110125885790122	0.2635193623891817	0.2152321009312817	
0.03592124447338753	0.20313223355558296	0.2074884685399771	0.2655159017885783	0.07134569965441524	
0.23691225078483946	0.20702438122994452	0.2789803822242044	0.2344668654511006	0.22202656430618595	
0.27123725299570933	0.2441933068061939	0.06901119572469507	0.26808724152410407	0.22344687516489167	
0.29460962509000055	0.33494342998148646	0.5019196059628991	0.2972968127643316	0.1671811491683705	
0.259384772347854	0.05539983581992224	0.2519343403552528	0.09782715196653488	0.277572685287436	
0.03516641855180813	0.19675079269034598	0.0	0.27774272429568414	0.08475793926565822	
0.20603201779988817	0.04179721988119879	0.18961093191942233	0.11519064854076964	0.1658871924126672	
0.0	0.0	0.2067635876317648	0.0	0.0	
0.2788114633186728	0.22277851329485965	0.0	0.22583999267648028	0.27847516305261005	
0.23228074199624127	0.16076736223013152	0.12915104300145167	0.0012940585610052553	0.036521157713864195	
0.3676285021712528	0.23554603781996425	0.11516481837694349	0.5346952615988123	0.12273941607972265	
0.32276665858442194	0.20758432814417488	0.13003956707617273	0.15416628070824695	0.17421736562505447	
0.06023674098188514	0.025423100493423292	0.1041123494893692	0.1642974012347842	0.007687211548031267	
0.10731838497311283	0.0	0.0014758843396811962	0.1599282872233245	0.0	
0.11057218633527681	0.2108955281670603	0.10866394876760711	0.26763850948050777	0.20453866934157347	
0.2596017665316968	0.0115505096988558	0.06064202838442652	0.02105214954170322	0.14530046080467024	
0.22274725166251721	0.07106823840007155	0.03149415779142415	0.1322377293198205	0.14459681565919769	
0.023788196738817387	0.1996216768010773	0.020087679952574742	0.00618396927103224	0.15054202627195068	
0.07604477789845954	0.012731422253732935	0.2149492132029526	0.1261876554186486	0.07990054259785592	
0.12429711006210037	0.17409278492414176	0.19861895040700364	0.29932568453205766	0.2888089170505899	
0.13402301999100633	0.2901233656337608	0.023439232006214037	0.09829851600339228	0.13328763797384158	
0.19900777434115616	0.23806380995122142	0.04617105746957462	0.2315276541662795	0.12415363555264075	
0.0	0.143509610715179	0.0	0.19441019282972072	0.0	
0.1377405366588192	0.20720542374510692	0.2752725695700911	0.18823277043748468	0.22337569861754605	
0.0	0.013447736754253958	0.15434195108692353	0.20967834111357336	0.0	
0.3901956653221926	0.17714722031096913	0.31009508053479234	0.5284535361618462	0.3072066609664095	
0.08887362823170579	0.0025335134700454646	0.0011235603906253671	0.21092454331235821	0.05154474828430929	
0.1517770466961378	0.006174771454336114	0.09669673956365249	0.2756100589746761	0.15399022713353455	
0.2880575556307341	0.04869314961958252	0.20065069797162208	0.005831487044293533	0.023646691399083243	
0.28706265751633137	0.08225155369851962	0.15296716721707654	0.20997445383252983	0.2201046231783112	
0.19069544139717906	0.07399155834923717	0.21841827403613553	0.01889177786894104	0.03371760257499033	
0.06969544286632737	0.12747635838625992	0.13760627681058152	0.2939179605725724	0.15945871924451432	
0.01459046212242183	0.21018132260304787	0.28570014724705584	0.09158294041516161	0.19111589623107528	
0.14733779572890277	0.25908655283404586	0.28574845307731095	0.09879918853724236	0.03904618695496011	
0.37100761878575733	0.07546095262974727	0.20306349652352007	0.645932906251804	0.2759449211965375	
0.08320704566314238	0.07128316877748989	0.10127875308493625	0.23336827854265763	0.28484095740406934	
0.1758694672875921	0.21763780216424197	0.1261477582243615	0.13028470242197382	0.08750314275256062	
0.005866467457347372	0.1148599142690077	0.06416009821034112	0.010723621300332017	0.10668624814053006	
0.22795320666723295	0.08194253216277546	0.0032386963793373186	0.1434407258516071	0.17395142070392933	
0.13166809593166673	0.08276947402103318	0.08120247820914478	0.09632058348342523	0.1471861089588101	
0.0023120051620356967	0.15591229566868597	0.0914180882398303	0.21794800921718943	0.2605952328580618	
0.16809564874100583	0.2618861783709912	0.09388803660119606	0.22141102098326212	0.22963433463408156	
0.15335883271249415	0.033899470227749355	0.08469160868867705	0.06711614047172952	0.24971132235176466	
0.30806041760379693	0.024945092449715833	0.2812324041539709	0.2536955993795809	0.03586655976816285	
0.023936533912844594	0.11480665139437556	0.16230528962014742	0.29701128125855436	0.2679408460625845	
0.19568052732364366	0.06271911996664863	0.19830018957541096	0.2952457483975913	0.1603544722819227	
0.2884106249939652	0.18165411235328718	0.09001439847777208	0.20133153709426624	0.13409127050565572	
0.17037229905769474	0.26973400971546546	0.2788960808228021	0.05109062839723648	0.19545743406635888	
0.0	0.2938484201158984	0.19097135833831333	0.23733520865700955	0.023473584835811214	
0.19198895290176954	0.0032276499836227032	0.17760690531757847	0.0642464273170814	0.20455116047041574	
0.2725950331215666	0.20509900806863748	0.20668165012058878	0.12010921610594513	0.02188240271679407	
0.03850781506109539	0.047942909392328	0.11290440005718536	0.18523205931396414	0.06980339405104885	
0.16094918744468129	0.2580787843829235	0.12340093879828967	0.18172486669124382	0.29530023329618016	
0.006735936329089206	0.02707225839207781	0.24460671300307876	0.20718030272528412	0.012232357334215542	
0.09411890744954664	0.08885415460575809	0.10402163337629657	0.2427244698561379	0.03855791898143144	
0.032045662710419275	0.04551342028033167	0.028769413226461114	0.015788209310344362	0.0	
0.2607001966949054	0.2930405251190798	0.0465629172847555	0.19182990038231704	0.21902881607714367	
0.39831140781616325	0.5493614683851341	0.4188406656363944	0.38881642023485613	0.2731771652609499	
0.18009289280314267	0.0037992849253729514	0.040029235973384404	0.012846012140660805	0.0128124495935264	
0.42725987857932934	0.588599123478061	0.24378515994536804	0.524722663328511	0.37482842782170855	
0.2092301382158778	0.0845874537537151	0.03942363931999516	0.21492357930156267	0.22254923051315104	
0.08545439880214425	0.2218087934363318	0.05417365475082286	0.1413927962312484	0.29997751928165417	
0.0649121296721809	0.0024935805997001715	0.19259185468922824	0.014027288165707906	0.011816559040626435	
0.2074737980768503	0.1827874864458225	0.21160204341397892	0.06741920120644203	0.1421487478173091	
0.2941414934328704	0.16742771739666046	0.2611651475073402	0.29415412300356447	0.1313522902519764	
0.2685352485650688	0.12415763219983138	0.012846674896223815	0.18191578592026098	0.2987388423896169	
0.15691042702706337	0.16412096125956996	0.28818543492532056	0.25702622115950585	0.260824880131098	
0.2057111092967084	0.2852182254659749	0.01723030817086224	0.002611166185564746	0.23836594297203126	
0.23279703943540267	0.08406034416496805	0.10704156752721368	0.20422751290169192	0.1117994793977585	
0.15802220161343417	0.09689882309793282	0.25087255620629406	0.2864121626850522	0.27510519351793594	
0.07299025748543193	0.23496249528713054	0.19684734390749858	0.18917996275175858	0.03349403718886366	
0.25669451459799913	0.0910809717803917	0.1286314956104359	0.1931410148368221	0.2358846676828622	
0.043636024483601085	0.028419147970571216	0.26073621976852934	0.030404372071963354	0.16206907414554728	
0.03044955819162055	0.2952634786460852	0.13757066586637853	0.44500130997093384	0.23555665021052205	
0.3080283899232274	0.23795555206079883	0.25954282366474457	0.06118871783168567	0.07849336723811401	
0.059253246754622735	0.2632000542181804	0.2803397777392655	0.1828663002682503	0.14614758992893737	
0.0	0.28304988517195195	0.0	3.213516475217722E-7	0.12155362530015357	
0.22027908985492992	0.1902395255528727	0.3141564039644746	0.17744928190368436	0.0	
0.19019061593002026	0.12376950473632667	0.02936621488118095	0.14400582199456113	0.14677570457296574	
0.2122394371600744	0.21205895430083088	0.21879557517894196	0.1671587214841774	0.24425042361225133	
0.23892331614969803	0.17672287242915002	0.16367706560326756	0.012460354192374358	0.24959297376679637	
0.15610091743213167	0.22082131408472555	0.1626132404277909	0.17280384461147003	0.10681846898884549	
0.27769302589851214	0.21373876280275578	0.12929621535599573	0.005595148767357295	0.19622511407091184	
0.2829157105641783	0.253523509974051	0.26663043177386986	0.1454633043536245	0.15641888150824027	
0.2585700700455976	0.2346659055226166	0.1152150161443549	0.22500512709482165	0.007537023220955162	
0.2058615640021961	0.0314340338535417	0.11101838885625158	0.24322572714005314	0.18674953401611102	
0.12610522427635137	0.16756535154961277	0.2946386404347035	0.0	0.1231738283755933	
0.20166295797295788	0.203898228285304	0.24889291967346658	0.02276932643468191	0.21495252094882406	
0.25519720744620195	0.11353044361001989	0.014121376468941235	0.1575970018324961	0.1753340511306116	
0.3009436969520746	0.21262110779189447	0.22881612681371188	0.282465501196625	0.1725175848618589	
0.30067392257313347	0.2991550459222497	0.23876893418100711	0.24245955318094403	0.2071723232863692	
0.014990423736700217	0.22060666573086818	0.23912734890347415	0.30509961946538894	0.0229768378284758	
0.027742980563710256	0.0978309675054132	0.23626655032791902	0.019150880294761308	0.05560686026420508	
0.25705330827078837	0.1941733643460071	0.23455542576513236	0.22933728996216102	0.17883105960922224	
2.2722369368094664E-4	0.04420692492863286	0.01110185489806214	0.0483916277530839	0.0	
0.04843240380570679	0.0	0.06769087278201494	0.062397988649380974	0.12891475302867614	
0.20327854279941296	3.6008490697128794E-4	0.26809288394263664	0.1985677043049537	0.13067410375575264	
0.18166451524680158	0.6743159423347617	0.3486965839551176	0.1642397834830488	0.1339680488085407	
0.24428337869684863	0.0	0.2654244305075432	0.11281529517692701	0.19392326103833132	
0.017423111344377424	0.07890821378764992	0.17506921935345565	0.09115962766608098	0.28471327123954593	
0.14021986925941957	0.09252376997587455	0.09618000077745767	0.2355993078687604	0.07949518277440908	
0.08357193247885712	0.07385615649021635	0.058480346208871714	0.0765739687701239	0.27952205690985393	
0.26649258607037607	0.17563215807103436	0.23545690652572895	0.28038902731094417	0.20239033620302582	
0.40887959605942825	0.046990056281375335	0.19896595954033472	0.3931976636932915	0.09878069948361315	
0.07186067161557337	0.09131988941328094	0.17179908920135806	0.2726256755824385	0.2587895830943008	
0.18512646705959435	0.05471436640072958	0.04314163537783259	0.0	0.2623812032126461	
0.268077241133149	0.1659330745491883	0.027466222019624897	0.2618854944600576	0.28456699866459645	
0.28017712718115806	0.06581125187836194	0.2568782479161642	0.08320110188452874	0.3208419460016058	
0.10572994295210275	0.02763680023809375	0.21670012306059094	0.27625681455218976	0.02375186420262436	
1.0587527881074612	0.8535452386460376	0.40279818196504413	0.5443071399792908	0.34036247334195496	
0.17446305250146957	0.21688139522506625	0.24425602047086642	0.16843515705745346	0.0980663040679282	
0.2759380740663775	0.18120537633363062	0.19662212225864878	0.134843552524917	0.2810713679542024	
0.013144711628993761	0.15159242879295878	0.21957167862835333	0.22933671593862484	0.07704431868760693	
0.020735132177002714	0.023535862284369453	0.2692178676784705	0.03738587539793591	0.0	
0.13998537867631144	0.39170032517111486	0.3413501855304299	1.2434942674234835	0.347638381280628	
0.10094887454925704	0.1895317495628137	0.08257029762175683	0.044880476269065515	0.21990716755337048	
0.1860803055572468	0.2911163748265987	0.23716000288004757	0.22327005277219475	0.1598028883761986	
0.23979149432617736	0.11573704308047456	0.10438026500266902	0.24982525742446765	0.25070005580839566	
0.2568365583398296	0.07526275218239885	0.020872262977792433	0.22759726197215724	0.1272671162946979	
0.005762056842130194	0.10203762761522646	0.1882315685562725	0.06275127951730985	0.02995536942573221	
0.06502909625385818	0.0998091820627182	0.2441623612613529	0.1704771653604216	0.11431726415589906	
0.025556353867161576	0.139768135518779	0.10348519177801643	0.2098037275959101	0.03502494363020085	
3.2512751539420895E-5	0.06338984465579107	0.05553456895972642	0.14705069228323647	4.212824603921398E-5	
0.008801807199183886	0.0102023160976255	0.14547573497899308	0.0348912405647983	0.010311066822222728	
0.30367277597574543	0.08459907660168846	0.20519624972061348	0.11655949457555806	0.0	
0.29662466090442446	0.03663983947217497	0.22965898386466255	0.09611038234209206	0.3029597186959876	
0.27033955611905985	0.12022138056009618	0.23423950255509768	0.27519187838237236	0.2748224057290516	
0.19139176456642648	0.05443668479274365	0.28507326448272496	0.09541751014091306	0.1626949682919075	
0.1812618095524347	0.1768178225139635	0.14040477183429692	0.022340919641704895	0.2808615484400232	
0.06080470388626471	0.15361042076479137	0.18893855076557733	0.06012181844216986	0.042023724875134116	
0.04785938179843791	0.21792804364853122	0.29151093390959837	0.07519881263795754	0.032037590521814506	
0.14549032153842134	0.2588318349414199	0.17720378762593456	0.04893824918071026	0.11335213965402503	
0.2931633414249329	0.0	0.024293355294530715	0.14296806013401528	0.23108047320593414	
0.20064706470836827	0.00441098386703976	0.2691366800233503	0.22736749180847876	0.16373107820945412	
0.08779432082751926	0.08288645053479933	0.06686107682855627	0.016787061118163468	0.19125395498141393	
0.2935910483524322	0.25525333919821697	0.24136269466450677	0.018761348486623922	0.01898173563884113	
0.32238663573215154	0.0626075498538598	0.08528648477421068	0.25498141101120164	0.04407053673632863	
0.18605860050350084	0.11642976382890755	0.07313043354154962	0.14541830544922985	7.687854891061265E-4	
0.07503031910282398	0.1261451309544374	0.11362324635568044	0.08833379087079303	0.2591615524904196	
0.19534469409880265	0.19617462013830025	0.11952060344828384	0.15147827955900445	0.219129240701481	
0.28552550234394813	0.17776865439744327	0.12120092731220068	0.12023643514997294	0.07778694207801795	
0.054972913002429735	0.14530142998139273	0.056616727158329584	0.2660682545736986	0.11878340689470117	
0.22539310181975375	0.27746936778447695	0.28422139850490413	0.029096112777428643	0.12766288265722112	
0.02142878012317439	0.0028702605012685136	0.20065407545355546	0.13940423245577283	0.03569846807050394	
0.6718518485619358	0.105259170161342	0.08148935194111188	0.0	1.4788712568562245E-5	
0.25867390770628823	0.06315073765457048	0.3222738543872462	0.23943066280152062	0.07948147089821424	
0.03676856516118588	0.06550287209753267	0.18006202259471948	0.10681648499974451	0.15680267161123254	
0.17387619696913018	0.07465284634269136	0.10096075543672729	0.18171564060946005	0.21994801300743835	
0.058264627004780356	0.26770627953253306	0.2116205920361983	0.16597425365241852	0.05708180278022738	
0.06049992758755142	0.29121896015668	0.19549609986749297	0.2860010862893926	0.0	
0.053364999317851484	0.30670275845319317	0.08721011105477987	0.07195184561428636	0.0998111525493881	
0.0	0.0	0.0	0.0	0.0	
0.1703904517536298	0.00153568424101718	0.046474959156563266	0.0017851858692543633	0.15129582588764268	
0.2572214670878481	0.02818464674086909	0.08868347740121094	0.07989784108579265	0.12705581163353238	
0.24732364532224624	0.20805602728236774	0.1353731433406387	0.15464340725545345	0.20622487019150976	
0.26243029563796977	0.03714181196967855	0.04378594998339805	0.11057499936935995	0.0031643220567668	
0.021337516381305304	0.09144644851953466	0.1319672252792429	0.1598845966313086	0.09128971574087925	
0.004857658269414147	0.02698407077242113	0.15342288883722383	0.0	0.22280861210317632	
0.3027650554440756	0.1902541683527872	0.013082534447821958	0.1427241254692243	0.07249342159082564	
0.26167950755504454	0.03699368498097957	0.07435231527099996	0.09725931297138031	0.2621439640106624	
0.17503644660858486	0.24239017026680834	0.001584575493164578	0.2836267893666792	0.013441232642892107	
0.10018894864338387	0.10795458787881791	0.28356804256015855	0.1189757715756703	0.2524243020398439	
0.1999920727961041	0.204959172081068	0.14277525039217837	0.030139789235899796	0.30179510779102564	
0.041418078790308205	0.061783110333392524	0.20095442754825413	0.298950510916998	0.10901364806731288	
0.12740725108412945	0.09780064291050872	0.17141855487883728	0.1199749422320669	0.027281769353110222	
0.053595662225496006	0.14423822278139914	0.08649585195656688	0.19737404444045972	0.23334168891063906	
0.04345561641376138	0.2778786013940404	0.2255439241542262	0.17572640169694556	0.02307467364750008	
0.038968161301763796	0.07259938529303854	0.03950548842053612	0.04849573380238019	0.29851065215424605	
0.1287949058657988	0.05336838444040394	0.2872535401814693	0.00957752439260528	0.18093630367525346	
0.1439799779881317	0.12731898035712083	0.08965405786176847	0.16298328788003383	0.2189961303860085	
0.16956118356336616	0.28842410888013653	0.28822137292427247	0.0580926196253601	0.04432751826024247	
0.29638218773379005	0.18208771177016805	0.19355958000105614	0.14986805840768494	0.3024147653123902	
0.39354669210097937	0.07713943158311436	0.0	0.19646926508132265	0.3067888830482601	
0.012576389185011626	0.10530997745712907	0.2080880422123591	0.256345244124794	0.1024768725203073	
0.14163079080316449	0.13479217572857044	0.05198709914463621	0.17486851126321032	0.07318317218194778	
0.21353936824331263	0.201517501246175	0.2729621156717458	0.10938106787973685	0.2145245903691863	
0.08663319458298015	0.18193822957238284	0.07631755422757348	0.1842129920799852	0.27619723144371344	
0.11331887555274546	0.07366482617486313	0.07937452417913202	0.17174150450278544	0.0	
0.2562459904369351	0.2913021023897744	0.23899657175683958	0.10530391243954511	0.10207532450157511	
0.1901463139483703	0.27138311562531237	0.1473117277611611	0.29117585960718706	0.07105085109473826	
0.2832383889903973	0.10428238449994146	0.20967111775247602	0.155556225608016	0.06922750541275027	
0.11978023204322695	0.25924209929221415	0.20855401892760228	0.08943834935862088	0.1581782573060382	
0.02892724808189547	0.16134991083417982	0.03860269986377123	0.25979981094483906	0.0953187811707569	
0.07041352149808766	0.0354225781684921	0.1283919073744997	0.168104226930135	0.007436993830507719	
0.13759293368208775	0.17332328647675163	0.0018867071963377655	0.09506153187391088	0.11914748734115704	
0.11737067211375808	0.25040758959443205	0.07625108467951966	0.2666990939290455	0.047689308588379796	
0.21900519936132484	0.08638260907194044	0.2872950474976352	0.2926214767808531	0.006190787998060787	
0.21994484141740686	0.06605174138672955	0.1286712164913506	0.13724461868714524	0.0275398021218579	
0.23903678174580859	0.004327612761406692	0.09562823137543755	0.02795361054762016	0.23355972276495787	
0.05051649833284306	0.24527787493494416	0.29249184221241536	0.037578764964940864	0.11006050352036323	
0.12715238545238286	0.0013067734190639483	0.2717914700801324	0.020443117996305778	0.0	
0.16525250147873252	0.11072555481947063	0.14202739016406624	0.12973621282312164	0.23632298843283434	
0.15816599980582174	0.1540298067234592	0.036857682360521296	0.03454557896202752	0.2793793614919831	
0.09706365272763044	0.08499307301992626	0.23251854881778794	0.07225334584002706	0.27882711047068726	
0.22422727877140491	0.09890042620821142	0.026681594616577205	0.11632011497335079	0.14203708781734334	
0.062123919294985605	0.2817922027100625	0.1105416262590277	0.21382368507049476	0.008139903326472098	
0.25959671256096695	0.13773536486392965	0.05246016720338733	0.19506966282461158	0.0	
0.29627105332251125	0.0019065193976520653	0.03768378011537539	0.24187819043559514	0.26707603916487926	
0.014100637248665228	0.254319554637399	0.18301021658702313	0.19194699015706346	0.21178861869615193	
0.22910053233318026	0.037359106300703	0.23172828566333717	0.2350891077347058	0.278159661603053	
0.2558711539215204	0.054301373935409986	0.11285955895643768	0.2894519518461596	0.050959891189729885	
0.2084879905044103	0.11430608137116227	0.2546619141142083	0.016747882977725833	0.14058447870542495	
0.13766010406003812	0.09862000464093126	0.0712886398492487	0.0046577062845064385	0.0	
0.1337470140138007	0.21408525428741437	0.07617660579598506	0.1257667157754896	0.032467078074248985	
0.27805795618536316	0.08498206873668139	0.062141545219059235	0.2706215065803554	0.17473157112095697	
0.033295353312403214	0.12409258835325114	0.17838402959953062	0.2413771671744428	0.06927395177059718	
0.24168005544146123	0.0595888175213196	0.28650310029607295	0.2153362124429337	0.2779640888142741	
0.08833017664565687	0.2835533620072595	0.23648807895534504	0.18051536226445833	0.29420742408424577	
0.1069085524964824	0.11219260963216848	0.13607674264731554	0.10171912900192363	0.14806717577906117	
0.03667172873456561	0.27241132829845843	0.1849627483177268	0.1912416914020808	0.08679119547745029	
0.2750733825180707	0.19841085759158375	0.18463445245832982	0.10819176209729321	0.020655423957690867	
0.22092978516209577	0.0494798905353783	0.3224116853883189	0.07498634913072041	0.14832384277357807	
0.04563520513621519	0.22231202521221016	0.01993981388102492	0.057493790184746756	0.11216152594790825	
0.17120311671064634	0.12753110471745965	0.07602972459517396	0.0490014656267801	0.23767823287028433	
0.2057463815123727	0.13979891484246118	0.29917822173358993	0.2885926352799569	0.17989766972684737	
0.03900657966620118	0.25326039786707044	0.2753967345829549	0.08823824964040905	0.25583736245273775	
0.24192879510089824	0.015322912711934415	0.014027018456459065	0.22446135120200855	0.059946696762710895	
0.10457559031667366	0.19905937979030566	0.29569996726062453	0.20546125122378925	0.24148733478094211	
0.22101541529473212	0.1428057358247977	0.2435350384815881	0.019847672347065727	0.21218357893005177	
0.26143704576374555	0.06814455205854374	0.10727685163424008	0.22119078068721731	0.0033115221519790148	
0.06882693213272584	0.26180611227342454	0.1674689706497435	0.27585087977940603	0.11472108938105298	
0.16448373172630995	0.15836001750727347	0.1599865403537763	0.0	0.22094899887682756	
0.047541065955583155	0.05421038458700154	0.05220595369059052	0.181598470458547	0.01439858039335946	
0.1107649133876872	0.12641670143856357	0.030086315581314946	0.11543049906196572	0.25621692544875707	
0.24718667067764713	0.15949781600134783	0.04550980661458275	0.12799909103977766	0.06632199045704251	
0.2959828891253879	0.024369230599692922	0.23413548740633885	0.2539025228291148	0.12147816826976045	
0.16750415354070677	0.13450220677236996	0.0870558238892454	0.10731171502588087	0.0052809417746781445	
0.005968396265874652	0.19594980666543424	0.13514473463240445	0.28972212156856275	0.009284475490568033	
0.1373191846436758	0.038691550709956675	0.18218318054501215	0.1970030487639153	0.20244716063443424	
0.10995159033267177	0.20753327151593837	0.24483379942781955	0.19160863585908713	0.08301988953237745	
0.24224743637459192	0.2533554149615283	0.18101266348271763	0.25797776351480073	0.04466606256874926	
0.2625440512955053	0.17517291052930167	0.07213161776347565	0.09033803126179203	0.1649378343779165	
0.2514203250140941	0.22558599853630434	0.10671873575501736	0.11158963241384087	0.15874935806720586	
0.016375270588740953	0.27939670774552466	0.004962693424607122	0.042188204318882344	0.25767810407831615	
0.07740443086216384	0.28232848748378014	0.15617261362035728	0.1960032150494888	0.09205214030316966	
0.10173743580763626	0.1336321387289177	0.280103669277574	0.08253289184466002	0.0606318105423626	
0.1015504130337501	0.2358142854576052	0.1731532815402451	0.2118220400195887	0.30877962343033066	
0.008383365507723376	0.00259561180360244	0.11676838724284327	0.10616900741266908	0.053804017379884266	
0.20840793846435177	0.13409415394728708	0.11094871381033199	0.008808219499483941	0.2951721641713774	
0.1244889154150423	0.2768425744294673	0.2830392010921156	0.2591912727590445	0.11195480258423332	
0.1110128967599545	0.2745201643524779	0.18325039302338023	0.18770451935540822	0.19888362490711625	
0.08557053485964115	0.12886854847608276	0.17338254532516584	0.05668982424659754	0.09650091134703068	
0.17507225971687246	0.11285261030936415	0.2690142439878875	0.14639325717404897	0.24661455725930842	
0.1131108058203775	0.26896830945783806	0.007895280300996286	0.3055131121909678	0.09989536556201685	
0.12307683981656545	0.18582790650545847	0.19496433235641877	0.06772277018130607	0.2809176019117628	
0.3063322685614575	0.2748554530439376	0.27633906308658523	0.2949676509297742	0.24100321664826785	
0.28285702051224654	0.23181945340255075	0.049805916872226644	0.05232484533177871	0.2536519001278682	
0.30197655587006644	0.24464588979369023	0.13704203451217334	0.10217477404811667	0.2266985532216465	
0.2909037690517832	0.26755136497064536	0.06876586386440135	0.27808495879413964	0.14011686467075504	
0.08242620729788397	0.14396498548865622	0.036927809427773135	0.11452403059618592	0.042244769902590296	
0.14206044476024737	0.0374692208393812	0.08095705496876887	0.009511883695345778	0.1820553172772947	
0.1898813588885974	0.24452449551993602	0.24196237570396395	0.12727931852344115	0.30082740957073784	
0.2544229113103769	0.17796168203055318	0.054181408929538606	0.0905011034005654	0.02435280472395442	
0.06041241192214399	0.03533964964926348	0.14206599261944944	0.032590465409647766	0.0486210058144784	
0.29752833906443227	0.23595404137352707	0.0	0.2962912229745146	0.2613353689382409	
0.1301047194538951	0.10755558151137336	0.020523461436775525	0.027765438070734918	0.25665989752139323	
0.08474894847561196	0.17753295223145227	0.21915307970186018	0.10814189641030256	0.004323115845874683	
0.3020120510383697	0.1656076910101451	0.07848147839885537	0.18033667642656087	0.008565172508366093	
0.15699072723490157	0.05754516564470118	0.24006879787911578	0.13519309022902257	0.15891030379697266	
0.02632553583974719	0.29257517408280287	0.07339161889685065	0.14074003727179404	0.171007311187064	
0.2569309912975317	0.12172068051845182	0.050959107782722834	0.14057752297655293	0.04589545733842423	
0.2132463839566611	0.03257938174112064	0.07794805438934768	0.11776362499198216	0.15215965081687405	
0.0032462019014517264	0.21335283384578138	0.008445251086020953	0.13034716844938826	0.13253242299841844	
0.0659928815881632	0.28084001276090764	0.25463237783714276	0.107562265463438	0.2501849578530075	
0.05109306992580148	0.23122844075856638	0.05962249960402795	0.015633439243670586	0.21355789554877028	
0.1623592665255956	0.25433357127414014	0.2835736375941825	0.25151480806533644	0.2270665255461811	
0.19209060625368163	0.20748796262261554	0.16389558338793261	0.2272050131946044	0.10708587870739095	
0.11693603048950382	0.02449370863506265	0.06846890324993309	0.10489293524911358	0.047445275579500595	
0.21870931642411193	0.14079078339056353	0.0902066947952986	0.004294645806210656	0.12969096267643634	
0.18435581164997475	0.0	0.1767174905184471	0.2812095804264161	0.04033162703729057	
0.23640645562711388	0.18138037427030998	0.14715665593723037	0.18553579299434744	0.08373945986234448	
0.02052335928320277	0.2938738330261788	0.24334288195272608	0.11028338011391688	0.04718275461151467	
0.07783677063312532	0.09255618000213131	0.1063044757768913	0.04086916415203151	0.12074284810395525	
0.10426350922976904	0.164557608334437	0.28307377022606584	0.044133495770117846	0.06288005865884022	
0.05474887799192255	0.13171667963160255	0.24334927828720213	0.049606857566393436	0.14348129900753873	
0.09830096982017089	0.03851343647293178	0.30162002001729216	0.20293240582806893	0.11020931744885204	
0.04840136463373241	0.12390064138400769	0.1081441031008974	0.2621471753458332	0.07807394876444483	
0.19439136315562086	0.0028137424373061524	0.2903214768521478	0.18385102020116953	3.3722001761155897E-4	
0.10061794185701724	0.003930135466952614	0.11667490592316175	0.171276811563287	0.2194467549684172	
0.08698258607976393	0.018259709782449556	0.2931867627671861	0.13826498220233965	0.17015661844033828	
0.0770185748159447	0.13631935350087368	0.2007174045911359	0.05958581738471971	0.16796102036731467	
0.10608492589586091	0.05721165877186704	0.21522011031480293	0.03794487740963217	0.10067695791990325	
0.30009583565503606	0.2622235000147667	0.29474026218137733	0.1633377115076361	0.26674973086901	
0.043403724708160674	0.05297203623108192	0.2740014765543844	0.09950299351243128	0.294166246479049	
0.18819143933860502	0.03418284714975013	0.27439982696339454	0.03577211789351853	0.2731415288877539	
0.2793726673126671	0.23633245705434933	0.05117481582817274	0.1401238957215708	0.133305381361847	
