0.471025473511333	0.04816356176300807	0.2456869008767007	0.0	0.0	
0.0	0.012614253667973483	0.0	0.344262935653416	0.484580981729727	
0.0	0.0	0.0	0.15378084360294417	0.48405330749627723	
0.0	0.0	0.0	0.0	0.0	
0.11568291714480924	0.07428675913421637	0.5093365803466701	0.9133501270714011	0.0	
0.003357829231938452	0.0	0.0	0.0	0.6922865426337158	
0.0	0.0	0.0	0.0	0.0	
0.589808756819797	0.21011043441226374	0.0	0.0	0.06543399987580631	
0.0	0.0	0.0	0.12395977934607458	0.29754480188833593	
0.0	0.0	0.13763686078793727	0.4850700063977039	0.25445022903783543	
0.0	0.031077178569481407	0.9037387153281975	0.015012111452153042	0.002821953526345078	
0.0	0.0	0.24161179460531293	0.14110680298618358	0.2635213166422005	
0.24643180574981577	0.5336516783811802	0.0	0.40695492362548663	0.44218565368026497	
0.0	0.2761899468772732	0.0	0.0	0.20537532325103183	
0.0	0.0	0.03539456522213239	0.3801183525158931	0.012605805501254471	
0.5386246804565563	0.0	0.3514789625067757	0.6059711044950798	0.0	
0.0	0.0	0.41171498273121876	0.0	0.0	
0.5385709933381322	0.2721272514297073	0.27710447320718	0.43111603077389404	0.12908409490974898	
0.0	0.40493927548725883	0.13420137697771287	0.018431465089000246	0.0	
0.35589774014199205	0.3565117160056299	0.15289621305503442	0.7287918550901085	0.0	
0.125777125577585	0.286989740519936	0.22299318349163197	0.0	0.15483933351808263	
0.5662729857340649	0.1689153356580489	0.0	0.0	0.0	
0.0	0.0	0.005107017212587739	0.2644336032375015	0.2521556074269916	
0.03710422162767922	0.1446198216971352	0.0	0.09323933535710402	0.05274662597593127	
0.12479413062017412	0.2627609611593397	0.6355006525541546	0.0	0.0	
0.29985994749259004	0.13830980435566237	0.3997557685878452	0.0	0.14197532160117796	
0.2426203085223152	0.12539766631681457	0.0	0.0	0.0	
0.45955216520467557	0.8888040982271691	0.0	0.3660677126838562	0.05214412670534708	
0.61873995040833	0.0	0.0	0.0	0.563487672601359	
0.0	0.15885689938126218	0.4651552010509421	0.28090571647500484	0.0	
0.0	0.0	0.2319176893308506	0.0	0.0	
0.16681642146993012	0.0	0.0	0.296786482510534	0.0	
0.0	0.9633167504124456	0.0637457249852511	0.7146489826298204	0.12983828203861117	
0.33407628256805283	0.18705593025205677	0.3098980800681576	0.004972314893561378	0.0905216419921868	
0.04062116610633511	0.7743601443151874	0.0	0.1271426215077589	0.07628074349966343	
0.13785164280188658	0.23905356923998194	0.4757458891128478	0.12899741098619658	0.35506781504723434	
0.16223755644416685	0.0	0.11524201877736442	0.17652022124060388	0.048787646478009296	
0.0	0.0	0.05401783082853341	0.3661703873733319	0.07803492010890352	
0.046835479336918555	0.22919709289634466	0.1363741796829572	0.04795229432876573	0.13679885036641878	
0.0	0.0	0.16637036762278665	0.29107008553670555	0.0	
0.05996715035666896	0.10725417103934241	0.1001119666570323	0.18632660524048	0.27716251059601016	
0.0	0.3074879996904347	0.0	0.23731638386548118	0.008375256078647942	
0.32405240119730283	0.10407229688670408	0.40842186892981897	0.9611958808004603	0.0	
0.7757072749669767	0.2118293086705273	0.2868766269011356	0.18059487402144908	0.0	
0.0769116577804236	0.24595782420127935	0.0701205675239182	0.30682353999785844	0.02038758504836648	
0.0	0.21857991061402385	0.0	0.28988778512484675	0.28054775361763173	
0.24533668103549458	0.14895327344910925	0.16974377044510766	0.12750526049940306	0.25244585362604716	
0.21361185459417856	0.15390884905115634	0.3101731183834807	0.14146613622650403	0.17409468724741659	
0.0	0.0	0.7752452263373187	0.0	0.0	
0.0700509372608305	0.0	0.0	0.0	0.42887676608786474	
0.012299057822318596	0.0010947627034496984	0.0	0.48341429563139143	0.0721634158519686	
0.0	0.4337574515064216	0.05819073476632313	0.0	0.0820984283330513	
0.0	0.0	0.12661995482941074	0.8694164222910905	0.0	
0.0	0.1348276690056036	0.0	0.2496833027571146	0.060641303418854445	
0.1390632558248781	0.20018593738620355	0.0	0.0	0.021055054197557887	
0.0	0.09138058957865693	0.0017163566463347006	0.40077289217719825	0.042277665083592125	
0.21542505878424234	0.0	0.0	0.0	0.0	
0.24061542502110972	0.0	0.0	0.05226420035597199	0.09430920103672873	
0.3282605348825432	0.18323209200512938	0.06796909248867321	0.1151871758048407	0.055853793418932755	
0.16779425188460684	0.0	0.0	0.17466749717576202	0.05886288022245599	
0.24531269461796762	0.11099943671521265	0.126512028534346	0.08042193020958653	0.040976672911518755	
0.13741908575549913	0.13528223013140722	0.23279585773112005	0.26180733887533486	0.0	
0.22172414881199706	0.0	0.39792413685813605	0.0	0.5694790207732628	
0.0	0.10585018685227746	0.05160577938443108	0.22147034245753056	0.0	
0.0	0.21992226989582458	0.0	0.40831306265018436	0.044960214049847215	
0.0	0.060511811585221405	0.32812623517866724	0.05743316450298942	0.04229793815260796	
0.3605613344288129	0.36067737305926195	9.910922368051558E-4	0.15201653628285103	0.0072339959432855296	
0.15565391854915595	0.3124675387335033	0.0	0.003204634317597263	0.13888815079494346	
0.15541395235474012	0.36438396753806823	0.3364589447815196	0.3596003509501513	0.0	
0.1675691321397233	0.812413202980208	0.0	0.14913299076838626	0.6316377841003237	
0.5182362461606538	0.3890450567658486	0.6520901343155345	0.0	0.1671553895346552	
0.22440732257626883	0.21551088681390432	0.07428642701891669	0.115044936737235	0.19348765218886027	
0.0	0.0	0.0	0.0	0.0	
0.0	0.47977480701782993	0.0	0.230784867372873	0.10899439098018558	
0.05679077773216267	0.0	0.31349475227456486	0.1232824925980108	0.14198039035318438	
0.22590701480628664	0.27923578833669344	0.2901846858326334	0.15992789179336486	0.012753436106855415	
0.1354106891354903	0.0	0.21853766320165152	0.21693056339245956	0.28264529008836087	
0.42205220866601445	0.0	0.0	0.0	0.0	
0.06722364253883907	0.0	0.22976320773411793	0.0	0.03892953985436679	
0.0	0.07579991830488955	0.0	0.03452297191546486	0.09030277311666242	
0.45651075338102115	0.0	0.03117084265869765	0.3296449403763325	0.26960509820485506	
0.19010648012973222	0.2127927518015786	0.05070224708465442	0.17342369788011106	0.0	
0.4697087609728773	0.0	0.22433491755589027	0.5976781218652943	0.05804577526534281	
0.12271399606741604	0.20117306708583704	0.0	0.1780042170977654	0.0	
0.0	0.0	0.21131140630526574	0.4448151036738961	0.0	
0.5231196322176251	0.2131777487030589	0.5046702825215642	0.0	0.0	
0.0	1.1314307235621577	0.07692663107225443	0.22939298466640953	0.0	
0.12293163987184548	0.35500624005502146	0.12278954327894064	0.2320352397045142	0.23419137673042448	
0.07591475241292893	1.8725023660839816E-5	0.04005938648598258	0.24141519481255536	0.21004468679884888	
0.176673051590545	0.0	0.14854041872151427	0.9107464992102787	0.608605902724902	
0.0	0.0	0.10317502201205055	0.33267421422447246	0.0	
0.0	0.15010371358751295	0.05736124832170579	0.10367566489109274	0.05467833195912672	
0.37482324853054355	0.0	0.11217707834516666	0.37889641414817393	0.1325692933144214	
0.31178425674631394	0.3059298844274084	0.2692996179272464	0.16863946406796118	0.21367514022696144	
0.0	0.07605085353566124	0.0	0.21859578764602008	0.15836676712140035	
0.07976819672079802	0.28520358348082037	0.16271358258477725	0.1961724044780521	0.043343331173539015	
0.0	0.0	0.0	0.0	0.3251857307086677	
0.0	0.04010234764547606	0.15327144951454544	0.1978743876310207	0.487885344919061	
0.08525938781724293	0.3238820581673916	0.264263693193856	0.05072526869606659	0.044101680041611385	
0.569832847962229	0.3635792948583352	0.507087966870849	0.1523268974273104	0.27738188959840854	
0.44554494382856435	0.0	0.0	0.0	0.4825233684226027	
0.0	0.1465578558553423	0.012368390790788369	0.07602807105777781	0.36947208967744627	
0.08271453674250064	0.4728866208957995	0.5135199549240337	0.20801570389803126	0.2461280538794443	
0.2306935671980327	0.12916107425656553	0.4231639841206567	0.027888243871878677	0.0	
0.531792927405389	0.22598298967013603	0.3268330448292742	0.06289502001479849	0.13069778117420514	
0.0	0.36681683162198797	0.1909035481558795	0.0	0.11780125226143409	
0.0	0.0	0.0	0.0	0.22023328851096322	
0.43674532790448883	0.18002782098192063	0.0	0.24114971048173509	0.2248073268721136	
0.12851545372644751	0.14161656672595038	0.2826747747538066	0.10868584612579248	0.06123799185136364	
0.13890748474795026	0.06377672371046036	0.0	0.45087453234327046	0.15438076073403328	
0.14386461177107523	0.2310347072103911	0.1882827485520575	0.04923991494684761	0.13377807849052278	
0.2926903926372976	0.10265043175490944	0.10881337470466872	0.11793408134105049	0.29711538211153693	
0.07436878517689288	0.3994808214154858	0.07337167423373518	0.2337163634947479	0.07006920359302275	
0.4284596336843072	0.17158476997467736	0.34232632712326644	0.149381645959387	0.0	
0.4556159195089781	0.31915073835354135	0.26328108099686937	0.35768591952708473	0.33233460228007417	
0.5091015046795279	0.2758189007126309	0.1762702697508132	0.3005932386687849	0.4627387433886096	
0.11634991814851565	0.1254528199743049	0.4797641485349956	0.5378009947795519	0.14592839130677762	
0.0	7.642632182891084E-4	0.0	0.6532213072675253	0.0	
0.0	0.0	0.25901749206060376	0.0	0.0	
0.07862812766801515	0.0	0.04951086896367838	0.0	0.024336373061745135	
0.02640816906915496	0.0996096731495944	0.11340828611145334	0.35821881230906766	0.04085549273092221	
0.0	0.0	0.0537669526845343	0.3523785212850131	0.0	
0.37515207460218525	0.07902910668430863	0.21743031582691857	0.43268979369980504	0.07662242587416168	
0.003592036828966458	0.027867658521143174	0.03493954444689921	0.027817375101171514	0.0	
0.31258611783413637	0.44247063359826916	0.31317184842717993	0.3754413661683841	0.11478131958596247	
0.10038932488153629	0.8628831388763161	0.0	0.0	0.05929825741822048	
0.8659765135376551	0.12744025991690955	0.06099483635762388	0.0	0.0	
0.0526677596446057	0.43371115920153075	0.15999568223349886	0.3052982239762077	0.0	
0.17246551462326906	0.4530926492649799	0.41947092854287676	0.0	0.5037530400420668	
0.0	0.05291154667683294	0.0477710405360111	0.06473920392256285	0.1314029976800714	
0.0	0.02360374427779537	0.0	0.26466981134813733	0.2670125623035038	
0.26896878566017207	0.0	0.015467898609262776	0.2860679381323895	0.0	
0.0	0.3390702808295877	0.18576677438198108	0.5041644370162618	0.1690754498110868	
0.1784715763167077	0.14608521055583273	0.0	0.0	0.056564952658631956	
0.2956494752889861	0.5220011490674455	0.06640978003851111	0.2298928463223022	0.21143728330487246	
0.2431983029018093	0.05278265007200851	0.20182635216189027	0.09059022464296031	0.16960260985074208	
0.0	0.0	0.0	0.6295763343860247	0.0	
0.07776983504740208	0.18679163175956764	0.04128785071241782	0.5322650716637578	0.7179108851964222	
0.07209595041572289	0.15214830617729938	0.2780857861608558	0.004097203832752851	0.23058053345880644	
0.24258369664473922	0.16281282970441865	0.2623384240981079	0.08119392332279891	0.19300439912194906	
0.40249892311477037	0.8111964366056057	0.25979297588047645	0.13009376704917436	0.4589997815391004	
0.21355186279028227	0.0	0.001066281863023386	0.12311103328959475	0.39891862564919345	
0.25066881674148184	0.2509033256468705	0.1471165116644377	0.5672550443993666	0.0027114454433232703	
0.19480583788257555	0.05774429217478884	0.22275944442163706	0.2730340569607752	0.11455638254169247	
0.10869830715527602	0.6071639482413423	0.4793664939760454	0.29287227342251054	0.5350612475617756	
0.2265713835870833	0.07668054693345944	0.05515296687068823	0.05016372392621609	0.02575170476533159	
0.5394562267786732	0.14621320849116032	0.0	0.0	0.23915152744623502	
0.08823863122001732	0.16874218397816115	0.02953220705682821	0.2677590461324474	0.0953551746891059	
0.26539963816028855	0.312660643485084	0.5916460684631942	0.306526778614584	0.046260322951995225	
0.18497438061471388	0.15863630407675863	0.0	0.09652768176946507	0.0	
0.11219852338199036	0.2929279777513721	0.31382129230685063	0.188356058756273	0.197939591794216	
0.03034435994654876	0.06668499756718219	0.0398020876513115	0.33882652087405024	0.0	
0.06642498623646106	0.0	0.38686388951344897	0.47586558291080244	0.0	
0.5183910500529825	0.20562569951613274	0.0	0.19096162464435826	0.17341316989292987	
0.13370687762935118	0.20455756705505246	0.056877290055447505	0.1850694916648376	0.15768329565077857	
0.2606003496116483	0.424558664372347	0.3120729391128373	0.2683098526107478	0.26922340611136963	
0.0	0.0	0.0	0.3951471577978058	0.1589139952354199	
0.19686702156494768	0.41662648410206526	0.17751764440574191	0.40181011527317306	0.07161024551384057	
0.018044940870484243	0.19297848582368637	0.07671169191944179	0.0	0.28274672549067487	
0.05900767546319018	0.2444190322205661	0.279503966194042	0.16153494941550658	0.4396080834746656	
0.25473836280075907	0.4403048310246923	0.3346766483329924	0.0	0.2362624721524408	
0.07892647982880206	0.0308066631552728	0.0	0.0	0.0	
0.6955835536893774	0.3415650571161033	0.5212596710201443	0.4414922003159665	0.2459285890599849	
0.26239245373748227	0.24659732821041805	0.13428153799098885	0.3567772052259879	0.0	
0.0	0.13004427255487647	0.023699247609799454	0.0	0.008381648886577702	
0.20410334070281536	0.28462685031799073	0.34946673196671735	0.20376560533678056	0.156109161225524	
0.05556766293593086	0.04774500656365248	0.0	0.26759730445697727	0.0	
0.0	0.20751731691318023	0.03120644605801194	0.06346726519410212	0.04207836422225682	
0.1357509333881303	0.13982609406191698	0.09635450699313301	0.05925981352782889	0.29054691093797286	
0.2581619046096688	0.2464011172694339	0.2380088248356387	0.1918962889525026	0.07082625136682218	
0.014475177778256425	0.11950507563804554	0.08590455124740327	0.29351221325457877	0.23348261208739363	
0.0	0.6807875637562655	0.0	0.30769621314376294	0.16501142370107502	
0.0	0.4643489086841849	0.0	0.5403660914140231	0.0	
0.09136414928478968	0.08140236327875965	0.04872566557181303	0.0017720875765427561	0.020020900491303513	
0.07325701908278667	0.19210502173561067	0.3878277829598776	0.24994948047025575	0.12470042022959495	
0.0	0.0016728503349684345	0.1179557333189976	0.16528980140720112	0.46701426958276915	
0.1359256520396233	0.19212126380931624	0.0385522532164932	0.05053748650044312	0.09951710845949127	
0.17403390473465408	0.2561895734146945	0.20523904747049798	0.5765800225094196	0.12308758394010581	
0.2050318655342065	0.0739093521915772	0.028943317923492657	0.16114011335079004	0.16770319289165053	
0.0	0.06096593268266263	0.20145954605041919	0.024845902565549055	0.022030058911503815	
0.07281814167119932	0.0645973387094086	0.005038403914275506	0.23643226619122545	0.046984323901432916	
0.2775975433549009	0.16718855978530714	0.17738506652887479	0.25071656134174336	0.019022127745589923	
0.2507931966633547	0.14952120942455743	0.2020684923048633	0.12627437482458412	0.0	
0.22494269539271974	0.18339541278418744	0.06702208862003603	0.2997871798132569	0.03974876001785475	
0.26567293687128324	0.15312351205585006	0.24993743544560143	0.28600966607270795	0.2831632213305126	
0.3503184137002345	0.0	0.029936731763534664	0.1497526700191273	0.0	
0.2961273312574871	0.11509901655972025	0.01611489828977784	0.6375833395053988	0.007356510298334553	
0.05278549149404383	0.19153379210714835	0.0010097569272858892	0.21680775126729776	0.011521620155858357	
0.12258645981443916	0.10961393643248198	0.023530023962705465	0.022360841546872658	0.19560164053797385	
0.14104975285586993	0.2335551308581881	0.1623754006399279	0.2237366591364321	0.2559551564168612	
0.0	0.05862588278609124	0.0	0.0785696754683054	0.0	
0.30255590925533876	0.39610075265960054	0.0	0.0	0.2546950809275377	
0.027560380393673933	0.2140341966956596	0.11831709860100491	0.23281843879397107	0.1875343678923058	
0.27699146882864956	0.15477778473741274	0.04790051360430954	0.23310454555769672	0.2275986981242288	
0.28676039114013435	0.05193442617320955	0.13194134937651775	0.06439550337398872	0.15417959601635653	
0.07179640479529482	0.19858215297469556	0.17534290278684406	0.251228380661893	0.07242963435991748	
0.04977461548872807	0.034618316204490907	0.06254471195642121	0.14255447588529394	0.2176263123356725	
0.27215518371204706	0.003007126483366476	0.0	0.3859124081840016	0.09519167322328091	
0.4811035177890899	0.0026191318873156335	0.0	0.5380438761008816	0.0	
0.19207179126118956	0.1478757212346112	0.03547878216878379	0.3399402792889198	0.09242762915069554	
0.11302850591659346	0.0	0.0	0.010724664653627808	0.021173802163834497	
0.01567566795424276	0.0	0.13385043017508988	0.30697060247795566	0.17132087709523294	
0.1522729063153404	0.3865267475552699	0.04922100328427698	0.24729866130173184	0.2778648597235227	
0.38613678965640474	0.3504378636211552	0.40392866342358363	0.5100454928629606	0.21904247813866082	
0.15320896055104588	0.17946012159301641	0.09301833103510229	0.2996010368464628	0.2942367941873454	
0.22022391911107286	0.43689564653946106	0.49751796593743147	0.14918196912804438	0.22749986913573483	
0.029632092445034525	0.0	0.17485343154719993	0.1392369877878355	0.0	
0.2964547073000167	0.14003631545238	0.08778886278740754	0.3931929352748972	0.24146759843887	
0.2567456694609976	0.147211738697435	0.27187012576866293	0.12671454827163955	0.05495107813090019	
0.09910862150260837	0.28732360443561195	0.07131608429060392	0.094814921770367	0.1936772598875054	
0.17786334793472824	0.14490564978400286	0.2427224944414848	0.20113881206836334	0.06594132521264141	
0.1161419292405527	0.10455526299133983	0.2124938624294373	0.23170972646957994	0.0530073662241969	
0.1980888312699631	0.0	0.3250262464115073	0.0	0.09048025357963202	
0.28173776811265683	0.06495773570500174	0.27530312307295124	0.10643102809860076	0.18189296217884435	
0.19515671655458144	0.22898595167549407	0.0	0.23214496577919122	0.0	
0.29973415667793757	0.0	0.0	0.0	0.254226840620398	
0.1285893383319497	0.26939229127216074	0.2938887767398467	0.24654804881947504	0.06449148371542897	
0.2740945229702726	0.09774385896742357	0.18624264175298383	0.2620430361409588	0.17160228761459065	
0.22786760137774945	0.4542343878742684	0.31333648219733395	0.6306749346428591	0.44586258849325777	
0.0	0.3581035709339797	0.0	0.5392879791340192	0.46490686868776687	
0.022825362408198924	0.0270335967625294	0.011406691498986264	0.08341938340749723	0.0683786210046814	
0.36959960962011534	0.5053859489413299	0.0	0.5307122676215076	0.509346075510344	
0.0	0.3389318266131046	0.0	0.19696893459382744	0.2699611151894677	
0.14868850322034283	0.13449854363975394	0.0	0.24539284873784653	0.0	
0.13862521840586178	0.23844650025305078	0.008365085276714462	0.0068217255353484685	0.03850816225411792	
0.24457122363989586	0.27224631299241897	0.2522403221673899	0.13206499110726805	0.2017251414216896	
0.0	0.49809069031086284	0.14840448870532916	0.042002775961463866	0.12324350792528443	
0.0	0.1825229395894358	0.0858705490818517	0.3820482275252321	0.08891708998069317	
0.23935638802193468	0.04585465521325889	0.31183500479018345	0.29033889936590906	0.4020353958128601	
0.17943171956822138	0.4288718888232207	0.2703275420553477	0.6337016680323723	0.3718680977689275	
0.19579463590365218	0.08440476033493381	0.0	0.16602966578560444	0.33792239366067844	
0.0	0.1321422416173502	0.0	0.0	0.1726058102101934	
0.20035083286835564	0.1327711919275366	0.09410391346316732	0.16028842126027698	0.11392723605441087	
0.18296507349074456	0.4572073159784602	0.10451188039978572	0.1947768548189466	0.26848771515469566	
0.04894142452356518	0.1224906442868667	0.2862795596483259	0.21392041426025635	0.1610263678548059	
0.4245231118385842	0.2815422097163371	0.1059795852125269	0.3773874382897406	0.14830942026721086	
0.20271294157541625	0.1286972187811115	0.2233457537864065	0.09042364105522903	0.06637973289157525	
0.12889710300264445	0.24130257734614557	0.08933628172305957	0.060487741683174216	0.27808438581293576	
0.20392778131164882	0.2557790926777519	0.4957143253315211	0.3635868143266802	0.15277640314746058	
0.06255421316878387	0.3905615652370895	0.0490802106459335	0.5233814671887491	0.008829359647664948	
0.07495609948597297	0.2921985599979353	0.143409118924088	0.2329238903301011	0.03064843325324332	
0.07181329455447256	0.3117804577016194	0.38633925967795457	0.09014110068866137	0.310107820284982	
0.036770821087680546	0.05775397489741058	0.1636331425403594	0.1808627984358994	0.13978657289816188	
0.272211282561836	0.07867842829373617	0.011946221372203528	0.04154767670428687	0.15652330537502082	
0.4131486796691039	0.20655139562092248	0.6075199616183499	0.21055055519726112	0.17637020596053377	
0.0239061414805479	0.22707472865684517	0.4782336153945967	0.36507384796125053	0.11723606518179737	
0.03783090330645463	0.18974006782444713	0.2547377812315944	0.20238620003638627	0.14751799752585054	
0.12190536347132568	0.15405479626632593	0.0	0.19357910125455627	0.06767641433087275	
0.23179601852033818	0.09323377890807347	0.055367327584929606	0.30164451914412155	0.03821874798512358	
0.2883701560563816	0.2761842627037613	0.008465834828353985	0.09712674016950022	0.0	
0.019814312443781568	0.02382410862625416	0.03305784512216577	0.054623889744543005	0.018430631843815055	
0.08339324273410689	0.12262387116055087	0.010396946853867155	0.1982228411291184	0.06452891735118232	
0.10107918661363971	0.10179965606761152	0.014032864731684603	0.21432849768115517	0.01901063419366107	
0.07269708465296247	0.0	0.1162758845973057	0.658839849004205	0.13013938537419834	
0.05428020720698898	0.12247155328667739	0.3617798530606184	0.4190703053254575	0.3422264236253974	
0.4978025590553006	0.0	0.037587950417880205	0.0	0.09915227565110334	
0.4318828872913989	0.3561634589840271	0.20653601242297911	0.09094420644025089	0.2544421411729875	
0.3697859057212869	0.10830916767895832	0.47703989516743084	0.09181137369963759	0.0	
0.23187603682573624	0.07593111350619723	0.2049263709722158	0.03857596548960616	0.281802807535474	
0.30170392744313923	0.007199994558344718	0.06970604950559138	0.025716774445924864	0.2399694807983485	
0.0	0.08159387288980063	0.09091007912675195	0.2611445181722334	0.12851033612732254	
0.0	0.13487771001912682	0.09447085159433372	0.2247982810379928	0.0011978948978790171	
0.040647404321936385	0.0	0.20477156818919842	0.0	0.0	
0.0	0.0	0.0	0.0	0.0	
0.25805952644885866	0.17198771900157192	0.00265320806203762	0.5509526559613827	0.0	
0.17958213154999006	0.09890146176974464	0.13303066042885517	0.06922453383003152	0.1293561753120728	
0.0	0.28044666027743703	0.5616965607749895	0.16412136250164341	0.03668633874976836	
0.208956784085884	0.271666573100239	0.02607615478213473	0.03883509087106128	0.2295355832930634	
0.25558189262641917	0.21133807625044848	0.22407652409929454	0.2907421017785188	0.2954221813208897	
0.026803451065801495	0.08860253914170399	0.13809776580100078	0.09776732385231934	0.23219218271685754	
0.3932118855890664	0.19688956495701324	0.1879726934967623	0.39990097973580097	0.3136261078338114	
0.14434471769897267	0.14574608076938844	0.11762546068478434	0.010525520286866017	0.061363492562907726	
0.05241694965389335	0.3841567014224106	0.25897489531766665	0.11160761559716564	0.4534248208086634	
6.474911152238714E-4	0.15753160322692042	0.13500900376080557	0.08822220937827176	0.0735874386666674	
0.0	0.2592391135225507	0.08727381105683997	0.09767015906412393	0.0	
0.22780149956978862	0.05483636989208422	0.21921530549589763	0.07529651616545459	0.0	
0.0	0.6051302097485172	0.21905009953451715	0.0	0.0	
0.19886558820983374	0.09908631755515682	0.194553607291188	0.026730428219706604	0.2922706642568913	
0.318145027120751	0.07334417691781846	0.056903753767989715	0.19412863161945348	0.08300060056245928	
0.4139455319985288	0.49317377274433905	0.0	0.5488216801348408	0.4239649544974881	
0.5121692788175921	0.0	0.35242983311902054	0.43031762225366466	0.0	
0.3948774880929998	0.5637921264644189	0.22824244577839972	0.14355347196324064	0.12138830392839954	
0.15959328311213294	0.2160198559537139	0.2982204831631992	0.174517083320747	0.16674966647759681	
0.2824973957006141	0.20894736595814473	0.13732471446823172	0.16190438609126384	0.17691969619304307	
0.29140534784594374	0.033265438791996546	0.04721784297020799	0.27658832550648327	0.07229032998297244	
0.0	0.022389977376946292	0.26841354842809256	0.2075631947206246	0.1535880638285241	
0.2401403919830783	0.23078220550737538	0.15490775684892366	0.4394570015310031	0.28986707804168965	
0.2421864931546577	0.00882472814021708	0.19679473184049676	0.22214609961598594	0.15453751505805224	
0.19508958803051654	0.07624630881305737	0.29806548845588277	0.1231180811164087	0.10283148991399653	
0.2913215974315584	0.0628668244898749	0.24238170769831632	0.26159067718536444	0.060565465157669314	
0.24249053100118848	0.1780428601747298	0.2399568931533606	0.16871522986429052	0.010956724302327922	
0.5383582655354034	0.5303334474543664	0.0	0.0	0.6640491024083228	
0.1067330557887533	0.08867509695434386	0.13200696939423348	0.2237339740105154	0.06197452468839887	
0.16977094097682463	0.07292939830492212	0.1154068162220596	0.2910609578931942	0.06738204277681133	
0.13756370548064067	0.04293239870562122	0.5470403165862363	0.6907158985773466	0.27203275008602307	
0.2938966707413669	0.25007004725121323	0.28178066144255887	0.03940192026489646	0.23631704694845557	
0.240003562731784	0.23890107029900698	0.15915556114899398	0.3169368405448149	0.11680623780155167	
0.13949034047521708	0.2861559972476955	0.7368219882013657	0.13904255504501625	0.08112346026903909	
0.22738262989927452	0.21103314235129778	0.19322055129111593	0.27453204503761874	0.09190433014031164	
0.1618463491163364	0.288326132676527	0.3477870543076884	0.2787244407203285	0.18981310652260644	
0.9042682835527773	0.5388110027062077	0.263669006216266	0.26795167620067667	0.3621197439250408	
0.2527137529929373	0.07412765989799362	0.2578189356261904	0.3213021897425318	0.3733703989175877	
0.28738585513338827	0.1337248038627135	0.08273219269481359	0.05258075070913889	0.08927746597216657	
0.07458023201678494	0.15307949389352538	0.002860250618493939	0.2865116038860558	0.11859847147823004	
0.07166664814408608	0.12919422442464024	0.019342681690224142	0.03610556724350835	0.0	
0.0	0.0	0.002682988742768906	0.0	0.0	
0.10511103329339974	0.20883975388846954	0.2514009984929064	0.13461163319360933	0.2567891279166182	
0.29083455734706054	0.12435513233183747	0.15697573448227486	0.19629143874045613	0.18139424499312837	
0.07798874339241044	0.20612224588463063	0.05043727484880962	0.3227728479368799	0.0	
0.3104468879712427	0.1304555841426138	0.5060499422905741	0.39049467341774413	0.296473312261355	
0.22101157912658692	0.07864074550144348	0.18135978722092277	0.12567189007392773	0.059975181851212714	
0.24738963488090096	0.2819918625642222	0.05606657673543249	0.03018531734448975	0.2757308639229705	
0.2906839415601206	0.23724771750850843	0.09700675283391103	0.07876960846733244	0.18023963644610932	
0.18289337400276007	0.08984342310565774	0.14615341888711494	0.06832633750003955	0.0	
0.2989752723745515	0.32110380869072963	0.3811737997920376	0.13531350294701042	0.28284795019658543	
0.18155320215730167	0.047577191514620316	0.12500228714453016	0.13466913879887787	0.13357779191021957	
0.36634074902152824	0.3658797967252844	0.3350156936491248	0.21569203670069734	0.13352047687879146	
0.4270565593315738	0.1138984562653184	0.5244910950071158	0.19740610457230787	0.16311560989725435	
0.008686274511409508	0.27437539865802596	0.1472796827647239	0.02091550646916547	0.10956101032511947	
0.10951517037832009	0.05136318029959155	0.0542844107802312	0.2800682307817102	0.19898244301068818	
0.0	0.0	0.0	0.5053683601001961	0.10686480329062202	
0.061527504354461436	0.10217931405185994	0.01143881911538187	0.27152115651141295	0.03203692331262956	
0.2757760020998857	0.15863341822888424	0.0	0.24038129397910232	0.0	
0.02360846297823996	0.2923623957977799	0.19515282280778007	0.25950576931882324	0.19630126393124384	
0.16860319585692882	0.05980363821190173	0.0761787127175681	0.27822715921299707	0.25038001885751165	
0.05389922799795678	0.0	0.25101402655409966	0.24079649902339031	0.0	
0.010396474049280454	0.029879828707726933	0.15412146687475417	0.02331404681830744	0.0	
0.19278753767138326	0.20946072558200704	0.11602711049654224	0.1432226855167877	0.06300545235199007	
0.08180619712474005	0.08336856843652254	0.06635750873532426	0.041696170803359696	0.01652059194394378	
0.2924590852788455	0.17099153427258196	0.082740395063862	0.20050603423098665	0.2193537039601216	
0.4195185204749329	0.1288025075252386	0.03248145573869604	0.3585126630082003	0.150841343435087	
0.16480711475505097	0.07663016748840587	0.7717951902333777	0.7482241567376805	0.12667617789340246	
0.23542028925185435	0.006538991887159741	0.132962551298223	0.15153311095408253	0.20633839011856886	
0.177175730440269	0.5485196698126207	0.7216957192524468	0.30237695240954493	0.28088712449066183	
0.1492343019272262	0.041250351906360186	0.26793635093978807	0.1966980194751271	0.2055098347332652	
0.5830775998073323	0.41523374433331983	0.48609736958231947	0.2277128027373843	0.17896705785148354	
0.16548255930965264	0.0	0.0	0.0	0.0	
0.08415329736545754	0.3419507393277828	0.3332086636435863	0.48383234149133336	0.12046424794286349	
0.24230087705521755	0.29415321101937786	0.1872208843719441	0.2393483447899918	0.04857566309098043	
0.0968145663349902	0.09279532839191477	0.13396742976298373	0.05252647419226835	0.044398409560518874	
0.15100371476568702	0.016408754368118124	0.14224364716328605	0.26141738435044787	0.15130421347430753	
0.23857678350031955	0.24150613709843427	0.05599660950990839	0.10347155014886687	0.18940031632769683	
0.28452546369781334	0.06382040498392014	0.08021536494079336	0.10687384130812037	0.07918062021748673	
0.17077492197588198	0.1429273955936803	0.25312862787113233	0.26890736313233	0.07592251758765828	
0.10833320642396962	0.027964037412066108	0.008963089320068148	0.06740720075218959	0.26323052648457174	
0.28708892134214054	0.358568219180364	0.08860770728236464	0.28394634450294187	0.2978431416446484	
0.12762084763624684	0.23249585202400025	0.2855809456704392	0.15343771459169064	0.19610838019770277	
0.10728330681400398	0.0	0.0888967019773323	0.36380697216506286	0.18373748882431282	
0.087807113993697	0.0	0.0	0.0758771904307727	0.11689219347960932	
0.1829692659409786	0.13374607026606392	0.2935255281450126	0.253966330107613	0.24602242893779128	
0.1403826255867686	0.1583908470610518	0.14137090321059748	0.0857430293099259	0.09832007634967627	
0.10395986163244776	0.49753786454809656	0.6765938770926498	0.15340752481281023	0.17402477284909565	
0.11993158665873489	0.059427137291117996	0.30962202705175	0.403514473458053	0.21430006669806428	
0.0	0.0	0.0	0.900064342775323	0.14833932430538613	
0.32797523708054943	0.10372965893987977	0.5029796675433715	0.22865080830963555	0.4178326257677999	
0.2795870313675132	0.28916991859697316	0.19699793709755584	0.013415480005779428	0.0838940059370586	
0.13416743099501532	0.6350626063886471	0.304167554156492	0.29782600213783317	0.30947524757151673	
0.4608009997689765	0.05251097312016401	0.3876372221782353	0.49809730381980644	0.5171741996286434	
0.34181915334492396	0.0598222559116232	0.2806728977156241	0.22033628327831004	0.18303608142341132	
0.0	0.0	0.0	0.0	0.0	
0.1660680241878247	0.20461957569891087	0.20143685718966062	0.017918537818689097	0.1562524767409878	
0.0	0.17880914196861758	0.11681072232744633	0.0	0.16892181316703803	
1.982705948709584E-4	0.09434373464982788	0.0	0.032413362502422584	0.13683589510694236	
0.4163266403988275	0.4227356899417931	0.27408861931054096	0.38770954628232246	0.3012798844590028	
0.27231154925680157	0.22445147647959873	0.2835000058402842	0.2392793184177149	0.1861073967153906	
0.10929551251228964	0.2944530076041701	0.0811652388641512	0.17035043869779248	0.18824271787957444	
0.1366222757540758	0.15737103956818754	0.11309884859843526	0.1382251370267609	0.17117404253178067	
0.11293181288748906	0.054515619229346494	0.28749556939004606	0.16489218269875747	0.19933135916300848	
0.034039035994170116	0.10806681542193938	0.08448185276533672	0.12200576707378824	0.14895951464400337	
0.011909954867578858	0.28623779440398145	0.26316413819845524	0.287290108618231	0.24374076100459618	
0.0	0.13448770407946603	0.0	0.25524674526376523	0.005626273813096555	
0.15086701801421282	0.0	0.6335696175158029	0.0	0.18369839466932714	
0.03276952766768939	0.24706871739398367	0.004413421364823959	0.0	0.06284676093422725	
0.26277016076118237	0.2544147552029822	0.24200873555653715	0.0	0.2006925579963911	
0.3867384434949747	0.0	0.21392096932472057	0.15479922384240105	0.04105735001978984	
0.2128908152958729	0.26773928208280773	0.05658909817878257	0.19572930125109708	0.20132669516703838	
0.4390565265327801	0.0	0.29593255294525594	0.36607370660209987	0.12939853833142398	
0.17183852379761613	0.09538526057859467	0.2667776374687603	0.29956262435231756	0.06903081931621971	
0.10255478830716315	0.304156032026513	0.19311237888471683	0.25688983271793286	0.1636417530979354	
0.2582186373553469	0.17980885143164377	0.06565461952371887	0.11257406319533585	0.16645000207416175	
0.09367312381165527	0.023864372947973334	0.11306028932547774	0.04386863467414528	0.010038921168153862	
0.009265807032222875	0.2226681563231639	0.07028508373736103	0.14713901944295243	0.14910350711538678	
0.29752327047453114	0.10365027432264383	0.10903077845862719	0.22628820626719964	0.288301148577849	
0.09809223927330536	0.09997163650895936	0.09853641995210416	0.1981528034250831	0.13285658239947296	
0.06370392496786695	0.281694119280018	0.14665074581676782	0.14936433461045381	0.004700397882698942	
0.2954595672618499	0.22745357718718745	0.5330888706338456	0.2643793380745437	0.3377053959551209	
0.12110636740652857	0.13542494633266403	0.09663592244330164	0.17210294985141633	0.12651879140810718	
0.0	0.0	0.22623685158598797	0.10178079305091903	0.09923623347041309	
0.029730580064154678	0.05772675930277136	0.07523892020402581	0.28750369424037964	0.2229714994693792	
0.0018421337769496888	0.28965992118781037	0.040853973768098406	0.02357767922495332	0.27535960035003415	
0.0	0.0	0.05598254449320157	0.15663728453710649	0.07298596401157967	
0.234059992661059	0.2546329241619213	0.24437392219273127	0.19872089758763162	0.27311311703625013	
0.10854730536126482	6.657864405492112E-4	0.0031951790731135532	0.0	0.20470422058227206	
0.1861499716149428	0.28589393870729296	0.15025676528230597	0.29415323695092915	0.24382915301170233	
0.18858482442329733	0.25325094493818406	0.2085384642755678	0.2501879203339589	0.2385362844290238	
0.27734702883564144	0.2818151708850646	0.24031991014819554	0.21090594192109174	0.15775093739712473	
0.1909656937209989	0.12253070437496848	0.23791553575350938	0.19256944338241275	0.0	
0.28362270559533553	0.28220087904048974	0.239990477547338	0.13636743201477192	0.18382331644215366	
0.31610119484954713	0.4695895688569382	0.6660710381055052	0.23666192613858325	0.570141692294638	
0.26038574426452027	0.1693418271723977	0.12894527600018096	0.2831607597761491	0.011177558101959981	
0.1681551191532433	0.0742070980124064	0.0730824748081771	0.1673785824818804	0.0	
0.013127547612201234	0.0782066215537992	0.2752542666188118	0.10648242762204914	0.11484903019262983	
0.07354123780588426	0.10291552982078354	0.12047702112350041	0.06445621677856822	0.14107299744394222	
0.16018183967059754	0.3719207346812467	0.12879619199424788	0.27095355446106534	0.27533347781167383	
0.5714688951370663	0.2059239548905144	0.395855397242508	0.052749327533255924	0.24236428484263198	
0.16831338207786162	0.2572224156377886	0.20883604794987978	0.1942585313969798	0.2810606775685677	
0.13946898341196076	0.22715877121006442	0.15596419484115095	0.1044156718345356	0.1443654910306498	
0.15248523277734521	0.4387369412656919	0.12992914919548665	0.3298190003925505	0.0	
0.004611646817528142	0.19403833240230062	0.20840317748537693	0.20882022654864504	0.1965875371606888	
0.20869691339113317	0.262176427927827	0.012678753070417525	0.006805911554572854	0.03217108511626628	
0.21810375356325876	0.2065825561223881	0.12643474273415709	0.16892312424587488	0.2649882964324037	
0.2548023592654352	0.10839963145263858	0.14379568107123306	0.3000174403525402	0.04087403282639247	
0.08075540305305687	0.13882742691049063	0.18917515979163813	0.10537075163630516	0.15414034360626408	
0.0254536057453053	0.05736723903924438	0.13634671725419995	0.06384899513913463	0.10760693006278105	
0.12428996068538413	0.10816743186201438	0.10292719332989446	0.24885733493106563	0.2478188028998223	
0.4406695847196735	0.2207148059875826	0.11353755917750046	0.18591525353701596	0.18901105153944972	
0.13749862497172835	0.5684839607932106	0.3301687391413538	0.15947671164167043	0.21462686971076483	
0.22659015327786802	0.014028206964264647	0.06069930715383525	0.08499643560945809	0.0	
0.08247407259025047	0.4157554566097551	0.20949132078644922	0.28959981483638836	0.3472064677745932	
0.1906058614541466	0.25189732511627005	0.1723189671722843	0.11287315592268063	0.201591845830372	
0.1592204450785099	0.48025474706566423	0.23441759711439683	0.0881141439599612	0.1546659850948403	
0.20380635658054153	0.2119812509006897	0.0	0.20979731074088354	0.2077055216813074	
0.2040881472228706	0.030508714765694486	0.1115149201749363	0.24437126742954876	0.203163889413062	
0.28658482839012317	0.19945660109951213	0.2230905025028331	0.2316182497556764	0.08034387585776588	
0.11552573256795068	0.18418181152260985	0.09739673725219683	0.15983144493620416	0.24964857692531514	
0.3065899747343778	0.17868164414023918	0.41961411910190205	0.0	0.3820435907054863	
0.13243808375039737	0.022735648558571114	0.19042241821072192	0.16887327684659975	0.17801374547127302	
0.021075278846327646	0.2376079250880439	0.28565333107821195	0.0752912974844632	0.24838190915618638	
0.0	0.25772444528798816	0.14101839062856011	0.41408734167415534	0.020069436311761623	
0.17357685406059983	0.058999775398366316	0.11379202128789671	0.33910739568477444	0.10111116228077481	
0.13617200678086663	0.26758340441915324	0.13757908084867612	0.09403540576335141	0.2580431831362643	
0.11529187679957567	0.013716436055081764	0.23218595958542512	0.07088940760704246	0.2573356534956726	
0.024272026724260747	0.2752913928316319	0.03185516377858774	0.09797169408045671	0.11801353742880683	
0.022617899955181712	0.24981382587075024	0.09777343896279038	0.027390207695380947	0.10075806357101143	
0.19001028253913035	0.029407743678301408	0.24525883098841475	0.1113998162591897	0.26872261588538826	
0.0	0.3515347290391993	0.2597694658703008	0.16022219473804675	0.34383524079905076	
0.14689068134140448	0.19377357370502366	0.2960478843013365	0.1223775654881448	0.2671119453674899	
0.20685899471620375	0.043474453294794296	0.08972426188898926	0.3069693880494185	0.27626592385998333	
0.16490673825310462	0.07930257896381453	0.24450964982966986	0.21369233836460302	0.11578020877749184	
0.07873113496231972	0.17657417736479986	0.0844629968888203	0.19957239581351324	0.1660514718958203	
0.08523930736931667	0.17266130190616086	0.010029879795365461	0.2966736532476028	0.19743768606404455	
0.09744541915273014	0.2003070441584795	0.021633571439915938	0.0	0.1053825148676026	
0.16639402801783473	0.07164086124542685	0.25889296644889714	0.19603904189542112	0.17890504793486098	
0.021934570218898292	0.10046847125121372	0.12116461479282815	0.2081801428328635	0.1174787173187892	
0.2593138758136033	0.20121443959893504	0.19512388766095373	0.13139720219449352	0.14682611325851522	
0.2826895200316679	0.03689877850451359	0.11418475689417754	0.03186252372776144	0.20364729747797528	
0.08029448099683414	0.017228665948443207	0.08639269850883372	0.03772287368641433	0.023621542758285465	
0.0	0.0	0.04999797635140694	0.04247960639172565	0.0	
0.16313320777420065	0.07223164878341878	0.007578686878691655	0.06847440259757216	0.15720942059397122	
0.29955799598378313	0.13662891884540998	0.14574531473160163	0.20448721479292492	0.23626127790079626	
0.08899541042570912	0.2389157121687219	0.2313226995240686	0.2885684534229798	0.23737924260888368	
0.23125224084000895	0.042577702515512184	0.2745392821384166	0.09614232586509672	0.14579353849957738	
0.27126378188689126	0.07511798834245392	0.05798531265719459	0.10510796237900842	0.2905465895895102	
0.007698737015303116	0.01916388399415243	0.14458752038778627	0.009957257840958526	0.18486102152851006	
0.029221067437319975	0.15664174812259912	0.3881294549190332	0.0958932293511267	0.23511681877108032	
0.08377056097497296	0.2907135989763995	0.050928187480685276	0.012581590677586074	0.26603536926970683	
0.11615358378038945	0.22546488324344938	0.10469082339348092	0.16156884570075433	0.09319540179583553	
0.22413386893893708	0.21968099018512782	0.2611156666980329	0.11541188848581538	0.1449784911010223	
0.19772841754962758	0.21347863007822415	0.3311290598081487	0.26064060599300776	0.06468125011784624	
0.30818768988647127	0.3181955251463463	0.17988937931131818	0.21086711962726537	0.1680545572178122	
0.4616231285159708	0.3748948687955695	0.18569475462057733	0.6255642454444847	0.13503142252318082	
0.09803348032046316	0.08214787270421059	0.11115903083927862	3.8866733978005813E-4	0.025349699539804944	
0.05166635999984282	0.1684657249130535	0.03797009168717802	0.20119530947348924	0.053561758836235485	
0.0	0.9456268445678665	0.28418984547079096	0.3630396330638816	0.2706693248172369	
0.11459282068763882	0.15192656918557812	0.20628665446557465	0.035961076143522	0.04082042559694293	
0.13980507881307674	0.11275950788576795	0.26888634020062496	0.16800765403595497	0.11513237905887541	
0.0	0.0017405493230976943	0.0	0.18996994452082788	0.015622747149619236	
0.0	0.20957477550894746	0.11453483655975384	0.3499413277241674	0.3115778931266312	
0.19809026144112293	0.24756909377354425	0.08416638231455824	0.19497904730397567	0.13257176267643933	
0.2816965204554134	0.26077990454679806	0.20534565486088763	0.0763640117333548	0.25219877462287116	
0.03801211958826017	0.32928366586564234	0.18968178013883397	0.22219667392821993	0.2643351307419143	
0.30043465362210175	0.04263113744211845	0.1396197974621597	0.05954605648848479	0.2258127419577725	
0.16986021521074565	0.18160848947646385	0.11484369433538506	0.2303396582526521	0.009834142093071067	
0.15418767119067267	0.4305061955732427	0.23611224564799227	0.24651136272615917	0.11763628474156707	
0.11266291887093863	0.14688750613702586	0.07719111351388068	0.16538129387312137	0.2552996155362092	
0.007938715224923456	0.0	0.0	0.0	0.0	
0.11454068588600035	0.06993376255752412	0.18865479039039992	0.05697810395837642	0.2546257560347639	
0.022794934550379866	0.542419241055045	0.0	0.18467239017424342	0.09057085475054975	
0.006834757386869554	0.031174807724475066	0.1104018377873259	0.33219440854144644	0.2474886585880955	
0.0038665893073581916	0.28453992360221986	0.21580792041271166	0.13082206742511765	0.25519789633422557	
0.2279863671626421	0.09715865326605581	0.249558356535853	0.23352420585587416	0.2924789518648176	
0.299252133784189	0.05427032269419743	0.0682218756645142	0.16667054499643347	0.08540417877477331	
0.12084653062442219	0.129858291008356	0.23065031749581294	0.19577082408071805	0.004525301281097305	
0.21984831038089778	0.2894636110942399	0.21786190160213376	0.010173198494046704	0.18090786654992982	
0.22758415983647964	0.2343389987479751	0.14472903099416592	0.030029817309447822	0.25734029529901725	
0.2611685884838929	0.18771929872455262	0.14744240192478064	0.297795204649021	0.06779837305949468	
0.42348437596546873	0.46621480399322834	0.2819031154723869	0.5354493931924682	0.23747987396794457	
0.023742502627821696	0.10540567817064277	0.21558889678091123	0.0614907357243015	0.25181988583352083	
0.23036723089129985	0.12217645410113276	0.2584914126523456	0.17775642491711724	0.12523989973529542	
0.0	0.0	0.07847625891778101	0.01929330423690119	0.018083052986594014	
0.11864497172354332	0.03700460865148133	0.16245755157015124	0.20529031458085117	0.38439964039426316	
0.0560141878906731	0.13394802443966022	0.20089039789954877	0.13362510203889508	0.1458757501574163	
0.01856981503212552	0.12497324363879572	0.10107196802443169	0.033212745759084804	0.17400320169805952	
0.05948748493923882	0.2609456564795042	0.035954749456603284	0.0862327752342002	0.0038607740351129355	
0.20708105634752835	0.23231291318700203	0.2104665998030693	0.14074537582015542	0.21329035462467463	
0.19525964886488276	0.18778517132207986	0.04076402607694148	0.12070804210959327	0.04810034912528074	
0.22867496691461506	0.20883699538070585	0.09500015403354331	0.12876521583621608	0.6713269653864987	
0.08773494158461843	0.1678887218349696	0.27127428676957593	0.03241504091473864	0.19397517658364594	
0.5158236323115873	0.09452890081719495	0.44914334102435	0.29428636599466007	0.2800198078034235	
0.007125299219610521	0.04864190265446225	0.19825485487459854	0.2512396176941026	0.14894984502662084	
0.051875098497262406	0.2750674067558892	0.15042105414967508	0.23799535727137822	0.2406453061776625	
0.4211409894422692	0.7124394319355275	0.25516299231617984	0.4402090711148909	0.2779583252448527	
0.3281930222674275	0.2979154195500377	0.2772970827673401	0.2692065348673106	0.1498659321984916	
0.10869029987326399	0.15635084852283088	0.3171868768411582	0.0	0.09406494964136278	
0.0	0.0	0.0655248902344767	0.01861636432413287	0.14262693633154064	
0.2904890141105426	0.0025249777644088017	0.1109940356526737	0.17012977160082335	0.1805106908992235	
0.18362571398679756	0.06350560860670608	0.09022734615389848	0.10088363631170567	0.06658449042984607	
0.1461317506336079	0.13714627741614	0.1373498012840727	0.16196032717468564	0.011323265535629363	
0.20584032512707331	0.0	0.0	0.2757680029963079	0.0411991199718907	
0.3831391975511297	0.07651177358168487	0.11788284924962748	0.011223058456994481	0.11920071961206993	
0.0	0.0	0.09335232928057106	0.0	0.0	
0.5144771316766408	0.1845356965047228	0.3702460577639702	0.24955741097096992	0.03233822584997399	
0.016387521473724374	0.13178900088008844	0.17976363796286435	0.21425675194844415	0.15128968460342512	
0.1596765259843617	0.0	0.10494502793160543	0.03939723745521407	0.03205988619666156	
0.062263581444146086	0.2884859417216687	0.19494347199303955	0.2320533296254591	0.0	
0.21298934854617646	0.048830824273346125	0.1974824345046605	0.1705481490196639	0.12513075598710488	
0.029384497270303015	0.04605017927500512	0.1305360305653563	0.195424971379483	0.012010537709660471	
0.0	0.015213772390152612	0.28580657182018243	0.18336042246226214	0.17683464208977426	
0.16310222851380518	0.26045193608707273	0.06165173802684013	0.2616284408077845	0.07457575348957043	
0.23950834314092515	0.0238026604660336	0.23742047017417484	0.06190843553161021	0.2907101991115178	
0.12754663683979947	0.08355544833323833	0.0293009418354299	0.09137919828835761	0.1579866840663368	
0.11754098318661829	0.15376278742823846	0.29929678963411127	0.05832544082214668	0.22733787729134314	
0.22154087734842706	0.2540307016790874	0.012440664102426054	0.29761617439994703	0.013560929257297794	
0.28108976516509615	0.054337860148382294	0.21693879546631323	0.01514430378039552	0.26244961265529965	
0.18760295203586536	0.12031283008913563	0.0	0.0	0.04811754403349698	
0.2622686811791691	0.051061583374958176	0.04404296165933789	0.28808679401202764	0.11273416579235943	
0.28113696010419126	0.2501940594814378	0.0848372779218887	0.19921608950207853	0.22308583639350624	
0.0	0.0	0.0	0.0	0.0	
0.1362350035427368	0.2684467047113604	0.22363941534228318	0.07016956301797704	0.1939140906885647	
0.2918166876258506	0.16297504380397082	0.2780637038236623	0.2823977694397877	0.27295346173687085	
0.18993294869854746	0.2042993272202511	0.49944589972650083	0.05234121986231076	0.6181745636117418	
0.06835892185657674	0.06888863243178871	0.25187460149988056	0.16790268995951024	0.27375006284401343	
0.0	0.47731884306302247	0.11763685832886667	0.3719698353465765	0.49759153088929486	
0.21509153584508484	0.051353215397452856	0.15395578933808324	0.2054106950391123	0.05528984359913583	
0.1360887998845644	0.26676238119103934	0.2573142517638781	0.270997553974869	0.04059805183852199	
0.0	0.0	0.0	0.11863867118681552	0.0	
0.2088736895683484	0.195382710240398	0.12271003335612284	0.2480884367223655	0.15599630335043854	
0.5986585662755542	0.6772125668554965	0.6140311893012702	0.3900371335371263	0.30259444830738647	
0.23700212926428993	0.1399897306287473	0.023475825127634214	0.2452297725330377	0.0323224496354647	
0.2925184804138696	0.285520932998062	0.11263986392287635	0.09311416801046853	0.010553581412603038	
0.0486649404184949	0.05478557386850273	0.2651828950113131	0.049368833690973925	0.11325850902167094	
0.11827040742817993	0.11913577473130191	0.11389164562331926	0.28791167170301335	0.2621641937466786	
0.28459557480484404	0.06390167101797653	0.1620772354487105	0.26023954020138407	0.09389632539079654	
0.6164421904909692	0.23022149962103647	0.49597195771911573	0.07823573513885014	0.384083852599597	
0.1712353068820749	0.09688029254944223	0.22529075055999198	0.2564048618812547	0.14256843301573874	
0.07174488228611398	0.2636031337789282	0.1467846720677332	0.0353486447921601	0.2284801654070819	
0.17233152366193683	0.16648401773682908	0.24811487356352563	0.0626958332296847	0.01290210576816306	
0.006989256989900176	0.09513979732918477	0.21364202125474127	0.24958348227323587	0.2830738895835078	
0.11561798855861614	0.03666249443715546	0.02250634716928252	0.08384677425416491	0.18110293320383336	
0.26792759324695764	0.15307476425077557	0.22005877819053124	0.15721247414994288	0.2583008570398366	
0.2615884168374638	0.214480038550894	0.11774303289435092	0.03274382512903467	9.591708541168553E-4	
0.08076644318476661	0.11495932449896006	0.047182703354208794	0.12198536219942444	0.20524014376597788	
0.0781334378328009	0.0	0.0	0.001655549797754962	0.063538835074224	
0.07029320322031725	0.17018213932778464	0.14028609907999004	0.2427047957136108	0.25159863794796555	
0.2780900311210406	0.2526335652999398	0.08025157628500589	0.11259980020790221	0.21637368194833756	
0.06230704865335467	0.29264597103096895	0.19762327391285925	0.09159173895712301	0.17207256482306013	
0.1465472350439167	0.07685104310288723	0.12675720586075243	0.14237943871660905	0.18665605475314462	
0.17540851711472488	0.34880408016154146	0.1270644499029081	0.46306218752454126	0.22853674280082048	
0.1344326363539706	0.006929953136794541	0.2683903016953951	0.17274336363306944	0.23699783923483259	
0.27427293152228166	0.29057535772778353	0.24654124074425876	0.010317915749999582	0.012918992840416295	
0.14831780908230915	0.3388336994587574	0.3134701931318946	0.18444209349110866	0.3589723405932962	
0.032917445142447786	0.3281332260259152	0.4338412579426934	0.10938226880269457	0.10667315937553296	
0.19601221723233728	0.11550628364836064	0.13180168072574652	0.028901274889747638	0.2048245085971844	
0.04492219833898521	0.20060657677581115	0.2711982771058542	0.09685062122542466	0.2921752872048731	
0.23901862662393825	0.6582788790678991	0.29058252084021474	0.23173008594850356	0.2163134411281407	
0.0	0.0	0.0	0.0	0.0	
0.17009131501170344	0.12212931836836365	0.24080288010356515	0.24124560355623084	0.06840112666775047	
0.2352218464422708	0.18171907716692132	0.2776088843404788	0.1303666775566215	0.28983527079798066	
0.204789653864301	0.10467779741921628	0.29623944150825654	0.3074425152185234	0.09966166393303742	
0.2832175573563867	0.08877590122246075	0.04365010345168389	0.14216968369020905	0.23031716312562814	
0.1328159539504022	0.06938651370122245	0.09372158413815229	0.0854036080595971	0.0	
0.25572088275145394	0.0	0.021884561719253074	0.1263451160779131	0.23527850871045267	
0.23797509478388612	0.040931484778014025	0.1480811015135182	0.280083479215678	0.20903978780923924	
0.31555173705901735	0.11099755333211198	0.23727013301757197	0.29851727766948766	0.06510321419318531	
0.031701195180408134	0.014089847259754368	0.06675955376023797	0.18265847895670373	0.02578524959485833	
0.11106351693955124	0.2227381809123823	0.2518170677713701	0.09566767544968137	0.024239978467174572	
0.0	0.006642875798511723	0.03477687364683722	0.05353277980318955	0.0	
0.10898157241409473	0.29253414309531744	0.059685326886295936	0.061183807718356444	0.0883224603970456	
0.12976724050735322	0.13205316482144544	0.25988752108303154	0.29065324328407754	0.11298699477326044	
0.22093655258224854	0.19995506197448715	0.05722793950599974	0.07604283650921781	0.12249413892763987	
0.11365332286944983	0.0	0.05094869647586283	0.13441671575409886	0.0	
0.23480078400667442	0.19023813936333528	0.059748869055226195	0.22506476064221462	0.11491150638534475	
0.19155750897310198	0.6020510862670553	0.17032878448811473	0.3829830227719858	0.4408750398198527	
0.24507933745405397	0.07206011102726713	0.07363634220328465	0.11971010928638666	0.1611023082534413	
0.2363193309303894	0.4054831619064594	0.24450767061558965	0.31760841084583225	0.22942079421879977	
0.2724451972607002	0.07887283786361114	0.2583843222687119	0.06458770580533718	0.24667052301388342	
0.2181759288601332	0.06171859601737512	0.10690413842538495	0.08734679094689213	0.24579845064728376	
0.19965901864632382	0.009264326072529125	0.2917880250307622	0.023254852820759352	0.20835469067406903	
0.2987168592046916	0.07577022513308888	0.0029726145066842624	0.005412247893056951	0.2525644670371583	
0.06101758931422769	0.06213052616514245	0.032957780410916716	0.02197519841889874	0.06834818422259185	
0.2729399490983131	0.10958696609719357	0.2725017180585831	0.028953278025390574	0.25958132895339675	
0.2169566279953834	0.0	0.044421612074605425	0.0	0.2428944817200338	
0.3057690748156126	0.11780612431941916	0.1632400868637414	0.20782621982832034	0.04165993891586551	
0.08715614238322651	0.29589155952374513	0.12794589840756404	0.09804081724803389	0.03362924226426782	
0.0	0.1057411465193981	0.17610989352381828	0.2578104260416501	0.0	
0.12229120951938229	0.12661658935699885	0.2942181184257812	0.07115699461124769	0.1146297803268223	
0.01835795145916164	0.0	0.0	0.0	0.13160261364589798	
0.25198937284686995	0.1381361091267192	0.09938028451949356	0.08871130267418785	0.17642598581342203	
0.17302686539721027	0.2987498577838261	0.24314348247542014	0.05630296921235964	0.2367394279079148	
0.28963078354733895	0.2712286430265181	0.04124551332257301	0.10507889029640248	0.2676107791008616	
0.07384344053123727	0.11988760316647791	0.1394677161147327	0.19958692206026438	0.22138882998168086	
0.1352314589516493	0.24604396961219072	0.22753266227837485	0.29490186854920253	0.18072810812158382	
0.29595258093300314	0.1598199654204439	0.2868695716729181	0.006068442376465537	0.11532382824102563	
0.3253153330566818	0.16567723260143724	0.336877765043055	0.3094549441036206	0.4005249533730106	
0.043149896792827935	0.26297959489413986	0.2947263092383876	0.05205762867626374	0.16043300235879104	
0.24014369893782556	0.23212746281964278	0.04495553064990205	0.12675740301278512	0.0964292721647526	
0.08360308404579857	0.2648500925235007	0.18797221330985794	0.15108130806027995	0.23289814573815865	
0.26905601104810667	0.2142371743419933	0.262849898287174	0.10988744742823918	0.025698605775641314	
0.17001899620703878	0.08649483029603526	0.14801768519677114	0.10055460208458535	0.20995137646011675	
0.046357193205980175	0.2232485133609351	0.1180070586650534	0.06432881763488853	0.06153960792090935	
0.06020251160204966	0.22792718858034267	0.2717301610931277	0.2186987620080554	0.1578388544145664	
0.06989592226668774	0.14232665948191614	0.2700215424015875	0.20156041354181203	0.0518750601240981	
0.02273781121845638	0.0	0.1746359658628992	0.04778782405573604	0.0	
0.0	0.0	0.0774947407671452	0.11289579493048621	0.12017949536390493	
0.2649618631217278	0.26002259218394075	0.013117654280183026	0.06420481095074701	0.2192442461752951	
0.27765827494981543	0.22900844823565755	0.2217994971840648	0.16445879748753403	0.32524741591955636	
0.2457599916311772	0.21151958017470832	0.06019636547734866	0.2827304448220094	0.2266251665052812	
0.014483474531166687	0.24863855137575577	0.24245426131397912	0.17162386588876805	0.19289608966372898	
0.06683891607517867	0.21031908442051955	0.18797063137217282	0.11161157253755927	0.17878824944982688	
0.037751026097309424	0.024598066262539787	0.052569274776262734	0.19766910247456967	0.15967002252052165	
0.11814483131212704	0.23842064643925456	0.18930214381618335	0.17792661503064175	0.069874383810004	
0.14336057311205727	0.28750157127421605	0.253370938837893	0.05939612222387305	0.281593135034229	
0.20576067342553567	0.17392863062362823	0.04219392329778735	0.02105608352138255	0.020489477083614573	
0.2576091031569005	0.08686963636397377	0.09552478661836934	0.2066817994978019	0.08288244224997345	
0.0	0.0	0.0	0.048096062096137586	0.0	
0.023118328102706656	0.16112175472480395	0.07419491678583255	0.22047843887851692	0.20115843121624224	
0.016083711864047077	0.23863791102135146	0.22589672117425463	0.007174417448177828	0.08092140756759117	
0.2174509241523858	0.06733969894164665	0.027792278078431966	0.2591406914814349	0.2185406656106617	
0.0838514580609908	0.02078981864028254	0.07288031452569636	0.18759022100902487	0.11186955329699742	
0.18231231918624716	0.28975149942902134	0.013407462462448748	0.17946995165837065	0.01811144101240631	
0.2130114717405119	0.11129527679607117	0.18611402895470555	0.22099342047871562	0.10940578931043314	
0.08581721579102418	0.28145737097042306	0.2804908538156111	0.29196638566335115	0.13800265044420912	
0.24309511312300588	0.2510965903852703	0.1305821340556486	0.24565114247843392	0.007519777905864294	
0.2311547083893943	0.2669874750114775	0.20767527613084613	0.016695324709298395	0.049496871667216884	
0.2986883962265781	0.19406365307537268	0.21696578976659348	0.18122504655365904	0.26368300262268063	
0.13146903278416963	0.946196006196888	0.5062534010462115	0.14202269952948857	0.23378126230800728	
0.34905343994823695	0.30136188415324616	0.16199234102993063	0.016748900819346203	0.2677037095405712	
0.007804820476024591	0.2416752453296025	0.09893648247357795	0.0	0.0	
0.03425466776045969	0.0	0.3022450353280958	0.0	0.0	
0.2836053511688149	0.24477289377304037	0.05642845410538278	0.10473044294079273	0.06697123435340654	
0.009907865197894232	0.21118737506600196	0.09930141878407972	0.0	0.06759486805442491	
0.07455479326982273	0.27661136174862416	0.13183695784260147	0.1724156975083342	0.15403374291440586	
0.12694062480032242	0.18605242105300185	0.30610260113251175	0.15436042508950737	0.10436565538076004	
0.09295695589237299	0.24552358307016858	0.14954063912417598	0.18286067586765517	0.35925756266981873	
0.1300765391072098	0.038973100398963914	0.2123240652275849	0.10084114156971409	0.2716243690830763	
0.25824499911036625	0.08138760056169214	0.1601694805791198	0.09678643709627512	0.22503403774405306	
0.2401549621619352	0.02759494482579331	0.0	0.1807866018662901	0.1667110908085974	
0.2632342747775264	0.20781981798333996	0.1939874986934341	0.13946657509942945	0.15905792759632317	
0.24572290068312355	0.07387348276031598	0.04281901437776241	0.220512922223239	0.0020436972848966012	
0.16868523496902196	0.0887629196068126	0.0	0.03617682330458117	0.19426849762180587	
0.06388938209094303	0.0	0.16001639878572033	0.0	0.0	
0.12434054144882363	0.43212220767865905	0.2064159360342114	0.30575147621104154	0.08417334923206671	
0.022727919391417273	0.055325878294008875	0.10176521854888204	0.16801961970300022	0.03727410493601236	
0.03726910180490818	0.21795187350384698	0.14721673249017672	0.18296047520648337	0.1006203538786179	
0.23490498930288048	0.03773193568625636	0.002175433392994216	0.18881973513686562	0.26550804514613774	
0.46921067422352264	0.3454580667205084	0.1250940267968691	0.5310760490823235	0.24432593402236658	
0.3337186316895728	0.12805440164027151	0.23497782646775592	0.17460802308031773	0.06573495211109878	
0.01754969926359939	0.28069364208606773	0.048589424267947906	0.1614428233405908	0.18922847857597394	
0.07127140459465761	0.2225344480269115	0.20446929979213505	0.21789649418585616	0.11525894506298365	
0.0	0.1889169864556907	0.42469260727378655	0.2976939931472811	0.2879622192140755	
0.08084763935093757	0.014097790389177568	0.06925720851693405	0.06253811667028847	0.14701710406653115	
0.207849977983739	0.22150058451001214	0.23963851893130583	0.25878896861084805	0.2553421694480672	
0.5495587765578039	0.0	0.18003704494028372	0.0	0.18244157815874668	
0.03194421322815083	0.2662530881284258	0.21916643105658026	0.14364210763833127	0.12841566893479547	
0.1576602360422663	0.06600073910604747	0.0	0.0	0.044518614695513305	
0.13807196482843567	0.24983479545782478	0.2772725889809557	0.2315423511112797	0.25991482523267284	
0.23617325373328382	0.19249373416614932	0.0	0.034957261652367046	0.21777370766757864	
0.1749795299537736	0.2476532928121674	0.11546625439782915	0.054062210932687906	0.1766355272163591	
0.18049467413928713	0.22740794061821282	0.18703876941983166	0.10831920344781577	0.0482891126071158	
0.26081379116702497	0.21884330024039877	0.2689715254661542	0.0	0.00931016932215183	
0.027019250917891223	0.03105848882597878	0.29259302488909733	0.23379513388139475	0.2662355345846078	
0.1687562155573014	0.06951863608894772	0.02998795544276076	0.21992236907185883	0.13531793926906296	
0.14159006684741396	0.007193566227200854	0.11913518855306407	0.13399178749620247	0.11016926112895103	
0.16453157057633958	0.05170437820140549	0.026299702987319415	0.14656908794803547	0.0	
0.05348686176011719	0.05722761191773337	0.2015842893645604	0.16015824339208767	0.17230229701996985	
0.12040360177954108	0.061071124100121194	0.09327486481242342	0.23409102816331392	0.2395223698564253	
0.10703285388853115	0.1992663790053272	0.1597410970344069	0.07917242974665585	0.13966047081173882	
0.23394628248777166	0.03410528770961875	0.3319729287757522	0.14333530896904104	0.006225035089011052	
0.169674426868641	0.2833625703120994	0.12064044312788418	0.2948357675295104	0.3946065632349661	
0.024909905825185423	0.10014618655154281	0.17162148898742166	0.0651293097667144	0.15556813201491046	
0.1499755633693461	0.23977762202824898	0.2375499231950399	0.22636693740771024	0.20526673384755326	
0.0	0.005772607219824193	0.27054907298446035	0.26025365813294726	0.062121407524710036	
0.48780795420301515	0.3276037078151548	0.16232817485888626	0.516096952178955	0.20426404114950875	
0.2519463954743935	0.16431832937160412	0.15838646320289748	0.21794629453957554	0.2927990461152514	
0.2764218586459305	0.28776773478178974	0.09053187269253783	0.11303180883533878	0.1956528238884535	
0.30592883864648535	0.06677315617413199	0.29380651450695267	0.27604891731305625	0.07855890178477061	
0.058016435106285125	0.23363798732782234	0.14700291507288096	0.04419337562521848	0.2890919879028558	
0.25990738885816117	0.011808950793398755	0.1632355958295196	0.1456259677405097	0.17653151266502187	
0.29749571170241224	0.214878359234711	0.19669046907783946	0.19084325318165324	0.06949640178387388	
0.22196461002602863	0.1665993064105587	0.2792033942088912	0.2619105402644152	0.16950748053322387	
0.21108646988304436	0.20836797188348227	0.11094997378103423	0.11329124216808562	0.2609887309603008	
0.24536356309118867	0.29932041527651665	0.2546802618439375	0.1044555939996769	0.27965874427069415	
0.17406604661038566	0.14369922831555929	0.19484981216224737	0.08024853221861414	0.07103450566459103	
0.1680409352324042	0.18869256498299095	0.16076118124141858	0.017627083488385358	0.11524980285012386	
0.23764408047405508	0.0	0.1284613115052909	0.0	0.0	
0.2511250522730113	0.13059877948742318	0.023676438938248716	0.28179053740294	0.09679334446349332	
0.2632970156743364	0.49151048567537853	0.3426967846973975	0.31851080954143723	0.16758318529343968	
0.08299015648125899	0.1933364084355778	0.26828470105411895	0.06549828445740848	0.017258775310576784	
0.28139737575169027	0.03539283672209485	0.18939189874002857	0.25647053365222544	0.07010088933485692	
0.15704485661576598	0.10964262942797272	0.20020089171132283	0.036599946159531355	0.10119634538490888	
0.06844480208340702	0.06764885040163644	0.11184099201957107	0.11919673341216395	0.01151709042015248	
0.15802495144263257	0.17335720450761094	0.28200172541783003	0.2992514676574	0.011114684086454467	
0.01809322183727275	0.08961952528381169	0.03015119294118713	0.1822225090919323	0.25822504035420624	
0.2995101308629881	0.03255896102897572	0.181259533670354	0.10245835835651053	0.054092018992100754	
0.11129883920436559	0.6529902096078959	0.3983417441400535	0.24859249693550767	0.3358870419279692	
0.217458569055668	0.1515539424960962	0.14445432047859016	0.08970181483491788	0.15613666687529382	
0.02555820307812894	0.5270274387854496	0.4971218078898804	0.21206826432732526	0.2321447691496295	
0.29597008119864915	0.29406838310322403	0.04747636134619592	0.1421431692910129	0.1464538200295817	
0.04668606907745492	0.11566566823071078	0.30599245087776084	0.18761479006538906	0.0895794036053828	
0.0	0.10139840932013996	0.13754327491303753	0.09572963566487376	0.09026706034015733	
0.30024798607777936	0.2568271463700745	0.19635512345268247	0.015306910271102599	0.0798611965486646	
0.0	0.7860921050486634	0.2987305780935886	0.12883857827939862	0.48185267396148734	
0.0423348776334437	0.11037176403224336	0.2989140100170324	0.15744790887614923	0.03687753989428452	
0.4564533638232755	0.125093841629515	0.06367046132847158	0.2737412662437625	0.2794245736049561	
0.035882354351564	0.20294171777177086	0.20730428876169657	0.26526065557750184	0.07129262358750346	
0.236720120690097	0.209120101250237	0.27623525539005017	0.2322408708624505	0.22102028632880324	
0.2701593096011082	0.24391188806192207	0.06845271248485119	0.26666816402030447	0.2248613884897168	
0.21345728102227268	0.3116322411344679	0.3628645676394699	0.16047850447341455	0.16991438009395557	
0.2586930617711702	0.05744388322418769	0.25099708834721374	0.09900960781520993	0.27563027181184213	
0.03793805735741427	0.19507106231720883	0.0	0.2723567856746607	0.08864563031985163	
0.2036404986164741	0.04488789748846844	0.18963184990306417	0.11461970963833462	0.16514658218432596	
0.0	0.0	0.2806559026123807	0.0	0.05487318425182949	
0.27740159348303445	0.22328840732472768	0.0	0.22579893790321942	0.27701458351696645	
0.2287923184658904	0.1577414753935321	0.128543292261167	0.004284686879695569	0.039982415543816124	
0.37517587192963187	0.21622354055130813	0.19143425560981356	0.46399393890879503	0.1933302886787482	
0.3194093230995576	0.18223292924986867	0.08103840731764007	0.1493167378651632	0.14273952728634015	
0.0604508440321232	0.025011990575440003	0.10422441777992547	0.16273514716342175	0.009657794242745769	
0.10450637628357891	8.348554303310127E-4	0.0039628444862663224	0.15356008994340278	0.005141001057150192	
0.11171410072249946	0.21115462942616847	0.10992820626542393	0.26782872188973494	0.20486557303666197	
0.25762405931265764	0.011658567025980502	0.0634079140424154	0.021064295670376168	0.14492691138638134	
0.22250933401536735	0.0710242288371742	0.031473942410551875	0.1321283085791105	0.1444665669400137	
0.023778490825552733	0.19942918078376984	0.0201052540084239	0.006208715998508385	0.1503685437468594	
0.07668018558677483	0.014559486528725392	0.21015347032622742	0.12335929943364933	0.08321714905543598	
0.20306179479204858	0.1675539546844058	0.21882250657386437	0.3064929635630342	0.35706173362984256	
0.13755703950943285	0.2860040829971519	0.026079870526012506	0.09881426682765185	0.13141257194508388	
0.19790533811984404	0.2342913374299491	0.04793850718821474	0.23052657636811355	0.12643498211256676	
0.0	0.14766154894562813	0.0	0.20515534867262208	0.0	
0.13762297680368388	0.20702237419569203	0.27500593287257186	0.1880714264895478	0.2231445842217006	
0.0	0.02791282124616673	0.14961731386930024	0.19343160385442817	0.0	
0.4222290474107622	0.2297089261595726	0.3332536275506592	0.5044120022081847	0.310860806587123	
0.08912253447069493	0.002541856798541217	0.0032410815653759477	0.20902134646893772	0.0522912254438762	
0.15531558272584806	0.01196088133630002	0.09791964620828382	0.27031366706585436	0.1499234256313006	
0.26979153875238243	0.06342164239881799	0.19558710949319955	0.02323890868839829	0.03971366805982488	
0.2834552360953959	0.08165560145729053	0.15252040226974195	0.208497648065844	0.2218660858626065	
0.186439855247859	0.07280275897040643	0.21447548236231415	0.02126446179038099	0.03906535285334715	
0.06979069069522034	0.12519017278203604	0.13742821407532452	0.2918113228805044	0.16125634089212437	
0.019731529852339814	0.21002692929224934	0.28077368756975163	0.09223980358745207	0.1892133248648344	
0.14968518349839624	0.25484173062515303	0.282120699384338	0.10070407479661456	0.04065256694898744	
0.4214667961486052	0.11467289815433711	0.22281504729887436	0.5982445422073558	0.3592116773319755	
0.08403937237995751	0.07494634493844825	0.10448630142700245	0.2307853533947867	0.2817479354574076	
0.18780103558111705	0.22745871717714272	0.14061216404959245	0.14112826476306342	0.09639169015158262	
0.0	0.11350935327717591	0.05833612511700514	0.0	0.10921418848955278	
0.22419930697527798	0.08439864321541835	0.003585303493862226	0.14378086005979177	0.17326501760020246	
0.13181788417660353	0.0818161618376048	0.08125630555227639	0.0956466797095564	0.14725219771655523	
0.004272606324164387	0.15436330102740062	0.09182536807849427	0.21582047970777263	0.2605638745291723	
0.16791474122538652	0.25808314953489836	0.09713903726348715	0.21864265087086682	0.2304122145381403	
0.15256376366957075	0.033192841743792965	0.08466910684085661	0.0699350181891081	0.24800887389152915	
0.2730301478333779	0.0	0.2541660687208281	0.23691114380122658	0.0	
0.023854179117103563	0.11613595952176259	0.16450130452924586	0.2955426918200156	0.2650155151065048	
0.19285954617450263	0.06605775745710903	0.19780688556201237	0.29094926536519516	0.16188514060704642	
0.28468692205501456	0.18297498842938612	0.09155134177341338	0.19870559476418279	0.1356161049169036	
0.16923330169426462	0.26614978123279937	0.27965392134717715	0.053614490905956456	0.19566740387101003	
0.0	0.2887401133726691	0.19389862086410287	0.23247909203752493	0.02533718238175082	
0.18904651654352375	0.004305650235803429	0.1789395549256193	0.06304021117751667	0.20463785106253707	
0.2710517066126004	0.2067974517345752	0.20435584081112682	0.11966871593223713	0.021932556333679774	
0.040274343409167926	0.049803083873443225	0.1109507682233634	0.1811484408118275	0.07171147445824141	
0.16137561106643156	0.2558791724932851	0.12426989705366996	0.18151549192279479	0.2950541137155617	
0.02716094153346312	0.03726004149984269	0.2483228295292129	0.22108765442526204	0.0	
0.09478668601301832	0.0893313064448822	0.10567970239300192	0.23818420039012755	0.040937211556903094	
0.06496088242874562	0.07326103806218157	0.08539343687198213	0.042658608877848433	0.0	
0.26035474598410996	0.2921055065086992	0.04795510760792199	0.18995277764688207	0.21950993978676014	
0.344022926424891	0.4569517842181479	0.34868718513832064	0.3249974450092731	0.23776927526821043	
0.21514327446710121	0.0	0.11966036392242864	0.0	0.05849760235538423	
0.34448819481340087	0.46620136769799186	0.15752202459377446	0.4389469703729168	0.22968451136469173	
0.20674840633934188	0.08707467701253373	0.03932956750786945	0.21391238867078075	0.22139973686551895	
0.08571187444692956	0.2199015627403139	0.056425305308250594	0.14144030235586638	0.29746220414683394	
0.12175485928903344	0.01478508188751672	0.2220723080589948	0.05015440813535304	0.04642374482357144	
0.21442269398439667	0.17457742229812048	0.2582613142436536	0.10259807353152442	0.2214068703303051	
0.2916812893962964	0.16780540847288936	0.257403612696825	0.28900378168228885	0.13701903432408083	
0.26799897230851843	0.12266357020570245	0.012689921291760201	0.1838635053720047	0.2967734607125431	
0.1589136949040939	0.1649293557717309	0.28591321340355996	0.25470967612076634	0.25874733285261975	
0.2035940781946101	0.28239311372730136	0.01989662846835642	0.0060570097468941085	0.2383308887984922	
0.22907862244050248	0.08272282204896184	0.10568076386514998	0.20534077873504697	0.11288014655954047	
0.15848745815661378	0.09718414913145838	0.2492031070770798	0.2866186390784296	0.27394913257018516	
0.0745521151129017	0.2339237495386611	0.19533974730632642	0.18969741314513458	0.033210568455459055	
0.24844512595803836	0.09872267343007118	0.13127428985064274	0.19489886818204474	0.22949025993313035	
0.04513504284262155	0.029307460607479616	0.2596085270772077	0.031055646517770163	0.1608411128439592	
0.030135034719726998	0.2734083055925776	0.13106313745696122	0.4171901377442522	0.22203349337873726	
0.30221097518569107	0.2352443622369337	0.25801473271386244	0.06277831950258898	0.08398277009293922	
0.06005296080993665	0.2614824808833708	0.2793749964034413	0.1809876898646193	0.1488752130982841	
0.028207053071864094	0.3147222628859886	0.10576093772711127	0.018805212381953516	0.2519649520153716	
0.21351473614710625	0.18846651218491126	0.30376800218635935	0.1728872548434288	0.0	
0.18414164093600144	0.12361851541488739	0.032979290984048636	0.1482320442332091	0.14559620493249098	
0.21246188967961596	0.21174096582050478	0.21890577165855155	0.16576351009170362	0.2438498568570208	
0.23617140536842865	0.1748244637878275	0.16327179694658253	0.014931326339263898	0.25006154272958087	
0.15560917724893716	0.22009291772405454	0.16214333279231877	0.17278940521533248	0.10805023406258397	
0.2774128986595132	0.21188066890415702	0.12744184328366998	0.007707989360228233	0.19705218112681985	
0.28320890120481723	0.25046748960754794	0.2655550744969284	0.1458528989294802	0.15751682552781465	
0.2564645920007765	0.23471203920062614	0.11533569595901585	0.2239808052311826	0.010431010766593779	
0.2067721054749627	0.03195940488145134	0.11074367276123835	0.24251850829566957	0.18490694574508643	
0.14498227128470736	0.19960768540367246	0.3014236252693937	0.011210133877619252	0.14895832594354894	
0.20176642013355195	0.20367630749197618	0.24698764936992945	0.024729586977891595	0.2147823677845352	
0.2507012886862577	0.11059700721794195	0.01532540830670222	0.1616314713635727	0.17254938473098813	
0.299108977097838	0.21125655414995567	0.22740216092999924	0.28292433402956796	0.17337130283807872	
0.29868876171917985	0.2957129188916027	0.23872064087205339	0.2412716189478558	0.2100806435610512	
0.014851560814705626	0.21857338513252333	0.24063710692070284	0.3021936665876148	0.02303924353278615	
0.028375946442400858	0.09583187598090512	0.2324402325789838	0.022676242659255826	0.05766977924006814	
0.25795377313063333	0.1928130045480993	0.23380760121532615	0.22697517291426447	0.17934661297865528	
0.04263674974478321	0.0857319454772871	0.10492645530999807	0.11569933740830282	0.0	
0.050350996830467926	0.05622141989377232	0.1372069141775686	0.12464946935505436	0.15155942879912995	
0.20384288569994866	0.0020080540501134043	0.26687379779153214	0.19636589015938388	0.13138172296442976	
0.1531074359738466	0.6754296932552857	0.3384692111795934	0.14132174336226488	0.17213358687669025	
0.2402276109435213	0.0	0.26329288811561274	0.11277701596331405	0.19178028531606095	
0.02342308198913813	0.07913781936894225	0.1742974006875947	0.09242381829519788	0.280824992021501	
0.13659152087473875	0.09502387604560057	0.09787467445167607	0.23062450696444173	0.08166107645397366	
0.0852814936075316	0.0731356004374137	0.057401909909908955	0.07861451782630213	0.2765811441016226	
0.26780717637699397	0.2666164733975327	0.26849256476594074	0.2821952153768917	0.2646107927093738	
0.39531872952105135	0.04363582833276201	0.19731786434211476	0.3769121772919609	0.10155942153600095	
0.06975910728865284	0.09226111756227715	0.1743030538143931	0.2734670585590499	0.2512765535925044	
0.18302875023822762	0.053901862308959575	0.04572203534602073	0.0013272293737563031	0.2616260665456847	
0.26545221567764354	0.16402088154186176	0.03348185638389874	0.25859752927875274	0.2832132358118319	
0.2802592385135544	0.07658002817149913	0.2444806774268045	0.09279004326455936	0.3048815020814096	
0.10737233502647595	0.029376338335773307	0.2115662868459775	0.27545688146223885	0.027383323994956136	
0.901786057362888	0.724660669457672	0.3332975831792319	0.4407365309752332	0.31286064800073615	
0.17284825823624306	0.21690018503549213	0.2419414363549738	0.16796374139829406	0.09986279228057318	
0.27419011803009014	0.18308482766001422	0.19435134023478245	0.13532915752351754	0.280177565014693	
0.017791554434189148	0.15063234460191693	0.21980848811802245	0.22517627597931966	0.07710961156334196	
0.022119961724026502	0.02340540083700882	0.26728195269440064	0.03767529538829459	0.0	
0.11937599276539948	0.41319878984096103	0.3015560308429977	1.0339691290036759	0.3970560521230733	
0.10151628967460812	0.18814907070200115	0.08333831474161446	0.04535048178212219	0.21882492778448817	
0.1843703853031274	0.29125140635279106	0.23546807491456326	0.22285496497142096	0.16051472266470948	
0.23957245777812883	0.11564547125537271	0.10431577628607576	0.24956936526382204	0.25045184025469003	
0.25295968140540503	0.0768783279262657	0.022127476909302744	0.22470677519335588	0.13042223671032663	
0.006842738412576999	0.15585659603140997	0.20517980000904887	0.08501392906273018	0.08161815814111793	
0.06784857841433321	0.098659075384748	0.24338193050658924	0.16926414435880313	0.1133725556629396	
0.025965120504640414	0.1389955022830668	0.10347435324958118	0.2092110472144374	0.03648399170312973	
0.0	0.09862453707808583	0.15665316927469122	0.2049408069655044	0.10384302793382165	
0.0	0.0	0.16250353396936237	0.05684329088815782	0.0	
0.30054308706408844	0.08636252541602744	0.2028764525048621	0.11826113933554093	0.0	
0.2948022738879789	0.03852929996475213	0.22970319385619192	0.09759542407383627	0.3019052379233138	
0.2708314076508092	0.12085664562600948	0.2318419561001405	0.274877577854298	0.274570916126835	
0.19094108020275746	0.056893220895220975	0.2827257803936008	0.09488796184444595	0.16291779219548677	
0.1779449451231436	0.17703426955585544	0.13975114023736743	0.02582386232751228	0.2799071935291161	
0.06257535399631434	0.15298504690381234	0.1871305095223653	0.059776042895924704	0.041441718516208044	
0.05011877651600403	0.2141034873006358	0.2890174750777018	0.07405884827679976	0.037467887654401434	
0.14401113172806473	0.25533971345743683	0.17481272675284593	0.05187790354140931	0.11460480317425507	
0.2909531425658424	0.0013089778037753848	0.025029051985585755	0.14213177289758228	0.23084641189916183	
0.20101119123886804	0.006251973590945907	0.2648664903922611	0.228448864169988	0.16266173225067732	
0.08783297547810225	0.08123856778521561	0.06854065144421635	0.017332893422801456	0.19010693240641993	
0.2892058646844752	0.2520821070347869	0.2397070740677977	0.023665441812799237	0.021244034122792205	
0.3205505092695583	0.06303380391234233	0.13612379485719892	0.25459376989864163	0.10560339241004309	
0.18523559251112892	0.11713883637654741	0.0726589054215502	0.1450503645192335	0.0015697498572080206	
0.004683676830366647	0.026180161502096386	0.09732834840231207	0.07472517508447786	0.17851372099679422	
0.1938251779029714	0.1924966775874463	0.12285583421556334	0.1534843028859291	0.21476578902591553	
0.2809735952913293	0.17937787948448033	0.11954954254131586	0.12259359288631132	0.07870789777932749	
0.05415870534597263	0.14374928980561336	0.055990769696200614	0.26589549101286786	0.11951022240906704	
0.22293894681663662	0.2777434055997336	0.28097900714132307	0.03127698759297436	0.12856780882958582	
0.0437720357234366	0.01820347878981674	0.1816537934730304	0.15654490900711143	0.0	
0.595384253313394	0.15805241810906862	0.168022677095499	0.17540953984426458	0.13534761451122046	
0.27097925370621556	0.15014807689967422	0.31429548103961225	0.2910436392522802	0.1350190907522446	
0.04167205793844413	0.06713584539644715	0.177853916532242	0.10883628661394582	0.15074802118876732	
0.17131452349450918	0.0760218571964151	0.10221319980440152	0.1795852579551707	0.21995549457858268	
0.058233969457326076	0.26743994611803673	0.2114239667846687	0.1658211370846598	0.05705215939122093	
0.07250447335429981	0.28370143130947917	0.19067519504896469	0.2829116221253717	0.009680723717037466	
0.05137544751173725	0.29628793991146635	0.09253423802128088	0.06910940636071534	0.10508856847874343	
0.0	0.0	0.025346666192465568	0.07943970468377584	0.0	
0.20997948454870463	0.11465242354263727	0.04353895577789252	0.09919264970617063	0.25034351025114104	
0.2548238094903504	0.02753271566497059	0.08918804494580715	0.07997505035435731	0.12866889635650397	
0.24642473087471417	0.20560812067004394	0.13696886022566654	0.15285365804782233	0.20668804187386378	
0.2582195385488963	0.037259474761362224	0.04666787433451966	0.1095047481367435	0.007144303491717552	
0.022164604938742276	0.09014441476050818	0.13179504593344485	0.15844789585084174	0.09203913841250662	
0.005530609610881824	0.027875454724216736	0.1526949822051155	0.0	0.22130903518954084	
0.29476595561583385	0.18925469222703356	0.012983066702223534	0.14243256412630068	0.07827620295513724	
0.2574996966038952	0.04196710154465148	0.07509520066767762	0.09567711554598934	0.2593483300775534	
0.1748807092268352	0.24217316436116335	0.0016123927533145462	0.28333791723161283	0.0134467384506482	
0.10039809753307863	0.10992787000097466	0.27923949081364896	0.12057318524887588	0.2514984160648773	
0.20057157099643053	0.20308573579745767	0.14345754516716086	0.03167637116906491	0.3007141260355755	
0.04388592284184203	0.06274543687871974	0.20122140320421306	0.2968068443931642	0.10778063867093561	
0.1254099612390422	0.09840238031055991	0.166451225852953	0.12035565854638104	0.031014614614326152	
0.0549583519983226	0.14442269379381692	0.08641784232322096	0.1983517195357368	0.23059304703002095	
0.04568314255985573	0.2770297805637473	0.22370154014094143	0.17400579372871736	0.02563747240007849	
0.038303080351314224	0.07240311642937494	0.040607982133967914	0.052662999118540096	0.29530667308889536	
0.12927291551229006	0.058159846828235655	0.2829158032264676	0.013178732982054287	0.17743548471548976	
0.14561044173660934	0.13256865541285034	0.09131503740584591	0.1646763131585839	0.2081178654981408	
0.1707937606897829	0.28466125728455777	0.28446917976425956	0.06138001759278727	0.04536402435319572	
0.29654172846708	0.1813699389250983	0.1942575383504472	0.15013899588184923	0.3003737241153096	
0.24631840204588593	0.0870983620595968	0.0	0.17681832828961377	0.22648001413221017	
0.012753922308860837	0.10743854842522392	0.2056204520392288	0.25425365717532733	0.10479622423601519	
0.14209034882497099	0.133761818939579	0.051738093242855866	0.17368363112602994	0.0743152039662593	
0.2144706137965614	0.20272478443597564	0.2695252908893867	0.11020326682303952	0.21318915146263817	
0.09079396887390427	0.1787911600761361	0.0752653193682306	0.18461691876894634	0.27199546321715345	
0.11009502672955812	0.07825394067582885	0.07771293956324579	0.1665260377709786	0.0	
0.2538847093717346	0.2839340836518689	0.2412736607433705	0.10998902288065182	0.10346713500335072	
0.1916736997974191	0.2684430141792648	0.1485032061581507	0.29083119386297146	0.07068558069094137	
0.2816478113834966	0.10366781523903208	0.2087882852498445	0.15635650004511809	0.07067525163513179	
0.1205397762796827	0.2595222586740901	0.20680778711379394	0.08862238634113224	0.15686440900751997	
0.06219786905276816	0.2180683813144305	0.14653979363528885	0.28976883227855377	0.20782611128667075	
0.07194889774111748	0.03682062681230835	0.12585672299956926	0.16367152553736364	0.012426417314356916	
0.13686547525413084	0.1739980890373353	0.0024393822584142365	0.0953033033115117	0.11660185742936371	
0.11803467733410333	0.248744151460152	0.0776240100330757	0.26588482837866556	0.04934410609719389	
0.2175723043661795	0.08956672488869043	0.28417773586458517	0.2908909205999614	0.011282874546065094	
0.21557852925778356	0.06580984835644933	0.12841916939074938	0.13542671435174972	0.03261858782800055	
0.23346195721729007	0.011982029196936864	0.09437996205289394	0.030934387879008013	0.2272832845402624	
0.0549767047800648	0.23631535831024064	0.2864799540089172	0.05245735424360427	0.11068518533213094	
0.12444515834870402	0.0062119018272585175	0.26726519602330046	0.02130148788255236	6.470735217322594E-4	
0.16393211669432	0.11124932739849035	0.1418326910704994	0.1289880499155927	0.23645409394179123	
0.15628289318386182	0.15310547153347367	0.04027407938656111	0.03425824619439435	0.2778981961065842	
0.0960675085087677	0.08648554979403983	0.2326546034127103	0.07255836242990334	0.276069559230582	
0.2216500616342912	0.09964832256230587	0.0295381017545814	0.11619675054853121	0.14060563624324957	
0.06256159885065232	0.27558900496898425	0.11412728222749692	0.20857249747072693	0.015974563439985615	
0.2587175957051985	0.13650357461303592	0.05360385941535626	0.19367291483511132	1.4408354736497014E-5	
0.2948424038092118	0.00569505726510583	0.03798456528410876	0.2430518820540334	0.26416176439637234	
0.014947128461506599	0.252322394548424	0.18352415647861972	0.19098222060342143	0.21249764067571258	
0.22889033331679845	0.03733280756622939	0.23149635993398354	0.2348656453654148	0.2779135304247304	
0.252247379225312	0.06391778082584339	0.10876698743647478	0.2853498356085149	0.05052316861592479	
0.20544181367232464	0.11180172615794419	0.25280381775423594	0.020426045589745104	0.14270826719586954	
0.0902598039805116	0.09158045866385611	0.06810882890566577	0.011088253606933312	0.0	
0.131421976517081	0.21035023336576955	0.0774867414701498	0.12587742227309984	0.035252937112926694	
0.27743475669316325	0.08510472853614448	0.06498649153324086	0.26759512524069523	0.17527754919295718	
0.03406136091123436	0.12500414039282629	0.17808837326347274	0.23707718535581915	0.07193336742308301	
0.2395822960494317	0.06105705534648551	0.285831212488787	0.21447730388479685	0.27817928071190884	
0.08978716375794103	0.28259080970056505	0.23540536271335416	0.17964900324994174	0.2941145760963228	
0.10823187391883628	0.1098099155886625	0.13387177842127282	0.10071270599645836	0.1488175767327223	
0.03979101375451038	0.2698249823054864	0.18538247475991954	0.1876443775399276	0.0887345224676541	
0.27403168195980804	0.19698980439621414	0.183855826688205	0.10879282924968485	0.022801544521647298	
0.2468551456060512	0.05497522034082958	0.31479057287368684	0.18189625489666678	0.23454204959871472	
0.0443962367529179	0.22037387502383682	0.022901644952480312	0.05705172535953314	0.11269477346856055	
0.17101737950148482	0.12743120409049313	0.075983097760376	0.04898975003094048	0.23742962424378053	
0.20734939337806832	0.1384083817672739	0.2965700710869759	0.28606737646021424	0.1808493738281212	
0.040846975019368195	0.25201266488710805	0.2753261207824481	0.08909544253118505	0.25442006027145286	
0.23642940849124625	0.01610402520247224	0.019413159184420936	0.2235861943017503	0.06116054636052265	
0.10518868601060509	0.19937596420488027	0.29210228675906025	0.20327683858221002	0.24295238028730673	
0.22078944004110207	0.14270636062765865	0.24330348968880014	0.019859529350131157	0.21195099553065874	
0.25906717320336886	0.0684388205340342	0.10624133725551732	0.22154093999014507	0.0047216282803905	
0.06992796880830779	0.26085225105301285	0.1670594607235956	0.2750179850441658	0.11507732872123579	
0.16344590070783083	0.16025984883283342	0.15644644323244514	0.0	0.21674354506657673	
0.050974983502105504	0.06157797495841784	0.047628129165287345	0.1682374124839769	0.02171508851210263	
0.10981789413681074	0.12725568776611307	0.03224001634690466	0.11487305105680835	0.25378526354053826	
0.24352461525971633	0.15894537148508386	0.04574498689264122	0.12666300883806828	0.07046441408891861	
0.2910484205887729	0.024358442026783448	0.23524264516403162	0.2530905246794918	0.12350085095980705	
0.1626471638688494	0.13256097809090148	0.08517761638430968	0.10458942196826128	0.01289108387393378	
0.008728395827203035	0.19624075514064557	0.13484541703392955	0.28527259320943643	0.012798435143682866	
0.135761089928217	0.03965037610923468	0.18089509834063103	0.19796978923036657	0.2018005170353454	
0.11060040049485324	0.20496905479824923	0.24298983906261995	0.19219465045728	0.08417078554940716	
0.2400713240523613	0.25370066807211095	0.1806570761350858	0.25692061527048143	0.04744550378195683	
0.257799596829854	0.1734000874838505	0.07442959166621056	0.08951777365781356	0.16710127376197179	
0.24953577216556058	0.22616778583956562	0.10677863832648499	0.11021968050541085	0.15920312282314983	
0.01759106421224514	0.27721224629396296	0.008481476126928641	0.04300806764680734	0.256742699976143	
0.07714883549606578	0.2790375904570387	0.15460052345949893	0.19717048652273061	0.09314614164376107	
0.10273644561116091	0.1341673632487188	0.2789840013772684	0.08130575505652042	0.060668384754955826	
0.10297119471550137	0.23408114001241725	0.1740576339492245	0.2138258518252409	0.304464346696659	
0.05434293811148669	0.0	0.167853605638172	0.14242998540548824	0.08669482606502761	
0.20730329816626233	0.132550774204331	0.11317523338760373	0.012538724066897914	0.2919807112256568	
0.12523325764936397	0.27641531661765384	0.28259204661300685	0.25845193990560916	0.11218536935092173	
0.11270699057894223	0.27565193976518304	0.1787472652956677	0.18790146832613458	0.19557706126807725	
0.08706054761818283	0.12805921846777996	0.17103488896266242	0.05831016279890259	0.09549192018297839	
0.17395718716865644	0.11333459582175873	0.26824954121307193	0.14741729854482974	0.24608172435097822	
0.11609061002805347	0.26721672887081827	0.012115244634906869	0.30192380784146494	0.09892743452935114	
0.12469889166801464	0.18221413510595058	0.1914361153988768	0.07278390589186752	0.2771742539928147	
0.299978163292359	0.2749020137207451	0.27203960147812595	0.28962975549619646	0.24655311678135075	
0.28110924545003146	0.2271221510958486	0.05432214265428877	0.056372585347430795	0.24997672221604053	
0.2995303718674407	0.24159011973359693	0.13811281608976467	0.10360981152837671	0.22749885460370448	
0.2879188748105111	0.27007984075178365	0.07154647830068991	0.2740840459694563	0.139681997445107	
0.08108359113663575	0.14135148851783363	0.03867850109531586	0.11218696494586192	0.04590036803255375	
0.14191979743125874	0.037429565094411414	0.08090260107283363	0.009541921358136213	0.1818406317553029	
0.18837033536518757	0.2450677569524233	0.2389435247010742	0.13028042006829452	0.2990942938499032	
0.2530370172942216	0.1783220337079454	0.0555828581710268	0.09025209280925629	0.025035818049758587	
0.0589067003353131	0.03449229405729267	0.14009754488635712	0.03415041202703505	0.050653863520166015	
0.2981322488285428	0.2347283471747056	0.0	0.29583996386751293	0.2586006468933907	
0.13087915308013134	0.10694056730127496	0.020329718658654444	0.03112228674476871	0.25497618927734705	
0.08763932963157631	0.1723251623231694	0.2142756757505641	0.11210047314028268	0.006066877731754356	
0.29592561613123747	0.1645840803027801	0.08210950866170777	0.18101275132848704	0.010958299104861615	
0.15590459420933594	0.05835066183780423	0.23889472575594842	0.13448002854003246	0.15970045537246405	
0.030243137855927082	0.2857063626364914	0.07895015518073883	0.13711960377400895	0.17034350181882327	
0.2565684385802996	0.1214979162880257	0.05282155384874059	0.1392662032372745	0.04511575593652955	
0.21135886304882007	0.03252115823920253	0.07945093730677798	0.11797746832674975	0.1518465749286607	
0.004209550730753274	0.21258932234082042	0.008600259235623766	0.13083098490344602	0.1316275959376001	
0.06638924157571455	0.2798873773892805	0.2543588695112714	0.10806683493956429	0.2501341016064441	
0.054881819228823805	0.22640760170966362	0.061891118570252035	0.017042693527006155	0.21221398414720397	
0.16222838259510966	0.25408457105232995	0.28332160888299673	0.2512654782235147	0.22684501498016912	
0.18889241486911382	0.20817680203705818	0.16229183805105457	0.22647943709692456	0.10901064001882722	
0.11509301255134852	0.024328965834039044	0.06985868167037959	0.10278372531762464	0.04919154306228186	
0.21863746375445398	0.14077173052766054	0.08925493251952393	0.005139128144500386	0.12917075245308854	
0.18366954098720506	0.0016688407943990843	0.17579868222455886	0.2769457720794176	0.04222424383578321	
0.2336823604015973	0.1819682377370919	0.1477346675490772	0.18536480690662577	0.08356172960265384	
0.023575053268515677	0.2926303811983003	0.24078667866175077	0.11201029409747507	0.04774963068608715	
0.07526673152454452	0.09222321787577703	0.10539167745699173	0.04108056192033319	0.12149587038228314	
0.1026958334556637	0.16441534893941753	0.27970690522884495	0.044302468848618944	0.06606120506718041	
0.055263416433989805	0.1309377982718233	0.2399014832839285	0.05248178415296008	0.14236337176291644	
0.09708091327223008	0.04063939459504773	0.29779141765379813	0.20274850120347088	0.11200012265510137	
0.05050877680977285	0.12405789639367822	0.10768334428100775	0.259806060525749	0.08017900879475705	
0.19420123383135543	0.0028416369100361725	0.29004731741766293	0.18367726579205756	3.6059323985522664E-4	
0.10444810022685115	0.004878120018160462	0.1169107523937502	0.16733278578220825	0.21497210026158117	
0.08798007477607547	0.019171256296671883	0.29026756809710436	0.1401963149305706	0.1689977890729697	
0.0818617843700422	0.13864876551021593	0.19226818693626693	0.06394508807006764	0.16045597798448896	
0.10561651759546925	0.058895561517098155	0.21179957586347342	0.039917310340890404	0.10172524260661381	
0.2980943421993908	0.26289675281616837	0.29456022991140485	0.16263343572531472	0.2668946297212172	
0.04483960305351967	0.054421560596007355	0.2727994586937554	0.0992743433918404	0.2936724053433269	
0.1887643935937712	0.037577165505874685	0.26984064578841954	0.035329457990353044	0.2728362424229485	
0.2735203313688915	0.23203897090810158	0.05802506449354778	0.13536528731621023	0.13813734749500856	
