0.30001132740961883	0.20794740359474162	0.32142324915098497	0.0	0.05813497493647394	
0.0	0.0	0.0	0.24549652450001588	0.4174728969659436	
0.02207622246327048	0.0	0.0	0.2729131161240126	0.27414285796917714	
0.0	0.0	0.0	0.0	0.0	
0.016291389401726638	0.09750365830651496	0.15532419972996184	0.2952693932760403	0.23614840333026457	
0.18653091450444542	0.0	0.0	0.08424408592492598	0.32165183026987126	
0.0	0.0	0.0	0.0	0.0	
0.36203557096317507	0.3460869420793032	0.0	0.0	0.09407064554096235	
0.053152844851759085	0.0	0.0	0.26438210751702795	0.23351686737668578	
0.0	0.0	0.10520100606202	0.45930554550149383	0.22215414730116467	
0.0	0.0	0.9097024512260576	0.0	0.0	
0.013796831195226924	0.0	0.1733544245114209	0.24812173865495304	0.14408220215864925	
0.10568588424849928	0.4608155125949392	0.007585739832491369	0.48486082399749325	0.06815819455518168	
0.0	0.2812196242501332	0.0	0.0	0.3200344285083912	
0.0	0.0	0.0	0.6307946392134302	0.0	
0.39782816677964267	0.001750448134890628	0.11835291687282827	0.34628001225021715	0.31589036038492346	
0.0	0.0	0.4877697343001006	0.0011909260644962837	0.003281400902106031	
0.5684544023141938	0.31437555445318294	0.3058460549379574	0.45477112224879906	0.15657847006786094	
0.0	0.13119910123422826	0.28599289492674695	0.037089966112629415	0.0	
0.0986625074815363	0.3060616907767413	0.020163077481283508	0.7899763832627898	0.0	
0.6715526493788865	0.5280146083910402	0.1187071818109594	0.05256955211645577	0.0	
0.5442912101373765	0.004919854927332292	0.0	0.0	0.07464626028126108	
0.0	0.0	0.09575601261907805	0.3886104723055836	0.05865454938704115	
0.19339307419230334	0.12463757791157112	0.0	0.22880795174268756	0.06189661534892982	
0.0	0.20299289307794177	0.5538362112052737	0.0	0.0	
0.3623487002501399	0.04920454421653094	0.08106245418001144	0.0	0.29045252477653344	
0.15328695412637028	0.2107326940796965	0.0	0.042285882119371634	0.0	
0.2730107286240943	0.6576283879203729	0.12391596840746474	0.0832965867231914	0.10111274257782855	
0.4170569924911209	0.05191554737825409	0.0	0.148923798010497	0.3374540152082328	
0.03993699808162341	0.21415187360782842	0.2274626641885246	0.18393893656346988	0.0	
0.0	0.0	0.15664060385857084	0.0	0.0	
0.3557682382060249	0.0	0.0	0.07563606477284142	0.0	
0.0	0.9349896921634412	0.00309740333577826	0.44116736110373145	0.03166946728858959	
0.24634224954737252	0.10146579790919928	0.2857000564725709	0.005409010026075579	0.22327486716106826	
0.0	1.1731046021941955	0.0	0.0	0.2558509767373959	
0.15596112981632032	0.29544060084715207	0.6142095949661415	0.1406427650883888	0.4627723201881906	
0.2696769402005026	0.0	0.24071877803766592	0.0	0.024564488536134025	
0.0	0.0	0.18316719806497397	0.35608794180118414	0.012647257900800318	
0.047032413854322934	0.22991053486459195	0.1370306880246332	0.048511414727347005	0.13706768777582057	
0.0	0.0	0.11150788402222109	0.4190302735429405	0.0	
0.05999459240600301	0.10732446534542625	0.10020820682740612	0.1865229101113379	0.27744217520873143	
0.0	0.4951384444338891	0.0	0.14247335025533822	0.07597239420663437	
0.2176012231417667	0.21860914293270847	0.14467171281095945	1.0340313072452811	0.0	
0.7505084921311272	0.1681668695611904	0.41750285975123985	0.46232604112968717	0.0	
0.0	0.19549164278717823	0.04197977016352784	0.26418671424796886	0.0	
0.0	0.3294727438136752	0.0	0.1752555783824906	0.23957618295815936	
0.24559560634795408	0.1490958559158353	0.1698892989184427	0.12758858853517388	0.2526918347015483	
0.24495110966101064	0.15565828796389194	0.27792834212650036	0.11793935678689384	0.1063009255097147	
0.0	0.0	0.824881077326173	0.0	0.0	
0.1306064623853602	0.0	0.0	0.0	0.29930517830291736	
0.07523933798824742	0.0	0.015048623311232372	0.4728329835227321	0.06976676270118987	
0.0	0.39630978528468525	0.40429412439336676	0.0	0.03388733482985096	
0.0	0.0	0.04576215776648597	0.7657495757970274	0.015438462789224647	
0.0	0.39928810309897106	0.007896102634772514	0.19989995358028337	0.013857742986542925	
0.19968508661706066	0.17419406546307112	0.0	0.0	0.0	
0.0	0.09479644360836366	0.03942529489857021	0.4129273484148755	0.018087760182978283	
0.20589780235744518	0.0	0.0	0.0	0.0	
0.16439450435997413	0.0	0.0	0.0	0.14163683325077497	
0.3370559574284415	0.18231206083111456	0.05331771832522244	0.07826921842424259	0.020252993567256097	
0.08021668987633192	0.0	0.0	0.22172837004937787	0.07603494559998315	
0.24584227883337095	0.10404010119087263	0.1276988948879765	0.07387497608065324	0.036820607116063254	
0.13695188958671126	0.05940308135181688	0.32505403748204587	0.2844937741539989	0.15202219845833448	
0.021559143001404393	0.0	0.34396009944535055	0.0	0.6635198271958859	
0.03079915799328431	0.1361916277648717	0.06291579624488203	0.22598839679708405	0.0605980560210975	
0.0	0.1741672864258916	0.0	0.47603568513545824	0.04869100760434242	
0.0	0.07209281379123571	0.409691918100657	0.0	0.0	
0.36762338677819884	0.47580947327996087	0.036056205890180784	0.1308299764350802	0.023817797148292966	
0.0856273109409607	0.164643349722974	0.0	0.0	0.05869063155197669	
0.2292262423193804	0.3654489937014129	0.33941166435211134	0.3650180494815259	0.0	
0.15942248103832113	0.6553968054400271	0.0	0.14083328506454829	0.3298701258040838	
0.40328468146810376	0.37161882966435256	0.5614901373067573	0.0	0.1301704273737861	
0.17192734410664082	0.34789384089904274	0.0	0.16855085104762496	0.16303479002341587	
0.0	0.0	0.0	0.0	0.0	
0.0	0.6239379682615689	0.0	0.012925145781998224	0.15974272207118168	
0.0	0.0	0.37231063313020607	0.11747572312970149	0.07787685013077038	
0.2279260384510928	0.2809667095080116	0.29080084051455063	0.160903676814811	0.009678578274196775	
0.060076870335022306	0.0	0.22491406547277204	0.3080549186624946	0.3247499773869601	
0.3849948100034666	0.0	0.0	0.0	0.0	
0.041705047686314396	0.0	0.15646907804015026	0.0	0.0	
0.04196688978266575	0.10287889066458886	0.043691254394201566	0.06053956331210246	0.11184717371180715	
0.43068455925292887	0.0	0.005044859072936361	0.25827721822527316	0.19790944462248594	
0.1662131972550511	0.1814358361927213	1.329955895734065E-4	0.14183011370962098	0.0018692685648945854	
0.5844290766487045	0.0	0.08452431052551027	0.6257380990294593	0.0	
0.111878214821846	0.22778569113867148	0.0	0.247057986397876	0.0	
0.0	0.0	0.3055069377906167	0.3645971344696449	0.0	
0.5847345314995075	0.1473684092497394	0.6066875284630501	0.0	0.0	
0.0	1.316246225994297	0.0	0.0	0.08794216121915992	
0.13212870157303439	0.33536843746278794	0.009920288812902972	0.20023153170896824	0.2176166761351553	
0.04160418930392447	0.0	0.0	0.19415842408791667	0.10676526136755292	
0.0	0.0	2.413558074524891E-4	0.9467684406495762	0.414566597920263	
0.0	0.013186714143928153	0.03911769138023767	0.3453146871150389	0.0	
0.0	0.12670485512751067	0.010891180712826465	0.16482113032552032	0.06207579065167532	
0.39192993295699324	0.0422827809197857	0.20669546224490581	0.4207242476805307	0.06427512714194422	
0.2679165384580659	0.16136014327581488	0.2554757044804411	0.11449544261507548	0.04720594471230198	
0.0	0.1398116381665403	0.0	0.21975459389538538	0.05756137346424256	
0.07867899512742134	0.2865103256311957	0.163647114738815	0.1986766996647997	0.04074263824816094	
0.0	0.0	0.0	0.0	0.31548495114607517	
0.002159713634713806	0.20950451373613202	0.0	0.07714761608941313	0.3499687304334907	
0.0	0.33972678119472277	0.2636923118126758	0.1790797266523586	0.06033690430567303	
0.5965288649128316	0.2532531878249497	0.5100527731639979	0.10826224970805025	0.0	
0.23194374166787618	0.0	0.0	0.0	0.5876211899086605	
0.0	0.09756973346618013	0.07551218022913232	0.08458822685209688	0.1798849672185299	
0.08168751632879886	0.557211667688771	0.6060280118426349	0.24989247567752504	0.2779372334443383	
0.13121830617348887	0.12025165608764943	0.4794330376571854	4.560351935344012E-5	0.0	
0.5062338837725355	0.1162029600265492	0.20705218406893347	0.0	0.04761976341026688	
0.0	0.29300584162212484	0.21235715541554195	0.0	0.07230090563189417	
0.0	0.0	0.0	0.0	0.27525951599262766	
0.46439051259143627	0.2224645792707145	0.0	0.09186494208956096	0.2464716680627599	
0.12804584324757434	0.14265412178045894	0.28543159482953484	0.10962818205843582	0.05745607125422725	
0.2330344873004111	0.13450081110957007	0.0	0.4964633713008602	0.0	
0.152039257479381	0.2844681594227655	0.18119198139506063	0.1159496628707772	0.16006219736713348	
0.2975243436759657	0.10273377133451655	0.10799128952535741	0.118385487828741	0.2955387564980486	
0.06651065837210374	0.4287449516262465	0.06219316509085674	0.3372298671328256	0.07779855418981621	
0.44015435619369475	4.7144250201152136E-4	0.3035103051103937	0.0011163028441042227	0.0	
0.4678111931046062	0.29139070871509504	0.2472477657941808	0.37062042468938294	0.3209008421942748	
0.4335470980825492	0.20505290867656933	0.09076594392642574	0.1626222809072624	0.43830220078158205	
0.0927537913845486	0.0	0.4802968591904708	0.7025842314392472	0.027542530950245753	
0.0	0.008759974451424686	0.0	0.4792322129713815	0.0	
0.01345674913895894	0.0	0.39517881767578494	0.0271471729216417	0.0	
0.06381787424700952	0.0	0.0	0.0	0.04056978502797286	
0.0	0.030698762957054128	0.2227298283809656	0.5186128937178074	0.012864422073808113	
0.0	0.0	0.23879207107741096	0.2168800976425465	0.0	
0.39848249605527547	0.0355094487475311	0.12617673768165352	0.5027407803195849	0.023824837812513277	
0.0010934203308048788	0.028701517608395958	0.0031487689826097355	0.03201089034211326	3.1914500147205794E-4	
0.2757694350947793	0.2651809645917509	0.1568558208211916	0.37011205266007113	0.0	
0.07780753917514943	0.5271354125529463	6.999978981468626E-4	0.0	0.13719128820515958	
1.0058669902352988	0.057427318526472725	0.0	0.0	0.16079699207042156	
0.0	0.6289787329870007	0.037657899595121336	0.5194890562551553	0.0	
0.1556562592615554	0.37400119702356205	0.3476224815470259	0.0	0.16540747781843249	
0.0	0.027771750498318384	0.19917412762935852	0.029340802376444965	0.1329302722419933	
0.0	0.0	0.0	0.39769158312348907	0.11725076658379527	
0.14057879382731825	0.0	0.006129039620845659	0.3164536148208701	0.02229048657991738	
0.0	0.3337527842751074	0.02853598408686893	0.5447075199064658	0.005308252793301595	
0.253991111160534	0.18001684219358483	0.006568518324452482	0.06140034942698946	0.05373649718215954	
0.33074590331883014	0.632044726080253	0.02574121509136439	0.3030707841128461	0.24765430872845	
0.23891840774872056	0.05346241646230109	0.18440440456657947	0.042742479643924	0.10542913386512727	
0.00791808097938139	0.03810552684273986	0.07512707839841637	0.8724903288598173	0.017116345962005505	
0.0	0.09926969101902629	0.0	0.7472991570871139	0.6904136895768381	
0.06550985693904829	0.1533268260707787	0.2845467298280092	0.0030181370668809497	0.23404747075606744	
0.24451659460344952	0.1639263900940624	0.26374997861288113	0.07942159977851157	0.19219475354400808	
0.34309114861267637	0.7631084867790935	0.13219081188636658	0.0018904191074118966	0.181096592483538	
0.23477014734697085	0.0	0.0	0.004447779359611145	0.5320186241735602	
0.07229668361374932	0.1800664837864408	0.05286502296584654	0.5006316739049498	0.0	
0.25828599620292825	0.06737819590107301	0.3360158973657859	0.38669420198235954	0.09313071210603727	
0.12634314993621915	0.7276432961778089	0.5500920677473515	0.33327186993092406	0.6261841535582248	
0.26726941772791657	0.09633573974461976	0.08454654631730422	0.06184964428923722	0.04587799015712078	
0.38511860502550993	0.22110479592168517	0.0	0.0	0.05009718211400695	
0.11847490748404012	0.05829100348653006	0.037974915262343284	0.2291240766905689	0.21917990896466946	
0.21361075870363125	0.1689818652543511	0.506088167892057	0.2331933233994993	0.0	
0.13566318061591048	0.07964284205914403	0.0	0.07811223302562836	0.0	
0.19362488911409073	0.2960012009331688	0.35733694744229855	0.14814820479751314	0.18285504710713243	
0.10602831947502746	0.04852486173016606	0.046404323844783435	0.34573824627233707	0.0	
0.009096903513747936	0.0	0.42383379406281596	0.7392511599317199	0.013137508404539427	
0.7758809192342515	0.22284605253962167	0.0	0.20959443102641326	0.0030198844756154143	
0.068334593582958	0.2026739797222798	0.060570464045272436	0.0930954475291863	0.04759812788453461	
0.24847502621253206	0.36369018906844147	0.32221147182387894	0.23388677228633573	0.24708942786450513	
0.0	0.1294323037350591	0.017508301126970063	0.37266559930667514	0.08826276972293759	
0.23390310752347643	0.5140135320435109	0.19758897787393384	0.5045246829930883	0.06711508928413089	
0.06285371094250694	0.19500554751382249	0.02169229546285634	0.0820532821786956	0.3549878928811415	
0.06887220944965468	0.2740429998181557	0.30590767449186707	0.20170726454927393	0.4649854413163009	
0.3075369828614693	0.4715603489387795	0.38355999934824747	0.1299192098011786	0.0794595302221772	
0.012676548212220966	0.0	0.0	0.0	0.0	
0.789718642109704	0.2887728550657711	0.44824507040306566	0.3039981415236706	0.11560873252203024	
0.27167292616919386	0.21987941370140113	0.10959355612393393	0.36462246497004885	0.0	
0.0	0.10989078432135795	0.0	0.0	0.0	
0.21521526265026703	0.33216404576817726	0.4017280671414151	0.24072022733509582	0.06372525801495471	
0.0	0.0	0.0	0.41762939620071193	0.0	
0.0	0.3215121156598162	0.0	0.0430743390479866	1.4886959184144552E-4	
0.13637311834368882	0.1373170748601211	0.09051793067414858	0.05750600491017459	0.29122979327802034	
0.26024626731224904	0.2485422756979035	0.23951006039488965	0.1908746826895183	0.0685450709056564	
0.015695997536257503	0.12145650851555859	0.08673112978497348	0.29598913934831184	0.23559257902681965	
0.0	0.88411646133868	0.08660575189222733	0.11951828102408812	0.11380322107208246	
0.0	0.33619592597763687	0.0	0.6219368290301078	0.0	
0.08351110014049846	0.03690352076849934	0.0170041163658803	0.0	0.023300938594199315	
0.0	0.059532996924034264	0.29294965754576635	0.11584159855431864	0.01012569257749144	
7.469337645569814E-4	0.0019739805537018597	0.030954364934539357	0.061341712205739626	0.39875183939858294	
0.13799216601103306	0.19741841432132315	0.03777028979618826	0.04690775374048616	0.09697130354231952	
0.12683771708079414	0.14247242257601242	0.04300426994543209	0.5587468209819226	0.0	
0.208658069878326	0.07511220508187087	0.02830035462922693	0.16194845629754856	0.16591615949162394	
0.0	0.0	0.15449596484748995	0.0	0.0	
0.07289998558865841	0.06465757289479528	0.00503073568157608	0.23667068358297427	0.04699130759897918	
0.2787325111611784	0.16796019290413766	0.1782239542527859	0.2523081816749188	0.016759523850548158	
0.24292858837306705	0.13656956402489	0.21086409065926115	0.0	0.0	
0.0	0.3024069302358555	0.22629978377828766	0.5464014061837732	0.015251640764416062	
0.2774184380317408	0.16683219058179938	0.2626966680059997	0.28420250868957514	0.28288590029605204	
0.29388326336962267	0.0	0.0	0.02455096124456416	0.0	
0.33441398156868446	0.06012893222798587	0.03887827109884919	0.7964565826961212	0.0	
0.052803200424826904	0.19171670668176724	9.697667867575346E-4	0.21705476008537	0.01149854841558079	
0.1175375750875736	0.09927389325524395	0.0	0.0	0.172389819033135	
0.1585019392212577	0.2695391010045095	0.1760989511148989	0.2585158524791265	0.28861188378404695	
0.0	0.10867206502979836	0.0	0.1647965332285464	0.0	
0.001419503477722442	0.13654249556544457	0.026909701954960247	0.12940092497210784	0.2332308466805176	
0.027169220208699142	0.21570611844583695	0.11613994438491117	0.23546846000715535	0.18672243794400428	
0.41907964258673824	0.22680170101325162	0.0	0.1617399503392511	0.16504261256434558	
0.2906447913643336	0.0496468599994603	0.13117208596545374	0.061936374658524994	0.15550882991965148	
0.06591843746906895	0.2075109451363746	0.17225881552418673	0.2501165204384551	0.07158196949003058	
0.04637055357636759	0.031522552438485424	0.0561489392355556	0.13679455228698137	0.2142878347169414	
0.22954545455949926	0.0	0.0	0.3536236850966645	0.05564585827065414	
0.5314210636423431	5.491323481064582E-4	0.0	0.47879673219573526	0.007208623471294726	
0.2615173125987326	0.17120873661740127	0.06034184261666647	0.37098695021679245	0.054107534438091125	
0.2378478652063742	0.0	0.0	0.22414445854463305	0.02326224029180257	
0.0	0.0	0.19401695048976278	0.3158310642954148	0.1426126564542481	
0.11121607201774035	0.34655058058360566	0.03406296632915177	0.17889573494239056	0.24937813444767823	
0.12899101963870058	0.3176255597944111	0.3153861639746492	0.5530031191115191	0.01335185607324346	
0.15312100896654446	0.181568937584774	0.09049014826849112	0.2999207898154543	0.2962406181201218	
0.0	0.42443383922904376	0.338454101265545	0.0	0.0	
0.10507472295543396	0.0	0.22990146887895677	0.19064642778400337	0.0	
0.32703152548687847	0.14460393730843965	0.09218944411299984	0.48824018482457476	0.21246724813364629	
0.2604157398965724	0.14888975527916182	0.2721646727683486	0.1249674565047713	0.051806868000457994	
0.10989763109447818	0.33456527441634826	0.042635441971572915	0.033390778761558694	0.09132972153276474	
0.17828129724963515	0.14523140459484374	0.24322375764647355	0.20244524752360582	0.06412509508956474	
0.02404077168086536	0.12234524393046085	0.23302691900515943	0.25282407377187693	0.05262976446367664	
0.17383395131205842	0.0	0.31432747116144866	0.0	0.07120014628543662	
0.2822547851020963	0.06537593668184503	0.2777047480698466	0.10475819088684694	0.1821816198289937	
0.22551582745753254	0.44658037393080446	0.0032616320549882505	0.18853312819328466	0.0	
0.26435328874189173	0.0	0.06919748675354138	0.0	0.1872595374710632	
0.12657101025529433	0.27176646885257616	0.2965846162871242	0.24809842731188977	0.06154629736432184	
0.27427934729170067	0.09844097061439143	0.1893826093099774	0.2611507035571143	0.17269203344583328	
0.05146680188674837	0.31427741718831065	0.0	0.6271404118536558	0.3347778633957703	
0.0	0.39513905817780265	0.0	0.43334606095702105	0.06848532828277301	
0.0	0.0	0.030547898828542308	0.03248563780163041	0.08865213809485947	
0.26683285612554775	0.47711574560917674	0.0	0.5472608717129566	0.49072984794146635	
0.0	0.2480641051431986	0.0	0.10851752086838475	0.3794566194934083	
0.22325982875928976	0.07220206876693218	0.0	0.3015934042652825	0.0	
0.20011685327553574	0.2804600691751809	0.007368027901323934	0.0	0.016115400625277384	
0.2477315435663119	0.27282733013632227	0.25143422103312973	0.13265881056780737	0.20020505513504677	
9.367320985226222E-5	0.4741598200423244	0.041941294880915636	4.616316282713693E-4	0.08402737924224433	
0.0	0.12303243717819576	0.14088290254757221	0.5102247602373127	0.0	
0.2443458853434238	0.04426195405843587	0.3291103867652558	0.3240846097855608	0.4372219157229602	
0.0	0.3099129148789653	0.21016423450425994	0.6041831969811364	0.2727951529472993	
0.18559643058810815	0.0	0.0	0.18459878270517854	0.48062687102120033	
0.0	0.259512331996728	0.0	0.0	0.21781017001754716	
0.20346488910214755	0.0968531220341183	0.0714838471929982	0.14561942728331376	0.014342733750449897	
0.06621808711120306	0.548096078186969	0.06678572308775742	0.10772130740308317	0.24157158306564544	
0.048956054774681075	0.12259289342108431	0.2865573127915168	0.21412614568406788	0.1611742470261754	
0.45066239552353143	0.3300907537699372	0.12244177564418234	0.3864591525198651	0.12038640537761615	
0.18845813164712805	0.24522989187021718	0.04762804527056603	0.09710073536506406	0.06118444687730675	
0.12992177738812505	0.2447281721527915	0.08608047618877394	0.05902487409416971	0.2794947250122825	
0.17384704287445849	0.26568452324110664	0.5019937064840018	0.38944038402597897	0.09165283055657425	
0.011273104803007639	0.3422081767509748	0.2645299780151587	0.2951394418077229	0.24158274237656424	
0.07303694339569311	0.3003765756382229	0.14086599994106372	0.23542005405215657	0.024066131774398494	
0.0019934851147450365	0.205465060771062	0.3616178656175154	0.012183987450872872	0.24758243707191233	
0.03531080876889225	0.05720319223598414	0.16620060985014934	0.18462649031259312	0.13685887737635294	
0.2739655012189391	0.07821794600065608	0.010504875600967647	0.03907966501111619	0.15749351622677385	
0.36418732236081575	0.10909148110353559	0.7583060304591499	0.24942096276406606	0.04861155787934292	
0.0	0.28203425028526	0.6320712303798762	0.31799786057442975	0.008526358742071942	
0.030094335215404815	0.17937237647465262	0.2526265964170383	0.2031681776014078	0.1430280166116254	
0.08154493094845264	0.112492168967721	0.01948907768082351	0.1643577807227712	0.024701261230688616	
0.23269659501128614	0.09340396421044903	0.05322958257113193	0.304764321427123	0.03658322928314445	
0.40640423658245384	0.3888491423941691	0.0	0.0	0.0	
0.04897392934738518	0.06123349113498005	0.04429222634569496	0.08236303698530627	0.02364599457911157	
0.13557092418320077	0.18329770014963315	0.0	0.1439886411051855	0.06752762436294828	
0.10235488945771148	0.1023610534231398	0.008851109055600773	0.22231820761784168	0.012784885263626417	
0.04691764789403097	0.0	0.018885997694068093	0.8201711764380656	0.06485046956618015	
0.04475707752217292	0.13337833701605148	0.3846916032957001	0.42861395799237967	0.331507908107693	
0.6681522629597849	0.002684595675450638	0.0	0.14602305593973908	0.012451463044210619	
0.32081088314758904	0.32594417152379723	0.043066682869586474	0.07466021944400812	0.21173265086014015	
0.39143728137130446	0.08997011574058524	0.46425062997728916	0.09343108973392356	0.0	
0.23455845350914034	0.07722744361890241	0.20273001931238938	0.03521964101209754	0.2845607051145659	
0.3320408130140781	0.045885024010649145	0.021537685776163887	0.0	0.06592130554359335	
0.008559626818235216	0.0462960818210365	0.004469735348089372	0.20865041820285118	0.012260053803778547	
0.02107972863262998	0.12341856320497548	0.0736562119463775	0.2087714879137827	0.0022166212140999797	
0.08153734046871215	0.0	0.21447434461222573	0.0	0.0	
0.0	0.0	0.0	0.0	0.0	
0.2545449047837302	0.0630183607831621	0.0	0.6327103632170805	0.0	
0.22255304409735208	0.1312191580333741	0.15046488014386597	0.07984611791183689	0.1455279675746756	
0.0	0.08520790308605727	0.763658150863339	0.16866022037580078	0.0011583753828587977	
0.21025322571057334	0.27411243028756893	0.023070409365827	0.036950739693410166	0.23042124729751268	
0.13697145203296993	0.22142356459606555	0.10092375810749633	0.18030557371367187	0.10312026081576504	
0.025119333084000377	0.0881907882980667	0.13985787568804842	0.09698605057276306	0.23323295981453387	
0.42946649017189464	0.22814228015507312	0.15972961868952004	0.46869698946674726	0.3385846071357	
0.29394278684439	0.07300493548389562	0.0442716011030714	0.0	0.0	
0.057637465246485026	0.37913834148784414	0.20469342420176462	0.08665960588151227	0.492279124944149	
0.0	0.15748263657843228	0.13793391961565046	0.08894140846290156	0.07521038477566476	
0.0	0.38637887913813074	0.10868229134588395	0.0	0.0	
0.22893941132527904	0.052454651640034114	0.22290599151907006	0.07216262816162564	0.0	
1.6080811792937595E-5	0.3799369952769972	0.0048149364689352115	0.0	0.0	
0.19978289656506432	0.0966959916095252	0.1963273548141297	0.024036438603674482	0.2950448398013781	
0.3878594107840228	0.16266527409771897	0.098455170770855	0.23143297395298212	0.13648573478500126	
0.424524229472259	0.5164068343372739	0.0	0.5808684988737146	0.31170687545387704	
0.4640906528225337	0.0	0.15349835316181792	0.2996971703188319	0.0	
0.45304960945700806	0.7555835432976291	0.2990518758476685	0.15198441026983142	0.15566922782795492	
0.15911775153979107	0.2163537795358015	0.3011475958121639	0.17672367413543227	0.16651325799740527	
0.28274671571040066	0.20914536217955165	0.13746663235845494	0.16204960648603445	0.17708946757956254	
0.29510827427510566	0.032117865411475766	0.046726288750214146	0.2757065285076642	0.07275236033416327	
0.04408112766671719	0.11135830297188143	0.27372807080738787	0.20170457877362782	0.132974435832852	
0.2823935167383151	0.2671297217422972	0.19279974651456736	0.49880097505349763	0.30412173956420535	
0.2424250497043457	0.008823504099417895	0.19697483861580273	0.22235286875401938	0.15466368004022266	
0.19576798638292206	0.07598127996650163	0.30013099718837727	0.12267738106575998	0.10038407806461534	
0.29522845698748196	0.06336116547292302	0.243303788397835	0.26236646874129754	0.05693601731926212	
0.2427515167905149	0.1787188501937853	0.2398366281783728	0.1694115906454902	0.009649724826435495	
0.5178458467264512	0.6322014261688006	0.0	0.0	0.6774865885848221	
0.10772849684753175	0.08719614620167256	0.13212232242466732	0.22550199553494416	0.0612158058531854	
0.17325345721205795	0.07387202527961044	0.11143436240888367	0.2954910615509756	0.06309478484115748	
0.16121200368031582	0.04454936485332963	0.5349849392780361	0.7769477316694458	0.2557076341022955	
0.29481322267969323	0.25177001790292747	0.2809689207533697	0.0388598751814648	0.23761495480469816	
0.3297157637059612	0.25987299808692765	0.18964713980911743	0.41862481192264794	0.1605508400889346	
0.09384767226316222	0.30826579821425243	0.8478450850417574	0.1415827142348023	0.029598638016092322	
0.23561301750663652	0.21727029076476706	0.20018350512107538	0.28382760115103983	0.08890861711250128	
0.15447165973858917	0.3096786982323519	0.3711246539888256	0.2783416569825208	0.19864936664490976	
1.0473523381200247	0.6262678930758353	0.22088886849084569	0.3098772269965651	0.08039479428137605	
0.24265277954258907	0.06842888401731455	0.24075217196597457	0.3513434247659682	0.40684034679052095	
0.2893898211221545	0.1322856246904043	0.08401764595632844	0.05001098547636102	0.09098705742790296	
0.07273037482159257	0.1534396914750826	0.0015351140251262747	0.289969964294543	0.11801042295894633	
0.0661942499052763	0.22090473261858898	0.10194245781255894	0.0	0.0	
0.0	0.0	0.0	0.0	0.0	
0.10113788990247384	0.20958611926207	0.25333557233173126	0.13672449056050684	0.25755688739106486	
0.2961683333621761	0.12680095115238418	0.15268989485101622	0.20198091864505058	0.18020765772739425	
0.0	0.20796330923653059	0.008495848254484191	0.3408551439959507	0.0	
0.3189783054179527	0.10136619059873894	0.5383644306587305	0.39174000874118303	0.18441578072181838	
0.18503457501794437	0.09077402589657052	0.12919945595721657	0.06661403737069242	0.0033596532270279565	
0.2478602684053894	0.2836683646942157	0.05361673343913412	0.02869795893072537	0.2767149541419905	
0.2966280858016583	0.24306380437196792	0.09245711376349694	0.07809732699580539	0.17743289354983188	
0.13327544951378614	0.06598789210076053	0.06346627825507646	0.007291159725769036	8.046947889633981E-4	
0.24163364254462122	0.059365379280997464	0.293355629487587	0.10822353630576939	0.144590848647217	
0.07884607246785912	0.010681447360139993	0.08675804759996525	0.07744352166262533	0.06373290231162493	
0.25578803817121093	0.30960032223386696	0.22320527971331344	0.14660895484614672	0.06800160820502535	
0.48885293595638224	0.13783932916298108	0.6081112804527042	0.2201345046141353	0.173955561037527	
0.008052465469680385	0.2762079765527885	0.1466171110156454	0.021225644277934566	0.10858842589871566	
0.10754634157006242	0.050955738570838884	0.05347396428295829	0.28387203942569644	0.1988442997230572	
0.0	0.0	0.0	0.3374027317440753	0.010114231756619931	
0.06218257991665979	0.10178170199662152	0.011627251270814154	0.2730390168684587	0.029630884026576487	
0.04454160800945122	0.04006497286753153	0.0	0.28484181574555334	0.0	
0.02148584508349604	0.29695514186898436	0.19279405807692895	0.2643704230240551	0.1933549204730322	
0.17632937442690874	0.05069170846768434	0.22597802746966703	0.34621651605340237	0.2736119821447139	
0.0	0.0	0.4420934726217493	0.5099557824454201	0.0	
0.02944949949120107	0.07179138481974491	0.12795400090613981	0.00467604231260152	0.005783586342755787	
0.17999153911430577	0.21758251252094346	0.12930649855153686	0.12582295386386025	0.05964431917499763	
0.08475950510518242	0.08772628561062168	0.06500249405268464	0.038744160442835636	0.016827846001614168	
0.2949579160417903	0.17173439375690336	0.08242584414898836	0.2001698869698834	0.21817119355202202	
0.4394634229399221	0.13027107766723664	0.008321985533816405	0.4213264718743291	0.13583281851084789	
0.18810955693134732	0.10496965792086743	0.7738514814986147	0.8423563879859913	0.15607167687260404	
0.23882228365670116	0.004004815591456648	0.13259644837503268	0.15182659550224822	0.20551804281141822	
0.11861475392201382	0.47625027944502935	0.781924363926727	0.28484623279508764	0.2619597729966485	
0.1483265218378684	0.041014807560679364	0.2688575097287022	0.19874219388174136	0.20533603700714356	
0.7002568242312283	0.5087742547484558	0.5756965720314392	0.27460647642759445	0.21413031056420415	
0.16145571118274618	0.0	0.0	0.0	0.0	
0.06792845521142872	0.28728036830722226	0.3755326457318865	0.5826351567993017	0.1423010647745063	
0.24252404232352912	0.2944304385430626	0.18739326111328566	0.2395602267578756	0.04862592747536945	
0.1078978792116389	0.0986689237571935	0.1332443538767986	0.06115955550549983	0.05597766122082918	
0.15231256040349395	0.013696796451572558	0.1422711909323253	0.26409323139196544	0.14960857742998868	
0.23883430191466917	0.2417436237047651	0.056009169151346745	0.10357480497910228	0.189564231743079	
0.2870114065871034	0.0632592022918921	0.07888900139309712	0.10749690844370365	0.07822680889695413	
0.16956122103588744	0.1428417040427054	0.25337809888835733	0.2717559243347176	0.07584758558617691	
0.10790453848580978	0.021360377207167637	0.0053679424946604685	0.06613960256965332	0.2707654552547557	
0.1758627989208139	0.30578633915314	1.0927370698303244E-4	0.12115358035634907	0.12442312082840955	
0.12661126370963338	0.23287255891835063	0.2890911361854504	0.15142981639423175	0.1982464893909625	
0.05055963279098691	0.0	0.0038110249161659396	0.2729935348870349	0.06928832093020258	
0.09163073019404837	0.003322440838587575	0.007579985826906722	0.05631318361492071	0.12457809837221567	
0.1845548985880264	0.1406988106051822	0.30001097464826454	0.2771995403471244	0.24572551663548506	
0.14267762861800368	0.1612914636856997	0.13888805257188416	0.08477808976270805	0.09522817067048642	
0.028979737209723237	0.5304089261248337	0.7954021070759199	0.1301111627411438	0.0	
0.010218195874789957	0.002264949162227147	0.23003671648517257	0.2675478320296783	0.04199218290872441	
0.0	0.0	0.0	0.9407213122579098	0.0	
0.35519393362837903	0.12332231153755063	0.5734846323320852	0.2918967792372896	0.48332164575022524	
0.2833092127036256	0.28993733479958383	0.1996403444433565	0.009016755005867303	0.08375152092136345	
0.1156722538916855	0.670230255350005	0.29489998617666874	0.3053405080205507	0.2923230370597884	
0.5041869193625753	0.0593372908872509	0.4106671729978301	0.503237150932999	0.4588985807893277	
0.18391893948986246	0.0	0.16504096127033177	0.10311316495538057	3.4436531997772035E-6	
0.0	0.0	0.0	0.0	0.0	
0.18003276566203913	0.16269531189480294	0.0682306937176869	0.0	0.0	
0.0	0.15666991706665753	0.07874581224203418	0.0	0.1636245300445674	
0.09980971624866372	0.10227817271680001	0.0	0.0515535019149145	0.22058803868421317	
0.2728935495221707	0.33828353136165723	0.04393227523820625	0.34266942931396177	0.0	
0.2738823111928663	0.2279382152104971	0.2825471595137269	0.23875051471334977	0.1857742986376548	
0.1086397864873065	0.2996706501209168	0.07776689736825862	0.17211594382111478	0.18756349882349052	
0.1382355666353323	0.1595023678533906	0.11317113839733058	0.13811606509004185	0.1702462669326019	
0.11378363613129143	0.05459289803064336	0.287501727378909	0.16495681436130985	0.19983380099903303	
0.009212429959604675	0.0537003507409988	0.033017263926152854	0.05946899290071088	0.08152097144239864	
0.008400067783179277	0.28691123440439037	0.26609854134345856	0.28698786825731293	0.24561425399487616	
0.0	0.07082404598248407	0.0	0.1326194782289731	0.0	
0.06714225798980096	0.0	0.5888320860446067	0.0	0.02852007194514392	
0.14928132340626724	0.26559342038053335	0.0	0.0	0.04368079998468827	
0.25896366677770505	0.1786747302869893	0.10451683629383274	0.0	0.15627858878963463	
0.5643589277171152	0.0	0.0	0.06798013282151794	0.006717437798536621	
0.12798316545912863	0.25550442367793175	0.04292831567388553	0.1450932234723887	0.10589650800916067	
0.5109108781468863	0.0	0.3246832575386188	0.4198323337938421	0.15368894184687323	
0.17207040295633447	0.09522812332831944	0.26922486147819724	0.30351011218997653	0.06518590753763157	
0.09846882626897197	0.28741152771381256	0.17152616478464372	0.2098552125406712	0.1538336563190841	
0.262650868710205	0.18393471222024327	0.06164494283035186	0.11453226322866908	0.16341878117889608	
0.1004252917702407	0.03438249146421511	0.08960146057666565	0.0552139684176845	0.0	
0.0076468785249206314	0.22549105772066763	0.06952409490280696	0.14785396934466852	0.14851721063605053	
0.29779529758711437	0.10372724126874573	0.10913323683201663	0.2265111610947494	0.2885676777177517	
0.10043568884934072	0.09737885439633549	0.0975903020414476	0.20073224953838148	0.13392358753825212	
0.018155326102383868	0.25213544532741416	0.07177010604389279	0.07642887234994356	0.0	
0.3137253835712084	0.24584378027949233	0.5673687307478741	0.27546413049248747	0.31132427172543287	
0.12091019722680824	0.13250366034862193	0.09871931665539042	0.17289721949639597	0.12894208022170178	
0.038993247449652796	0.09092134163778706	0.421827398574363	0.1818690282440627	0.05717283149680766	
0.029977454048403258	0.05779575381036482	0.07534613889180504	0.2877856751692428	0.22323890281238115	
0.001133424634448012	0.2930965955847463	0.03873186350736343	0.022072529783012437	0.27535531215786185	
0.0	0.0	0.054131644981633247	0.26926217771079924	0.08296574563049118	
0.229325092238967	0.24756895892538583	0.2396616041189278	0.19435835948588082	0.26986211743969263	
0.10700998007491676	0.0	0.0012378613960191082	0.0	0.2135799066117611	
0.1875322551440532	0.28435626541609194	0.1505300100766351	0.295628846768697	0.24517169289365578	
0.1868889934042484	0.2528964564009658	0.2089952027962392	0.2506377303771872	0.24099970235147627	
0.2826933432348133	0.2843499151486213	0.24121643144642002	0.20876754770137887	0.1527531558984017	
0.216282322702656	0.0019035645619582364	0.16867943921824743	0.10312642289397812	0.048338562292795866	
0.29529709455919306	0.29408651827104365	0.23326362772466913	0.14166249175007914	0.1787979585886642	
0.32312455936938056	0.5451526072618755	0.7289653874160973	0.22009112679830192	0.51435629873407	
0.2632639796115417	0.1678794398819082	0.13033202495094826	0.2839955427043302	0.009116066213130629	
0.16849696850506052	0.07206978837357676	0.13096660039589786	0.12538658395115052	0.11254512401780233	
0.008374787451426786	0.07880390066681	0.27872644949440806	0.10691807159146738	0.11465131125038272	
0.07272152200113517	0.10207474585240349	0.1223628978088757	0.06373910580655129	0.1421841029660448	
0.21073635776233193	0.43514634945005554	0.08113218062823818	0.29316795294053793	0.27151524525073123	
0.4514445751639747	0.12299599320133167	0.2925468804039842	0.0	0.2099770908617037	
0.17015337671724803	0.25849558257026717	0.20855356918359122	0.19654058866887944	0.2800619467706652	
0.13622980927318454	0.23891177914838352	0.18513607101977514	0.1263798741569745	0.17505946279212178	
0.1087991915249052	0.4946842601509961	0.0	0.35169870887489046	0.0	
0.036615523289334206	0.1952259207117581	0.20023116382067802	0.20253092114647153	0.19282253584262812	
0.20891122157583283	0.26245932135254735	0.01266364447922386	0.006769138321375186	0.03215725701736687	
0.21851148175869733	0.20788686300896445	0.1275944824168844	0.17003781651641475	0.26400080457529823	
0.25515888858347524	0.10844889043419298	0.1437441275404922	0.30187738085344484	0.03780945016234721	
0.07995132821855253	0.1422461051253233	0.18967362936907856	0.10573884788613777	0.15296729160034014	
0.020238171101989243	0.06556613705081439	0.12376485638984655	0.011525342156891749	0.06729991546158101	
0.12358889832977163	0.10683824498758471	0.10105324987030115	0.2521064933663982	0.24905033748188812	
0.5454995988596263	0.22222672633283572	0.020898085791149688	0.14598741241501093	0.13863535195049362	
0.13516071871980206	0.4577521601854596	0.2650660483758774	0.1141851521144284	0.170598309430231	
0.23032757907740964	0.010145936591797685	0.057272263751947675	0.08538289630702947	0.0	
0.07068210777133105	0.443031309084002	0.23750633678664404	0.30382597998818967	0.3334129337987491	
0.1936994821970529	0.2550334851002413	0.1707885282691872	0.11260287504439731	0.20025767923132767	
0.0	0.5689092599876951	0.1115881730625487	0.0358682279660207	0.0	
0.24553514432931156	0.24785077582836126	0.0	0.17183882620818	0.16370993554091015	
0.2042960146100483	0.024409177247497058	0.11410822210915356	0.24537261357324416	0.20831685666648722	
0.3029397959402607	0.2279471660756587	0.24648978418681192	0.25063634813221597	0.09192272095577794	
0.11560796791592409	0.18436584495927044	0.09750496506979763	0.15997985668298767	0.24988167182538806	
0.2452826566822839	0.08125546868182201	0.44568396203697336	0.0	0.22044196086590606	
0.16890199251708074	0.027523708254160072	0.16205134827135953	0.14257286407636358	0.18122825176054716	
0.019513818433984337	0.23755238849075905	0.28775958162677645	0.07323070391616437	0.24933883036624058	
0.0	0.22194915245323005	0.05942634624723345	0.4317251463711853	0.0	
0.04420777523638212	0.0020609185683342036	0.03484803016021931	0.3258342267129777	0.11277800528375138	
0.1340758017671305	0.2690335421284402	0.13739687566323355	0.09602235893525049	0.2591239758887592	
0.11484764855816333	0.013947185838695782	0.230882732259045	0.07051619491492142	0.2613979068250876	
0.021808301622484167	0.28162724540693673	0.02656188316080398	0.10073513386105867	0.11520587210315936	
0.022597294420338945	0.25009505614636834	0.09788048430267418	0.027384216942303845	0.10083978413513314	
0.19019798866493426	0.029436518843579916	0.24547195915052786	0.11148469056671068	0.26899533562347183	
0.0	0.31280548095878696	0.169258639835225	0.21152713549452018	0.30740906820327474	
0.14788518752379828	0.1957402920332066	0.29714059358152073	0.1199065154993997	0.2680847411811723	
0.21795767467583568	0.029918991476809733	0.03827720126095554	0.3245128172054606	0.14850022223351295	
0.16593021705095676	0.08014954607574741	0.24369014279198092	0.21457570167884535	0.11633632399090578	
0.07914041949268615	0.18235317999188655	0.0902152841400664	0.20730216445202143	0.17415103446180316	
0.08528125629955316	0.17282813070030004	0.010008453352621514	0.2969936379020098	0.19762696346407538	
0.04298477271185948	0.15755671575909472	0.00747865451140016	9.782023080577327E-8	0.07442210301245049	
0.165808336113158	0.07130801369553579	0.2610188128167921	0.19710351027450818	0.17812604979572172	
0.021933965118369092	0.10057330732897855	0.121289601146301	0.20838563229291168	0.11757729576616359	
0.26368076118980377	0.19957468831463612	0.19603612226813	0.133072599055973	0.1455908218331547	
0.290466644770921	0.03636313375787911	0.1108812122908549	0.03188197168464369	0.20260429235391475	
0.08222085499844468	0.01100676812135895	0.09310661299636101	0.0353618524478335	0.025193683764439607	
0.0	0.0	0.0	0.0	0.0	
0.16620280318349337	0.06849318955244589	0.007751673488913105	0.06544745852632426	0.16182732104685574	
0.3007890966607698	0.13825640136988002	0.14679733627721964	0.20240264159737267	0.23878825613127017	
0.0753308604919991	0.23441406968404846	0.205149873443139	0.2939195271648705	0.21476291084744273	
0.23146731797313705	0.04256899838028015	0.27484858207345575	0.09622916428519356	0.14591380379234573	
0.27346734617359786	0.07288990229034806	0.05856310546547062	0.10338680875342825	0.29185902055061874	
0.007656499956611116	0.01914824343006125	0.14472265399520123	0.009963121869443807	0.18509250819323017	
0.0	0.04185388996886243	0.35340129463095943	0.0	0.10724682205551292	
0.0815135011437039	0.2933522946153587	0.05100297118453625	0.01133506337798541	0.2667405992802963	
0.15884446573631458	0.33260970608063206	0.17703174191815446	0.2703052782784914	0.10109492779255677	
0.22434735636798628	0.21987757797895058	0.2613614081102715	0.11549569538279962	0.14513784308512212	
0.21588295552563344	0.25980822350984345	0.3840809498444926	0.3127243243333591	0.060649510425479225	
0.3589316769804853	0.3389711741704095	0.19716182408579416	0.24797852151739988	0.19177555611167393	
0.45159647633784533	0.4094480538630183	0.1567138854081211	0.7244172018864985	0.00927937176322491	
0.09742132802427884	0.08319271592512298	0.11321780065443642	0.0	0.023909162482345366	
0.053458840461094934	0.17948072584231642	0.02624364749782792	0.20371328721011248	0.05390684919664315	
0.0	0.9660880537557082	0.1445073209310869	0.1871177738359865	0.0	
0.11438346921641977	0.15148177832788817	0.21071941874146127	0.03470345128161707	0.0378455675760007	
0.14118187864940177	0.1138749697361981	0.2681250795065624	0.1696771182544951	0.11624399880705796	
0.0	0.018305543148882587	0.0	0.17091250436495392	0.0379248402769864	
0.07541020168684871	0.3568782768217031	0.17501883401526827	0.35884657879119225	0.2505593363450107	
0.2001165932287987	0.24969264694674367	0.18951480354824876	0.24350911579494358	0.17018052996481475	
0.3367004270389225	0.32343100674273956	0.23573589156736371	0.1045361116617302	0.3018353574410767	
0.02502421297330589	0.4445455777897299	0.2625239558634873	0.28301504267288596	0.3239952134098508	
0.3024345042707115	0.04233456852939521	0.13910883295477688	0.057166432657479775	0.22807330548525662	
0.17113708156597493	0.18027683670194616	0.11373910452563457	0.2332300999961799	0.008655298584643414	
0.16768793365567733	0.5293193395973005	0.2152501410693684	0.2844705811783929	0.12663300652805906	
0.11276999204896357	0.1470342499451	0.07723774226676552	0.16551508873066337	0.2555620474667501	
0.0	0.0	0.0	0.0	0.0	
0.11352936801458248	0.07086501524492965	0.18865125535614288	0.05709638558968756	0.25574563819257934	
0.0	0.7116409704919089	0.0	0.20306305450944023	0.018174378359197225	
0.0	0.017975000405185373	0.133754169647933	0.3951170252352944	0.21928029896632534	
0.002952448955037811	0.28809389931048535	0.2134253219543996	0.1319513780610471	0.2564684922893553	
0.2297531332395074	0.09637306580701434	0.24936698808583455	0.2335492628405435	0.2930331110906386	
0.30178476671301147	0.053759095001933765	0.06769553200042931	0.1680319516897477	0.08398366657926672	
0.12092495486200257	0.13069292079893205	0.2313925394704825	0.19553104950723926	0.00402772202112224	
0.2186153840757738	0.29170581629070114	0.21928337720963142	0.008293678563377928	0.18137379333115944	
0.22869590276547772	0.2359837163689276	0.14419441229661362	0.029245123845587268	0.25665356670723444	
0.2611029668416759	0.1868827028074789	0.1473888687264189	0.29998458080365925	0.06697001541109586	
0.34303102041288613	0.4744174555818808	0.23450565859612452	0.5670429955904136	0.03349311949727888	
0.022963655179178876	0.10697819930620302	0.2168464231673455	0.06064126996964688	0.25172041858162814	
0.23060127406272463	0.12227358704864916	0.2587490860994399	0.1779249318597198	0.12533292365165535	
0.0	0.0	0.00392356600176032	0.0	0.0	
0.08805921156271106	0.012747923706702498	0.0	0.2724021151374114	0.5876783877256041	
0.054155680676841206	0.1359475504973018	0.20174768681369354	0.135548184406478	0.14504525713599783	
0.02611579698473498	0.13217636222801823	0.09370144762470732	0.05415074728000432	0.18039424539500373	
0.061021020944457084	0.2672625257875948	0.03406788801283608	0.08665828535851565	0.0	
0.2046819279502519	0.23513517443419632	0.21288849492785353	0.14075051926986035	0.21601544332890182	
0.22183516876677017	0.35028567624196555	0.12959158009366095	0.12622387295205176	0.23275544894692954	
0.17317878534311712	0.17111302686673127	0.08726919857417731	0.12859354383201835	0.6128837969244955	
0.0865079611742084	0.16939186724978766	0.2713472457798678	0.03278505292995895	0.1948088519987365	
0.5704066454671739	0.0722894410818164	0.43556836054854825	0.29544314715524533	0.13927558395318781	
0.0	0.04341559513395843	0.19915699741634343	0.25782551566125417	0.15087344020552448	
0.0499901690868272	0.2767854359073353	0.14898866345285494	0.23870699914712137	0.24178744641230437	
0.35777893319043297	0.552966034658046	0.019919527156148215	0.3503820308352357	0.0	
0.34204090259955905	0.3013486405882727	0.288874808473254	0.279735701462211	0.14716181760653108	
0.0877665053819082	0.12702749352190779	0.29201292202204127	0.0019824478560057923	0.06651046312325877	
0.0	0.028123349283572796	0.026934996018204597	0.018861807877022373	0.17975757443106996	
0.30137562124396455	0.0	0.10164226849302285	0.15942463690510952	0.1804452733821203	
0.18752359182083936	0.06084851620011591	0.08980379635549626	0.09964518899277486	0.06743760410265408	
0.14830199293094018	0.13810346699873322	0.13756495966976967	0.16572464895735378	0.005335039746187909	
0.32296053342847014	0.0	0.0	0.44831160971064743	0.0	
0.4112223675750982	0.050984901764419166	0.12614617433640873	0.0	0.005383100650181475	
0.0	0.0	0.0	0.0	0.0	
0.5951399224275037	0.2224648709901633	0.4241536999969684	0.25965923539994745	0.023304254194893702	
0.013035063874460164	0.1324933857496891	0.1821886228800151	0.21718318422285246	0.15094762113439952	
0.1602801312816099	0.02304948395385928	0.12398709408368891	0.039593779208198045	0.03734669966333165	
0.034506596084202826	0.2742524852228409	0.18563070369763615	0.18915602718704003	0.0	
0.2155572329189159	0.04619533042943003	0.2003909854041856	0.17089362850217255	0.12380814905223557	
0.03591597770843803	0.020637286873594035	0.08208352471022354	0.20246159550080012	0.018055801986330756	
0.0	0.04043726048717388	0.43930677986773514	0.3405787552025268	0.3220143594859248	
0.16338542882287663	0.2624877379687277	0.06130513998296828	0.2608989601747038	0.07468435875940654	
0.24276863251601888	0.024046208905803928	0.23893606624144612	0.05780823965216318	0.29172836998752716	
0.12903396112600016	0.0852727469787486	0.029083574948324722	0.08934991797580713	0.158877008715745	
0.11697689327353505	0.15428097856727532	0.29930734732925507	0.05846181583702387	0.22908932089619322	
0.22216258209194456	0.25787907869706655	0.008432617199566518	0.30188918478028787	0.009432746868200455	
0.2812504608101308	0.0530092478950295	0.2170217251562943	0.015165461710726507	0.2637014434718024	
0.16607319387979616	0.12403649802882008	0.0016136800708070576	0.007703912794876391	0.06412546140946426	
0.26584611098775757	0.0487729233304188	0.041370078219169486	0.29034811396848625	0.11122400580124724	
0.28391608197980694	0.2513385797210157	0.08227485454519934	0.20185079463197145	0.22227199786824908	
0.0	0.0	0.0	0.0	0.0	
0.13550270433564388	0.2715958167858035	0.2256918736131412	0.07108842020339	0.1918557501552763	
0.29201642032907166	0.1641693698287295	0.2797161962802456	0.28202580906512037	0.27306056637571974	
0.23798115270238032	0.2285141439606253	0.61519667511184	0.051539623780083435	0.7479916160318245	
0.0664026323998124	0.0673298559122024	0.25001047153190387	0.1693223666523754	0.2792038543928442	
0.0	0.477849494142716	0.08928429369032376	0.3662719908129794	0.46693978124836905	
0.26781366949822644	0.16389335802253022	0.131948682181637	0.21809822973150642	0.19722677256483695	
0.13535331422363617	0.27161657516632814	0.25779206899778445	0.27722670048175724	0.03294660711772164	
0.0	0.0	0.0	0.0	0.0	
0.20861705547378126	0.19709363128772237	0.12275059108474382	0.24805776725020234	0.15637425387747814	
0.3636296421783018	0.5772472070812065	0.635758969165913	0.3522563879163129	0.04831825555216554	
0.23816365087499414	0.1418250265263614	0.020134293659436246	0.24911037842619693	0.029455059126078004	
0.2952949959434828	0.29053146941244473	0.10899912873633398	0.08810600658663911	0.008836790976690757	
0.04557045454489339	0.0553193456386928	0.2705355786500555	0.050348483220971	0.11142616396017149	
0.11572363528445789	0.11852486682033257	0.11361099885347907	0.2913006099767007	0.26493643638178715	
0.28854726401456127	0.059002821591239395	0.15869645422438783	0.2542986342911521	0.09394671204024194	
0.5820401879757423	0.16218514645756466	0.3957351725272868	3.209393650104991E-6	0.07837311721059387	
0.18916828569281222	0.11717287589524643	0.23106394708271316	0.2551556470112426	0.1467075007864107	
0.07093576580920762	0.2668597096209902	0.14558690371374233	0.03309037350307914	0.2291528566887241	
0.17287228982466346	0.16857558510224982	0.2507473731761207	0.06090537779631507	0.009971557786347009	
0.004920611507406908	0.0940337587735174	0.2153110455706808	0.2505654833546937	0.2833827400039314	
0.11568452869454794	0.03406905609704383	0.020767610164477455	0.08314152313486249	0.1841817292287955	
0.27156201642780864	0.15288900311644818	0.22298976055513237	0.15667546866763282	0.25662186380009255	
0.26436332776285415	0.21546976806583557	0.1169857814331984	0.03248541216500372	0.0	
0.08081202060029728	0.11507057956683932	0.04722457348160667	0.12211397850817846	0.20544302075854945	
0.07421861824036903	0.01853133768134498	0.012895910022573552	8.786504884911683E-4	0.049811342619220725	
0.06867190303854831	0.1696326480984998	0.1412440365295295	0.24378950859861645	0.252786949277865	
0.27745587839532787	0.25571265011428296	0.08036766216822153	0.11131899919224088	0.21747867826937858	
0.061635402402232954	0.29323905243158227	0.1987425506923288	0.09210468692930031	0.17183546068357203	
0.1461047501037804	0.07224976750268572	0.13029474824538637	0.1431611600891003	0.19170387349606846	
0.20128677021787364	0.48513634259565924	0.01534032639977355	0.48528081474089546	0.06580333702349885	
0.13255581631369895	0.005147509585848889	0.27051241683217353	0.17465529373157251	0.23777177726223486	
0.27399622451481337	0.29323009552238344	0.24747430243500118	0.008977608948507187	0.011176708454402495	
0.12088237333788059	0.3538304787202512	0.3248532177823828	0.1485575737114502	0.38571585643647716	
0.027671989538587304	0.32266859202775894	0.38228516062161466	0.0	0.079728214590008	
0.19830157881504928	0.1128375382831517	0.13296398302008436	0.028611904043290257	0.20632587477183875	
0.04490601448192367	0.20287040849883262	0.27144898343289864	0.09697669591415135	0.2916058128583411	
0.2740271365912119	0.6446668350528207	0.19116297296255905	0.22689652736355082	0.12664485832335975	
0.0	0.0	0.0	0.0	0.0	
0.17023882887223588	0.12224281230046918	0.241043732345112	0.24147422133359286	0.06843537281269405	
0.23765867503738267	0.18077868951110368	0.2784060865236819	0.1269714379658815	0.292852089612529	
0.1992005537075179	0.09675433487943086	0.3067374215298727	0.31677836051834973	0.1023707972533971	
0.28322646246199484	0.08884458520449293	0.0429662350949654	0.1424408871362887	0.23108372406668976	
0.12955617391958094	0.06687435713711642	0.04767551801790322	0.09638536983563535	0.006701356381613962	
0.2585661695758575	0.0	0.01940139602883581	0.12822802697387545	0.23469580390683853	
0.2381204237401044	0.04080677516630365	0.14958697826840983	0.2815955643988684	0.20792815299612738	
0.3100012106198232	0.1265215790290404	0.23679697407749742	0.2816978710141526	0.023371780296592985	
0.03140874560301599	0.08467981976885447	0.16508483946048677	0.22872703807366865	0.07172442087754972	
0.11174054891290681	0.22313156122020855	0.25464085144781545	0.09365381670523894	0.023753947149173733	
0.06137846669860849	0.07633390483227341	0.06265354011267932	0.03470581932892064	0.06485331930615544	
0.1071603918032291	0.2975900790976278	0.05697874274908442	0.06243338339138883	0.08668114299230419	
0.13286999054662155	0.13276453467934263	0.2616864020473275	0.2941210117749156	0.10794995636877724	
0.22197062382195462	0.2006822870117783	0.056662243931937605	0.0752754501937942	0.12258998422297773	
0.11790227999742872	0.005768759644484318	0.055543985840590546	0.156928582046766	0.011780637369319464	
0.2348443930808977	0.1911889342346065	0.05923522510300032	0.2257265257806596	0.11496672883241038	
0.2191796420565753	0.7428807882948756	0.22524634547330508	0.4480235285294453	0.5455336908297312	
0.24631781934705133	0.0711461077696185	0.07298145205817859	0.12092262623511389	0.16112149662409156	
0.2933592534414648	0.4125825554223174	0.1711264038466517	0.3408495936917269	0.12274375209849278	
0.27663257298764077	0.07812540647904673	0.25788201272934785	0.0637530101455712	0.24591309673837636	
0.21724205405897432	0.062004967665644894	0.10835020735527472	0.08407323009599577	0.24865073078897623	
0.1998752151918327	0.009220709438865765	0.29209003909354814	0.02322405372127942	0.2085508328235181	
0.30512045453887165	0.06695329819878608	0.0	0.0	0.26180037708463844	
0.06994626081708898	0.10407656752155212	0.0	0.03538591138378936	0.03221192575581004	
0.27421787343208615	0.1057595178118515	0.2750325522791465	0.026616076301732485	0.26101865363717935	
0.2182234445256198	0.0	0.0	0.0	0.2802690636564985	
0.33373048281614837	0.09466393315466763	0.15967387601053362	0.20962838059243263	0.010052342336045225	
0.08846813753484056	0.29801360428957707	0.1275706055276124	0.09777136524136948	0.030867299617888845	
0.0	0.005949482608606939	0.11553908029906168	0.2500534061894557	0.0	
0.12377863318461724	0.12623707644431204	0.2974666869615012	0.0705422864656501	0.11263945319995035	
0.0	0.0	0.0	0.0	0.0	
0.2525947617139614	0.1389676817491751	0.09863875061994497	0.08887372454888648	0.17666253522768513	
0.17388177812430722	0.29819451900646976	0.2440851940756298	0.05616939365709231	0.23796455584359483	
0.2928157364047045	0.27348570372952863	0.041664038743061675	0.10269320979119895	0.2672066302750759	
0.07389028240485125	0.11999092638511027	0.13960193754174907	0.1997749846009806	0.2216020778189424	
0.13622320763493048	0.24842067299761855	0.22819509315178615	0.2964842383654087	0.17788503695559577	
0.29771007939085353	0.161690408295148	0.2882400977781671	0.0037513928531636917	0.11327963544293553	
0.25569202384711104	0.16351981052627382	0.2944363383611849	0.18874973308240411	0.24039432191588272	
0.042332557535770914	0.26487281659845396	0.2966280905399259	0.04807098910293496	0.16229726146386173	
0.24070446421678862	0.23329322321137064	0.04473882792600983	0.12675520814702038	0.09522196068921505	
0.0821560230652334	0.2656359932344434	0.18664610878151608	0.1536232043118611	0.23436106849002156	
0.27211612208687025	0.2151605428505053	0.26623786441524566	0.10757097852637418	0.02252403448909651	
0.16909204356233037	0.0862081420456626	0.1480065183574006	0.10254751935408073	0.21136305707124284	
0.04591867328493596	0.2246636786542524	0.1199118706948276	0.0627549953566409	0.060539682065438416	
0.05965785485207599	0.22963069679765793	0.27273671715020265	0.21797777432245236	0.15753785401266066	
0.06993796441405203	0.14275695070641012	0.2716110430721017	0.20153637936775257	0.050861865421354444	
0.0	0.0	0.1615717989566543	0.0	0.0	
0.023563590599586785	0.01088748162464906	0.09592372061164693	0.12811758388128655	0.13457204198803963	
0.26762462884698923	0.2637640636924516	0.009895081389577346	0.06457289202843686	0.21771089716829375	
0.2769784390122765	0.2297233467326426	0.2076413244561562	0.14073454811728894	0.31893257111594153	
0.2502094049939905	0.20246999834958845	0.059555002507894826	0.2911525159186019	0.233119651654823	
0.013352788438255827	0.24902571878661675	0.24389699062687076	0.17249226199087225	0.19256003088449428	
0.07045037888790369	0.21472513309716112	0.1953262004540515	0.11445974512782724	0.17238413928096727	
0.03584730420958363	0.02343745759370991	0.05245511892242514	0.20101549101658908	0.15978663639955093	
0.11732658106102423	0.2417272571614694	0.1907081557157959	0.17939962541589538	0.06709450854105165	
0.1424101817844955	0.287999092989935	0.25736814437200456	0.055524807075880346	0.2833988971778608	
0.20680927504100333	0.17539233439545535	0.04248353326454437	0.01967521898198793	0.018679973753605462	
0.26156558605296387	0.09491055406693144	0.0862735993052225	0.21189807226480709	0.007474448940927185	
0.0	0.0	0.0	0.03362751655007352	0.0	
0.008674968353899708	0.1591576872943012	0.06787636989465831	0.22822794890378317	0.20806890548651952	
0.01604807481041391	0.23886862263730957	0.22614570192577946	0.007144368093601305	0.08098834051421022	
0.21874581999463982	0.06519523661587805	0.028002531888158235	0.2593582100805071	0.21990024910783326	
0.08547893232689822	0.02033930099139134	0.07336616095228975	0.18834502318966045	0.1108341427282657	
0.18293642810766886	0.2919597373514802	0.012604109912905283	0.17855314363492314	0.018143931969906654	
0.21610788981387435	0.11177720225283733	0.18880875863063123	0.2211700100622473	0.10629793283586107	
0.08390072852843108	0.28230890116770135	0.2820183748740709	0.2943669294271182	0.13689672164051378	
0.24571122637766254	0.2531764897199596	0.1295182099469277	0.24633840194143947	0.0032852350125290473	
0.23033269346766702	0.26921999858077394	0.2111141331514339	0.013615229004920812	0.048114870300171864	
0.30202934149384225	0.19406590592032405	0.21736040993103792	0.18141089306412092	0.2620331405180367	
0.0011194033931963246	0.8482366614996276	0.44612616434077834	0.0930105415088171	0.0	
0.3072584197736512	0.305110162317066	0.18063314389416404	0.014827972339327741	0.26238172248349445	
0.017910154347620586	0.26526237633615624	0.023648986489714034	0.036629279150323005	4.913900710129279E-4	
0.0	0.0	0.4686731616589371	0.0	0.0	
0.28530957231157505	0.24499445956879032	0.05695695392971279	0.10487777843088747	0.06552217492085942	
0.0	0.0649244315048712	0.048957404407455336	0.0	0.0	
0.07479177103446974	0.2763235460781672	0.1313339726584996	0.17434766990422343	0.15582515363228377	
0.1298459915156678	0.18187185620355195	0.31455100377392536	0.15210185851867208	0.10584978429617851	
0.09039094536192467	0.29489809243061166	0.14728416756209467	0.20667163423272075	0.42594588389214716	
0.1296800765359544	0.037315708241530327	0.21440568521832215	0.09997675844778268	0.27318642348885436	
0.2599291940113795	0.0808592909600991	0.1608657353385961	0.09513852446553636	0.2256739813400244	
0.12211578884395377	0.06773330641971888	0.0	0.048839603198245554	0.3397374198791592	
0.2643299296021111	0.20945507154750095	0.1952867160690507	0.14030292965389823	0.15705878442813467	
0.24765572558112697	0.06613898067956053	0.03696857900925094	0.2291721910617985	0.0	
0.1349518710546153	0.0653119136094558	0.004413883263024471	0.0	0.15658429819022365	
0.052040634768399784	0.0	0.12808059544816977	0.0	0.0	
0.1415537617430945	0.37486014452816313	0.10545629697265926	0.29220809568828776	0.0	
0.02168263631349871	0.053862200956701245	0.10097454200021133	0.17356648214025203	0.0341247237852431	
0.0375102185799183	0.21962286286288854	0.14644736138118958	0.18352262942183525	0.10077453810938161	
0.2474834390192453	0.022420333864670808	0.0	0.21722987108271793	0.33834420538121907	
0.4970820348789032	0.34710318766934134	0.11932635620615552	0.5288562758919806	0.1945972349590394	
0.42688444354294663	0.18575630044138877	0.29823181859247444	0.24025387839241885	0.0699475722327053	
0.015227586583379832	0.2825630687284612	0.04734622306894097	0.16084740611748682	0.19130214475162033	
0.0701868475973306	0.2253401924577768	0.20533569122839418	0.21823164535413078	0.11351224115094918	
0.0	0.21620064629447047	0.49229734076192544	0.128689580909069	0.17068639534455896	
0.08089831098702091	0.014083745365553273	0.06932444805207374	0.06258176530096009	0.14719668345081735	
0.2076806402230377	0.22378826737393537	0.23955396185127706	0.25981670583170935	0.25482926459178434	
0.6134968874568071	0.0	0.0	0.0	0.0	
0.031057936754914937	0.26718481071743905	0.21955291920906872	0.14302895126481185	0.1291847197113161	
0.1566824958988078	0.06225275246880722	0.07652658883665232	0.012095269569332951	0.08056653602718081	
0.137780294854902	0.25109654504426315	0.27990511875510266	0.23135067114869937	0.2590610335452709	
0.2535494775575737	0.18983553374254136	0.0	0.014984048737704168	0.22911137060792008	
0.17673108152786443	0.25785290932700095	0.10808892813275174	0.040415831655208026	0.1785900777250192	
0.18074883145496623	0.23002582585932502	0.18740594038563477	0.10813355258152733	0.04638720461233948	
0.2642193206234778	0.2166165239926253	0.2735898742416921	0.0	0.008359849155897775	
0.025794792267810885	0.027758477307550156	0.29564474016717757	0.23270427697335805	0.2699911632410865	
0.17058613563839936	0.06713826708129766	0.026508492664374408	0.2223762239374383	0.13616136394618725	
0.1419936566195565	0.00538938505027447	0.11993927443557804	0.13599815154908387	0.10911642601014405	
0.18003904400156476	0.07067616241333942	0.057652168251107035	0.16757210606784304	0.04727074570506285	
0.049847716480543085	0.05634961121712038	0.20252904373721675	0.16199128040822292	0.1747235587762054	
0.1188670304098484	0.059096775694744905	0.09114948190815027	0.23605649222631706	0.2419805129897532	
0.10744717866892103	0.2008605224339043	0.16066015348001614	0.07677300043269193	0.14016799653846926	
0.2548555896092804	0.10518757570341046	0.36302682715458534	0.1870274969029185	0.019442551417871025	
0.1231275394291882	0.2641524593592191	0.11388752410927797	0.28254258193496073	0.3479756247963573	
0.02426668647004888	0.09912112606308343	0.17343202142467132	0.06450390920135025	0.15590862868609237	
0.15144255218308206	0.24458160143684432	0.2366020351735852	0.22876636658378618	0.20289458979542757	
0.0	0.0	0.2806706755846805	0.2671272220675321	0.06436921651234252	
0.5324604660488811	0.35319733919709295	0.1865284941560157	0.5736520723753283	0.2122108141029752	
0.2522855090450965	0.16452667049721928	0.15965857088107244	0.21967420553415776	0.2922638825592378	
0.2770316136438176	0.2874843507062236	0.09015354565181856	0.11369914183319438	0.1966654777509188	
0.2977309642544521	0.07078154177118356	0.2818378648762348	0.28670709329153277	0.08846601216313132	
0.05700167888724659	0.2339588429911418	0.14644046305495112	0.04434529946033267	0.2901990224976055	
0.2641310659379154	0.010556133034253422	0.1632944512918719	0.14538385933817408	0.17522645270993759	
0.29849258408151186	0.21741195784382564	0.19620800571319008	0.19173677262178532	0.06717299642064592	
0.22377955272314426	0.16601556180562513	0.28027136195828056	0.2646897745068849	0.16735801331813083	
0.2140950927904881	0.21061216357281703	0.11017000536078232	0.11469751895955999	0.25974638652790877	
0.248641012000185	0.3029698915442105	0.2561531567948813	0.10138221129162564	0.27912929638997447	
0.17945721740566198	0.14329621240496523	0.19628510838874538	0.08157863222654149	0.06663250169212569	
0.16779520000292938	0.19323102247428145	0.1664489452839794	0.008866684303208656	0.11896727805233509	
0.22281756408780443	0.0	0.08481154648278776	0.0	0.0	
0.251959811734676	0.1305232031312215	0.023522835575571506	0.2820517595316511	0.09657158429309702	
0.2646883819273927	0.5273780772198793	0.332617321095164	0.3468471997223499	0.16511472940695446	
0.08274595075231947	0.1964187307585941	0.2746396545334872	0.06452126394021121	0.008975950205167558	
0.28328729283170906	0.033419583460380806	0.18933697480235526	0.2576259876772058	0.06920759834905911	
0.159866376031364	0.10893811040674667	0.20433358683829425	0.03235893766184499	0.10326678859830564	
0.17044187080137096	0.06267719458901594	0.2292460217228247	0.12104334458224984	0.0	
0.1602019930758981	0.17584489196392594	0.28245498804759833	0.302344893169512	0.005536549294272302	
0.01634728760547155	0.0888062477856306	0.02759073829987911	0.18378253806492229	0.26029248620320344	
0.30206341307253576	0.03035087867576094	0.18208074483832698	0.10294154168933722	0.05243414580675577	
0.010122711610494457	0.7241700668918954	0.4020607903611037	0.23853179332373464	0.13871921558152672	
0.20026343690165005	0.14840989511816496	0.08532193933759682	0.09495183432429932	0.08694253129443237	
0.027543647622031313	0.6034047716220661	0.5816210584660712	0.22965157307959924	0.24908337876386083	
0.2995710644357795	0.2960521882933776	0.046390471299744725	0.13710870282993792	0.1484785445387356	
0.042996802106807085	0.1097202771200777	0.31329001559515085	0.19090689804206218	0.0857853646802781	
0.0	0.10393991312153002	0.13911614350071105	0.09545215175852087	0.08999364834147994	
0.3023186751777963	0.25830594222675574	0.1952997934737491	0.012472259871780715	0.07908163568904775	
0.0	0.6920881320514768	0.25698188075381534	0.0	0.5041481135145769	
0.04142891499073322	0.11091250311949274	0.30065098506521076	0.1589843296277122	0.033515197580818494	
0.5044115038345258	0.11705349023863225	0.025234637351093513	0.2635606845315213	0.21543166709993306	
0.03592108511629691	0.2031313883091082	0.20748762498130452	0.26551478513109183	0.07134542909075471	
0.23691084070442553	0.20703487376061766	0.2789665612347478	0.2344570391465598	0.22202219953323854	
0.2712322084669476	0.24419215209730402	0.06900755249721054	0.268079141400923	0.2234548732135328	
0.29463437394209335	0.3349078837879355	0.5020612246880497	0.2974062519204163	0.1671945043336696	
0.25937849996838874	0.055411686830492836	0.25193185646700655	0.09783463712460491	0.2775643081875314	
0.03518005329986984	0.19674280325699578	0.0	0.2777164991955494	0.08477767122756179	
0.20601991212795492	0.041810930324933875	0.18961323576978234	0.11518646066469002	0.16588525773752838	
0.0	0.0	0.20725382683592178	0.0	0.0	
0.27880433830750556	0.22278184061400524	0.0	0.22583961490042623	0.2784679768211895	
0.23226284303618977	0.16075237404911	0.12914692463636532	0.0013092740208615746	0.03653902016777824	
0.3678413461171738	0.23560600649003482	0.11570580762091588	0.5345650547935782	0.12331532237073246	
0.32274364092953656	0.2074303274866174	0.12962945487964436	0.154150542058576	0.17392892597588008	
0.06023754283045755	0.02542123038071277	0.10411326052218106	0.16429021755605172	0.007695964018291374	
0.1073029405889905	0.0	0.001486988968245243	0.15989709968720126	0.0	
0.11057409449027905	0.21089551930197323	0.10866609406698263	0.26763823471105164	0.20453880450284098	
0.2595922947117911	0.011551113801873404	0.060656119540684963	0.02105084721790779	0.1452986935603878	
0.2227462696502133	0.07106798573401844	0.03149404446709161	0.1322372068356431	0.14459622418699425	
0.02378812171967528	0.1996208361373554	0.020087665599318495	0.00618400161637127	0.1505413384637473	
0.07604809204880382	0.012741132278490552	0.214926025144636	0.12617378526644507	0.07991723449913311	
0.124925386841265	0.17407440706929858	0.19858960367861497	0.2993337129960488	0.28934487478640425	
0.13403947538780067	0.2901056015730294	0.023449863442974856	0.0983001320234702	0.13327846036429464	
0.19900198882611644	0.23804415174094973	0.046181217601139954	0.23152165914430856	0.1241664164026174	
0.0	0.143491970156513	0.0	0.19439554741631238	0.0	
0.1377399856149716	0.20720458300834838	0.27527140805601635	0.1882320160836549	0.22337472804565764	
0.0	0.013528362090647887	0.15432327283001723	0.2095953340678944	0.0	
0.39081520849772355	0.17769438399392667	0.3104441496282815	0.5286611798284131	0.3073616959752538	
0.08887502878901364	0.002533390874912441	0.0011339778282578139	0.2109147118733518	0.051550179128470326	
0.15179476707480916	0.006201539826146081	0.09670255450934037	0.2755852727496499	0.15396791341958171	
0.28796513809446544	0.0487740007263961	0.2006287160548608	0.005921601256594632	0.023730930245696412	
0.28704453491692017	0.08224719131048688	0.15296420911646727	0.20996535723463206	0.22011544010256087	
0.19067673611621994	0.07398640056337916	0.2184002101836224	0.018901985495291197	0.03374035483330185	
0.06969442854758152	0.12746372383500257	0.13760332110195186	0.2939037699850203	0.15947332015978988	
0.014614876770687629	0.21018088015169994	0.28567804335764013	0.091585993296029	0.19110666209620403	
0.14734687391487508	0.2590659639478168	0.28573013996495394	0.09880916352413899	0.03905810088980779	
0.3714892769113875	0.07572971249548828	0.20337095072224723	0.6462752940378651	0.27683577819011235	
0.08320958306835882	0.07129941145230709	0.10129285683929144	0.23335683530381207	0.28482794274747936	
0.17571756681998618	0.21761206363294094	0.1261419714634765	0.13022757516078054	0.08741377284177075	
0.005782850870946746	0.11479652747010329	0.06407875091898671	0.01057400835499724	0.10663385876351082	
0.227936200292669	0.08195453588015536	0.0032405506723706345	0.1434408208994563	0.1739482322640802	
0.13166807757535598	0.08276497116208778	0.08120315589960207	0.09631675364666498	0.14718795557972975	
0.002320515899240311	0.1559049339059856	0.0914200826048882	0.21793779003131852	0.26059563833653854	
0.16809533147130823	0.26186700094863813	0.09390584371343516	0.22139490055592273	0.22963853768479722	
0.15335357140039818	0.03389606447405957	0.08469088268352198	0.06713017234518137	0.24970458387369104	
0.3081298947531256	0.025387354530048267	0.2812243470737336	0.2537176424397156	0.036732344205504364	
0.02393544749860921	0.11481207392262656	0.16231778292032606	0.2970035649468645	0.2679269624761669	
0.1956654616250324	0.06273348417014678	0.1982988386933217	0.29522393428286614	0.1603642215678145	
0.2883909877259257	0.18166152481700582	0.09002234695572649	0.20131714219046587	0.13409974337681344	
0.17036659714857544	0.2697152428514573	0.27890107254671587	0.05110251734348561	0.19545960616591312	
0.0	0.29382055239818317	0.19098957551276777	0.2373113168513297	0.023481527949022914	
0.19197586048112766	0.003233990317441834	0.17761418287055658	0.06424057802786379	0.20455092007182965	
0.2725878894991482	0.2051071823685527	0.20667022153174927	0.12010734540199569	0.021883092774049862	
0.03851847197101186	0.04795299511679289	0.11289384231397279	0.18521024926002155	0.06981333415318954	
0.16095139440041575	0.2580676230586253	0.12340422913557238	0.1817243483859777	0.2952997980040092	
0.006617652043840562	0.02703872278342741	0.244456732137482	0.2071276059708069	0.012051142532829911	
0.09412287348194721	0.08885541353795282	0.10403025220057312	0.24270277248201377	0.038568863164381316	
0.03175963366771239	0.04519112752023873	0.028864596060711633	0.015593895584787746	0.0	
0.26069916937485704	0.29303541104037834	0.04656959242543178	0.1918210301641179	0.21903123307035338	
0.39850944015182743	0.5496494397281455	0.41888237508823484	0.38892603417961	0.27321228368567496	
0.17997049786493544	0.0036111578460413024	0.03964049688237726	0.012366473629958952	0.012325124134565145	
0.42710429262669414	0.5883689110229249	0.2436599996963637	0.5245683577349148	0.37460126184252385	
0.2092200396402103	0.08459875572511001	0.039422503717532205	0.21491756003444126	0.22254274550062614	
0.08545551321302597	0.2217998541199301	0.05418465815166812	0.14139219588331867	0.2999655512342561	
0.06433511800722506	0.002451838453403855	0.192084828840394	0.013651777558728857	0.011584708661337161	
0.20750720297366068	0.18276487802893024	0.21175524750115313	0.06755798593144965	0.14239849090130957	
0.294131224210519	0.1674259833274544	0.2611455046949369	0.2941285491107605	0.13138330045668645	
0.26853334135614143	0.12414931461163052	0.01284581014937622	0.18192488361494094	0.2987300177689594	
0.15692116170772802	0.16412406127893445	0.288174056763289	0.25701504245377166	0.26081471934722017	
0.20569987773868428	0.2852038049120808	0.017244595551953346	0.002629264475298552	0.2383658828200576	
0.23277899330146704	0.08405391919033432	0.10703429784120255	0.20423235446815752	0.11180632468885052	
0.15802494183078264	0.09689829631873301	0.2508651364691686	0.28641331936245684	0.27509960324745314	
0.07299767890391805	0.2349578988932428	0.19683928008173857	0.18918252348918005	0.033492194730432086	
0.2566574647428415	0.09111442761853998	0.12863859195657518	0.1931514119725208	0.23585337445012303	
0.043643641500889535	0.028424358084409775	0.260730730697749	0.030406312970374376	0.16206454271740575	
0.03043181748421953	0.29513082218172293	0.13732632230551686	0.44491841740106636	0.23518191911786104	
0.30800013094079326	0.23794180758085043	0.259534898118553	0.061195667273596877	0.07852146864706061	
0.059258857333036506	0.2631911051740733	0.2803353329347415	0.18285652080085973	0.14616198183799367	
0.0	0.2830247137578929	0.0	0.0	0.12161503911367175	
0.2202403368058505	0.19023191181323995	0.3140997361320738	0.17742384422074764	0.0	
0.19016223571883445	0.12376784293060689	0.029382268746755546	0.14402644897155187	0.1467710214807723	
0.21224139542015796	0.21205702171463886	0.21879560689143934	0.16715151452274274	0.24424874791666343	
0.23890875485145596	0.1767123527033161	0.16367606284289732	0.012472576802455199	0.24959580414171031	
0.15609869274447138	0.22081811549851596	0.16261065046757356	0.17280368855302486	0.1068244707455259	
0.2776927579780251	0.2137279108238467	0.12928601864892555	0.005605982127040477	0.19622983728229468	
0.2829179905848376	0.2535071066813464	0.2666247349566456	0.1454658732870932	0.1564245844835174	
0.25855920106818275	0.2346655759118884	0.11521491162957334	0.22500273181229175	0.007550579453484013	
0.20586683737669964	0.03143641228615346	0.11101712518974825	0.24322122410585634	0.18674041878744757	
0.1261403502332303	0.1675937594211051	0.29463139367598895	0.0	0.12319621538960407	
0.2016631948664082	0.2038958655427296	0.24888265067470958	0.022779199181357387	0.2149541245136737	
0.25517574882271066	0.11351813204217376	0.014123059421570454	0.15761512991817478	0.17532430979344404	
0.30093418178494447	0.21261427681044318	0.22880908345610973	0.2824682309250141	0.17252176470337455	
0.30066192502240935	0.29913814097339697	0.23876813842852557	0.24245311507853032	0.2071893809318227	
0.014989710281244973	0.220596185702237	0.2391353767150547	0.3050849472930587	0.022976266702366327	
0.027745780495492086	0.09782058661533304	0.23624796426680603	0.01916844914452742	0.05561758626482411	
0.25705939055112764	0.19416473412209614	0.2345507332599519	0.2293248778200519	0.17883406376636585	
9.279439613439552E-5	0.04426279656050072	0.010763760119667704	0.04805361473264502	0.0	
0.04843175562987674	0.0	0.06771821313979695	0.062423533356967764	0.1288909069659257	
0.20328194035604955	3.672111006883779E-4	0.2680859917636496	0.1985574273273312	0.1306782871581111	
0.18163094437668978	0.6749517031116415	0.3488963178167167	0.1641933956604719	0.1343758654139784	
0.24426418582090378	0.0	0.26541376687073176	0.11281445252267276	0.19391448771451134	
0.017450121668639067	0.07890903007781937	0.17506568313832807	0.0911650551510955	0.2846961387109492	
0.14020194630704877	0.0925348165043441	0.09618917022096055	0.23557529544050815	0.07950694246369347	
0.08357898937639441	0.07385259959944332	0.058475220340463416	0.07658114075888002	0.27951306974542683	
0.2665033035113355	0.17618393494608406	0.23565089409749979	0.28039197236055075	0.20270379552673645	
0.40881047984709773	0.04698349333763249	0.1989566745035592	0.3930927010715285	0.09878386901261302	
0.0718514844263533	0.09132236766106674	0.17180902240709078	0.2726307228902681	0.2587567159048374	
0.18511666560850473	0.05470988492745478	0.04315391046264163	6.577645726118507E-6	0.2623780339971329	
0.2680635779953428	0.16592359542455037	0.027501537716515197	0.26186759281602906	0.28455786445502523	
0.2801788873340421	0.06586000342697583	0.25682292156890146	0.0832427146851992	0.3207719453440693	
0.10573782490876314	0.02764309816101922	0.21667564946080553	0.2762548362943532	0.023766130558673326	
1.0591256492572494	0.853707431420423	0.4028200504562719	0.5441809864190109	0.34078061996644043	
0.17445536710965867	0.21688188498236383	0.24424515844409872	0.1684330227573463	0.09807438555783338	
0.2759299334709384	0.1812141830532514	0.19661082778817301	0.13484657045103784	0.2810674431062766	
0.013168242803528981	0.15158718803540927	0.21957178064107816	0.22931897151532454	0.07704673929599691	
0.02074246997168438	0.023534894039925085	0.2692081464658439	0.03738848198696491	0.0	
0.1399470782046567	0.3922418457634169	0.34126447083971423	1.2432843705109784	0.3486828773523702	
0.10095100188257254	0.18952509794310562	0.08257520254650841	0.044881023426209615	0.21990296999365813	
0.18607214938400646	0.29111921239494903	0.23715078179089893	0.2232661657776733	0.15980564938618644	
0.2397905076826009	0.11573659376858428	0.10437989418809633	0.2498241768494221	0.2506989877484515	
0.25681802135725673	0.0752704334478885	0.02087904471888948	0.22758328883763046	0.1272832714665034	
0.005616616616928467	0.10170104327039384	0.1881021258748725	0.0626052874440166	0.02934404505906854	
0.06504327218024455	0.09980360646426246	0.24415964297882387	0.17046890572704843	0.11431270646670884	
0.025557936308348968	0.1397636928634584	0.10348435250288222	0.20980102856337476	0.03503395027037532	
0.0	0.06341661237039993	0.05554105023531002	0.1469962929202208	3.5490632064558187E-7	
0.008669981830645893	0.01003821660315753	0.1453609266493025	0.03490353769191335	0.010144882515663946	
0.30365755841656406	0.0846086401205617	0.20518629637038685	0.1165684650095853	0.0	
0.2966162475876906	0.03664839992576829	0.22965967003686752	0.09611664475881383	0.30295617538251324	
0.2703415630169566	0.1202243438896507	0.23422761738232734	0.2751906841226012	0.2748216540397007	
0.1913905021882998	0.05444942503341798	0.28506194982925576	0.09541319440659897	0.16269565620893064	
0.1812451584475035	0.17681907263771876	0.14040160388847875	0.0223577677236441	0.2808578040048207	
0.060813367882041613	0.15360573590331367	0.18893349536602785	0.06011847748006163	0.042020744266445205	
0.04787173936391515	0.21790885323144002	0.29149844805857167	0.0751930031822466	0.032064967642059454	
0.14548208616547656	0.2588140670720978	0.17719162274675404	0.04895288958146068	0.11335947741409093	
0.29315252805698067	0.0	0.02429664546262866	0.14296469159099193	0.23107941830254058	
0.20064758658549978	0.004415019451272658	0.26912065622629167	0.2273728110456336	0.16372695026933687	
0.08779502602870438	0.08287792651367121	0.06686911374419083	0.016789458717426067	0.19124907966837842	
0.2935704661781212	0.2552366610663987	0.24135298284829027	0.018782411292601723	0.01899770430243447	
0.3222859914185295	0.06256745987753536	0.08510713606563516	0.2549026597421414	0.0438950944296844	
0.18605455530540804	0.11643438235075575	0.07312841385129631	0.14541527595046505	7.720738273175453E-4	
0.07486222493495309	0.12589802100347683	0.11357603342939124	0.08830095253504514	0.25895611385753886	
0.19533746734700647	0.19615697317910924	0.11953566639510492	0.15148738281587332	0.2191084729914653	
0.28550440114791725	0.1777758645060472	0.12119577233777377	0.12024733708549266	0.077791095367634	
0.054968003743240484	0.14529164456016327	0.05661388763187888	0.2660666379327308	0.11879013081987416	
0.22538047740049766	0.2774697237652841	0.28420519883800505	0.02910898619227403	0.12766761046398517	
0.021249468124702586	0.002826516491479269	0.20038800385550057	0.13931499887690232	0.03539878927889906	
0.6713776268581302	0.10526485439098478	0.08136294743947138	0.0	0.0	
0.2587083636831516	0.06337776629399426	0.3222585866263759	0.23956956938398433	0.07963939047544391	
0.0367921228513401	0.06551115825703717	0.18005374083305956	0.10682455854449946	0.15677088509582016	
0.17386451293556052	0.07465718298959982	0.10096768360350067	0.18170413020425835	0.21994995986145646	
0.058264430169988474	0.26770513658685485	0.21161971498965165	0.1659735678692417	0.0570816106862416	
0.06055798708046295	0.29118293028843867	0.19547441527088993	0.28598703205383263	0.0	
0.05335466196030276	0.30664741747017615	0.08723748730625361	0.07193760599232957	0.09983954286256426	
0.0	0.0	0.0	0.0	0.0	
0.17020901803993257	0.0012035631472977727	0.046461362014602	0.001470243287387645	0.15105000200286112	
0.2572063923959749	0.028180994801735814	0.08868466233241708	0.07989672823101862	0.1270691954812686	
0.2473214531241504	0.20804395274843424	0.1353800677187107	0.1546357847873486	0.20622628781781627	
0.26240821465697584	0.03714121100181142	0.043800930819521966	0.11056869015592193	0.0031855148156189218	
0.021341798894965385	0.09143977739596022	0.13196416438188963	0.15987752696044513	0.09129589957081868	
0.004859510065459513	0.02698752836566314	0.1534178418487539	0.0	0.222803780040085	
0.3027243012854603	0.19025091313499368	0.013081239118397618	0.1427189215148983	0.07252583287336939	
0.26165870997585106	0.037017251541039	0.07435551891982703	0.0972513963226343	0.2621336745727286	
0.17503573429368205	0.24238918130466833	0.001584624613236959	0.28362556571174025	0.013441211149179198	
0.10018914570868931	0.1079661535997178	0.28354542622972073	0.11898394274057673	0.2524194760140191	
0.19999618030405095	0.20494877474559256	0.14277901042081778	0.03014776996026284	0.3017894313334961	
0.04143058861335029	0.06178547484162087	0.20095670813381136	0.298940151310839	0.1090088248776648	
0.1273934744333476	0.09780127357040436	0.1713940393871315	0.11997703173643524	0.027304184683534374	
0.053601286861132726	0.14423816921883645	0.08649588410238766	0.19737890584905032	0.233330356098834	
0.04346442584365027	0.2778757582696345	0.22553498410444858	0.17571920400101992	0.023085102112473277	
0.038962747162464874	0.07259904008305383	0.03950752929741086	0.0485127695676806	0.29850104605006117	
0.12879784804716407	0.05339041693572475	0.28723373141196173	0.009592870551634687	0.18091934093472867	
0.1439886741925273	0.12734822613787172	0.08965856815298989	0.16299325155496328	0.21893917723452652	
0.16956735232455464	0.2884053325252829	0.28820262496761306	0.058107974495593614	0.044334236829245345	
0.29638300852738486	0.18208348903771343	0.19356398751819717	0.1498689111926426	0.3024049170326752	
0.3933352622359703	0.07754460746881145	0.0	0.19687499443533946	0.30693232919319935	
0.012576839360517865	0.10532006802397122	0.20807623882272058	0.2563348438383637	0.10248903896094944	
0.14163303445808825	0.13478613739933462	0.051986554418856	0.17486387769793024	0.07318781808281787	
0.2135397223248525	0.20152162400900386	0.2729522449657463	0.10938089813315727	0.21452400409938593	
0.08665234779772087	0.18192261504767154	0.07631149630804826	0.18421484157684084	0.27618034236217986	
0.11330465224327943	0.07368737434960601	0.07936773487010468	0.17171800016495933	0.0	
0.25623505694419335	0.29126680294816876	0.23900741725737054	0.10532564381974524	0.1020815940098734	
0.19015386837318984	0.2713687400494094	0.14731757167714882	0.29117439653944205	0.07104815408501329	
0.28323120208892066	0.10427830796086769	0.20966826047641218	0.15556002573281286	0.06923397990902606	
0.11978344176972154	0.25924394363254405	0.20854590439187465	0.08943442924897768	0.15817187831499974	
0.028916566207965306	0.16131842460148715	0.038595352347506155	0.25979119729303485	0.0953139529501517	
0.07042048218978213	0.03542842197966556	0.1283800105476758	0.16808382130764304	0.007460401831994602	
0.13758945279412152	0.17332707618038334	0.0018898675437378392	0.09506179489057097	0.11913597286353193	
0.11737277996032304	0.25040221800345736	0.07625500118369058	0.2666964733602446	0.04769464691542458	
0.2189971949630355	0.08639907246329089	0.28727932308977194	0.292612552585599	0.0062179507844049315	
0.21992230968481805	0.06605077683170814	0.1286711009024327	0.13723713605974544	0.027564085198019523	
0.23901307423799856	0.004361948065529887	0.0956247809886962	0.02796543300498165	0.23353229141951815	
0.05053798118160439	0.24523644039745046	0.2924639614833014	0.037649501718726545	0.11006323279379934	
0.12713929252655182	0.001330643483747522	0.27177116982402777	0.02044674122470353	0.0	
0.16524723311169648	0.11072771000904151	0.1420257599559686	0.1297354648829667	0.2363232090628208	
0.15815486193939668	0.154024465468192	0.03687511713724267	0.03454338041289755	0.27937271979176653	
0.09705893373890147	0.08499975714201159	0.2325198298585824	0.0722548267707506	0.27881375199481695	
0.22421676821311481	0.09890385424286345	0.026694372778777543	0.11631785505923767	0.14203329707809015	
0.06212527667091669	0.28176113302729755	0.11056036209616645	0.2137977429549878	0.008179880981322265	
0.25959216911605854	0.1377287901478853	0.052465174041704206	0.19506382746357848	0.0	
0.2962632427826438	0.0019233337796892935	0.03768556678797763	0.24188387284558732	0.2670658288973309	
0.014104483184860794	0.2543097715972952	0.18301317832081762	0.19194292174511224	0.21179204874056606	
0.22909958791399096	0.03735896746411816	0.2317272936873885	0.2350881238582047	0.27815853221025005	
0.255855465404189	0.05434593631627209	0.11284204044734551	0.28943282354242145	0.05095655820249991	
0.2084721595605583	0.11429305685111384	0.25465219942463674	0.016767744117568203	0.14059615168477732	
0.13814521833532684	0.09883951094924481	0.07156339755521396	0.004862602471623611	0.0	
0.13373645272258253	0.21406832371205756	0.07618226238519117	0.1257682935377148	0.03247912086694071	
0.2780530776775527	0.08498162593627519	0.06215751307584327	0.2706052006084111	0.17473752602592071	
0.033300182508756715	0.12409641438175377	0.1783831510615456	0.24135559005666013	0.06928783719385809	
0.24167131456798413	0.05959351000884307	0.2865001487169135	0.21533384145966555	0.27796589610581485	
0.08833852202486021	0.2835490735989632	0.23648163631254648	0.18051176330187482	0.2942065834403067	
0.10691556057911736	0.11217978654924625	0.13606441834213912	0.10171372292832676	0.1480721042457449	
0.03669030462468798	0.27239754872226585	0.1849647529763735	0.1912220883790512	0.08680083869771486	
0.275071636364871	0.19839994350379198	0.1846274373868752	0.1081948469062554	0.020668882015987804	
0.2210033800969338	0.04950378548503438	0.32239157102010746	0.075333539140988	0.14860484502596708	
0.045629292172662414	0.22230092552009076	0.01995640902285275	0.05749015335536269	0.11216611548650927	
0.1712023564733116	0.1275306115253677	0.07602945515514235	0.049001326832418916	0.237677195027414	
0.20575487935335796	0.13979175021079604	0.29916465610957027	0.2885793503651648	0.1799032033428805	
0.039015394902682105	0.2532548898679662	0.2753973758254203	0.08824038490753311	0.25583100868799474	
0.24189940169546978	0.015326357278954377	0.014055192863107609	0.22445819113070656	0.05995443591035757	
0.10457619341129423	0.19906321064096097	0.29568009904771125	0.2054492828377437	0.24149670639302176	
0.22101446010620476	0.14280520731035692	0.24353401914718456	0.019847647694881846	0.21218263217878097	
0.2614252456020308	0.06814637713242246	0.10727188988380344	0.22119364396418018	0.0033167100619176534	
0.06883221828150837	0.26180122244948895	0.16746678857720879	0.2758470238685786	0.11472250998377996	
0.16447881853346752	0.1583691059840474	0.15996896233942953	0.0	0.2209270433471324	
0.04755782377399061	0.054246021196570876	0.05218547318391355	0.18153483132211462	0.014429863104290844	
0.11076017921359356	0.12642058339289566	0.030097847007816994	0.11542746709859336	0.2562051152432249	
0.2471667097052417	0.15949521756211826	0.045510053000372495	0.12799143261722376	0.06634532409756	
0.29595902195141155	0.0243690224735452	0.2341418793256515	0.25389730944306205	0.12148854834726625	
0.1674773519337301	0.1344933017036044	0.08704472028382546	0.10729576918380694	0.005322565992446448	
0.00598210378135991	0.195951461030864	0.13514327324549602	0.2896994993449392	0.009301630971215256	
0.1373103277342496	0.038696611538205354	0.18217640910887006	0.19700761292710148	0.20244542143084152	
0.10995432991818264	0.20752075458583896	0.2448252639543469	0.19160960787925152	0.08302869385468496	
0.24223729144039768	0.25335723309958186	0.18101109807327365	0.2579731347026137	0.044678254849630276	
0.2625216106986861	0.1751633852644021	0.07214282785499587	0.0903317415517511	0.164949071923665	
0.25141216477712874	0.22558934794991994	0.10671938418765337	0.11158262682274186	0.15875095100503467	
0.016381256913877446	0.27938481944481	0.0049815521692078086	0.042191181504648824	0.25767474638831966	
0.0774032866577485	0.28231191161123814	0.1561639183831604	0.19600870293289868	0.09205919156281961	
0.10174349243349118	0.13363459927976232	0.28009780933774925	0.08252637646007815	0.06063188595003966	
0.10155698468463718	0.23580456681356474	0.17315990997939415	0.21183087887619265	0.3087619911249383	
0.00823663021044574	0.002391241434292012	0.11658629490894563	0.10600272691772654	0.05371458855629886	
0.20840197429378707	0.13408556459370963	0.11095893391231047	0.008826900393462003	0.2951591383359493	
0.12449229739179286	0.2768407015812653	0.28303705365641374	0.2591883478208422	0.11195572575883866	
0.11101925995362723	0.2745248761994528	0.18322959178092857	0.18770806398814466	0.19886853304107677	
0.08557917348507846	0.12886477741232572	0.17337054197122048	0.056696707651544616	0.09649649500318638	
0.17506720362840086	0.11285580057444002	0.26901117115562173	0.14639654530108218	0.24661298264375406	
0.11312332468664074	0.26896111744673074	0.007912966328669686	0.3054981833753775	0.09988900728899842	
0.12308269700603286	0.18581301741031497	0.19494921045211877	0.06774416597978326	0.2808998935560087	
0.3062984235742449	0.2748570326355193	0.276314629495775	0.2949368128082976	0.24103385984101408	
0.2828483742991164	0.23179584973834183	0.049829644874814547	0.05234482136448082	0.2536328603970624	
0.301963425240319	0.24463063760251552	0.13704677813118377	0.10218109387613723	0.22670448250196676	
0.29088952070797724	0.2675657416648175	0.06877767892200241	0.2780624743086366	0.14011162747333936	
0.08241894712525866	0.14395290584021628	0.03693527181199152	0.11451239777135333	0.04226390281105131	
0.14205983954872092	0.037469056345726046	0.08095675893078201	0.009511918186759519	0.1820544761962205	
0.1898731994007648	0.2445256533874177	0.24194703098179637	0.12729437971262644	0.30082098837191124	
0.25441599319593544	0.1779638428344702	0.05418804130476024	0.09049996943393968	0.024356315258214904	
0.060404103596502785	0.0353350027164092	0.142056691282009	0.0325998972046338	0.04863088011565288	
0.2975319169578702	0.23594726803174096	0.0	0.2962890954956161	0.2613218402288795	
0.1301085929779904	0.10755239680168324	0.0205208797795224	0.027779864929518467	0.2566530646825512	
0.08476140898294511	0.17750824714829505	0.2191313690006232	0.10816049363711959	0.00432920697039542	
0.3019816513620225	0.16560194863885905	0.07849903077331614	0.18034048083455673	0.00857869989579836	
0.15698504298913202	0.0575485566070644	0.24006388428588166	0.13518847454936223	0.1589149534079315	
0.026341627426099586	0.29253810350707854	0.07342329251451607	0.14071997689747193	0.17100582726505742	
0.2569300945533988	0.12171903595791879	0.0509669686960726	0.14057166603660942	0.045892021503142345	
0.21323475130198224	0.03257864687209106	0.07795444367674399	0.11776515056331194	0.15216228690505607	
0.0032520697754580387	0.21334861838568156	0.008445195879747123	0.13034878777973047	0.13253074493134046	
0.06599459214469727	0.28083575114824716	0.2546312095065279	0.10756423029047224	0.25018504474405195	
0.051114670304651486	0.2312024131312685	0.05963477049601087	0.01563987988652755	0.21355150723929908	
0.16235863160860414	0.25433249308224776	0.2835724841147832	0.2515137359494461	0.22706556445736278	
0.19207508729557238	0.20749079251191807	0.1638882638311536	0.2272022060585844	0.1070954444824143	
0.11692573509587342	0.024492669803753427	0.06847695371232033	0.10488320138603607	0.04745453240588805	
0.21870871685295945	0.14079001592125362	0.09020196233168333	0.004297539600214593	0.12969120543265966	
0.18435472005757997	0.0	0.17671447751186123	0.2811874725308364	0.04034189439422033	
0.23639256176813989	0.18138354091880188	0.14715923666127642	0.18553504909882804	0.08373994027196902	
0.02053527116479144	0.2938682650522913	0.24332909298593097	0.11029282706244022	0.047187028759472345	
0.07782450752307596	0.09255296094442432	0.1063007441628022	0.04086893942632134	0.12074853135409629	
0.10425546763559865	0.1645554590758885	0.2830559186927681	0.04413463687512377	0.06289762561769967	
0.054749715837089645	0.1317151994267015	0.24333318876998442	0.049619896054279244	0.1434777286330176	
0.09829442861877391	0.03852309235774278	0.30160034844988604	0.20293161613867663	0.11021955147974155	
0.04841013574559498	0.12390098986568364	0.10814184049279149	0.2621371546850172	0.07808425920014922	
0.1943905394287014	0.002813788781361385	0.29032026525076354	0.18385025267105365	3.372636544546263E-4	
0.10063615034818264	0.003933998700511607	0.11667766944047395	0.17125776340739243	0.21942571904833597	
0.08698729112980112	0.01826466568590641	0.2931734896305808	0.13827425529199702	0.17015099786431176	
0.07704327430831477	0.13633227853444216	0.2006733950492892	0.059606361398384884	0.1679224383928258	
0.1060828679547295	0.057218753266359376	0.2152049032726332	0.037954102669486504	0.10068193645521785	
0.30008504405947695	0.2622268556833487	0.29473882132296675	0.16333395193344102	0.2667520943056725	
0.04340965164953198	0.05297820447990624	0.2739967777663686	0.09950104569596524	0.2941649318906076	
0.18819325838773823	0.03419786547945846	0.27437659430834754	0.03576969548163055	0.27314449838845994	
0.2793440749501183	0.23631021287705506	0.05120848464193748	0.14010085420689344	0.13332924242034916	
