0.10050548742418931	0.04445866598730479	0.18015312044465634	0.14633392364521763	0.03694513487812285	
0.21752550452300692	0.2044783846175171	0.42959592442997996	0.06285060785851593	0.41052222716535525	
0.0	0.0	0.0	0.0	0.0	
0.3370055076885676	0.10600237323035648	0.18784559220125743	0.4993615999437804	0.34420201031163167	
0.0	0.0	0.0	0.0	0.0	
0.0	0.0	0.0	0.0	0.0	
1.3449129785788771	1.420871946258553	0.45600694908511175	1.1422742247489324	0.18593972485510296	
0.8690501216075553	0.5404549691001801	0.0	0.9047808707849415	0.11798205841790495	
0.19305277630197226	0.34005789787284546	0.3168739092350078	0.8839550652261289	0.6583227090660778	
0.5481073766281507	0.31571474968614416	4.900971840910005E-10	0.48279478245835095	0.4835600213822261	
1.523656005107915	0.18498915329980903	0.9278803760068662	0.7086262683807653	0.972901240075894	
0.24461995714433868	0.991814603963121	0.5317995087552096	0.10626469601827417	1.3559109538882708	
1.0056403775357456	0.3803191226723887	0.23403340893841817	0.08426326978693362	0.9409577538190346	
0.0	0.0	0.0	0.0	0.0	
0.0	0.0	0.0	0.0	0.0	
0.8282987161279606	0.4587093964949809	0.5457657240588518	0.5444966046674512	0.4888978143255352	
3.535683281399845	1.833249118844742	0.8727274850224374	0.5094036123319416	0.660843590534173	
0.0	0.03397948693727054	0.27702551802047887	0.733599579679303	1.029582547578332	
0.003949116011318792	0.23697119252348864	0.7135449302942343	1.6189181343160053E-4	1.1152253135843724	
0.0	0.0	0.0	0.0	0.0	
0.0	0.0	0.0	0.0	0.0	
0.49648340882450515	1.114764555381955	1.7857465943386261	0.14294201382300462	1.3999050344919188	
0.22968332478812392	0.7094557404579486	0.0	0.09769677690109375	0.3296090873094296	
0.2611121975797968	0.29951234688412876	1.0228675970641667	0.0925743536403318	1.2804822401504075	
0.4243419351206043	0.036042108879453714	1.107765559170627	0.08621425300021501	0.5717229753016687	
0.5014952189300618	0.45266852224745757	0.9063843954094453	0.38880457212340774	1.0337269584941187	
0.1046451198252265	0.5528124264206042	2.0833594160637325	0.0	1.9552006964577455	
0.030910362127787996	0.12469361638746969	0.5964655297392453	0.2576998243641086	0.9589297414732398	
0.645468273233007	0.4354995263579137	0.3276874199517526	0.30683863194149724	0.572287809065486	
0.36171994965216114	0.0	0.42009571565533577	0.2535053897184364	0.6756591282080386	
0.0	0.0	0.0	0.0	0.0	
0.608740051832576	0.0	0.3120448186535932	0.3194103346848839	0.8163517521975301	
0.35671890441351684	0.0861223317590962	0.8546986406534536	0.34565135335227315	1.1464498654518251	
0.25020153419909524	0.15517058618374244	0.48849147904922885	0.2438627011186564	1.1042938394025439	
0.0	0.0	0.0	0.0	0.0	
0.0	0.5265082424165866	0.7207455957102286	0.42800836969184447	1.1551938721809485	
0.46742905853879574	0.25898789807946054	0.5105847231467924	0.3433650283561132	0.30999257848239337	
0.5722146415039058	0.30848543519832244	0.040798583177984835	0.2953373786825827	0.3683185848214519	
0.0	0.0	0.0	0.0	0.0	
0.0	0.0	0.0	0.0	0.0	
0.0	0.0	0.0	0.0	0.0	
0.5066559270916626	4.9517323348988414E-5	1.2857822463190902	0.12863250050262492	1.1481363500424577	
0.3941288754983381	0.32682139324995346	0.6710511830071064	0.47756582009114024	0.6825781273184216	
0.5942278378787477	0.2781593586047026	0.0013871126817739915	0.49694744887241954	0.3000023189796864	
0.6516042891154132	0.6046555351556089	1.5561182118768766	0.0	1.3431389891085361	
0.0	0.0	0.0	0.0	0.0	
0.0	0.0	0.0	0.0	0.0	
0.5335504346376241	0.035548180706007286	0.0	0.7126436311215631	0.939826289251077	
0.0	0.0	0.0	0.0	0.0	
0.2899114234336436	0.7793343521210038	0.9233004866588308	0.5957347364322401	2.128567313537919	
0.0300255017283383	0.5751229775729478	0.44095878591399446	0.5940990134522497	0.3745878667386488	
0.06132490612553588	0.07410799554934262	0.29054577587084723	0.5628759538859482	0.8487347303791611	
0.0	0.0	0.0	0.0	0.0	
0.0	0.0	0.0	0.0	0.0	
0.13406335795115168	0.13883865997138922	0.21909359837049175	0.046517977574632205	0.40896971096727525	
0.6542950087774069	0.6380080762399805	0.02641966087270293	0.5812323255260762	1.5775659046703097	
0.09309773270369888	0.04396901296847007	0.16987587404685975	0.19752583394923628	0.19861012948180765	
0.4937200902499669	6.53178523974666E-6	0.8321479795287134	0.03268224478266693	0.5956726254590877	
0.23873205129488317	0.1815225714287037	0.5505436786585373	0.3443110839366055	0.5588469894796928	
0.0	0.0	0.5302201425229888	0.2442767601213003	1.1521970231744545	
0.367883798165023	0.6459804307519789	0.0	0.5360159080531393	0.3999763698805296	
0.6088798090791872	0.2626886002890335	0.34568063001140564	0.2573775469485585	0.5465863184117966	
0.5752809554612712	0.48107558080967044	0.6745430458865393	0.24468549670514433	0.796191092442588	
1.0313296543722286	0.7594937419066186	0.621071451365906	0.5557267613237806	0.11646160847391684	
0.0	8.077181320009837E-5	0.5061814803520632	0.3890668637995936	1.0286407733416258	
0.503152694340615	0.846444694907784	0.646416744640158	0.06844203803845757	0.9172332996667245	
0.479063321104787	0.47116614796000283	0.5174252696801132	0.1093953889152011	0.47502635433847734	
0.0	0.0	0.0	0.0	0.0	
2.6442491991902806	3.093943093833797	3.151527132717433	2.549141347369137	2.8384192605892298	
0.4834286180254511	0.9801565500674454	0.0017814225475207132	0.6652325235190929	0.41664021750283714	
0.46243740993414373	0.20908324189058392	0.0	0.4079895224052315	0.2775280260523267	
0.0	0.4534169037826011	1.2699879813469952	0.19572722455152336	1.2282234144533264	
0.38675503391303956	0.5900307440749932	0.6245535728553226	0.34164086685979456	1.1313359163634085	
0.0	0.0	0.0	0.0	0.0	
0.0	0.0	0.0	0.0	0.0	
0.0	0.12412447255347717	0.2169636014998759	0.06666529772822904	0.46365842221580444	
0.0	0.0	0.0	0.0	0.0	
0.26309511554678566	0.018550824749402745	1.1987437841735487	1.6925338488127883	0.0	
0.30653576554560447	0.481694035981972	0.2862589046107359	0.05878701083690167	1.0403648042238518	
0.0	0.0	0.0	0.0	0.0	
0.0	0.0	0.0	0.0	0.0	
0.1525395893805369	0.0	0.6427060836774156	0.8062592845503003	0.9539757824800317	
0.3885879421661819	0.7001751472616925	0.004725546081221264	0.0	0.8045033116987437	
0.25876699527364083	0.36464242459502677	0.5963814336490431	0.3528035755072994	1.2746648586766112	
0.0	0.0	0.0	0.0	0.0	
0.5087943637230737	0.2871006489147464	0.23770338148357928	0.7111203413742254	0.7059451581030076	
0.4416774653935296	0.1855394972954118	1.1825800517742335	0.6747427981951506	0.807446884404384	
0.14973067460061812	0.0	6.200502117788539	0.00593780166876507	5.434015977446008	
1.999568797257398	2.1926676626696926	2.5016165883783046	2.0369135350093526	1.3057811599479705	
0.6978084098545987	0.279545226330716	0.8780148925456605	0.438452563859411	0.8895984655480218	
0.3996470290010252	0.10635474550506961	0.28514339017009876	0.6474944943573169	0.1434885689252062	
0.4097600310085815	0.36131535229567113	0.08265359852515813	0.2347963118531337	0.7737639925965091	
0.0	0.0	0.0	0.0	0.0	
0.1370406055849951	0.5288661690682681	0.2173124775063251	0.4680911675886671	0.7169718529699456	
0.0	0.0012094599082414794	0.7011004827533162	0.1887364113921826	1.3382696594886283	
0.3998506880607987	0.3047503773234325	0.22830796128872066	0.05981735174480982	0.5471954509554899	
0.0	0.5805436596591825	2.8575916171878037	0.08814389787996785	5.155390050576397	
0.2200619609846769	0.2847173122187537	0.35348729949363483	0.2989039145883225	0.4273370878800152	
0.16857468344871127	0.44657880463171606	1.0295226321368536	0.11573321406966985	1.3558053773169254	
0.09617941168595147	0.505210773722253	1.1354644025152743	0.3008085288563223	1.0808333310463858	
0.30188290357678615	0.3868499477986881	0.19669796030231518	0.5571193737539318	0.5430271178680636	
2.6839402255711144	2.677841370819725	2.0603447642907975	2.4911061224393456	1.5867435154368392	
0.15918500614585834	0.2550204718487874	0.9619793431573835	0.2646285840967037	1.7118472668092177	
0.2277729590292952	0.36580860541290106	0.985007064056278	0.08549509842745066	1.1817023820228345	
0.4584602501833014	0.06363128311417031	0.43914977915697256	0.36732619456635257	1.2969348071593816	
0.10935717395557168	0.846812354531821	0.5922199474800325	0.2813018270456925	0.9844473919108447	
0.0	0.0	0.0	0.0	0.0	
0.0	0.0	0.0	0.0	0.0	
0.5793431653737562	0.3792542751958061	0.6763043434846344	0.2039913444939139	0.8993946769665988	
0.0	0.0	0.0	0.0	0.0	
0.707428674550752	0.43665891944704743	0.9852042108678046	0.08777822371938201	0.8968671827462803	
0.16881191567463016	0.3276416871594416	0.4807244029106684	0.3654737509111069	1.4381451989648137	
0.4733223293536562	0.5387181340631235	0.6419032360373266	0.36722438917299527	0.8368087495102078	
0.5595486994729809	0.09739430448960795	0.6164897022278274	0.06441992744639362	0.8362672554485849	
1.174882092276067	0.6656860517204201	0.3379098212240633	0.11787084187380333	0.450616107734219	
0.14453684499796002	0.2997595311866595	0.985441118259278	0.44627832061082384	1.2727241534225062	
0.7496527550225771	0.27689644627079196	0.2033923782067099	0.2009390018728324	0.32840515379865665	
0.8502201231451252	0.6071067893911434	0.10119925907602796	0.5252330830488812	0.7824909325342293	
0.0	0.0	0.0	0.0	0.0	
0.37007898326897776	0.3336763090439625	0.4822815006257665	0.6397144534129872	0.7874378876328627	
0.0	0.0	0.0	0.0	0.0	
0.9056691920965066	1.0096079609119784	0.5575364491015199	0.5942249937310345	0.6681991363807483	
0.7368920031521144	0.7550720165322795	0.004971073566896972	0.04817879100931439	0.14377948633183998	
0.8010520395728872	0.5608290529629562	1.344169646254005	0.2715093682242827	1.2780598816622288	
0.7388887709319726	0.45020787662686046	0.7033640390319826	0.015810760475698824	0.8349609744474087	
0.4336630777245182	0.10692291002714223	0.4130731662914521	0.7480258966916332	0.7994833361317877	
0.0	0.40622514135840826	0.6364214775221926	0.5492804584859027	0.6984454380182634	
0.6139276077032514	0.0	0.6758339642277552	0.33636279444257816	0.6471568457024462	
0.0	0.0	0.41228572111472034	0.3046248470093966	0.9649896284313693	
0.13556874592027876	0.0	0.16919207768214883	0.14865791077364618	0.20666380679635615	
0.9523322894760203	0.18383542625027366	0.08961513829287927	0.06402109359516567	0.5965521789553461	
0.31979397719861136	0.4548668923195744	0.5316691128382793	0.0	0.8910808085722759	
1.126982894287987	1.00435714278331	0.8818619006982035	0.6901690550578738	0.005488553363676108	
0.0	0.0	0.0	0.0	0.0	
0.331619299746427	0.5228614974007963	0.5409330691653055	0.2611758714613167	0.6158949367962041	
0.715751212355266	0.1911073771120894	0.7108610269236899	0.004586600680946608	0.8563354393334228	
0.5183629395284127	0.0	0.32587718402737015	0.7246298475627128	1.1023549748927908	
3.320479730947149	3.4087147815192047	3.274149497492293	2.9272753959017352	2.6810481521067158	
1.2259966423989523	0.27581156144013447	0.03186845090603593	0.28087977072135134	0.4357788993700469	
0.09747594352629334	0.02957355794121556	0.17541590159956957	0.2986501952140419	0.5452804413231671	
0.24112559030904834	0.6613648992039637	0.3121171266164326	0.0	0.576645329985606	
0.41489585951078406	0.48036827306695434	0.8741932466865301	0.39752092421520524	1.0996947115057376	
0.19692323979846665	0.1921561900568564	0.5006652987471261	0.26226889079067517	0.4811761934920454	
0.7672759146827464	0.02557656485944973	0.33893645836742486	0.5221462423120611	0.9223420533026425	
0.007334975494392151	0.05850913798565085	0.25989631620457243	0.9481379412918579	0.7495466663706495	
0.3519231597006253	0.17974346493071525	0.5078028998626353	0.47956084743523625	0.5772587360366164	
0.5418611826364	0.0	0.5734889371912091	1.1911518241227093	0.26516973481398676	
0.0	0.0	0.0	0.7286495061044481	0.5223456638733921	
0.28531608216938625	0.0941214307877462	0.5845568553087438	0.7630424318861878	0.534851730341992	
0.4773505037532299	0.752067664954978	0.46763526431749375	0.2889598770712841	1.0648920447796484	
0.13684710565617667	0.5317006222705057	0.4217157975525067	0.5196537340770059	0.733314692296464	
0.3250716434252047	0.023642657767940313	0.3118018671199919	0.3050678130270461	0.48367237216443526	
0.23105671250472676	0.10950778388028592	0.6203520986429888	0.0700144242833286	0.8319113468063698	
0.0	0.13341572204231564	2.3030472722997417	0.36085275848479503	2.133538537666289	
0.0	0.0	0.0	0.0	0.0	
0.0	0.0	0.0	0.0	0.0	
0.15941297729193027	0.2503548392841637	0.5252475597253021	0.38795577881580556	0.643112946882087	
0.17477185101608542	0.5243872448096624	1.009616424809798	0.3451919539573143	1.0929968609077363	
0.224603757365599	0.9099472400048928	0.03815668207916762	0.6609241381059027	1.2578387150228316	
0.8545684456483815	0.9906892389917025	1.551507570261022	0.748618729474321	1.5934811802705697	
0.38459324010408236	0.0	0.4376962947448996	0.0	0.25225740211561637	
0.299544423022407	0.0	0.2150855941988185	0.23155352065656287	0.5464711562362505	
0.28825957481179304	0.5690744838890228	1.3604231560233428	0.0036150599959746065	1.3077303444997086	
0.734718050673398	0.2890500194670921	1.0203654187217395	0.23771330523515372	0.9499661034241855	
0.3744935905716227	0.0	0.9024526804242122	0.46271496694219155	0.36835505980555633	
0.43911004112142205	0.40137121693809164	0.14650829088250897	0.8154433196034958	0.5475011215719232	
0.21548375444414358	0.010212516772442918	0.24391767606041628	0.5773848520738962	0.6756729261886194	
0.37070111328217203	0.0	0.5378328304381117	0.4086950892758295	0.22888458582964025	
0.24615002548792256	0.3991034509425253	1.1235776756705163	0.0017959122274843783	0.6142787247717979	
0.13933578506771693	0.09376796662734255	0.2488681695494983	0.5339541500053681	0.43276588904222457	
0.0	0.0	0.0	0.0	0.0	
0.13717247978795155	0.2678630804417668	0.4257307103064668	0.4742529561620789	1.0089635155799357	
0.20706068550225648	0.036863482635339985	1.6738343116955656	0.16401461444034102	1.2441911727223074	
0.0	0.0	0.0	0.0	0.0	
0.39465999949178465	3.665894239886206E-4	0.7549247810487492	0.48732257225382025	0.8363366279743106	
0.0	0.0	0.011052615192555664	0.6173270798845859	0.0	
0.4327583340853326	0.3581213541524616	0.3335533675714993	0.8654559031623824	1.2918167751056513	
0.5948209181390013	0.24583801219920098	0.4174779602474408	0.0	0.9733352837873588	
0.0	0.0	0.1589331632124321	0.2858514729511959	0.7675792086429619	
0.23003034159883892	1.1905206821385776	0.031117324623914342	0.3993922648509652	0.6280052828173156	
0.0	0.0	0.0	0.0	0.0	
0.0846208221097708	0.12687031926576475	0.06747239196080679	0.0045878832433209	0.34609774054689535	
0.4295079390053354	0.5844339669654108	0.13413994914572547	0.5615097093120917	0.47375769140750496	
0.36731149016102616	0.12690948279248346	1.0174899907365084E-6	0.4455223905886371	0.35924876216179624	
0.06634204754506678	0.5621700132526576	0.8625502764362959	0.40498613606799005	0.8492107152738848	
0.08571733942333655	0.16487010921983494	0.45084110181757514	0.007816813902061539	0.9563758197688919	
0.0	0.25682352183384566	0.6572359082110139	0.5677688135617485	0.44603255986039186	
0.0	0.0	0.0	0.0	0.0	
0.8089559426804666	0.4431668086857319	0.8608737543026299	0.41970971983908684	0.45734558193659763	
0.804561293463028	0.21722893515831312	0.18679393087342563	0.7033545866565213	0.8190921982104862	
0.71003544289945	0.8799571902546297	1.2522912665435941	0.6880416515016822	1.1501014989266671	
1.2354797417075527	1.9420398768844978	0.3053212357643161	0.20193838086476504	0.2607561890799416	
0.06379630643969218	0.34510978716876406	0.7688377272874408	0.35287167945382764	0.766063060914934	
0.9343244857317669	0.7110331926786831	0.16591983284647863	0.5688009820946561	0.33265461903590515	
0.3504110566342053	0.5835400491371794	0.4765812106668004	0.5853983641853046	0.12520502101168354	
0.926766142552774	0.0	1.3242753329224513	1.4567646595521173	0.8447338721120183	
0.2606938549771603	0.16213082675364773	0.34467021434453066	0.36092334237132656	0.6866269375344329	
0.10824859711588898	0.15790146695791954	0.2954031774874308	0.3135727855428364	0.8948855292616495	
0.016208741595609283	0.49270651228062123	4.7564476038727156E-7	0.0	0.2407407886956942	
0.0	0.0	0.0	0.0	0.0	
0.0	0.0	0.0	0.0	0.0	
0.0	0.0	0.0	0.0	0.0	
0.0	0.2648181318374059	0.3388094195212488	0.5934332004443149	1.1051332451770537	
0.5497621685715867	0.3723399732588187	0.5318813838648484	0.09489725053221434	0.22286377436361002	
0.2853718572421914	0.0	0.5760680830669154	0.5617256993452729	0.30056352941364983	
8.601943623751725E-4	0.7525649836594113	0.3857178544556666	0.6567173256507088	0.13803312868424097	
0.17988654337749882	0.783111480647148	0.0	0.0	1.7854542808869323	
0.5696701777448062	0.0	0.10941339435765568	0.6936799258070839	0.8750166185218354	
0.28584386418259167	0.2541365452119857	0.9938809836098729	0.6569943291911328	0.7022344782549209	
0.1536202064094561	0.2881290126886578	0.19413425447287247	0.3249901024519397	0.379179091210735	
0.30857675092734665	0.21970795735620927	0.3485272379227517	0.210599282351232	0.4404760210769157	
0.5884183086207283	0.0	0.07106042423970738	0.3712884167522766	0.6369621389511818	
0.21508158130870772	0.08538522595559841	0.6415214592093293	0.575461193510859	1.046118760188672	
0.29531044074868373	0.0	0.0	0.3590739844690578	0.18435891080224842	
0.14313315252735173	0.27598627093515676	1.2914254699662138	0.0	1.3443368588531495	
0.0	0.0	0.0	0.0	0.0	
0.5628910404047112	0.13987646539521342	0.11052195229447236	0.23970881865601087	0.662555635306353	
0.9671809639561144	0.35639872071582335	0.20691712172896864	1.131057843065003	0.9409305171049027	
1.1902616178234031	1.1539886497831218	0.351328858724136	1.3039264862763884	0.0	
0.4516569044239248	0.38383539512983095	0.3597998515183424	0.27391623841482676	1.2948562535932737	
0.2537011254220007	0.30981480910805287	0.33280103869897465	0.24305026650935208	0.11472185760139425	
0.7209207763115709	0.4760495376520531	0.0	0.5456060908735592	0.0	
0.1991605046343549	0.49561843438312564	0.0	0.16021600643712608	0.19563494295248784	
1.5629912870022016	1.032964509722393	0.3532536620640884	0.2539104649587508	0.3574750789341385	
0.27766163681319406	0.5585976212075427	0.5027808116777494	0.6537471759899801	1.2723106584513064	
0.4043759780186522	0.9009153543857791	0.9457209245264527	0.36991574888639933	0.9603063982234705	
0.8226534485511676	0.4166661231383677	1.1906386266689297	0.0	0.6877422610333461	
0.12710672173178786	0.05501527656906962	2.9961074464633723	0.0	2.8802709157240867	
0.32520825942699744	0.615147710346905	0.05584324636079337	0.16896996349784865	0.3397258533610162	
0.0	0.0	0.0	0.0	0.0	
0.1594321981468757	0.1255588607505262	0.02821716736123725	0.4590048781096766	0.4730511603590454	
0.0	0.0	0.0	0.0	0.0	
0.15071885556165185	0.1989685642835631	0.11862983311161569	0.21070531074500726	0.4991651796783536	
0.45473560655005973	0.0	0.04077672700866426	0.649429299899829	0.808027416970422	
0.0	0.0	0.0	0.0	0.0	
0.10673603995095042	0.9956801219514662	0.6847981505050444	0.020892424125069135	0.1150722941698836	
0.8202781870738665	0.597850462735156	0.2736217401011042	0.562159738394825	0.3621513053228637	
0.2560965251336946	0.10953217205000991	0.6424603584118136	0.4535520482038066	0.6724971709256647	
0.20580050981433623	0.07272740201433812	0.7207842613064351	0.28969113874524294	0.8947501279398469	
0.8809529929934441	1.3395017805714653	0.7930392773152647	1.040760868096618	0.8747802031258852	
0.6838265880850515	0.21616107663573791	1.3647465471989702	0.7714019784835382	1.440867016746181	
0.5003709202131655	0.1143568556279012	0.8037833532583001	0.21568128302247966	0.7649876960638893	
0.45106539180508937	0.44140354509136526	0.500622163727132	0.40419541605931586	1.317020288610769	
0.45509772802772197	0.31267404236546925	0.23566652969909258	0.5310948280294703	0.2133657962817642	
0.11308590946288581	0.0	0.8194987109452939	0.04400395368833784	1.1098170310594362	
0.3166301157155541	0.6232298598100486	0.5438615600870158	0.2030929843028246	0.5401015907439249	
0.8199547021480142	0.8184209949655268	0.4784041363130672	0.336850855341853	0.40050499435984604	
2.312986513114132	1.5717045438494759	0.0	1.856162138390541	0.5026780582467495	
0.26999536033415916	0.18592841484790687	0.42159664131460767	0.0	0.28776837800124805	
0.33817542879141504	0.24474388848861217	0.6203362051249769	0.518879816029078	0.5327575283134703	
0.21242695744565585	0.4326341515416432	0.5697235075656255	0.20186845383753302	0.25152215444858356	
0.29187728210366093	0.3738924952345497	0.27784425761176795	2.948550144400372E-7	0.3998316226165996	
0.3176159569300802	0.40989391649784235	1.0741556091187439	0.11935936959897303	1.3302706046660497	
0.05914933221992199	0.4363821700941523	0.1887898122967174	0.3113996478076069	0.7513500387063721	
0.5378482381705333	0.5934824511518937	0.14163160271401462	0.18520225147928152	0.611817643230222	
3.4853722161493224	3.5947436675029425	0.0	1.6745980368750575	0.002765133878895778	
0.0608045061614384	0.044454751209164776	0.9875648824694958	0.7359618526886155	0.37971059584310574	
0.5223016215000287	0.490086738079603	3.553023426185009E-6	0.27166350764219366	0.04249021338815752	
0.48697819069366755	0.06495574313070007	0.9500697344391938	0.48061816226791	0.8050585779685765	
0.42530070034876954	0.3358759461957054	0.05363822621517062	0.6083773460783666	0.34733699954143327	
0.019821395936177936	0.1560545468373971	0.36333646360529703	0.3571253944186093	0.3952315828185099	
0.30683309330295766	0.24964642569700807	0.0	0.0973217608266203	0.08005926076436891	
0.5277545135044398	0.0	0.35410976392472465	0.1730445805514567	0.22128255119590626	
0.16255719700422394	0.017735237700480758	0.2850347033006114	0.437264358350513	0.5050314215684428	
0.0	0.0	0.0	0.0	0.0	
0.6240002257158637	0.2020346363546979	0.2530659333930045	0.0	0.3045728616380177	
0.11352862989635179	0.0	0.520211855058829	0.345813004405443	0.3167988862683664	
0.5496390012450256	0.2786548105481251	0.767211998038309	0.31779737043568407	1.0244870604812126	
0.610596212903871	0.4900502408220295	0.1952193579831502	0.5307560475491732	0.9902889191942194	
0.35679185849787476	0.24490122753298055	0.10570103985375129	0.4114845556425243	0.5157174890997596	
0.6056010297433414	0.08708567852323942	0.2142776922918291	0.5776225569946695	0.44132054717650226	
0.106157536197583	0.46250698979135224	0.4552373299989417	0.07086216552047807	0.5760955310287217	
0.22292787484546134	0.38322657429762386	0.04243355102494037	0.14266655287675406	0.25714954758939684	
0.4844932603686314	0.4603473547461704	0.02074794256579549	0.0	0.0	
0.01253383584215272	0.6943099484878277	0.2778843940969613	0.3603602091770492	0.4861179477535051	
0.8634662070661135	0.6368045085558164	0.511070779814879	0.8105356364142018	0.3067574938387181	
5.898598645783429	6.376378673137575	5.219317292148658	6.083902487130871	4.89473979843441	
0.3150453783273327	0.6017405069209487	0.16673635414401755	0.4638829519026723	0.18586001356199042	
3.40041357851464E-5	0.0	0.23296493681087965	0.6645892940663496	0.7033429462937888	
0.32702447350739516	0.5608043669408439	0.0	0.1576513807289547	0.49404462085435996	
0.09706057522969516	0.12694116080347687	1.837502588222107	0.011142033297749447	0.9504906503125093	
0.2554258591079573	0.0	0.08158371814090483	0.40090472584747344	0.9104215911982217	
0.6554729613020159	0.5144151682774929	0.4032683390111938	0.11088274390042432	0.6797011805967723	
0.0	0.0	0.0	0.0	0.0	
9.321593439876843E-4	0.1674499181353017	0.20070173450231843	0.7164423166404741	0.02485815543064766	
0.34381383018387207	0.16427816419018743	0.439366009421506	0.2341138550538847	0.2526108157248831	
0.8873825492967599	1.3927492822777459	0.8832209874493033	0.1022852015297915	0.8459976201951204	
0.0	0.0	0.0	0.0	0.0	
0.7432254264429419	0.3395608734983376	0.7706977202171031	0.6339969619702664	0.8122662984676352	
0.0	0.0	0.3405053484341575	0.5059140818211305	0.7196594118146757	
0.5279282870635511	0.3090624227438734	0.6469782953603151	0.29011017901230784	0.24662150664005136	
0.4011154645391246	0.4085677787200868	0.17441776851728966	0.6557540590058465	0.40856469704153586	
0.20997379015987566	0.5047885315557934	0.3029939370307979	0.3124543651687621	0.5160515691177635	
0.0	0.016063011806351796	1.153172904751493	0.3179980603685296	0.9567215852754022	
0.29859869628167024	0.17821198653718226	0.5564911282200654	0.36267612272009475	0.6377060281738745	
0.14771016596112493	0.0	0.554597145837833	0.14204225253893582	0.150196982349961	
0.8527243462659896	1.6383773355169038	0.2143185851761111	0.8084694139080117	0.007761077867229043	
0.43744771044477776	0.4011005929506857	0.2726930693568031	0.4977619623672822	0.5674591449170673	
0.07579522434564721	0.0015728706028961643	0.861120112899567	0.414098816261263	1.1956973366707186	
0.7191820746626478	0.7288980951831486	0.3511841668670552	0.3508606271994091	0.6643725215425709	
0.19053408633497837	0.4336955850057052	0.3323421141636387	0.26554259552971293	0.7706718958161474	
0.3209941898739202	0.5487160879302714	2.8139699048797757	0.0	2.0253321523733425	
0.6913434883912453	0.5670625099861051	0.09158746126435668	0.36903369303122824	0.09971605374016344	
0.49260338198617043	0.21922941058285314	0.23585266998381996	0.01841398823347569	0.33351041446305996	
0.34506850013895163	0.0	0.6449874780485211	0.951894061520357	0.958150354244662	
1.2353307911958343E-6	0.1632587675669962	0.6100078114454954	0.0	1.20213124567685	
1.5250403656887552	1.2111737954755948	1.1771641593960536	0.29488206915802206	1.5105877936456844	
0.2177748031450198	0.0	1.7479943805991667	0.0	1.205094367645101	
0.31467156087732095	0.016847946063884556	0.6145171419856561	0.7217959407016946	0.9170756478408496	
0.5768858509977485	0.12304840140005606	0.3565818333702425	0.7250509504278422	0.2743261070089743	
0.0	0.0	0.0	0.0	0.0	
0.4631021710137076	0.2859984219869013	0.4599218688449561	0.2208475219875475	0.3920698825733908	
0.21182619031667022	0.044468074915327616	1.2452284864838807	0.4995569211495492	1.3184351234662142	
0.0	0.3494981724944632	0.4851912156006468	0.4415624488821356	1.45995859040969	
0.0	0.0	0.0	0.0	0.0	
0.0	0.0	0.0	0.0	0.0	
0.0023580113853031207	0.28799007919756775	1.0134321655291387	0.06631730021077523	1.1611064628726497	
0.33940738968188644	0.09476721076500572	0.21816646206546383	0.5001864110373978	0.31793302439121357	
0.1524182454455758	0.6008055860954665	0.6487009309196669	0.008411928587435122	0.5333015351177497	
0.7261148709910237	0.10105906895832237	0.28611286442932854	0.1458786452791352	0.7712406097180063	
0.5228408803430016	0.7519727173413528	0.5639437078479345	0.5158708318613521	0.5329141543120973	
0.06334622261012944	0.3242155691644817	3.7439451996651204E-6	0.7593719147995144	0.6636587228741185	
0.32254676282272254	0.0	0.4234468563183728	0.39050032295695003	0.14158278919328318	
0.4116968595090733	0.4051652212238083	1.2913691959243352	0.32675300262532153	1.3614006785061108	
0.353936947239879	1.3440360221452317	0.2780854893609076	0.22135212436757074	0.04259403569573465	
0.0838906448807082	1.093583903033968	0.2416130893344076	0.26571510893028943	0.6598651081682727	
0.518082521554688	0.2031328387212133	0.6524787015799659	0.0	0.5260360011657785	
0.06036972338621514	0.4541439138625228	0.20296845943500363	0.10484693954639497	0.3149995719295156	
0.16764308224834498	0.0	0.6676377401899056	0.7177713318737946	0.21423166969619659	
0.30853695134882175	0.2785980861286094	0.2785580697391346	0.5822564816425321	0.7417626889794794	
0.0	0.0	0.0	0.0	0.0	
0.42465788004570404	0.45624342764272674	0.3676099123531327	0.3080968293088161	0.6682929692771472	
0.38328807990096686	0.5120425410154023	0.5563738392083522	0.5754436112056981	1.0116663694988095	
0.7001875939069688	0.47549376416149575	0.9844567711988025	0.6035295726750982	0.8971209284512632	
0.3710042398761248	0.05803887779891841	0.2691473142616048	0.011972676767935453	0.4493922283348491	
0.654168928292754	0.1350823512280814	0.1575507687690973	0.7694929982172759	0.40901215860890533	
0.2203068525429558	0.0	0.20719412467290402	0.3145995417177403	0.10061260759448674	
0.5048477372158893	0.0	0.5469444330383518	0.29236845312442483	1.487651946411319	
0.0	0.0	0.0	0.0	0.0	
0.33999635178075505	0.3610331471482081	0.4568955156761406	0.7435227397566427	0.48071990763068567	
0.3202554141986281	0.4639328642899117	0.6324675197926535	0.6680172177821946	0.9425800735793146	
0.0	0.0	0.0	0.0	0.0	
0.09112208555026666	0.2349253406931668	0.38309455951615723	0.09746000549998571	0.32010863343976437	
0.5186170010546941	0.27596147863166454	0.3893761055546478	0.001225338163567159	0.13384627676818855	
0.5950631501021999	1.0298735535761336	0.44124644471428687	0.37638270606403906	0.2970241229354319	
0.27317579559841526	0.470178215176668	0.35838906071549453	0.08165980979867363	0.9045082225681588	
0.35957149106540454	0.3534022957816214	0.0	0.6299955202299129	0.0	
0.4433358935953977	0.5434829935029247	0.7935849026351975	0.04478212017396647	0.7370207173803509	
0.0	0.0	0.0	0.0	0.0	
0.6052615694566569	0.3187585412408097	0.8918463178439564	0.3999360594142529	0.5149741830401675	
0.3181039574702419	0.20887154968264263	1.2050223089900727	0.4132473734503469	1.1717774301241117	
0.7686173443133872	0.37839299517534153	0.7699965616652072	0.11843742961757327	0.3135506830567665	
0.9871873075154459	0.45231533810060404	0.24024326698442738	0.4093465874324611	0.48735944587583857	
0.2854164082198934	0.6047453685594942	0.3102307056941953	0.2792002550337741	0.251067383207902	
0.29202755361043764	0.3602840880629075	0.8704880454691922	0.19960844997860652	1.0011772002050363	
0.0	0.5245747600151364	0.0	0.7054843399577277	0.20695242908355224	
0.7911933658325837	0.4921062722901745	0.09946883505938735	0.8022978436200949	0.6429807917939195	
0.3878279891248162	0.23642974671476125	0.0	0.3428959238434302	0.35175743687531325	
0.0017626764352926215	0.15789488031101528	1.3488940292060378	0.5590044873769634	0.6388944865080707	
0.4796755961355056	0.5025363127939793	0.39203582864859104	0.29202648569585543	0.019918573673385072	
0.0	0.0	0.0	0.0	0.0	
0.3337801619604621	0.02566031872412077	0.020104243876275747	0.35389609643152586	0.711578116128386	
0.168366506347734	0.21579497032198253	0.8287153265431626	0.12307695723329126	0.9771579229284724	
0.07354486443722852	0.30679348859212313	0.23372182309061545	0.2982387242321573	0.49793828154756153	
0.3701109329832528	0.0	0.9868643445746985	0.7390357536297301	0.6016168232922401	
0.41895700282476733	0.12468837175669849	1.0419974651124118	0.32408348128134573	0.9861393161196624	
7.976903271935474E-6	6.312097443379267E-7	0.20258568105514402	0.41999476932910423	0.605229129787716	
0.05431412244188829	0.007605945567460642	0.5408693220526694	0.22509205918151223	0.3018847792226439	
0.0	0.0	0.0	0.0	0.0	
0.5406525679227809	0.423447638211903	3.1335263637829314E-4	0.6248390024270629	0.21496072196684296	
0.0	0.0	0.05370297052286283	0.13229268280449624	0.2742298856811268	
0.28726024828566943	0.6363989563607536	0.21360159100128256	0.3247710378496773	0.32445067652424814	
0.47885209903004006	0.1668349677193949	0.25982105098817965	0.2571576131741296	0.29220261872431624	
0.2811818169255104	0.44422130251776476	0.31153907798650765	0.1305137605177861	0.6574290452591097	
0.0	0.38861599097634514	0.5288701002308609	0.29407661971798893	0.2115211945711074	
0.4050181317897853	0.19162164509877969	0.32376466028052575	0.48580356210294934	0.4342522998993712	
0.0947444144591356	3.1125346332680224E-6	0.0030855344602698383	0.48511754858568257	0.6802452097227524	
0.24806383959809578	0.18910109045680507	0.6686702378231194	0.13219718853695228	1.2492306995064446	
0.0	0.38928941570362185	0.557039721105079	0.19765718528470136	0.7675425893822411	
0.538611618246489	0.19821859663210067	1.1676758286045366	0.28521584477949546	1.6287105141390776	
0.2228586982547071	0.4687989202211566	0.3099261660042688	0.0	0.5691340883492108	
0.28253351528180715	2.502891293522277E-4	0.252095076813463	0.24830396535419896	0.4591221784126524	
0.0	0.0	0.0	0.0	0.0	
0.0	0.8424111380064481	0.5874703292703981	0.349353522050446	0.40874017735038604	
0.4211901336317934	0.6164359626622745	0.07671791243040328	0.6761636176566741	0.7646992272148464	
0.700510995204209	1.7337943590042708	1.208833106084129E-4	0.21257067120453416	0.0	
1.553789307908073	2.3310739384315253	0.7648528564610885	2.2705866957608385	1.221596745129695	
0.30263551518543474	0.3824519305712193	0.1890941668290121	0.11765686404352632	0.3385208080753106	
0.011358416521587809	0.09759613151323762	0.1610840094522384	0.5072125958783303	0.4954812636300711	
0.159101143451273	0.1383638506752446	0.48328502374412347	0.2975842354495951	0.5604741848162029	
0.5113657226996413	0.05439454514467086	1.898304262376299	0.48669022651222166	1.6884684827830367	
0.0	0.48936819824122074	0.20476799649895142	0.0	0.0	
1.3497940285125187	0.855116062144729	0.26417666210677054	1.444704961875728	0.6986122643328272	
0.09640484796690607	0.7702483626599691	0.16161679807851792	0.3018468051345528	0.16524015460855285	
1.366344370923219	1.6618216373748225	1.0892040032487573	1.3374322809375772	0.862752074095529	
0.5530398334359529	1.0374229236874746	1.0358852281908022	1.4391870845685464	1.4957332957979248	
0.5959832362198518	0.0	0.22531964744015365	0.19785880307995687	0.5907472397373499	
0.0	0.0	3.468122627179725	0.0	2.5999837561132573	
0.32640048353884554	0.36278894598259204	0.46117167487355204	0.004766400889773077	0.8327002922027291	
0.03346923345429305	0.6563114869597395	0.0	0.44790013452430666	0.3968918275134268	
1.2341694547196544	0.21351033304692493	0.6745712103251332	0.7919994261877129	1.2322264766281632	
0.8383999912840938	0.09597817082507118	0.44321989181129806	0.26605888519670423	0.4845726391606652	
0.41910314112048624	0.5852127342708037	0.23772415817323372	0.4333281755182387	0.435004824677541	
0.0	0.2749269456182188	0.01507618380793753	0.20523607701627158	1.267925040791281	
0.423121417242725	0.5959770133839837	0.1376884103068751	0.6466400554288675	0.249525820842294	
0.0976268988466579	0.3396854309523593	0.5572016179300833	0.04353269374015495	0.8822595869915922	
0.8794213532591004	0.9363500731792045	0.0	1.0683458293883468	0.009344986606450683	
0.11209510084484772	0.3172380217840647	0.5160296009085983	0.2543205601508812	1.0085343696298081	
0.3415886875699065	0.06596250857394653	0.04290964269979069	0.7325804407716694	1.083207120880604	
0.0	0.0	0.0	0.0	0.0	
0.35480994960862133	0.13580048878102796	0.026001967005219704	0.11697211128731959	0.5907373101773972	
0.6865730885519322	0.2637564714753288	0.4274082521823547	0.6753036507609398	0.6570566683180495	
0.6075943634283794	0.14389903590933303	0.9706620090697115	0.5673716367469855	1.0086716785806558	
0.14635101720369814	0.0	0.4795636229607308	0.5247060401168749	0.4985136711368333	
0.4463935452942233	0.4579698917273283	0.5728007749923141	0.062360445287457336	0.4259405924897214	
0.35545367405457196	0.45558810921772036	0.8185076696571282	0.23341963212048056	1.0875456955610234	
0.5212936413214866	0.0	0.05584437397157359	0.5826097740370476	0.23134557768790795	
0.9513025590919446	0.4254125708361516	0.7429091728928775	0.47869503584628675	0.2567285695409364	
0.0	0.2943196662266312	0.1341249150896208	0.3602922855668616	0.41507086491009276	
0.04065367657596166	0.28948246583189746	1.0309225594616176	0.5102210428880127	1.0812754374162115	
0.16761547726763718	0.3742654326436105	0.4359075494423391	0.04314513193448567	0.14047706781373098	
0.11687829463027988	0.4203498970504659	0.8550246620619063	0.34287735191838337	0.9676536761743816	
0.8842042572675607	1.1251028755216024	0.0	0.9547335799351648	0.0	
0.37870229049322135	0.6677611431995611	1.1017757953373684	0.09995298540411642	1.3523663105059804	
0.0	0.0	0.0	0.0	0.0	
0.0	0.5320489475575158	0.11640961721545427	0.5230265774749117	0.48170745421387284	
0.05867958707704298	0.10792914415204928	0.37335631484388826	0.638574454326931	1.1006306574009441	
0.24759901961872827	0.48554521492412717	0.3346354475539453	0.4997545435952769	0.3881441267323183	
0.19969008436548988	0.0	0.7570073236650631	0.6734941910657666	0.10093844926311621	
0.6441054347664054	1.2564533727282325	0.5450366376376887	0.07861908246804546	1.309389699704159	
1.036163505805156	0.8816349713118021	0.45508455808965487	1.307214752275985E-7	0.7262912382964787	
0.4087651438513854	0.0	0.9504990471739752	0.23984776737494837	0.10533173815258012	
0.47357933745539693	0.4899122412540888	1.155614409792914	0.058366066281181954	1.2303960020831188	
0.0	0.0	0.0	0.0	0.0	
0.0	0.0	0.0	0.0	0.0	
0.6576511608213281	0.12490634338155654	0.1410471182316149	0.13602865488356639	0.48268172880697074	
0.06145912800588044	0.0	0.4647255822190133	0.6826811642132625	0.35445097071823545	
0.046860957683902214	0.828023581386093	0.3295468876138163	0.47670908559824315	0.49528811569861986	
0.2841416167240745	0.021596255200536037	0.6784823518726317	0.479787610556233	0.2989142224647121	
0.33598137609541984	0.4958460882706266	0.0	0.21817637329618897	0.0	
0.0	0.0	0.0	0.0	0.0	
1.3355773224995298	0.307972969531875	0.5046324625923434	0.266718570074249	1.069160471079843	
0.42612837364317063	0.10859379061652713	0.056158291343749785	0.16772986306945525	0.4119969302023689	
0.0	0.0	0.0	0.0	0.0	
0.11357460670875014	0.8205865356587138	0.2636342157293686	0.09624664613376281	0.7307089672818118	
0.040218963230536295	0.10424867586270098	1.2607000839917266	0.1389658210254744	1.3409588313582934	
0.7528065987733057	1.0955260994934846	0.1926875155798268	0.8942449761596337	7.031683523198063E-7	
0.0	0.792978269015382	0.6321961778811394	0.0	0.0	
0.4599204886695456	1.0146423713451542	0.0	0.8844778054191003	0.10151810602144953	
0.4291998522113303	0.0	0.10756624303834454	0.6874666105374287	0.0	
0.16953080598213643	0.31769738873774706	0.2867241071150856	0.2745560925614202	0.2108164599228363	
0.0	0.0	0.0	0.0	0.0	
0.26809675212885126	0.5259718615174794	0.0	0.5436435703738788	0.45843930886167705	
0.0	0.0	0.0	0.0	0.0	
0.12216729303506653	0.5072786002658135	0.0	0.3772417421157375	0.19494169444222467	
0.6445644478111635	0.15704601335341953	0.00590492931967099	0.23803105152937254	0.5660659923720157	
0.21150482314284982	0.09502949319790245	0.7907937234639182	0.2143742575222925	0.5455907594850332	
0.0	0.0	0.0	0.0	0.0	
0.0	0.0	0.0	0.0	0.0	
0.17023022899725063	0.3251947156524602	0.36983560370213253	0.6796083981478802	0.05501538482171936	
0.6066270042575129	4.4235374995804265E-5	0.7987068950802663	0.6681803417244988	0.48038108874521396	
0.5352878940574234	0.20016732800064685	0.18458588806284076	0.34062141846076927	0.38900253182603883	
0.11368806649914913	8.531719799088911E-4	1.9773332882912884	1.715080207026153	0.8851009220311521	
0.7519610080189659	0.3858283156231609	1.2817110795398985	0.20339126732644222	1.7362343903163664	
0.8225274064275453	0.8429206203702534	0.4352227613699546	0.3508415310899244	0.9675610859349465	
0.0	0.0	0.6332755726794808	0.0	0.0	
0.3400006460182737	0.42910098667220536	0.25823112762062356	0.13384660033675755	0.2636760594526868	
0.23483573149290748	0.8038490762399161	0.46559348032266445	0.059300698824609754	0.8837808155963935	
0.0	0.0	0.0	0.0	0.0	
0.019134689216030776	0.012637387039093824	0.7289308459258955	0.676957879314406	0.42591132279126453	
0.31448494907244706	0.6057695690188759	0.09065969781398364	0.7158055324363147	0.8535691580224596	
0.14148585198284622	0.14419383314781445	0.3190961156941992	0.49257486358986274	0.03218017604296718	
0.47696430459117967	1.0058637699012496	0.5534226556161307	0.3857677593266293	0.28186563726157143	
0.432713887378028	0.0	0.1116236813969562	0.5488985896989265	0.7094077492991326	
0.0	0.0	0.0	0.0	0.0	
0.2630242196041001	0.1301681837906835	0.5868681671229664	0.2368961770780341	1.550293080700796	
0.4402932144751809	7.420148457312451E-8	0.39263409833817076	0.10773477232621986	0.4167585152028205	
0.0	0.05347738758196714	0.3052879003048857	0.47564895705470295	0.7683342403779571	
0.8353455123675557	0.11552308875876888	0.4910933202490548	0.18483114368279208	1.274988431282606	
0.24371655500419767	0.17255183599180787	1.155127401453131	0.3126774101963481	0.6439003273108161	
0.2746661116266939	0.22566642200328357	0.4690820288754063	0.4716186167437426	0.6289226650721041	
3.2478609479527094E-6	0.10660754268380475	0.09291340746468753	0.019884217099589718	0.3559246657994398	
0.10818492108171017	0.0	0.0820767884797777	0.24335289935278406	0.04905144365543672	
0.5496476120855834	0.06946597572396773	0.12428768704495895	0.34914890577038477	0.21967919218432763	
0.7932040185725985	0.689215706789577	0.7248296511646767	0.34191992011937483	1.252668667223908	
0.5917997531553533	0.528369049003354	0.3082078736672257	0.3048038660434816	0.27310961091485736	
0.47441800448841487	0.6934830159546371	0.19099916203944795	0.11374173018318026	0.5411049051063829	
0.1131880492678554	0.0	0.3260183779453036	0.44780884069026905	0.7135685783979786	
0.0	0.0	0.0	0.0	0.0	
9.004986059722416E-8	0.7379058410208483	0.0	0.5946038473042343	0.46344122073226723	
0.22990054829891357	0.07753972067389972	0.4458119649577056	0.11366453337791374	1.0718455114182217	
0.4341351919547583	0.011575985928243685	0.376260937200448	0.05482477792730277	0.5829420451201482	
0.45496453010419036	1.3124455625121991	0.09970531775055663	0.734585996068328	0.40895203327741897	
0.0212114341268154	0.42908802032195004	0.4145444178400233	0.3897898505765195	1.3937366825055124	
0.8448425656115578	0.0	0.0	0.2824354580387549	0.0	
0.40901649364647835	0.49301834701631975	0.42957266296942004	0.1263539078739711	0.36367288803342623	
0.4122857403168759	0.6855438008419957	0.036772790710259635	0.49315685680886023	1.718310391608001	
0.40507577967551806	0.16172783816623323	0.6738344697604217	1.2105707294511298E-5	0.27825724643534516	
0.3395735146803692	0.16687015882452996	0.9223844999990716	0.07001482865820696	0.6765684791143399	
1.069568602311375	0.9336871776766291	1.0219851036598218	0.3890616524490843	0.44473145348422816	
0.39569051073472633	0.3784443538261646	0.5995139198505796	0.532599048716626	0.401746762623536	
0.0	0.0	0.0	0.0	0.0	
0.5727897139255271	0.24407331332697732	4.8757939276525145E-4	0.10563363376868208	0.007324017005126075	
0.44734044847680815	0.26912928593703483	0.17818472780625558	0.04732748455421368	0.7688075283899307	
0.7147556917000414	0.30475527977432026	0.8686016256055343	0.4364645364726852	0.3476449511354028	
0.3931809324064743	0.5287913265697042	0.5797960501322427	0.27905032977055577	0.36020643800904967	
0.25324750942377044	0.5767184414399124	0.31742967851342985	0.5092647640405747	0.11166283764859332	
0.3639714995260862	0.6373880420963903	0.711276232364204	0.2122350688403865	1.22531254589835	
0.0	0.008331594489889597	0.6431495817882588	0.11732263145014964	0.13248817365761364	
0.0	0.0	0.0	0.0	0.0	
0.0	0.27623631839450385	6.54229555330497E-7	0.054781739678659236	0.08977294028310495	
0.37739429927917084	0.29531051125138263	0.32046265089046716	0.18466490775579344	0.3507521568672348	
0.6003030053026709	0.2149004086024097	0.0	0.004600562795956097	0.5111150517735865	
0.0	0.0	0.0	0.0	0.0	
0.5903599091114646	1.4125425756738341	0.09931245864313931	1.0601809987699906	2.529530337010597E-6	
0.05587556777891865	0.5481061839880597	0.0	0.3090418283350069	0.5488398770852565	
0.04615406413479406	0.5324839755633616	0.7046846702700041	0.10656408240371525	0.2849512118502126	
0.3917755237946165	0.9495662089060609	0.04147389213616923	0.30112895076352025	0.285151728947837	
0.39779897822486693	0.21391209022171176	0.2171906088778187	0.6086740656257008	0.1547127899543766	
0.0952177296279802	0.0	0.40072691724054516	0.9522918790184397	0.9545003284271356	
0.516794787471587	0.11082176321402465	0.23734125367690548	0.8210438866721845	1.0439157503565433	
0.18987776989616734	0.06009932542459438	0.4477298134912554	0.012745249395996843	0.0	
0.5402801439084786	0.0	0.6869797115806584	0.0024790572101374	0.6966839523360046	
0.6037764176167514	0.3415735806726603	0.4246765530813993	0.03563036331128572	0.35578588459846344	
0.0	0.0	0.4418166467335242	0.21428560491894647	0.03837250446381883	
0.1588541180351805	0.5003139749057558	0.5810393527932789	0.3373389892863065	0.5901411738974132	
0.0892408230328589	0.25012254727246414	0.6865372649236567	6.265041637762657E-4	0.7232804925593098	
0.8041029543581787	0.6604676359725908	0.657800241419153	0.42105891774147675	0.2849272725251665	
0.46383831238993445	0.1812540516989888	0.20585755115550408	0.018576414691784796	0.8275153014204857	
0.42123443589266435	0.0	0.025787108877547184	0.4970971481402714	0.3371753880921567	
0.5990765548403925	0.2998360021067144	1.0570361716663716	0.6294028989821467	0.2955265127579514	
0.47436679220385025	0.38801638831187035	1.366112003998086	0.2555287056084985	0.10277881846988798	
0.4672275236995279	0.040621429101426576	0.5599855215758673	0.1594041017138407	2.0399124959644133	
0.0	0.0	0.0	0.0	0.0	
0.6708785101394641	0.39744828898780576	0.9989493302100587	0.12947827081655	1.7096020183342746	
0.23508202424027408	0.0	0.42355575294956216	0.3106665083172916	0.7062155070958839	
0.4661164896673758	0.05643389142723397	0.16973750220136852	0.3517179486962353	0.2379527093824053	
0.6972157555000157	0.0	0.9141735014499812	0.19711852545417174	0.5790666207876667	
0.47064202260529414	0.07935670153804295	0.6935124244608654	0.02016615526450795	0.7258740329327529	
0.7163211090065091	0.398878947371492	0.9236289337687507	0.9037420378003735	0.21641697316922365	
0.7210685783770536	0.17452852685957657	0.03862073548997636	2.3136713358688175E-7	0.7906715074731377	
0.6045002713555295	0.2973895923238808	0.27432929300721726	0.0	0.0	
0.0	0.37419630679123034	1.0269070878468516	0.9030254768010862	0.9145307296620143	
0.46105891355332723	0.0	1.0588501031579143	0.09061841696668713	0.28400895412257005	
0.0	0.0	0.0	0.0	0.0	
0.4392315394873877	0.24782479493742487	0.6687721854143207	0.594309093423156	0.5452675386516491	
0.3832751939429774	0.07167447522478053	0.14445288058519481	0.4155468509838596	0.7442306559396681	
0.3605563628802901	0.3637486598454656	0.16704616861372007	0.3021186543936325	0.49263965135328747	
0.6304639009629411	0.5526358251592604	0.5389967714425445	0.5469771171477171	0.5270029210800212	
0.001327538497523841	0.2695012620288082	1.4027671676229925E-4	0.499776581472773	0.7515435412716541	
0.21594473249577886	0.3062978309715882	0.4061815553035201	0.03518554549060983	0.5616259881506446	
0.0	0.0	0.0	0.0	0.0	
0.21675263069241674	0.33982220971883026	0.6553577108083254	0.45989570123126344	0.450454400526787	
0.3460081675565403	0.34851344194558076	0.062184501304835965	0.1780128198616238	0.17511354255029307	
0.6324952686811921	3.1131738125598206E-6	0.10547073013028044	0.3818816359986098	0.19893646339256948	
0.17468000688208452	0.18752438934906387	0.0	0.0	0.2167597014071931	
0.6040530516481288	0.9033789936264959	0.11203657692237227	0.4658867084630335	0.12566694076684345	
0.5906670591153843	0.320369946441557	0.838218016578767	0.30446189686001246	1.4801877795514995	
0.7197971250438736	0.3390651257457089	0.20652237478786772	0.02678747013643988	0.40098215677813553	
0.4799193443897215	0.014751373140936061	0.21978461736618057	0.1778399406459447	0.32489372939371397	
0.46745420132526083	0.17871618376613627	0.0010056223009342526	0.43053221364962807	0.2590275704784044	
0.701775236537479	0.3079683499812015	0.14281709515614682	0.0568978757327323	0.2939753672062146	
0.1421915762184191	0.8170322369647077	0.18138504137745273	0.13482133696077264	0.3446356785997709	
0.15594991617222714	0.2566344868277972	0.8612170799092074	0.28355605402133893	1.087478563161403	
0.0	0.0	0.0	0.0	0.0	
0.0	0.8659079541371069	1.962128984903116	0.0	1.6258382118665717	
0.0	0.0	0.0	0.0	0.0	
0.2467127964292505	0.6900212629468954	0.7761943783832023	0.9794778116176435	0.4339855758992287	
1.9289470792068162	1.6719838192789533	7.870155648530583E-4	0.26148659783418604	0.2338201173326535	
0.730376097941657	0.22102986821418164	0.23608287003107636	0.33842260229720694	0.5280743698476028	
0.0	0.0	0.0	0.0	0.0	
0.153076055571975	0.09889541597629485	0.47402310806644665	0.04807358708425957	0.7804829206841299	
0.6075498319030681	0.06004552933620822	0.056195719164433944	0.3949576572784179	0.7998429580753628	
0.09325376002868101	0.2374452792888797	0.287433782706998	0.14406198906217102	0.5101424777676833	
1.2177076113457344	0.3284653559426274	0.2808163055547224	0.7497724098223449	0.35005859211905754	
0.03159529323689635	0.3515430690002915	0.026821154603753825	0.4892711337238983	0.1250119199871716	
0.0	0.0	0.8953640282470069	0.312387206803464	1.0025045128602927	
0.8286485136693365	0.3725017897348223	0.6129767492800624	0.0	0.5214469243631182	
0.0	0.45618504837162294	0.6535387010217106	0.4870062629237299	1.543498469222804	
0.04494470210756476	0.10185879042515093	0.1122450437050868	0.19266766695711343	0.20668142667835845	
0.18163078128678697	0.6421506405745615	0.6900046203993592	0.1859294342855031	0.9781607779375363	
0.1737201322655431	1.955941962070498E-6	0.16978416986411593	6.181766053518612E-7	0.050397568285491336	
0.06359158536851765	0.02244334613565476	0.2320715788794758	0.9764499071928332	0.0	
0.15207841822008433	0.23418064908571676	0.36043193945721963	0.011742730384895312	0.2506088955558436	
0.0963702681794199	0.4213558196896499	0.21157810103604585	0.06855990172330022	0.4548914101955026	
0.1681039231601421	0.3786318967479002	0.9750510410871179	0.37805941193209414	1.0745593459486715	
1.4738466682921039	0.2279128468609307	0.4054007942035406	0.8905694632536009	1.0357365997370955	
0.0	0.0	0.0	0.0	0.0	
2.1926712588147175	2.325555784930776	1.561560463887672	1.6422038178733276	1.0163095642913298	
0.30993246372051625	0.32317909797009825	1.5284779881203077	0.595610784496833	1.6275611540066381	
0.5978182096260655	0.7965239338705982	0.39281728352833717	0.3718432983888722	0.49641218894816386	
0.06453459473380846	0.3936955088924178	1.0224338056431785	0.0	0.9256174629715859	
10.411813773496924	9.858769774359876	8.653990264208296	9.953796713933489	7.181786667352285	
0.0	0.39182746435781723	0.3831975792236091	0.24433231634449448	0.5427973177178328	
0.0	0.0	0.0	0.0	0.0	
4.048099449536806E-4	0.3988872565802376	0.10082292701328952	0.2368032551142826	0.5988531227245223	
0.588023966757553	0.7664990702080307	0.8092065898659678	0.5682087986484565	0.6793731445008104	
0.3142441576562801	0.028255893891260236	0.20884727979903592	0.13502799867796314	0.2741514869139773	
0.05837063323079048	0.6283230966325172	0.37328185378226114	0.0626417662701815	0.37828769138950563	
0.0	0.13356592527034314	8.348816365768743E-7	0.5879690016070447	0.6140040533957999	
0.0	0.0	0.0	0.0	0.0	
0.1992991221973276	0.555291290629333	0.5839773454189531	0.7317189087829293	1.339760118990102	
0.2654539833746987	0.0	0.27420675552099794	0.3787145621217247	0.5840624527013464	
0.0	0.1764314371728176	0.3833088353876861	0.13390267415221466	0.42983262915793075	
0.256105397239367	0.4114649218872827	0.5165513554244193	0.9109110645507842	0.11774452315176377	
0.31055835322086034	0.1793531937059353	0.06951200221121294	0.19745366869243874	0.3603168000279345	
0.5141126843698641	0.6686819617613451	0.8192330586086106	0.0	0.40265697076478263	
0.09648507603458807	0.3663242493410237	0.0	0.6793701246464205	0.7084427078696308	
0.9269239783362103	0.4525440425527674	0.5441244516155606	2.856682769935277E-4	0.4887436525307905	
0.12367153587758072	0.3098025241518231	0.0	0.471616698403769	0.3892088894864028	
0.27156830124736225	0.12401908098427522	0.4495907073805572	0.585714342116067	0.5093340002361505	
0.075390339778588	0.02799544101693995	0.0	0.16669657143208086	0.21792224382572611	
0.3113609787155028	0.5598568094812862	1.0248103318860045	0.02293251650904115	1.1126570299292697	
0.0	0.2496159621677256	0.0	0.38077311272881315	0.08866983031364684	
0.26787051303150866	0.023329840804251684	0.5846083686354889	0.129629745896642	0.8495629403753984	
0.0	0.0	0.0	0.0	0.0	
0.4876378845588131	2.4368687906663293	0.3788976869593613	0.22560964770236208	0.2246915864749821	
0.18631710024349704	0.13027445496868711	0.030229420934599332	0.0	0.2822099776502984	
3.0331320634220327E-6	1.52040757463409	0.3465466174911528	0.18847241455189276	3.253052052691536	
0.4729838061855414	0.17120907788941103	0.15242666203647962	0.026931231055694265	0.6501003977259221	
0.44184822146148744	0.0	0.15059467351099942	0.14861250162504627	0.6146078637701561	
0.4869771719342023	0.7300185458653956	0.0	0.7640898401336985	0.5155262005676395	
0.28520487498039043	0.11481970663763728	0.01772169535750788	0.29123610476777806	0.3965600679791203	
0.5404343769159482	0.310254151693893	0.04663928014937722	0.48875030606344083	0.5636747774150435	
0.26837668462821085	0.3923726468970302	0.0	0.01635798727276693	0.418303712508059	
2.795779572061632	3.032604982268726	2.2011647330723556	2.01720649081288	1.9627278326250392	
0.0	0.0	0.0	0.0	0.0	
0.29005602528210384	0.49170170280499115	0.0	0.5069360395383142	0.22209593762353144	
0.0	0.15362899111953518	0.20220860373751778	0.570244614434713	0.6458620138908713	
0.09391402773866786	0.0	0.12400829840063543	0.2816430047345918	0.0	
0.12361456444088305	0.26920895282312607	0.10587914613052525	0.7254927060149123	0.8610671147507645	
0.5185869980215833	0.32099579104780546	0.10784460501071963	0.0028738660738693656	0.40541595386658386	
0.21914789338036214	0.3146904224973922	0.557282250874832	0.5658271188937659	0.7738276180857857	
0.6647108361489065	0.23760604909736105	0.028953409211775777	0.42367673854498045	0.21478546849330227	
0.40161360081346026	0.5774505706505676	0.5995028481209735	0.5810152178143824	1.0135378446738874	
0.27182056983628594	0.036256258680879505	0.8809964435340407	0.3114625119464933	1.164500657265302	
0.5227902764195819	0.23407326689903604	0.18506757584476016	0.2834345103496718	0.7118646646564523	
0.07805809915272499	0.3398128312840886	0.3307338786407607	0.04249965913439946	0.19628044521087654	
1.0024297364557646	1.1945741080077086	9.789309396177168E-4	0.4343963189784038	0.020367378855668486	
0.15077844560779605	0.4619372574788029	0.0	0.07097445956139445	0.3391347465077508	
0.7661252765190301	0.0	0.14560062055973227	0.0	0.0	
0.1059491730081224	0.6884344145333765	0.4732943542770464	0.0	0.0	
3.1627390853699417E-6	1.3015211356532987	1.830609233444845E-6	0.7080942132212923	0.2152941673855893	
0.3854854723383226	0.0	0.6053512019491467	0.8349638875433166	0.799807591409961	
0.30049695157365275	0.2678574667590903	0.0	0.46139221415705783	0.31746215391378835	
0.16818305665959007	0.2247898810966426	0.217186911126819	0.48821392055215945	0.4265934645323538	
0.1927017361956489	0.4748902480618616	0.14131748995064716	0.5755875049242726	0.4338809239273539	
0.318802413134174	0.09247860323900976	0.09757393630785406	0.17500571259664718	0.5794012069785336	
2.4620832364689784	1.8797520488395594	1.1688042803937213	1.101579890819365	0.7191744850985223	
0.5386215701734836	0.7695381977860029	0.19056450588409443	0.5389578974323054	0.8104363070675953	
0.0	0.0	0.0	0.0	0.0	
0.5166371905029616	0.2896629922531776	0.652312348973689	0.0	0.7996360969383389	
0.3928923977525011	0.5226198594770906	0.9188485403173661	0.2511071300181635	0.7754433376901253	
0.008452450069171074	0.0	0.31615128344178905	0.04549007344613047	0.0	
0.054625818600733504	0.9963793433294553	0.5156422270308074	0.20086308960314658	0.2706561866780856	
0.0	0.0	2.4412587690504517	0.21032716917308597	2.1372091211165927	
0.0	0.0	0.0	0.0	0.0	
0.36918467960957513	0.32180019724115505	0.26825055766071776	0.4578377556527857	0.07870878197931634	
0.3223447700140259	0.03553071507834199	0.3514644023355194	0.4615434377008874	0.6252025295678203	
0.49407120313370045	0.380373767616981	0.3580807260862214	0.5457751762845214	0.4656376267661159	
0.0	0.0	0.0	0.0	0.0	
0.5054211974817185	8.13804310337183E-8	0.4825203927759679	0.32095602631151376	0.5486619688428293	
0.6389793933424237	0.5577520295199964	0.0	0.7507624824144042	0.2327853947062322	
0.19162772444885928	0.13682509143180827	0.1869090269776844	0.21383158214308562	0.057976275955813054	
0.7460786390189087	0.46336765027622606	0.023432831762594298	0.7981238216661274	0.510670574599517	
0.3304648433500664	0.14583725258444385	0.0	0.4551669868761521	0.5555666221166429	
0.2997763419062134	2.85173842605699	0.9733161133937952	3.2157412908568674	0.9527545048123608	
3.178190548639765	3.441939357730291	3.5361170246168303	3.154881104839539	3.0151664429395817	
0.26176962683007005	9.123484431679113E-6	0.3087950034348471	0.3096307995740055	0.3908636136527129	
0.08239924921161562	0.9223215590533845	0.0	0.5409953212841808	0.2634330512663706	
0.23576639523857412	0.6473203937272136	0.12849630306499504	0.7734489648429609	0.0	
0.2934175905831443	0.6491833370638852	0.6710601047283199	0.36383078994926965	0.3434647617831393	
0.6013354403321405	0.3339381021797785	0.33736791276460926	0.19006978793179896	0.6209548795444038	
0.24334424941835592	0.0	0.3253783723649399	0.03977219726000837	0.5165983015584199	
0.735701319325269	0.3520784450437512	0.5754894351216743	0.33431995476236454	0.2439810820605335	
0.6581582405127337	0.3933034013310451	0.6616802844803051	0.6351842275120235	0.5444125964464465	
0.25860205904350625	0.31508633725945673	0.3175534694076954	0.6496366689545107	0.4620399555715618	
0.6634479792601194	0.5355137688540942	0.54456342365398	0.2553217619254229	0.43108119945647694	
0.281214783640766	0.04507604699419607	0.29034561324875974	0.11955273598379385	0.21965172421473494	
0.16490542090815535	0.5027383702970699	0.24910102898272296	0.2779723916478425	0.4529616167719389	
0.2429185192462605	0.030176812721774176	0.9789293020724655	0.43439100366637656	1.116766442760725	
1.4078896609768516	1.6053876029643916	0.08885855039273104	0.4897079406017929	0.0	
0.14461548760179235	0.05476671102362135	0.28180343602247665	0.4149371640570113	0.3227837353200632	
0.3389193288319944	0.25027868521720653	0.0	0.0026360775200993136	0.49896748423100745	
0.6188674084510963	0.6867745005815002	0.2518523149141957	0.13418445330693157	0.21427576398969406	
0.5126807328229739	1.0367067073688987	0.13810847635740892	0.0	0.283205505285491	
0.26640775733552874	0.4637768326042212	0.4534204935204029	0.025463611098275486	0.5815382680201078	
0.0	0.21350592134237675	0.36506186255384127	0.35688966056678634	0.7833384376561963	
0.5554699376540693	0.0	0.5441719690954732	0.3155557288913486	0.6106279515723142	
0.1659818444403721	0.41736634480281276	0.6351233368867351	0.14040414252527958	0.9132384298293549	
0.0	0.0444836155979885	0.4055157240427048	0.006365603192303583	0.9709240755636034	
4.2810006360667635E-4	0.0	0.32580240284320533	0.7185307381504237	1.0880039198914329	
0.0	0.7403714954373048	0.781059236988049	0.22204189795838788	1.1496275305993309	
0.8947826493010295	0.38988057510523455	2.3049785554768603E-7	1.390540751540364	0.17833098284626236	
0.15226481295972838	0.0	0.0	0.7202145939906204	0.6593862632577425	
0.09724547141770908	0.1907586359716441	0.0	0.16671509097987802	0.1592898256913077	
0.3125041869958787	6.369048987152461E-6	0.1297898102135925	0.15978204583094832	0.7093050878452579	
0.3748673792847584	0.5035196386921462	0.2647648649516165	0.49566441219934876	1.5537929579674143	
0.1041449686072677	0.34333952328540285	0.2700162104148119	0.24781541676746588	0.2448334066057328	
0.0	0.42378353840715854	0.0	0.7972041056530825	0.0	
0.03787685459298675	0.07547064538942945	0.2985850803490634	0.07115750226126638	0.7106783374074228	
0.0	0.0	1.048106881885318	0.3111353592999592	1.060078885694127	
0.33134159590792683	0.355406540623063	0.4659369575675283	0.16390254263576706	0.3997602902177633	
0.18259730168992228	0.3848280073316782	0.20707542053611963	0.03392830590534433	0.35035914533950513	
0.06971620817076819	0.1678016739344987	0.22444711374749	0.5769997834147746	0.2740334396597016	
0.125949236083187	0.3160336805381622	0.6033613755489363	0.09030157877191847	0.497280879564249	
0.0699782119147863	0.04187815515829204	0.43956706057361966	0.026166310265130697	0.7767931294146282	
0.5908220512240707	0.8174453019302333	0.4231479890353502	1.2847764511104842	0.47597695429132425	
0.7055535011851126	1.4500313079179092	0.6623562949039039	0.5044156754973192	1.0152693634059442	
0.4828348534932376	0.006152094748418286	0.2633752173000447	0.4056404749159853	0.48844488768153493	
0.5287551137073958	0.46689573091498987	0.7335439163222639	0.3996207017834979	0.29166356037010543	
0.19317169034061005	0.029546345599956607	0.7936269303862395	0.0	0.0	
0.26460927416122404	0.18940839428428888	0.7136963370989715	0.1386136035962331	0.7054883760786989	
0.08345137703319676	0.0	0.4296439417144078	0.002890399577903729	0.25133385805154435	
0.0	0.0	0.0	0.0	0.0	
0.3426780571377601	0.7058926691939379	6.33344354990582E-8	0.09102394373828286	0.24057754163544245	
0.5175878099487028	0.5800527707177793	0.0318472891660613	0.3770905500329545	0.8523268110871141	
0.24686713046915645	0.10404142180683375	0.1710724093644223	0.2888401810406111	0.6160170959213146	
0.48692185880103617	0.5985483957611413	0.6968985379356459	0.5729449505505002	0.55427581486441	
0.614366440559937	0.6039569417216339	0.5466180391122291	0.3469427450777257	1.0516440813970491	
0.37263447337662287	0.5899819976515596	0.8491820045799748	0.2701073423481176	0.6044407775505952	
0.2924912748733987	0.7623817355249002	0.27212624397237684	0.20627891345011248	0.6214668933576337	
0.0	0.32294894115638717	0.06067654046419133	0.1807607687233704	0.0020074275271080573	
0.11371828887777204	0.0	0.2439568312432163	0.5268575060710721	0.7340606412302346	
0.0	1.6222492976779572	0.36141410681041536	0.0	3.7342083616657513	
0.6250113340125865	0.4681598779179066	1.0185694244222128	0.3685678204124047	1.6221220696321856	
0.1727354429659855	0.005282167240019713	0.2999656315605527	0.182536360746213	0.2933826047961524	
0.3475406488114639	0.8042359288952519	0.36312807000601166	0.29577523895544366	1.238552760094379	
0.0	0.0	0.0	0.0	0.0	
0.5811543136298907	0.06170231120678774	0.6940914496885519	1.7511838134355383E-6	0.4428838077908819	
0.0	0.0	0.0	0.0	0.0	
0.0	0.0	0.0	0.0	0.0	
0.4246956491941385	0.3933875974150403	0.1033827632894399	0.047909897526337494	0.8948641556052939	
0.28017613636661187	0.0	0.5900218936336918	0.42302465763480046	0.47892101134651094	
1.0537443107120836	0.57859860344883	0.39851040925072784	0.4156119197230032	0.2081878621124468	
0.3704466097739857	0.0	0.5056121487660138	0.44153194835871873	0.8203636168574501	
0.17497226496063997	0.015155411665061708	2.076519770221503	0.0	1.0855490711765516	
0.0	0.0	0.0	0.0	0.0	
3.583400685851444	3.3874519733645765	4.08670209832122	3.3650780986673476	2.705194907532662	
0.4556783157973582	0.05847298858824584	0.28712020026080504	0.13322448312752613	0.4164155161509076	
0.315705313040352	0.0	0.3542138079441513	0.2899864735430588	0.3737929375595961	
1.4785132614260956	0.9023358969013758	0.7490398138554606	0.7785331446839274	0.08566165498139147	
3.7567789937954723	4.134490250514496	4.172263517267998	3.330014909838441	3.574892599093853	
0.0	0.0	0.21367048921693785	0.1073887979773901	0.8828333725683015	
0.002802046291899587	0.07057052599792198	0.09079154875062785	0.3728059115151248	0.7939695851438431	
0.18451219494631024	2.2970853879457636E-7	0.34813750356780093	0.49056422297427177	1.1848684613356355	
0.8441574041079205	0.5911158881233094	0.11673589937930552	0.36031342070406625	0.23691354626827002	
0.643551967945689	9.552943826326569E-7	0.13126894152625382	0.6113012796187083	0.5903751842814999	
0.0	0.8293636223144831	0.7020376547931555	0.22066123007711905	0.869373469519398	
0.3953863462321004	0.8035243992122921	0.8573994118421909	0.6036718224658524	0.7832863765205011	
0.8555207638469535	0.11967268822701757	1.0598157504697499	0.25526752466531755	0.09997589935164722	
0.0	0.0	0.0	0.0	0.0	
0.0045223551397492534	0.5985715902136142	0.07396482572270284	0.31309188731898435	0.3134312496616605	
0.9807658817751574	0.4786412467405382	0.6465522094095436	0.5894996842330249	1.2094729710698198	
0.26503596086144654	0.0	0.20842934051487938	0.0	0.429388162035342	
0.5616042021548387	0.2173981322095953	0.9506825706949464	0.14169897395242556	0.9141763307619604	
0.38079495854955825	0.016881034212053274	0.28687787852377483	0.7330035031481869	0.7638559204833376	
0.23070322706572566	2.7509267523882487E-4	0.14417598399242795	0.2076675070384162	1.2907490157178707	
0.02110176116406562	0.5051089429894887	0.9463330024044899	0.6266305742452507	0.3528539214811186	
0.0	0.609637308408599	0.5156644261103649	0.05354131901788965	0.8109636638114923	
0.17408273719714665	0.8123649797673573	0.5443467384024705	0.08591600627923227	0.7065724911093378	
0.4499229939344508	0.36372048666902473	1.2488760770816842	0.5823377900689491	0.8362361520954331	
9.940808386367658E-5	8.084748796074811E-5	1.3410149331036507	0.0	0.31959395444514854	
0.5184740484185714	0.25141316789878226	1.121130277697341	0.11605676467759307	0.9685494672701629	
0.30581908959602605	0.674378022272679	0.02290723386883474	0.1802604204915482	0.07646028841894194	
0.5840119261927105	0.5874182450036424	0.1602893239991334	0.10743722855563308	0.6779519243772629	
0.34876721239566866	0.05373871171198849	0.29809273562334315	0.30045911614583243	0.5014574230605695	
0.0	0.0	0.0	0.0	0.0	
0.49510019330780475	0.34638095470002933	0.6835331984596971	0.1765592963954781	0.49449659318885153	
0.20462082296102704	0.00899437361981187	0.4013877699895569	0.30215311553737734	0.06639966397953113	
0.3831436613655677	0.2704446995255389	0.29361604041220146	0.007468397638458068	0.420893986281404	
0.05328892628680191	0.22453765366281503	0.47022128213240216	0.3056161766226966	0.42478449624534315	
0.5433271315769865	0.5735467692472112	0.12219519320931316	0.3883737103284824	0.9101001840578864	
0.543823420328415	0.01921377166317747	1.0127050790294596	1.240904167733412	0.6064422665234123	
4.185894628333965E-6	0.4796448451313014	0.003840414036263201	0.07872281089578516	0.0780641178666133	
0.14611449648276675	0.0	0.4388881716238011	0.14729692313741627	0.0	
0.6270438014141205	0.6839394904139908	0.0	0.0	0.20829692233198027	
0.45517314989669627	0.2636004936520488	0.8163438319211598	0.912569799760468	0.24645135210751457	
0.7323671088744278	0.4562047998438428	0.23754093936459172	0.17426003670056164	1.573797413144417	
0.5986579056680654	0.0	0.0	0.734493601960725	0.4425995685269883	
0.6100653790808694	0.32666860712727835	0.03796038118590367	0.007944939665632478	0.043460318409673224	
0.18089324239500582	0.30283092895095565	0.5532360872603178	0.6405272509115165	0.668281750025885	
0.0	0.004874369123321262	0.02017853600690108	0.6771518233883378	0.5516706628375647	
0.24731571673507097	0.029504647560509037	0.0	0.30677730762509053	0.06951381562804236	
0.3998356073444963	0.3569791695211905	0.13440993036521148	0.4893350311744886	0.0	
0.23435892872978703	1.5397615276392684	0.8204509240603283	1.447982569404186	0.24288048298122372	
0.353617432217843	0.2537717494402516	0.36652818954753213	0.10263891353675986	0.22212053017954264	
0.6677652980900528	0.433932144315298	0.9563535762193468	0.2830270930821574	1.5148561234084086	
0.0	0.25702591814117814	0.5180587414216192	0.4027833172528447	1.2086672000691563	
0.45085157654404817	0.691932400185129	0.9258063738516525	0.35690162039738643	1.0624634493143597	
0.46530824150561007	0.0	1.1268334592874691	3.175913417192336E-8	0.6445546392847408	
0.0	0.9959776808992552	0.0	0.22532920522913438	2.7375360854618345	
1.0530058216595044	1.2168237705398426	0.8139301111217264	2.1992195749188346	1.3981763849896784	
0.40529767605631684	0.24788717769630564	0.3207790094512315	0.004211473339204737	0.31983968200969287	
8.486507276004979E-4	0.0	0.3391586062507193	0.4400102578094545	0.6417778915335055	
0.43355962736965864	0.6134979434657725	0.4321712269578411	0.5509932119949861	0.5459378732934217	
0.9353799016159086	0.30691542220750245	0.06257928749419966	0.3927246064489393	0.8237927914033724	
0.7423413262806658	0.0	0.4102981661922499	0.4329958056341276	0.5566797358000429	
0.14725940034773868	0.4520945991388584	0.21482157392815407	0.43135504798201557	0.45650379569987976	
0.6017856747074501	0.1376854868749545	0.17899855305683515	0.30737284861674424	0.06202912487961769	
1.2918756250638184	0.7563897752476715	1.0445641557582501	0.974794592348444	0.534166963475871	
0.4747695017131537	0.37128131973904444	0.21909374672505483	0.38985630573827473	0.6104522573745201	
0.12217588236968809	0.0	0.012737907780764588	1.0858617149424152	0.32791423637410416	
0.0	0.0014288184166494579	0.013291028724534738	0.41212885796529347	0.3292517352364885	
0.3000107868093766	0.1794111915311777	0.557641878208882	0.37644888397504483	1.1493602566849423	
0.0	0.0	0.6758045076432845	0.0	0.0	
0.1898653168613131	0.0	0.25088288639467765	0.6669141183658367	0.5785932967057468	
0.7885215617344049	0.08221877518885318	0.32101209646723444	0.05613278914225768	0.4928734813105251	
0.1360909735783527	0.2584972807577109	0.20518560444033085	0.4968807944432182	0.7801321557796247	
0.0	0.5879812516731422	0.24256883933109746	0.4830572413053373	0.16362761670340284	
0.5335302377685396	0.21886547070882736	0.2844029433553012	0.06271435456475116	0.4166024236037556	
0.5211165279380965	0.37714153538923467	0.2099004956519013	0.01158242920977784	0.3920039096415021	
0.06401436680794735	0.9979365886434451	0.38952795769486914	0.2784394930582178	0.29298549629105686	
0.9317167686863522	0.3595366394854472	0.6377835370226137	0.557135747868616	0.6869551366681985	
0.0	0.7442866500040983	0.7412616733505133	0.21774753711286068	0.7627126291622126	
0.45067027103089136	0.09353255315517309	0.0	0.401610573913036	0.6212132547828871	
0.0	0.0	0.0	0.0	0.0	
2.1707401722949404	0.24549316893689885	1.7172861437091118	1.3924164794277945	0.9439097952869332	
0.0	0.4006460506242961	0.9647204401473202	1.2702390148140545	0.007704374596616352	
0.22576559946909594	0.0	0.5305660381581508	0.24812197772381922	0.6770088097056525	
0.43240295610178037	0.242183808284914	1.4034477375519019	0.2466611917458473	0.6026645781691483	
1.9951826898475953	2.00508817090145	0.0	1.853991501266739	0.0	
0.6554129311450526	0.2666840148664474	0.0	1.0043580497449311	0.4921906089706363	
0.5319732024857537	0.1265359938133895	0.0	0.4011892093369682	0.5018339260229722	
0.0	0.33887703495033555	0.0	0.1763934539482294	0.39763553460660556	
0.2722633594898539	0.6371682624213093	0.0	0.37654859440519267	0.4245172812824382	
0.8626314568433727	0.4462231433831475	0.8989074766090688	0.4186535289850531	0.4488434461948287	
0.3252608567370129	0.03726835262369294	0.5445859950563181	0.23498978081841546	0.5197621405699442	
0.4028628601709432	1.7079224301969562	0.31801996894546847	0.0	2.8961483102340475	
0.20842424618395614	0.06194115794336396	0.311571486020358	0.0475842969203045	0.21097763234153494	
0.001148872213485446	0.564106258679132	0.01452721499019199	0.15444173834662148	0.30939591255051896	
0.0	0.0	0.0	0.0	0.0	
0.26627606891614214	0.5100107269663554	0.3125630895763757	0.3130772747327554	0.9922708483524293	
1.0621561462907068	0.40600567373447205	0.20256389355252566	0.6560461838473578	1.6456728726328305	
0.695750091928834	0.1398502622035926	0.7294432275667817	0.22967873758803775	0.22237589192108242	
0.1321969492586094	0.31533645713683167	0.3098000845270898	0.6321604877197994	0.46311194565848024	
0.0	0.24074462380972758	0.2736956002063131	0.6998807001647395	0.4097134036545853	
0.4715048231165844	0.7121164026491008	0.2851941495729988	0.4883119208864829	0.1030290136523631	
0.36839749985151915	0.5847433729557366	0.28845675961445977	0.6514907559604298	0.43758825024472014	
0.4496476651608752	0.36140171601729426	0.5909531688287233	0.42136993274021234	0.6518142494954413	
0.6144379183327343	0.34340430936065164	0.08039887976887908	0.5332136650340866	0.5503268501685461	
0.4095139041253998	0.5653234520999915	0.2669284269552311	0.03300157590967998	0.3806331149095147	
0.0	0.5998192755756377	0.33376612008267015	0.6313703295738405	0.7735475425244762	
0.4388463948583135	0.18377283349151236	0.37449571005284465	0.0	0.0	
0.6375260661545636	0.23257449534004201	0.7613689322327527	0.10635833805163657	1.0661529856485652	
0.04540221339516946	0.0	0.0	0.6118452061562183	0.5396921902787121	
0.19196384899724242	0.49396826684178596	0.14935256048833367	0.1730638965272704	0.40308453175827985	
0.31400165662513296	0.036021744513852365	0.0015355450895198624	0.5466864804231032	0.15259099927211073	
0.38431474246412994	0.03410590692175254	0.5321902446553355	0.14212648914186635	0.6137353088615065	
0.0	0.0	0.1923112912197534	0.6872768326657912	0.6842670495022493	
0.5306139020627763	0.02521822186119297	0.1023061484008809	0.4530160358361927	0.6476753127486469	
0.2788634414960341	0.43879325386664286	0.10113558741493936	0.19555549567419575	0.09827080193385954	
0.5341867655896052	0.0	0.03572438916434802	0.44166352691525873	0.12361361002653692	
0.37203642595355974	0.028408503563836406	0.8518757976849088	0.7635453173106911	9.829420104084533E-4	
0.31683887636830993	0.8503569791701363	0.3149242497907108	0.7732457255179	0.40424464641686403	
0.007119770038648833	0.13147655835770086	0.10683327011956943	0.8569307379183371	0.7077977354537318	
0.0	0.5272229574597991	0.0	0.5345495629562395	0.4118282834490998	
0.34407697185761266	0.19622602193177108	0.40711197099409413	0.0	0.4809331291264619	
0.7124359722341359	0.1697182608747652	0.9166964569246846	0.35270179013597575	0.8108572453189392	
0.22656187869802508	0.47812312377731847	0.9498088481106038	0.338693106200074	0.8324079843789246	
1.0681852768015656	0.7914270363893827	1.165379705770217	1.0576770080325255	0.09521498458815116	
0.12902631431697295	0.3106058299517527	0.541102228765587	0.11621876646728542	0.7416548066450368	
0.0	0.0	0.0	0.0	0.0	
2.6433401498047373	2.138601786798946	1.5504898541105463	2.8281480841046647	2.1746666870321087	
0.0	0.11894110729950028	1.538298072236319	0.0	1.6842608091480757	
0.0	0.09702665125285885	0.023663050784596882	0.621345086483713	0.6448064206088188	
0.4805036598295041	1.497653982306784	0.180486173817442	0.2056439202917752	2.758790252039886	
0.6322053290707336	3.5678652120449353E-6	0.4301023095167503	0.30748277479966124	1.1655703216592261	
0.4571932640455042	0.0	0.47769547980446275	0.07137877339350159	0.43248522106923115	
0.23365878371138327	0.09726117621968088	0.6890311502251163	0.18912951307531337	0.7599891756570903	
0.20197150699093336	0.0	0.18104864124514164	0.16470574452584555	0.49030009000394875	
0.03752121911717395	0.13147688817766534	0.0	0.2246076683845593	0.1835698176906657	
0.0	0.8072017946534985	0.0	0.40573726385906195	1.5117687314138673	
0.01964637378032234	0.8753274508315525	0.303497862340881	0.0	0.4537631244982679	
0.0	0.0	0.0	0.0	0.0	
0.2672869946751687	0.7284725808548841	0.0	0.612033291157458	0.5337223140021324	
0.7548497255421174	0.22944715029026058	0.5559003297632173	0.36637494751880634	0.6915422602457286	
0.5434104968441537	0.19967124105206718	0.6533520960258026	0.4834743082583889	0.16623238160239454	
0.07873379366590441	0.453158290396869	0.015213650167205222	0.6669352035715294	0.9775359400629933	
0.3621297753306185	0.5031803898288958	0.3249871404608926	0.8845216137466291	0.5157236554669785	
0.32539891239399976	0.412265663123579	0.09118460848412364	0.08821657272934383	0.34408743151056137	
0.0	0.4258864777559925	0.22819280802784048	0.785209277541949	1.5510263472662298	
0.5578919291677743	0.8940914761716134	0.36124567821303644	0.4999420909648711	0.06211466755258078	
2.5551777289437876	3.0539718489059866	1.4741121951696465	2.9151970585617266	1.402255806731488	
0.5844113922077601	0.0	0.0	0.6270249390470038	0.35892033267083306	
0.5112470805419486	0.14005578601858892	0.4846259450123533	0.2625314603213767	0.16579859609580147	
0.9955529629664457	0.4622837827853951	0.805606598469253	0.2620265684296629	0.36775132252468434	
0.05324401265170819	0.7257592283460974	0.3880606537982207	0.6065403881595771	0.8097854489896535	
0.3597310229031081	0.04705443744408141	0.1010347065444223	0.2204526991668146	0.28401588550199136	
1.2863268376385968	1.387723136188772	1.5589905568537414	0.6029830780029973	1.4763497257494802	
0.8690316722316358	0.00254167412670159	0.0	0.5973184340224501	0.3179155810264318	
0.1499689106315445	1.146266129643074	0.2174830420964566	0.15520063678085427	0.017153828547326506	
0.8977650239906525	0.25267668271284055	1.5259549445135034	1.219349568798261	0.6977208817833165	
0.9863134823929239	0.5605245951481915	0.7630062974490925	1.0750691947951307	0.16314834831883857	
0.25547408247183667	0.018321773393377684	0.2941045198746932	0.39057183037850657	0.3215371702091844	
0.2696027406927481	0.44711036624182426	0.0401725536685066	2.8683829901967055E-4	0.01807827025424678	
0.3857452050644877	0.16675922085103673	0.2817271086371658	0.7181314670549688	0.324237268331988	
0.5718076997958599	0.3512241954067985	0.24856256687297573	0.17624473077805125	0.8022879688366115	
0.3416903111700281	0.7123573087284113	0.12308348540322961	0.30483856864882347	0.02912793904569629	
0.28812494054498883	0.3968884098315888	0.2286695847609611	0.4905367621014867	0.2197243778284163	
0.5498625747289375	0.9023415081770321	0.5633444670952437	0.8128458929020861	0.9834265027281625	
0.07590534388899563	0.2298566270616831	0.521768598634463	0.3141288708050026	0.9094211754469333	
0.16036484165070883	1.1017460529784566	0.29384361057322855	0.4407705530682105	0.007881318746726268	
1.2188801518432288	1.083263361215513	1.9900555167068208	2.7171894327027895	1.1758944112526764	
5.554088783088056E-6	0.8023374588753142	0.29152842759697584	0.17979336406349591	0.4676528368109141	
0.2701450334524111	0.34547581628413765	0.29252407066570607	0.3682701781389757	0.6000255373389554	
0.0	0.20706375668667223	0.6963061213384878	0.0	0.5224894195586633	
0.0	0.3450616496685034	0.4259252855963507	0.16396246962132288	0.0	
0.2595655037095095	0.3601333724111681	0.47053273757402236	0.18286470776546873	0.3011029025933838	
0.3734320421671597	0.5042708097750116	1.2684487329643341	0.30920436397941864	1.4237376351991948	
0.3838749004877794	0.05505760219193474	0.2643878018334528	0.2330646154174928	0.4596335032456768	
0.6494891180412504	0.533034694793913	0.18490827168496132	0.948165825778839	0.582029761075232	
0.15163258431261945	0.2111831919738252	0.4966019393132254	0.28405962413971597	0.5627531608811701	
0.0	0.0	0.0	0.0	0.0	
0.9467017917030898	1.7488915459129304	0.09656648323219512	0.9947727723483609	0.14816642121282328	
0.27630302896453396	0.0	0.6711036753413293	0.772545997218584	0.9765326302781173	
0.3978010954928563	0.5192396812186115	0.20333091555816504	0.10405748192493913	0.28474956157993514	
0.0	0.0	0.3649092041007379	0.3903375552242185	0.451427387075004	
0.8079713127423143	0.2720731536950752	0.8056597812621563	0.4046729220061306	0.905179708826248	
0.3077976765452265	0.5712840165650828	0.638646502183775	0.15216243624901996	0.7392234166802198	
0.046626871437251326	0.17920520890192965	0.27096152871980433	0.2323859119367309	0.4284780537550483	
0.42861167920041254	0.26025341916013484	0.08943497424238019	0.14542357809953352	0.3731910169245339	
0.6806187988524983	4.925588186739168E-6	0.10572551100264407	0.22153078050184732	0.7935460071979865	
0.8287703294889328	0.5114021586769291	0.7436254877063991	0.0	0.6442867089362592	
0.8056141843851822	0.12068134982628	0.22802527830509164	0.41779375979111677	0.5741833678987929	
0.24609208647152872	0.8706087002696737	0.5511190725577556	0.0	0.36383426498820404	
0.02469095697335681	0.6636753103547004	0.6986720144204622	0.12373928613571912	0.7367739670090873	
0.0	0.0	0.0	0.0	0.0	
0.6628406485523992	0.0	0.058470154312646	0.046157122921946354	0.5223676362175743	
0.3642580496752694	0.30015861016321327	0.5556974100557128	0.1919039774168527	0.2759346019553525	
0.14024065327570173	0.18222731292298217	1.0543868878539995	1.0137621082353496	0.5915123652494804	
0.2688904414076898	0.7477627048041177	0.13318923935247085	0.16049361877736287	1.0532263390717702	
0.0	0.0	0.0	0.0	0.0	
0.0	0.1725314253804039	0.0	0.45844820895812455	0.14195599026781058	
0.22931414258492314	0.03936464108671797	0.055568262395995945	0.0940647679903516	0.13133424210148975	
0.4503484904847373	0.8887177361908511	0.0	0.7921876198404594	0.05529985976575525	
1.1598925585219302	1.8749708244524916	0.0	0.15090265229477554	1.1432797972106632	
0.07138428268018611	0.3900707397483176	0.4705284251853866	0.13455819953116532	0.1440536521240225	
0.3316302284004027	0.5894856718548239	0.18150909078189886	0.26039854859173067	1.1292055352371175	
5.625302001695322E-4	0.05517318014238035	0.8639429576549175	0.4805169795989984	0.6842945696438697	
0.15266382557933558	0.6115316223729038	0.16743529482888794	0.12448285902110709	1.529263406537754	
0.4815112229375361	0.6455065267116649	0.3547464203352037	0.08864076617916111	0.6019137712799618	
0.04677218611577725	0.28192401532056005	0.2548526888818831	0.6806324274042619	0.5190794547858079	
0.3039743534942543	0.0	0.21833594742062365	0.37771650527528805	0.5298928291041215	
0.1974817319448767	0.6145548600715323	0.3448333707368258	0.4171681294829974	0.4752792751104764	
0.0680308752200513	0.19880138284748072	0.5960895410480159	0.01746383755913785	0.895521475790809	
0.2936638886828988	0.6111009156760149	0.26062006924559605	0.0	0.38275322781552473	
0.2514494973827333	0.42365995318521743	0.682553967927834	0.2056431400505072	0.6951269526232015	
0.11890179719067255	0.0	0.0	0.57112894038726	0.4566080064796977	
0.5108336799461444	0.45075816314953376	0.5734549878999282	0.0	0.1686041200041901	
0.559788300679918	0.45456470718517433	0.8625272566038278	1.0006902972768823	0.5394063137698203	
0.37868602035322924	0.17228821346569087	0.1937330304107326	0.4440083934985278	0.4394872193772708	
0.4021772893247459	0.0849460324228126	0.6550501140887117	0.662322887259214	0.4893772050006774	
0.27747558231660335	0.3204081549716718	0.3158339932981004	0.27102662343060674	0.1794445267745445	
0.5831975313604267	1.1550529997182752	0.006540926213501504	0.8693717670134897	0.2536272343233664	
0.6011636970753053	0.30253994824591013	0.15854289590684595	0.3953070172673558	0.18335280465901085	
0.349380553275504	0.4536926207022405	0.6955596408743667	0.5002076646501409	0.6880079146672828	
0.6551664879734678	0.45431586076717645	0.5489775849194568	0.3125370023294725	0.0	
0.4443718928699896	0.0	4.48118996907408E-6	0.806383626080545	0.0866588213973465	
8.430667591222329E-8	1.153785613324798	0.1850742260546187	0.014592398698364468	2.042137896452985	
0.6901856626630085	0.0	1.0035546107185271	0.8546786563577744	0.21915020368217664	
0.17509193325914812	0.0012776079916277763	0.43842722746005086	0.4135083051726693	0.7225867444636231	
0.5146297203308537	1.4311571631867146	0.5907650493357784	0.12622711052898175	0.23246099200897327	
0.1919859354522399	0.3962014995842854	0.42876862138523103	0.23176555795245918	0.9014160612996248	
0.0	0.0	0.0	0.0	0.0	
0.1746703652825012	0.605033699501266	0.0654047698599915	0.8249655116647755	0.5658280689158912	
0.5593893973359272	0.6368995884709391	0.3870504494301859	0.2470692189527391	0.19879832337581915	
0.0766889902839595	0.05424416542554479	0.579188751483548	0.5592158063925893	0.6333949302512129	
0.6522489976526916	0.168001184964964	0.35802724999465135	0.44726018625208763	0.0	
0.9017399401382797	0.525196067964538	0.0	0.606884413014475	1.3179553112515912	
0.7709705276863815	0.0019132440457485741	0.3221706612971166	1.1042094472674726	0.17255672071903813	
0.0	0.35806839222404974	0.8530395513022473	0.7556281350638858	0.5227569700264281	
0.05671025460243213	0.19462790463464313	0.24216566678738088	0.039976549556229944	0.4293983261532298	
0.6111351636526492	0.18621040599870373	1.5376743078107156	0.0	0.867114020768057	
0.8246586526922697	0.32908779101310043	0.4032361530735581	0.2729340162037349	0.04242909132945776	
0.3934842643072858	0.0934405461176771	0.4989993749943006	0.5232588042417744	0.7740437939296716	
0.2295360280128052	0.331463679070369	0.0	0.33276481349973336	0.30354521859080463	
0.17303893373833312	0.3764801553563567	0.42791596839333546	0.251645219713508	0.4660720647652763	
1.0479560347705914	0.23686088644112782	0.7372440671808748	0.2852925748209902	0.8642486510037505	
0.0	0.0	0.0	0.0	0.0	
0.0	0.6420408145182551	0.20718461094241725	0.5345423368130305	0.6121884898796418	
0.30600697306398084	0.10241571450180123	0.6951329944040918	0.2949082994856874	0.6020463914697592	
0.8477616162143918	0.5218211147784271	0.1997461706289923	0.08774177534105429	0.5861851468628636	
0.7214677553085594	0.8654204646994592	0.6108158319713124	0.31338487749542193	0.5212940446737007	
0.0	0.4786443065708352	0.3783835269160421	0.3519846615066854	0.21433174113410094	
0.3904031298048358	0.6175370783365323	0.1671555269934678	0.636788258567676	0.3044551693666863	
0.003150058903211276	0.3445864183369784	0.4486882698861351	0.1805264960283564	0.8674202671590016	
6.521667871432437E-5	0.33449126099864607	0.12545209361321652	0.16376252907103936	0.7992648129669732	
0.11060835358329768	0.28333047144126233	0.0	0.5228340585067388	0.2299506416543094	
0.0	0.39804526172783655	0.03084594433902763	0.45319534377199266	0.6338830372589533	
0.4616158906179373	0.5147859007928288	0.3710475043238578	0.7778144318109347	0.6693571486696868	
0.0	0.0	0.0	0.0	0.0	
0.9730639106450713	0.12787815533437347	0.5599164243100421	0.0018693586716600496	0.1265864415035763	
0.3546153697953323	0.21902741514560528	0.25313440271818216	0.6264536051627134	0.20518306358789093	
1.4674651914730228	1.5547365320723807	0.06030666854256971	1.150142746465298	0.0	
0.2856054254803094	0.4020858264340159	0.2313155712255323	0.4255412653173577	0.49528003702774465	
0.19086984283292893	0.6145231469412202	0.5027536162474967	0.17984969655097138	0.6246664996006234	
0.365249055286053	0.4190673186388098	1.066477814512317	0.3523995714113106	1.2662680519183072	
0.745801148116212	0.598403798663813	0.22832583229705627	0.04747920200236828	1.2186099875756087	
0.5726096763764292	0.5215396950275765	1.415209563001921	0.0	1.5376056290020759	
