0.30656652928667466	0.14094730262179367	0.321707651120042	0.0	0.12951019858844642	
0.0	0.0	0.0	0.25693129952413074	0.3312422064903312	
0.0	0.0	0.0	0.14749215872732832	0.3726699741542764	
0.0	0.0	0.0	0.0	0.0	
0.08841100424067247	0.13522538503300222	0.00294884876461243	0.0	0.4528462833158855	
0.0	0.0	0.0	0.2744852229851724	0.40782643504413396	
0.0	0.0	0.0	0.0	0.0	
0.364165298303916	0.3257530922971736	0.0	0.0	0.06802362243005848	
0.038515581606301565	0.0	0.0	0.14861291333933282	0.312435396519603	
0.0	0.0	0.10065858848470045	0.4503537179571242	0.21041843172013158	
0.0	0.0	0.9439113853683262	0.0	0.0	
0.0014419469248159937	0.0	0.15225993656417344	0.18025118613402735	0.17086279386324457	
0.2408859609686213	0.6330254120337893	0.0	0.572364906873021	0.2604658491712897	
0.0	0.07286111707330604	0.0	0.0	0.4264909637782924	
0.0	0.0	0.0	0.5185670669227506	0.02757264647883774	
0.3819038538912558	0.015516268442974268	0.17997982398434004	0.3779922809485717	0.32075765194155714	
0.0	0.0	0.522816761488281	0.04616615202710766	0.0	
0.57241565299896	0.3077531892301592	0.30554970747018556	0.45724116034737494	0.15112749055006744	
0.0	0.18175016776271574	0.1620944076366755	7.525708192068164E-4	0.0	
0.191002826647914	0.31153191185991375	0.0	0.7958716118011419	0.0	
0.4521425715693728	0.26428674309376715	0.19625021410137633	0.0392255042895592	0.0	
0.617726829892854	0.054050861578189224	0.0	0.0	0.10722645693507812	
0.0	0.0	0.010132081136218779	0.26340836168563275	0.0031667889316858264	
0.23648345911551705	0.15183633976368935	0.0	0.2169614527893032	0.0	
0.0	0.2286739680655296	0.6413725474604424	0.0	0.0	
0.3917821151909088	0.0	0.004852479528648493	0.0	0.3820170108990119	
0.17771170741507156	0.25168201405469565	0.0	0.009543950142444316	0.0	
0.3362649635130834	0.7631607539589844	0.10464003721198928	0.15589190720044485	0.027273222714721067	
0.21077278793278031	0.0	0.0	0.11747807720333929	0.48381937262857927	
4.779001139549856E-4	0.16623533694928264	0.2873376965084199	0.2240467033681948	0.0	
0.0	0.0	0.22278243521958965	0.0	0.0	
0.347069568637562	0.0	0.041475620014466724	0.17163246968677692	0.0	
0.0	0.9910834040148504	0.0	0.5406130417370417	0.0	
0.21759759689549577	0.044350035633789114	0.2037667194569369	0.007786632418732433	0.11088833408723295	
0.0	1.0850911391894609	0.0	0.0011119313489880997	0.21049494818209183	
0.16612827695274868	0.30919511764657803	0.5988892833714698	0.1478792767290802	0.45048627466652347	
0.250692184050232	0.0	0.24571598928183339	0.08458893592738258	0.058306157517295586	
0.0	0.0	0.1437726451602014	0.36885798580378637	0.04464522716231307	
0.046985408365773446	0.22973498302727197	0.13687573583924575	0.04838547820697562	0.13699707731884897	
0.0	0.0	0.13573936151269422	0.35306332162223536	0.0	
0.05998331699616837	0.10729968159791664	0.10017840731470472	0.186463707489421	0.27735679680337955	
0.0	0.5134774019563272	0.0	0.21933127046323295	0.1714035819337409	
0.14602564140492866	0.09931062929710596	0.07231587839087683	0.9968155493930654	0.0	
0.8224885593810218	0.16321890170641534	0.37509282751409284	0.3902833830333944	0.007954795318324511	
0.01998344979070481	0.20825968264879796	0.05014228148947255	0.2752612339311632	0.0	
0.0	0.28008249290946136	0.0	0.211715039399929	0.22386682835259802	
0.24551755612117712	0.14905165099987178	0.16984261443198656	0.12755917724983654	0.2526159732659644	
0.26710803568344554	0.19458824978830794	0.3289488869438003	0.14765681076449963	0.17420416892872395	
0.0	0.0	0.798832178331628	0.0	0.0	
0.0	0.0	0.0	0.0	0.2953845528045616	
0.0630839767176772	0.0	0.0	0.5034423975172657	0.08088994286465916	
0.0	0.4914796762623851	0.39061941340529455	0.0	0.19927219976684132	
0.0	0.0	0.0	0.8223188461456146	0.0	
0.0	0.38836383059272417	0.0	0.19789682709215847	0.07249152886511051	
0.204086034231093	0.1299621055817984	0.0	0.0	0.0	
0.0	0.09909132418953567	0.0	0.45859732900510847	0.0	
0.2252852638775255	0.0	0.0	0.0	0.0	
0.17714224634529177	0.0	0.0	0.0	0.13809891233368007	
0.3499733089713981	0.21249397197194564	0.0569399540317233	0.10888920517175277	0.034835550784897404	
0.015106946198527715	0.0	0.0	0.22696827032692932	0.13177043702993965	
0.24675330700478393	0.1061122679076	0.12738616288176605	0.07544703887040573	0.037757405643650634	
0.13418178830109087	0.0835115902716652	0.28285916733966837	0.2770415594791573	0.09350864696956473	
0.08295069569373657	0.0	0.36621017309528825	0.0	0.6560588393337168	
0.020554424134358415	0.11990904164825557	0.04652092499790422	0.22070204487135048	0.04184887106514978	
0.0	0.20171965544999806	0.0	0.5015815178691447	0.09059911683371827	
0.0	0.07709257111832342	0.4143893361435341	0.025658320855128827	0.028060922630638443	
0.3827911498775651	0.4574421662546138	0.07349721098270778	0.1466209349345828	0.08314480096562171	
0.11868427771645364	0.23802785363064294	0.0	0.0	0.1317363404906422	
0.2174620746036986	0.4160757957268384	0.34580515434711456	0.4119587970604648	0.0	
0.03671846148940641	0.7052709365687347	0.0	0.026711090779935595	0.3503145238720683	
0.40528721953508756	0.3625248817233575	0.5915045386691803	0.0	0.15051115987156646	
0.1818066317357463	0.29886926231990874	0.0	0.13543888860850037	0.15737010342199537	
0.0	0.0	0.0	0.0	0.0	
0.0	0.5899538736479497	0.0	0.055536243622025215	0.08617931782088922	
0.0	0.0	0.3828629288279704	0.14529777101385896	0.12204664827851112	
0.22730011453369034	0.28043900424246887	0.290576715160221	0.16060049209772545	0.010653578016756312	
0.06628069141257484	0.0	0.21638788719763136	0.2643257314360993	0.27839542746905616	
0.30769319860239747	0.0	0.0	0.0	0.0	
0.05252769809755891	0.0	0.22390828575121263	0.0	0.0	
0.03407917334832423	0.09707371968818768	0.03428260351013898	0.05499681725953888	0.10721057473044775	
0.44376363788086665	0.0	0.009971703140827395	0.276711739467699	0.21795131509327162	
0.16908117740245615	0.18402497425474298	0.0017584281092727309	0.14473665207666248	0.0	
0.5632536883857959	0.0	0.13195866198641637	0.6526753231177878	0.0	
0.11484597215568522	0.22359792949871218	0.0	0.23532837738275114	0.0	
0.0	0.0	0.2734867400138778	0.3874900311929162	0.0	
0.6171274303452183	0.19153649363884037	0.6182062836594031	0.0	0.0	
0.0	1.3563919175969585	0.0	0.02356687110191845	0.03954130964046851	
0.1287373732535959	0.34247741541191096	0.04733384779729563	0.20984975207623568	0.2260105891640967	
0.054757807286667966	0.0	0.0	0.20721048986882315	0.12707779169512526	
0.0	0.0	0.0	0.9727391601078115	0.4821669039757315	
0.0	7.452498289752453E-4	0.03717392972872911	0.2775556002027559	0.0	
0.0	0.16923777329472617	0.0	0.13585602549546627	0.050396549017096295	
0.3745764672050132	0.02325887986929263	0.16366182871060297	0.4155893033166109	0.0659380032139581	
0.2698708960191065	0.17874433635507425	0.2273563076930373	0.08011306371454796	0.0	
0.0	0.07005633935046882	0.0	0.2065587493294852	0.12698959005035995	
0.07907415825162327	0.2860246800180843	0.16336395032941736	0.19788711991678307	0.04162077688917496	
0.0	0.0	0.0	0.0	0.29882519515843164	
0.018323598850763973	0.12652240565595899	0.06528498240785105	0.115119031005558	0.4277592403057043	
0.0	0.32306397613552773	0.2647780486629567	0.1323258521102727	0.044490566449548706	
0.5964089574380764	0.27670565245978157	0.5168435665442978	0.11303535219222174	0.0714500145142776	
0.2737054403251831	0.0	0.0	0.0	0.542799806454839	
0.0	0.09582642609636352	0.05804600963270331	0.07149585353145262	0.24381237752647353	
0.0841776769835806	0.554809921979497	0.5909739538863625	0.24246447005693572	0.2865863817537416	
0.17633244848001176	0.12003267572076962	0.46137827856595726	0.0	0.0	
0.5219662673385942	0.15232229394052987	0.24515457561118875	0.0	0.07328987545993158	
0.0	0.3366450817715736	0.2140417998816869	0.0	0.1016522364552304	
0.0	0.0	0.0	0.0	0.33131502602624807	
0.46573925036836084	0.20398113890128644	0.0	0.14143388915836197	0.22385959610608408	
0.12820978799042923	0.14231857604036566	0.2845574431550884	0.10927874092230813	0.05873897621620099	
0.1892470831318859	0.1046582378079357	0.0	0.4807167235301751	0.024541736219874575	
0.1523467294190015	0.27937894928595686	0.18365909457002189	0.11071279777883222	0.16101973936541353	
0.2958615031705595	0.1026859287640744	0.10823220968637985	0.11824469347244444	0.2961304900420281	
0.06842191566897898	0.4217175989941922	0.10490479962135844	0.3084983126089561	0.10483786186330082	
0.41874592321794485	0.027081053765183518	0.31735917839899497	0.0	0.0	
0.4817492223691316	0.30985029367976397	0.26303155951463403	0.3747377454079125	0.3347671801356617	
0.46579908282491295	0.23239283164888228	0.11903056880002567	0.2141625562328454	0.45159974479228604	
0.09698821977509156	0.020793805615530247	0.4759596834943863	0.6550721054740959	0.05927757378414031	
0.0	0.0	0.0	0.48483734428039704	0.0	
0.03428720757892219	0.016957769378686413	0.40237510931839904	0.04795770828318132	0.056704880231920385	
0.06676277915854453	0.0	0.0	0.0	0.09295522340433283	
0.023240915270363708	0.05588183502241589	0.23747863422047602	0.5026536706116017	0.07974568688411726	
0.0	0.0	0.2715941406822543	0.25811294104803945	0.0	
0.38085778353847566	0.043399339667514074	0.12668473099830485	0.4701527219295423	0.0020768655164905337	
0.004129607368977215	0.03852685596519809	0.014040536521164632	0.04056562355165689	0.0	
0.2914247650536485	0.3343608426859448	0.2053381873781658	0.376302459037182	0.0	
0.06841357820316687	0.6588091365978301	0.0	0.0	0.1335699237738084	
0.9893172467109863	0.08617336311126629	0.013730273836401087	0.0	0.11474020880762201	
0.0	0.6202277611983169	0.08920152489993753	0.485382323422037	0.0	
0.11698218179037642	0.3307002665631264	0.34413730313446156	0.0	0.25102359005579683	
0.0	0.03905258598259521	0.17660327050776736	0.06146588835147569	0.14211225090537824	
0.0	0.0	0.0	0.3062477952575083	0.09068457860569633	
0.15944109625211722	0.0	0.0	0.2613695044901676	0.0	
0.0	0.30737345986534725	0.06347704501877861	0.5283595362831877	0.0	
0.23119463515438815	0.16693281708516322	0.006997843420204327	0.04012749883418531	0.052522417344964	
0.3317076919160938	0.618217008538615	0.04613376942590511	0.3007184532018078	0.264830987842891	
0.23968448438231865	0.053300572583245	0.18816436271463127	0.06853769761438398	0.13066870435840058	
0.02594678099253401	0.03908374156363462	0.08444504029441414	0.8426126324190105	0.05465558385559454	
0.0	0.12658007416761724	0.0	0.6971769910225334	0.7257608878357334	
0.0676132387286523	0.15289417384329185	0.28249146618617355	0.003433661196418949	0.23303136007429934	
0.24389762984925836	0.16352705752647392	0.26327456503245467	0.07992503215599979	0.19253271975056732	
0.38446311006020806	0.8157579398753647	0.19129732905127275	0.051438579494932496	0.3014819673929756	
0.22841343637091968	0.0	0.0	0.04244314174986857	0.5001575559114474	
0.12091605607591957	0.1632920377912438	0.03675110947899862	0.5176152053914999	0.0	
0.24335121365434212	0.0650804897036462	0.3083248517263312	0.3592304888396198	0.09823791342005861	
0.12240826057819422	0.7068507460940168	0.5366774256059187	0.32769470865020967	0.6205173628352135	
0.2545260746468332	0.0906062168557088	0.0759117534350965	0.057388130391665265	0.03920520637995365	
0.4471393736376896	0.20243160817455744	0.0	0.0	0.11422572988669313	
0.10897404470998384	0.1001739058753179	0.04895478493946276	0.2451210839789956	0.1991884755924274	
0.23556078522051596	0.2077509159618513	0.5460274516388759	0.26357754486432705	0.0	
0.14594786098466903	0.0979120597571152	0.0	0.0818851479385539	0.0	
0.16519748573000095	0.2957170884034862	0.3441507722039058	0.16241277293242826	0.19473345060411087	
0.08668976866100668	0.05434673219307543	0.048161177643618436	0.3542874901731217	0.0	
0.039470811723402346	0.0	0.4368090850802329	0.6962434231429658	0.0019998757924927484	
0.7250149000709455	0.2323300004688012	0.0	0.23809672730500467	0.07684727787483751	
0.0844979977420197	0.2030658680964368	0.059942606597221434	0.11590748116666304	0.07502156868380562	
0.2573322013590104	0.39160775383212876	0.3199771552257601	0.24998733397347342	0.26158409218761053	
0.0	0.07008099326644142	1.312364262126E-4	0.3826386826276168	0.05654677090907253	
0.22916066876236502	0.4975982571517545	0.19360682986707808	0.48689393528203206	0.07341201832249275	
0.05105787019434297	0.18402018818593066	0.04599613347506848	0.056011692131269754	0.33791094761315243	
0.06826640173885443	0.2704059100639091	0.3038428760226014	0.19470315557500414	0.4654251817632607	
0.2678699128462901	0.4262373342515235	0.3540832564669398	0.056552006924549744	0.09619978084264764	
0.03362706938584809	0.0	0.0	0.0	0.0	
0.7906348502482188	0.33193986370889955	0.47716419343881555	0.3601618632835692	0.16801794605887302	
0.26939887834609116	0.22502272384627917	0.11512185125698335	0.36205579162588797	0.0	
0.0	0.11360230059568893	0.0	0.0	0.0	
0.2230311300938219	0.33131192048077973	0.4096605099684539	0.2573313635688539	0.11227170129429825	
0.0	0.0	0.0	0.3791450583142799	0.0	
0.0	0.3186714792395901	0.0	0.05698051655140404	0.027851713194113645	
0.13604831566769668	0.13777300902201817	0.09230836724399664	0.05773713500548562	0.29073741515588214	
0.25958663285431643	0.24785317158006007	0.23907595497510684	0.19123857832847185	0.06925494889393989	
0.015428997677523227	0.1210211985959809	0.08654362329695021	0.2954240659907549	0.2351126848641518	
0.0	0.852331981463263	0.037379166890342534	0.17024570213896495	0.11546106363879939	
0.0	0.39803050195881096	0.0	0.6265522326294386	0.0	
0.08630146355094964	0.05592952550827501	0.030354382443762536	0.0	0.023690248122165934	
0.0	0.10571395501049702	0.3263087056287294	0.12949635205532198	0.0	
0.0	0.0	0.038727326605979634	0.08895185574059683	0.44244222286853657	
0.13723266612011553	0.1956486650917576	0.03799973560634058	0.04807242933617569	0.09796904269734406	
0.1380067201200746	0.17589827849347806	0.08597630503567154	0.5873948084609836	0.0	
0.20748440335387186	0.07471195833726386	0.028496313849027354	0.16166562935850382	0.1665185452513635	
0.0	0.0	0.16747504244348183	0.0	0.0	
0.07287573291406366	0.0646387506344168	0.005031959216622251	0.2365978844002956	0.04698563306833962	
0.2783555957052618	0.16776302522803244	0.1779675683922534	0.2517964373487017	0.017476337252135894	
0.23685814424630153	0.13621158747495052	0.2048072446465743	0.0	0.0	
0.08296819823325287	0.29999776433199643	0.2025394972086554	0.5219049222999025	0.06459041738328183	
0.27042940064275106	0.1624029030508753	0.25731331525147577	0.28197611903706576	0.280071732429874	
0.32065141122628965	0.0	0.0	0.06592302183266244	0.0	
0.3298735389227758	0.07737178138689588	0.07011826709390348	0.7661759342315798	0.0	
0.052794678517628105	0.1916599581176437	9.783816339944242E-4	0.21698182617126707	0.011502551367944851	
0.13317644473423265	0.1393050622172477	0.0	0.008698061833955538	0.1879440749649363	
0.1558253037412358	0.2697343000162554	0.17291505283674585	0.2556977087582224	0.2898994226554956	
0.0	0.17650487011590676	0.0	0.19021040308339504	0.0	
0.0	0.12114563442583241	0.009611535306344678	0.04074144389114685	0.21072759597819957	
0.027240004267798656	0.21510976019782974	0.11688108858151652	0.23462036744544013	0.18701162166512678	
0.3731757181158991	0.20244552635802637	0.0	0.19116617802751854	0.19204533995744374	
0.28945629837282333	0.050437342658561375	0.13139998922549673	0.06274442318502382	0.154995610143237	
0.06753987129748912	0.20469653522980097	0.17309175296445956	0.2502817927531417	0.07202678021455902	
0.04717621089974003	0.032229915095033465	0.057637756709539835	0.13796373501815068	0.21497036544917797	
0.22541469147023116	0.0	0.0	0.3591627173693161	0.05989305486352505	
0.5788218331954912	0.0	0.0	0.5849851815981375	0.0	
0.25636240918282427	0.16934908316801858	0.0577664862091649	0.4073269839493371	0.08214221555789528	
0.2601848979768215	0.0	0.0	0.19732095340513212	0.08989038454448421	
0.0	0.0	0.19307779029920863	0.3462261987681096	0.173500813589317	
0.12363041000983327	0.3618743934775515	0.03945429807663431	0.19932669933437483	0.2580688025155385	
0.20447098793768972	0.3187985202101345	0.3507012871500601	0.5482708158754099	0.06659736602071162	
0.15312995916439553	0.18086795044731854	0.09131046473920744	0.2998305647006155	0.2956110833057151	
0.026769741772134748	0.42854198605575194	0.36733348558056766	0.0	0.0	
0.08715720048890695	0.0	0.228529471840734	0.17608147191906523	0.0	
0.32677777391849294	0.1434072052960924	0.09326837900629317	0.47757403387472447	0.24206137091680743	
0.25919581445471296	0.14834473867440717	0.27212876046229484	0.12549626880662046	0.05284307114179965	
0.11035468580744467	0.35426638934431093	0.06670330009179433	0.04993923944590618	0.13181829600517375	
0.17816751709972692	0.14512096797115417	0.24303554845572367	0.20203994115202162	0.0647333080147446	
0.024362096651564313	0.11863288911886324	0.22484316546534663	0.24819756260523917	0.05326195171049361	
0.13865348556862933	0.0	0.313219954856208	0.0	0.05652460007881422	
0.282106305091686	0.06522981504044566	0.2769481711111557	0.10527905057510133	0.18209053753174212	
0.21883789383351687	0.38616369740907036	0.0	0.204871690911109	0.0	
0.2504205794847696	0.0	0.028452816033732304	0.0	0.17855216389744866	
0.12722082036311205	0.2709778710245883	0.29567189589682363	0.2475874147579534	0.06255172688510546	
0.27415361331588717	0.09826260743710935	0.1883289369318662	0.26140417919247816	0.1726210754454603	
0.09240793973054957	0.33560397188740587	0.010543718279065313	0.6075882601467244	0.34999692511812186	
0.0	0.396614919201461	0.0	0.4574458848314643	0.19889351170067843	
0.0	0.0	0.0029473676768494187	0.04352860956756149	0.06630216091862698	
0.32981312603780294	0.514949803153084	0.0	0.5726532722953492	0.5096278873956152	
0.0	0.23366236239896315	0.0	0.06339730793496857	0.3122557914865726	
0.20344688185328746	0.03440795269872101	0.0	0.2921987871607853	0.0	
0.19459666930194633	0.2860543666803471	0.024736719253248215	0.0	0.03596534072872389	
0.24672980429441646	0.27266212960733305	0.25165363694091314	0.13246479729157448	0.20070898310097626	
0.0	0.5035647273415907	0.08377537023069825	0.0	0.09333105077119298	
0.0	0.19947208998279234	0.07523534136581547	0.24829259962643316	0.0	
0.24285293657241672	0.04498124312337838	0.3243911765648008	0.31614380538048115	0.4287214237676135	
0.06955627344797598	0.35928043343127214	0.2369820398987814	0.6336539626410878	0.3133859849288661	
0.17797055487867455	0.01757996837610886	0.0	0.17576159919559298	0.4395275898279176	
0.0	0.21514054286175968	0.0	0.0	0.20620264620914866	
0.20197780087471803	0.09278585227440304	0.06489438832527804	0.13795718996071002	0.0	
0.10106434436411722	0.520792601483417	0.05623685759071195	0.12351516759017656	0.2324287171010152	
0.048948542866292945	0.12255980723271051	0.28647154427683846	0.21406245138846527	0.1611278217100875	
0.4591221644915359	0.33128065426963016	0.1259591834453021	0.39602509006984105	0.1450492847975422	
0.17419305206404487	0.19626815327080313	0.038471850163207276	0.08905609539170399	0.0075906164163353305	
0.1296276340274411	0.2436011014808143	0.08706279313713751	0.05953676267173715	0.27911883972389195	
0.18791361683091998	0.26393587971603577	0.5110479645740551	0.386325401256632	0.11756732293207285	
0.05553756403076554	0.38064540227242405	0.2369459986664247	0.3929930875992893	0.24420386976673805	
0.07363897786186488	0.2976163353613041	0.1418067965868736	0.23451157770592998	0.026375284702223355	
0.008850557815665776	0.23010417659718202	0.37570155909609537	0.018707596199704003	0.2760757739013433	
0.03579734701398504	0.05740342963318161	0.16535139138237306	0.18338217114500116	0.13786366788109478	
0.27339866048177247	0.07838835702111724	0.010959093914670766	0.039905027744710705	0.1571438949749534	
0.37232935776766557	0.10328570393099945	0.7142319068230645	0.23988368891874756	0.01150420677135969	
0.0	0.22190152606780647	0.5730529985388128	0.3015660686230381	0.0	
0.0322535666974977	0.17460907413735918	0.24986368637664677	0.19689274023088488	0.14194597671097947	
0.08407932379125249	0.10600707433143164	0.0	0.154912771301436	4.693401834550355E-5	
0.23242348008451139	0.09338770035306149	0.05392009716860005	0.30374510845347996	0.037093935145787314	
0.3667149094831646	0.3455855869622591	0.0	0.0	0.0	
0.07933005150188462	0.08834697141800783	0.06019351504170714	0.09173176098871026	0.047472313408893956	
0.11780293839747276	0.16539947218352619	0.0	0.1553447723133279	0.062230665735891505	
0.10181465486952321	0.1020380211436488	0.010656802141985496	0.21962769275959387	0.014970219756056233	
0.05324442929362785	0.0	0.0	0.7806212290876446	0.020162977909473485	
0.04956858481331326	0.13126348221446638	0.38744299246642594	0.43494952173936874	0.3421877240235313	
0.6460410084997289	0.05600565354472285	0.0202007373343088	0.18489448085517185	0.06500778414507713	
0.37996025882814655	0.3495199368225614	0.114637866582625	0.08401367684029314	0.2352440507785131	
0.4115238547399621	0.0729475518210594	0.48654324449780806	0.08998929042413376	0.0	
0.23375647569948688	0.07680906769127663	0.2033782481918518	0.036190383728881566	0.28384130879792924	
0.33106970757694637	0.03827705045451391	0.038906692773386806	0.0	0.1288617410685411	
0.0	0.047226320991871046	0.0	0.20909915196709036	0.017433130530548565	
0.0016664124317501338	0.11366782715677824	0.060751120755969286	0.21204477556195803	0.0	
0.06482607470391515	0.0	0.20988208384826093	0.0	0.0	
0.0	0.0	0.0	0.0	0.0	
0.28237340291800556	0.11789883556083249	0.0	0.6364358542908402	0.0	
0.23313691200982853	0.13304992891193063	0.16211350411785067	0.08735450303443691	0.14733051681375486	
0.0	0.10684278910024143	0.7094897142069235	0.1632254695387521	0.0	
0.20982889423968826	0.27309936386994554	0.02418348099445649	0.03748331388849036	0.2303568743719584	
0.1744041655214502	0.21828315820337754	0.1345582069252312	0.20882273194776266	0.15214407731802082	
0.025680088282742826	0.08828207178751221	0.1392829773536096	0.09725251748264964	0.23292021420219408	
0.421727305822426	0.22118871256197847	0.16698481804082085	0.4536849729935519	0.3339124630898118	
0.2509232427842623	0.1176839570160092	0.07732289442638798	0.0	0.0	
0.05661845210744496	0.39021002984258196	0.22990351924718674	0.09964056587827169	0.4891347854821586	
0.0	0.15749339782818697	0.13703682941759793	0.08860837322574604	0.07470844618982712	
0.0	0.3403267171429028	0.0905560572381385	0.016962110724415953	0.0	
0.2285682775658778	0.05323981604626938	0.22176131309267685	0.07316718419483283	0.0	
0.0	0.4094018162890564	0.02595884783002278	0.0	0.0	
0.1995000630646934	0.09747987306858635	0.19576196528167975	0.024902187975306214	0.29413123753750464	
0.37559096965891037	0.14762774047731878	0.09171122125951799	0.22558221699163694	0.1280112626592871	
0.4253856205903094	0.5204468860163002	0.0	0.5821198167538527	0.36244463723739573	
0.48214169314887584	0.0	0.2131769365534478	0.3481601782461736	0.0	
0.4408501414947776	0.7203276648319212	0.2876398429700776	0.15100409505005313	0.152955391168715	
0.15938509478245125	0.21625203654130218	0.30025825440745285	0.17600913662783224	0.166733062621117	
0.2826674702943772	0.20908379123493528	0.13742360032064102	0.16200368223446185	0.17703687193953013	
0.29390887023317275	0.03243901890883331	0.046905918412152414	0.27601438088276076	0.07257211249817663	
0.031914738010146736	0.08658671514582808	0.2720068846013392	0.20287729679217167	0.13736134036175895	
0.27823475418186394	0.26410687843799135	0.1864723114719187	0.491097254343058	0.30097654469760726	
0.24235171142875603	0.008822990214240264	0.19691823600232547	0.22228822125547676	0.1546225547304832	
0.19559956145259888	0.07606577411886081	0.29940238039434697	0.12287329860560256	0.10119617006946081	
0.29395097189455177	0.06316172894049268	0.24298246133673398	0.2621612517109155	0.058130993263705216	
0.24265302182381196	0.17848670785237727	0.23990549400852088	0.1691780441639906	0.010084633755027867	
0.5676867443331131	0.6309972498206217	0.0	0.0	0.7083181018004433	
0.10743416765166144	0.08768081338941146	0.13203437683038616	0.2248723665161483	0.061602275553436045	
0.17199935423555843	0.07346540082291107	0.11275583960939883	0.2938944399018852	0.06449048988568627	
0.15688262310331724	0.04478176799999492	0.5662520506933746	0.7845892020034686	0.27626555559066807	
0.29446206821504084	0.2511846758226048	0.2812791694079465	0.03903969547613446	0.23722826840510905	
0.31368380392653916	0.25582097462580194	0.1831179884004596	0.40018390926556074	0.15229808521436083	
0.09741554796098245	0.29884458889936866	0.8210030779147213	0.13345169890574024	0.03370620647950135	
0.24119529278445864	0.2224412366860315	0.20287586576085256	0.28549062568824596	0.09377334681150566	
0.15853509074120864	0.3147386888350303	0.3751473696274195	0.2794871116450415	0.20246234585050019	
1.0219120690521886	0.6077851664469562	0.23758159774254048	0.30283019857485033	0.1686448843777247	
0.24613142056088214	0.0697758432070172	0.24551197066852873	0.35394810793320125	0.41405796783555165	
0.2888405972838585	0.13271771738792257	0.08363103993762941	0.05071914251420875	0.09049792088555896	
0.07336670957112315	0.15330008851036725	0.00198078722953762	0.28882898148657915	0.11820097928914568	
0.06701404055511985	0.18458866633776938	0.06735403310803843	0.0	0.0	
0.0	0.0	0.0	0.0	0.0	
0.10260175993617393	0.2093602658238576	0.25264586976208386	0.13589124794324003	0.25732767581761484	
0.2941752980619646	0.1258484063406074	0.1542925123539458	0.20007506108382123	0.18068218575217868	
0.014278382435667394	0.22052378079021712	0.025235081520503622	0.364357001498261	0.0	
0.31767299729257514	0.11699780513881548	0.540102734505984	0.40003888389857795	0.23909810492048564	
0.1774635468109724	0.07314303471806863	0.12785057150575535	0.06969506621566615	0.0	
0.2477479831772158	0.28312763682756037	0.05439216561780392	0.029136349432399993	0.2764070205623257	
0.29458812568133524	0.24109924840460736	0.09400746277587804	0.07834534936385014	0.1783987394426658	
0.14028249121056144	0.06924209427167044	0.07589206339839095	0.017101753249403155	0.0	
0.25555208455810857	0.12702415226890076	0.3127334254948842	0.1153903784917567	0.17696453384551714	
0.09188267866981453	0.0056808182885014795	0.0744020938999419	0.061761593207343125	0.0689128558595942	
0.2963853957816807	0.33850118008891505	0.2607116421606848	0.17510697948263568	0.09389726355871089	
0.4860873444452666	0.13412869757303658	0.6030136808597016	0.21857454749013336	0.17289923598283424	
0.008273463783037716	0.2756028198737761	0.14687444718017179	0.021116469773365818	0.10892118885517504	
0.10823680936393167	0.05100594376948134	0.05373081218609238	0.2825421122997351	0.19897361899114205	
0.0	0.0	0.0	0.3551322793100715	0.0	
0.06192874242360799	0.10183618143259285	0.011557512558540959	0.27254381278173995	0.030527007973954638	
0.11321987368946802	0.07963449013908191	0.0	0.26205283066841095	0.0	
0.022163678340867812	0.2953767810644671	0.19362298564792124	0.2627728352740176	0.19435795428832045	
0.18072651364853265	0.055141755593399754	0.1715398150613323	0.3267411218224617	0.26999299267674803	
0.0	0.0	0.3911726699184987	0.4383448278913907	0.0	
0.05157227267704428	0.1045998311262238	0.13353680390259037	0.012065457112062535	0.032158988898624445	
0.169597348141867	0.1996234690318114	0.12638439650091546	0.11458419765136543	0.060506996134226096	
0.08382121040254736	0.0863569441218349	0.06543068803655426	0.03967654129316378	0.016821635167461785	
0.29413379510212573	0.17147466884896578	0.08254576124938043	0.2003042087019175	0.21856772688373682	
0.44501008541206966	0.12995064842082277	0.015850993838444915	0.41275511535044257	0.14249465276723342	
0.18320215887152413	0.08438578216044335	0.7933319381211816	0.8240133940379158	0.12268654427144837	
0.23769922810184327	0.004890198964002659	0.13269488883331176	0.15174213170153214	0.2058265894478949	
0.151239184489266	0.5330762788892416	0.7914331623798684	0.3045366268620095	0.27787076113762166	
0.14860878501620828	0.04105853927167076	0.268537391467459	0.19808032661072053	0.20544661961455823	
0.6768325236711442	0.4903791453193041	0.5576281164872535	0.26602383994465817	0.20668426672867563	
0.16216273339747184	0.0	0.0	0.0	0.0	
0.07493721586102622	0.3189069303331112	0.36898858443062094	0.5636394507446281	0.13595429768538583	
0.24245404395341524	0.2943440882237115	0.18733918754087742	0.2394929453475395	0.04861069189125486	
0.10531634191527407	0.09726348191336714	0.1278959429203282	0.048654499857985985	0.03786548379807742	
0.15183083283785295	0.01456309521180315	0.14230550033885458	0.26324492848106235	0.15020657735865434	
0.23875715563737793	0.24167057846871173	0.056001484087157036	0.10354318161341419	0.1895118071259757	
0.28617403459963825	0.06346057552707204	0.07933844437123282	0.10729330645909824	0.07855268287551688	
0.16997286084682525	0.1428768430172153	0.2532858033792996	0.2708124672078427	0.07586139455295225	
0.10805568895089994	0.023421691021967214	0.0064280838413436625	0.06645942175114039	0.26847283028811353	
0.20017552139207295	0.3059550789291646	0.0	0.15397342486174395	0.1445873629230013	
0.1269146646699384	0.23273526544846074	0.2879614567794922	0.15210123253123398	0.19753031929898135	
0.06864101057031319	0.0	0.019092644247144887	0.2982783963221638	0.09680308400711982	
0.08825464269689172	7.280430001466367E-4	0.0027140029932479553	0.06012610300782219	0.11623308957420272	
0.1929176933934463	0.13942190397639045	0.3026470708073596	0.2751304727394174	0.2515278597019941	
0.14178552591424645	0.16011454703223202	0.13964595751291548	0.084904029893743	0.09628176308537385	
0.059140275104262716	0.5342408070663016	0.7816854381276042	0.14432558348918226	0.06365155872725704	
0.04317508602699847	0.02170904296134816	0.2564389668437643	0.31317447883856936	0.09419925182582746	
0.0	0.0	0.0	0.9854595129030074	0.0	
0.35508854381369487	0.1219118985467857	0.5809694199246769	0.2840639634627628	0.48498655785949835	
0.28209611684971403	0.28971272537791154	0.19878127664832393	0.010439176115152122	0.08380338319462018	
0.1277764008002416	0.6719962757485404	0.30272985694949295	0.30716333251102296	0.30247984921137006	
0.5100736399717273	0.05861868932479467	0.4169143230952029	0.5314324374297378	0.5021076398849716	
0.21625024493935824	0.0	0.19864305934222637	0.12177293764102408	0.0	
0.0	0.0	0.0	0.0	0.0	
0.18326191990594295	0.19588046774294807	0.11143689083281463	0.0	0.04095563829120856	
0.0	0.16110748400038966	0.0868775978115127	0.0	0.1648555663467679	
0.06019021619372759	0.10070731326233859	0.0	0.037334670765163655	0.19506333244148769	
0.3108759792785035	0.3611909043011758	0.10424451623355331	0.35518895784045273	0.0	
0.2732864274596725	0.2267596500707306	0.28289983451967327	0.23892255202764098	0.1859086860716376	
0.10878449400853932	0.29784645092238965	0.07900577349985995	0.17150348266602433	0.1878910150905922	
0.1376521438357472	0.15877060071207857	0.113102944491599	0.13819147958703878	0.1705707758183341	
0.1135007983269236	0.054517596312537275	0.28752483037008797	0.16489909213085877	0.19969138022151284	
0.0	0.03663804391510021	0.01536230572662468	0.03299632936572207	0.05453975069846236	
0.009518753567811978	0.28668662981620147	0.2651213551196471	0.2871095925454264	0.24503662880504715	
0.0	0.10959147642322546	0.0	0.206145043001112	0.0	
0.0878719347884216	0.0	0.6196727691034515	0.0	0.08136566995124997	
0.15357164062784584	0.26131881279185437	0.029609342007976484	0.0	0.08142943159922895	
0.2595901379053466	0.195704284899182	0.1354532935130408	0.0	0.16648148873181026	
0.48075331068820154	0.0	0.03343537227088767	0.07071429355127691	0.0	
0.15683284573779402	0.25892444706072343	0.047009272703721364	0.16289909603145847	0.14031637949231715	
0.5054282069958811	0.0	0.32100868593021226	0.41698013162340497	0.16013290285500956	
0.17180017978897189	0.09517573340889403	0.2685384790938446	0.30205740592347413	0.06671639091052518	
0.10172027500581603	0.2956230670868151	0.18175650451776093	0.2298076952742226	0.15705900953688964	
0.26105264220237623	0.18247292092185385	0.06306673134204223	0.11386244586724963	0.16455194946055515	
0.1143529346267913	0.0521239819141795	0.09458655523817788	0.06940342435513448	0.0	
0.008178648070119846	0.2245457957799	0.06975794841675796	0.14764823690975767	0.14873621009271973	
0.2977097811837496	0.1037013238408898	0.10910129525879812	0.22644262441192864	0.28848417343124844	
0.09965120942002939	0.09824297190849017	0.09792570486935978	0.19985705326421746	0.13360067653459035	
0.03737312884886666	0.26560282926759954	0.10180283650148378	0.10875675208778572	0.0	
0.32081005146729696	0.2449856123033881	0.5770589160060147	0.2909082894521121	0.3299041767181102	
0.12092521078426298	0.1335237571309768	0.09791114852256415	0.17271648276744173	0.1280969587325453	
0.027138928360888496	0.06143057345630871	0.35845239724684835	0.15527466367504708	0.06733827999590561	
0.029889029846017726	0.05776571451451513	0.07532543257101992	0.28766472316699954	0.2232018762485301	
0.0013928249060142677	0.29200956108823717	0.039464166410016974	0.022569073441435827	0.2753310507872018	
0.0	0.0	0.05541978971354862	0.2509140967838661	0.08381017601063417	
0.23017951454888047	0.24924752192417762	0.2406424909466507	0.1951584945254377	0.27036308659039326	
0.107546062303954	0.0	0.0018291233818216958	0.0	0.21072605676762712	
0.18707480445337796	0.2848757514730702	0.15040256599741836	0.29516236402799406	0.24470256941173096	
0.1874522992738663	0.25310880521832574	0.20881793133178242	0.25046987627357237	0.24011367706738523	
0.28095184359538306	0.2835396506270102	0.24090742905953758	0.20949805194870963	0.15433190249458076	
0.19304614399548722	0.004626565989702503	0.09648213427721114	0.10576372774462564	0.0	
0.29110353823160173	0.2898542091133176	0.23573776613798686	0.13971667858259035	0.18062765892318514	
0.3348955981317851	0.5380493210217352	0.7288861695950878	0.24075783882651705	0.5609008051830501	
0.26227971413902107	0.1683976580468365	0.12984146526710486	0.28370478783894626	0.009819079711535329	
0.16726075741173213	0.06904215295967887	0.10860707308861967	0.13400807825962063	0.07749928617747405	
0.009953840508120504	0.07855393911520334	0.27761584266631933	0.1067512817282671	0.11475109792085778	
0.07297221830219142	0.10235666080342358	0.12175927970913744	0.0640000667473321	0.14182487027633522	
0.19333711206193557	0.41367135627326507	0.09910194893708932	0.28908799515835754	0.2707792430803703	
0.5092952735873297	0.1565905894581308	0.3397641354916732	0.0	0.22753724543042783	
0.1695528270439017	0.2580445038482444	0.20866599087117593	0.19576576990074232	0.2804385189990616	
0.13712901256404447	0.2362965614203865	0.18485579626562368	0.12526136396246976	0.19515913641033883	
0.1201599808936147	0.48710429546632655	0.029866086605772463	0.3505192642990632	0.0	
0.012240723867345187	0.19454243395678136	0.2015282918093683	0.19602825053554834	0.19390663041534373	
0.20884612236446526	0.2623745652834861	0.01266581187991538	0.006776540474749423	0.032157422145592925	
0.2184100974269605	0.20745541765059336	0.12721426357739615	0.16967809121801855	0.2643120401105034	
0.2550216942917142	0.10839403712325105	0.14374904193181684	0.3013077716959438	0.03883978415451783	
0.08024509477500098	0.1410845137192377	0.18953184939216547	0.10565783348805055	0.15334747659868517	
0.007676751029474494	0.052848197426273	0.12270463527022474	0.02218070393793046	0.08476160370652751	
0.123832941527475	0.10725494515924056	0.10167527107332318	0.25101441249395096	0.2486479459390041	
0.5294137559876109	0.23126567618836197	0.04767182077694005	0.16275112118498503	0.157967404742351	
0.13764353058170153	0.5131185659475407	0.29542693488097466	0.13068577345829432	0.18873512601419928	
0.22927964454137892	0.011237998794564299	0.05829905466315954	0.08529485098311325	0.0	
0.07889398515659171	0.4417321390618121	0.24115597954802068	0.31059964050050326	0.349533494769999	
0.19254936966723288	0.2538810202920103	0.17137111007122713	0.1127101699860835	0.20075362133571376	
0.0	0.5497137151588872	0.15539000982438683	0.0445034575164782	0.0	
0.2412576382878733	0.25021226144791114	0.0	0.18933702985908044	0.17827926330785107	
0.2042325559215113	0.026420868075002765	0.1132005116234692	0.24506096551461404	0.20656902232970054	
0.29883185182319244	0.21809206414961352	0.22967489519280707	0.245913776420068	0.08122148233472724	
0.11557985372375999	0.18430950294891585	0.09747279645005381	0.15993342110644765	0.249808862498377	
0.2736505539096865	0.12334477135483127	0.4455796860152413	0.0	0.2998166206267169	
0.16632625164486978	0.028979932553480095	0.17241489321254158	0.1542308322360768	0.18461225556361124	
0.019993188672800605	0.23755466047693719	0.28711702430935304	0.07391181036702676	0.24903779681999572	
0.0	0.24327371167436865	0.0884610634908503	0.44559036275633707	0.008173941728113445	
0.06237682074610807	0.0	0.03988405066075852	0.30451908790782345	0.09704885314845038	
0.13488082114779776	0.26861094892586357	0.13738663487383598	0.09533964370727609	0.25870303603452083	
0.11498889512388882	0.013868869535193876	0.23134251979758477	0.0706154858014405	0.2600561455288622	
0.022576693588481096	0.27947897072802547	0.028385099291007385	0.09977947209572896	0.11619334545812546	
0.022599779423022204	0.25001175520780106	0.09784853974846479	0.027383098955649686	0.10081308778625064	
0.19014033189912863	0.02942765541665996	0.24540388387625872	0.11145636681122895	0.2689122150966409	
0.0	0.3293619278311002	0.20494794350566828	0.19638145241885993	0.3242157757188457	
0.14751289765877923	0.1950493001255709	0.29681538791526185	0.12074457670180798	0.26775166381894117	
0.21497090132126376	0.03330228790180223	0.04919365086650285	0.32034002656991944	0.17534408009789818	
0.16561853494100137	0.07984478086768845	0.24391601010163086	0.21434389794298303	0.11621826786059362	
0.07917341373381889	0.1811884379097591	0.08884405021052078	0.20549349896835586	0.17215658806341444	
0.08526458873397644	0.1727765520746674	0.010012230098208865	0.2968977583310321	0.19756830794850305	
0.05299106408122235	0.16359416529070725	0.010400464530238915	0.0	0.08014677842445682	
0.1660382461960206	0.07137500710964545	0.26030379508644397	0.19676562744083956	0.17837596371053197	
0.021932157309052434	0.10054160533405951	0.12125168329486041	0.20832249823263796	0.11754545169640668	
0.26231371560314237	0.20011111766857706	0.19564878319253778	0.13252171761943368	0.14608118514342672	
0.28780720716165653	0.03642494476732728	0.11206809918665527	0.031858685301565756	0.2030389737123915	
0.08161973442729477	0.012992220960725148	0.09100369663652184	0.036172713624357686	0.024642669265987138	
0.0	0.0	0.008097018858387008	0.0	0.0	
0.16519189289166086	0.06971899180559525	0.0076834312937689815	0.06644337756680149	0.16025524345064548	
0.30043538835306843	0.1377293349363493	0.14645761559826004	0.20307131567059572	0.2379396101442586	
0.08834789965976259	0.25132541041250195	0.21866933569253724	0.3103770146723677	0.2315131162163953	
0.23140005699210256	0.04256712806103535	0.27475698528667236	0.09620176213524265	0.14587473575701432	
0.2727424379853319	0.0736170617761664	0.05834547007671842	0.1039661534550942	0.2914261309031471	
0.0076650124036381235	0.019149953185650423	0.14468045640697721	0.009960965075290127	0.185025777599653	
0.0	0.06835749614660576	0.3586987622231369	0.0	0.13579622606554378	
0.08231016327600905	0.292419590534622	0.050909897562478205	0.011747979154941041	0.26654648422504307	
0.15096201560675632	0.3122932515289579	0.16345550815938253	0.24942199763908043	0.10024638459000004	
0.22428107082269724	0.2198153644925014	0.26128483223088844	0.11546724919844559	0.1450903396278251	
0.21634407432778055	0.2559196031776865	0.38066573136282417	0.30452252427328336	0.06666897073259553	
0.35021828235975694	0.33954419273723774	0.19415378003855846	0.24011354336825752	0.1878810748379522	
0.47073569379532876	0.4052301509542217	0.1711895160868223	0.7296937002989718	0.07111394794685551	
0.09760535249526936	0.08283548637212305	0.11253401083725108	0.0	0.024406771033056537	
0.052788045600393865	0.17589370369219354	0.029932294316987317	0.20295364450120817	0.05405752941465665	
0.0	0.9925427156832024	0.1925327945047602	0.2566660197607699	0.0	
0.11453750016749331	0.1515562405178877	0.20923008555549355	0.035077872004285235	0.038995712639378274	
0.14071206701746636	0.11349495041350549	0.26839550211004964	0.16910927212785695	0.11586194943155056	
0.0	0.026676997782106936	0.0	0.17722189030728872	0.049677927220784346	
0.039066708461049024	0.2950972911556689	0.14588112449359997	0.3661613347377483	0.2695544021343776	
0.19950836783073778	0.24920855008107584	0.15809015884148242	0.23167152051614615	0.16197947755601927	
0.32530239518727655	0.31071216113585254	0.2299608934525802	0.0993549341970668	0.2917574621348916	
0.028021958334083854	0.44786911967531734	0.24671099167415458	0.2857108249410595	0.31588251651970134	
0.3017590763037148	0.04244856100540444	0.13927961586823706	0.05795321008542241	0.2273483118557131	
0.17073715481083176	0.1807783836390185	0.1140592227948276	0.23225647495040075	0.00907817365418963	
0.1681247566695312	0.530133706665878	0.2256244188857197	0.2854384835929958	0.125184145543016	
0.11273672486775022	0.14698932194490283	0.07722076774812497	0.16547134388932672	0.2554823530506703	
0.0	0.0	0.0	0.0	0.0	
0.11387739391712445	0.0705560220792632	0.18863446242358614	0.057054873483354356	0.255399371247838	
0.0	0.7115586345044798	0.0	0.21828463801442302	0.04200457927113001	
0.0	0.022726141991091763	0.12917751733246863	0.39280803021692345	0.2383488626869271	
0.003307717592114815	0.28682428341424626	0.2142673872121864	0.13163470084374584	0.2560799084487905	
0.22923709786943564	0.09656468428158335	0.24938284409583714	0.23354064765145333	0.292932615417538	
0.3009931718846625	0.053899383636064696	0.0678179130981846	0.16761251733671875	0.08446634464537565	
0.12090438691328709	0.1304284337976031	0.2311399524734888	0.1956240501689519	0.004167154624783726	
0.2190118285627705	0.29093944951088513	0.21881276943526892	0.008929687818782998	0.18121863201027885	
0.22833302290155302	0.2354146347246971	0.14438640610326012	0.02956117991420416	0.25691230435324247	
0.26113840144950295	0.18715099561245463	0.14739393079855811	0.29927864501914553	0.06723681566311027	
0.386782261740245	0.4801907695028677	0.2574851468387178	0.5882320577338305	0.11983774333413463	
0.023168038155169938	0.10644145018084694	0.21639931945369403	0.06101652233252245	0.25176574187208534	
0.2305299632462955	0.12224164221549123	0.2586701451731487	0.17787253744891116	0.1253016022996543	
0.0	0.0	0.019531664262806767	0.0	0.0	
0.09471231682837464	0.01628411568756183	0.05332802626318687	0.25894462062570367	0.561080232120566	
0.054754559525389365	0.13527209029573548	0.2014462397595367	0.13491599591948727	0.14535388927066367	
0.02445677991078623	0.13001765525115164	0.10585259625072492	0.05072519094951816	0.1946350696180586	
0.06047279091067444	0.2651744817075777	0.03462905218063528	0.08650189369737744	0.0	
0.20548693819766903	0.23418962840303784	0.21206178561404312	0.14074230356468037	0.21511804753088606	
0.2143838907268591	0.307438888391182	0.10664491091657574	0.1238145304176517	0.18466147155293952	
0.20036551735231337	0.1935380683587053	0.09236756542439593	0.13035551123419742	0.6575380426701023	
0.08691284992947826	0.16890535714089158	0.27135874839949725	0.032652794499050036	0.19450832392022246	
0.5639581251142669	0.08060362119785874	0.4494066554459183	0.30216680171302573	0.19224636744395157	
0.001644714207305037	0.045027446038169966	0.19894170760091243	0.25574241214914	0.15022052770309474	
0.05058771552175078	0.27622010975430805	0.14946536704848482	0.23852615220665882	0.24141985655514614	
0.38670018847747645	0.6149875179906944	0.09905708826375986	0.3905439727490531	0.08246146201982038	
0.3442614661511458	0.3049757203951097	0.28985305199482997	0.28359856890771773	0.14870492504525762	
0.08293537881508259	0.11274762174748315	0.2958511312718785	0.0	0.07024604718056368	
0.0	0.012285475105030667	0.020658032784025365	0.005967032919763919	0.13656750023969919	
0.30379881636233597	0.0018343513952566023	0.1081357947684173	0.161657305357724	0.18038677868623146	
0.18638099423609328	0.06166353380691872	0.08988790806339439	0.10001118951148559	0.0671586747302512	
0.1475164841772838	0.13780438923913915	0.1374781372127849	0.16442486721545538	0.007440879953699969	
0.2881411843610714	0.0	0.0	0.4006039509471098	0.0	
0.4016596426494813	0.015780437940066873	0.10926923060944477	0.0	0.023093149800079992	
0.0	0.0	0.014627083612743463	0.0	0.0	
0.5917764537209137	0.22053757443889807	0.41526347600301056	0.25852594825992403	0.031338024589558526	
0.014151298480439122	0.13226260358888048	0.18135328913147442	0.2161827563203821	0.15111217916188988	
0.1567881186884494	0.011462497275249109	0.11222256888531718	0.03539863939059011	0.032292207751847	
0.04905508041300121	0.280993131194196	0.18711435349474964	0.2113334150721651	0.0	
0.21468360466941455	0.04706266475191072	0.19942986217716585	0.17074802240716536	0.12426269331347962	
0.01883888538334876	0.005625572088312139	0.05638549567626764	0.19041457441151097	2.0875167848117992E-4	
0.0	0.03036647937536794	0.3928560683312098	0.28892736322818346	0.27916879793269617	
0.16336474763705025	0.26182336724536914	0.06144133574141577	0.2611055001854319	0.07466048455717506	
0.24159177377041083	0.023940452130835014	0.23835445775189962	0.0592159318329611	0.29151001525184816	
0.1285246927281771	0.08462183014567523	0.02917006334682035	0.08997377958614214	0.1587271712288446	
0.11712765472047222	0.1540756053669737	0.299349349135985	0.05838818987339366	0.22850971044074736	
0.22200171898749274	0.2565892715203245	0.009754007191690459	0.3004303613767485	0.010785714273856831	
0.28121917824352416	0.0534536626673923	0.216980001172904	0.015162242092221518	0.26329052896475824	
0.16746288633093903	0.11471147463116686	1.1916075986079084E-4	0.0019728506660312475	0.040483755063184634	
0.2646997335710309	0.04952284826786636	0.04227054880831203	0.2895659111276459	0.11175282732419288	
0.2829422532665749	0.25087856751482696	0.08317172052313102	0.2009724534536978	0.22260202180837627	
0.0	0.0	0.0	0.0	0.0	
0.13575223633798295	0.27058605670366465	0.2250136490621169	0.07078433709782497	0.19254819535939555	
0.29198516476947334	0.1637557824034307	0.2791131419682399	0.28217909349437703	0.2730106397642569	
0.23569040444248446	0.22321071975289472	0.5984843675494003	0.05331690706381449	0.7267642552456597	
0.06698050513699697	0.06776175047744606	0.25070593991531226	0.16875737230676485	0.2773758794453718	
0.0	0.5014949906028552	0.10789089984416693	0.4072053088550119	0.5305400286543399	
0.2559588181741078	0.1388209213744535	0.13672506917179833	0.21524249082104563	0.16567305998445822	
0.13555176102290697	0.27000004151602286	0.25757385203200334	0.2751134589014402	0.035660570891071816	
0.0	0.0	0.0	0.0309801155581632	0.0	
0.20875370294258047	0.19653806570293866	0.12271916003283827	0.24802414651881122	0.15627649666984614	
0.46413416631099036	0.634759611804105	0.6471132071658208	0.37763493507352974	0.15077947916979453	
0.23772924343544244	0.14118170357496995	0.021287833122228057	0.2477589973614071	0.030505730661048856	
0.29444407946628165	0.2889921664150921	0.11014431066210265	0.08958537618262907	0.00932857925593281	
0.04661558149191895	0.05518243483895597	0.26872266870540656	0.050009833600897786	0.1120800732387117	
0.11654731993191965	0.11871663633778523	0.11371961197857408	0.290212852571461	0.264014465411547	
0.2828229806237597	0.057835465569726796	0.1565428137300589	0.2510600281336197	0.09362027032329888	
0.5934696291127656	0.17177268509167734	0.4292943517695934	0.0	0.14033162697446547	
0.1906522488743864	0.11362015185436311	0.23536581706428647	0.25773222073708874	0.1500286773603006	
0.07125899654934019	0.2657554031304669	0.14599130638777852	0.03391246023930092	0.22889135680461598	
0.1726844150759404	0.16784788399955614	0.24979572699358116	0.06146111167193674	0.01109191782975984	
0.005608354369130867	0.09439923791260141	0.21478339857206336	0.2502330990095503	0.2832833171242229	
0.11567014783590691	0.03487921185407647	0.021431399354765207	0.0833574299198324	0.1831931443140333	
0.27039429728838926	0.15289928943466205	0.22204222654503594	0.15690622074138227	0.2571377144768699	
0.26349191371222896	0.2151261321815846	0.11724136747507656	0.03251525084016065	0.0	
0.08079495877229503	0.11503619911380934	0.04721128813524527	0.1220751979989926	0.20538071528264118	
0.05960535431245297	0.004797706347796886	0.003406660788697398	0.0	0.041798927114706536	
0.06919160641069393	0.1698214478370293	0.1409381866453178	0.24343452894715228	0.2523997302072537	
0.27767949754309307	0.25472598755766723	0.08031479312302366	0.11171949100386872	0.21710452418123746	
0.061860392487438326	0.29304869361380176	0.19837023098644613	0.09193339378225063	0.17192287808325468	
0.14622341667042965	0.07366961434497164	0.12925619981087516	0.14292686991910486	0.1901851942972756	
0.1956707136502608	0.45726380428107105	0.054774262897977065	0.49141950943154455	0.13157148032682903	
0.1332438300892447	0.005755919818654074	0.2697688787317463	0.17398511154232302	0.23750454663010662	
0.27410315714045774	0.29236538605235224	0.24716967863821976	0.009379885014808973	0.011763275736531487	
0.1341646624551571	0.35957497439849734	0.3298749373507204	0.16620147454082124	0.3956925478422442	
0.029143412949102127	0.3274244887135672	0.40170410795962086	0.0	0.09114645901021365	
0.19751333388778775	0.11375068862288439	0.13257561191648132	0.028709750376145076	0.20582815044441302	
0.04491645523872443	0.20210245753039244	0.27137425357885175	0.0969255497550817	0.29181819283302207	
0.26638615585679853	0.6620917362281323	0.22720275882616708	0.23216639995736787	0.16095225616415196	
0.0	0.0	0.0	0.0	0.0	
0.1701916815216012	0.12220731055291242	0.24097001673898283	0.2414031294970213	0.0684218706891953	
0.23680591168608375	0.18107664632328538	0.27818333330135037	0.12810903709399843	0.2918851861953481	
0.2010058922495798	0.09925769984078722	0.30336674556738863	0.31379866125233413	0.10157354474491738	
0.28321289563686797	0.088820336522349	0.04319746262447821	0.14235633870365977	0.2308609270292142	
0.12447296741807441	0.06741501017100592	0.04408506247624447	0.08766834040847912	0.0	
0.2575900958921851	0.0	0.020228530106027747	0.12762153310478117	0.23493098962424516	
0.23809226029688838	0.040805213356959115	0.1490420190199261	0.2810520398374094	0.20835363877434063	
0.32249174074720716	0.13222268944657664	0.24220928182838747	0.29463486587820253	0.04745496404318341	
0.03640498428709457	0.0683026789987073	0.1447233058904591	0.21592364022222746	0.06686006354343728	
0.11147862662043574	0.2230107344137421	0.2537324875172384	0.09431030308000689	0.023915905509137258	
0.06010278893402841	0.07616492353495816	0.06498938852126988	0.040691580233609546	0.0669330885421096	
0.10784538296222637	0.29599215093111153	0.057838706168799256	0.06200459395050841	0.08717332725646541	
0.13182324733901649	0.13254563861570465	0.26100303251249984	0.2928723324701038	0.1097825847435783	
0.22161358066332634	0.20044442102699522	0.05681822210957774	0.07551871125139083	0.12261729351637364	
0.11320760134201277	0.0023908396259303463	0.05209327604018378	0.14585023360499647	0.005856135324451395	
0.23483481921187851	0.19088504531642697	0.059429173848324815	0.22546802741621053	0.11493059696641211	
0.2137414655909156	0.7131711478219711	0.2140744268742619	0.4343375022162691	0.5236938415812984	
0.24587078368515522	0.07142200869400148	0.07328261268512178	0.12052860619621776	0.16110384043405732	
0.2807984858832828	0.4211290223397943	0.1956548600181507	0.33651687145321035	0.15953639594958824	
0.27518283833577667	0.07835906783136622	0.25804071838456494	0.06403871852058027	0.24622154219493383	
0.21758514789861738	0.06185341737926217	0.10788448874707153	0.08505604144889548	0.24775382274869184	
0.199810504120529	0.009229383726402493	0.2919985029474009	0.023228701103230106	0.20848971783652073	
0.3031267240452692	0.06996458001181112	0.0	0.0	0.25870237969847304	
0.0738248747576862	0.10778197446494779	0.014247346254202138	0.04838589582703287	0.054933280678660525	
0.27384170545299596	0.10693728980777735	0.27424414615618875	0.027325410944679395	0.2605636517596313	
0.24623339668424815	0.0	0.0010648308369170189	0.0	0.2926456849439283	
0.3241189567130354	0.10296458712033733	0.1610271845528529	0.20912817143507795	0.021058215015931126	
0.08803650179568433	0.29732520421427316	0.12770109768635496	0.09783485285337762	0.03178499952933204	
0.0	0.03331608558618382	0.11655997678114552	0.2519714943730031	0.0	
0.12327097274880147	0.12640143110890506	0.2963858496598899	0.0707313455780292	0.11331099075377744	
0.0	0.0	0.0	0.0	0.0	
0.2524254227339933	0.13866760189013796	0.09884366892715632	0.08884122786715966	0.17661955228791332	
0.17352058061197012	0.29837317366460114	0.24382988978920384	0.056171663076159874	0.2376601451803284	
0.29175223837596115	0.2727379198461546	0.0415202436350852	0.10347917370495056	0.2673708954784226	
0.07387355750924351	0.11995783658267475	0.13956039120279967	0.19971640346677655	0.22153608714619863	
0.135811715248737	0.24767556152375306	0.22789224441827477	0.2959145250063414	0.17897498752794888	
0.29713260865888724	0.16107994277905163	0.2877649019452501	0.00450627833156325	0.11397632981496492	
0.28879559649135816	0.1676069468754101	0.3156606980612855	0.24455323441100135	0.3057217289450172	
0.0426036412634865	0.26423701244897685	0.2960006907236601	0.04946184327454562	0.16166399652368033	
0.24053134221717237	0.2329080034849227	0.04478416594767603	0.1267514330388338	0.09562560745208279	
0.08265241693801824	0.26538173283078154	0.18711254297819796	0.15276094174911842	0.23384371878909777	
0.271061473522465	0.21484793902640678	0.26505618617472676	0.10835441424454395	0.023655740951773224	
0.16947439918672366	0.08634856644295116	0.1479872677946821	0.10184535754105505	0.21083166875355439	
0.04601512009826768	0.22415936723630667	0.11928025133606168	0.06330147613162203	0.06090882602781624	
0.05986963721459062	0.2289989934562799	0.27241092282517604	0.21820265617168752	0.15770904575859784	
0.06993704287254485	0.1425963416250925	0.27110286494853497	0.2015330898815634	0.05119840552672213	
0.0	0.0	0.1639797459033706	0.0	0.0	
0.017419358951042994	0.008209438367646375	0.09070703944634857	0.12388281258617886	0.1307601201185151	
0.2667586566743007	0.262505413741682	0.010973726345088274	0.06446781573070584	0.21823974784302802	
0.2802234633920871	0.22954749510457173	0.21436800583165025	0.1495303973782476	0.3249075675038505	
0.2486848526105707	0.20536045026107147	0.05973444590182324	0.2884429536172363	0.23103192226883373	
0.013716932834513303	0.24886768244783214	0.243443057793936	0.1721895712917289	0.19269761825504905	
0.06918991214440087	0.21333216782807227	0.19263916578290638	0.11319327263644091	0.17478282011961438	
0.03650146051366633	0.02375546623498164	0.05246829348193117	0.199859798050949	0.15984452618430617	
0.11762791951901776	0.24064759671420444	0.1902215155318511	0.17891435001499414	0.06801643824462747	
0.14269035274264402	0.2878646921595396	0.25603355875369727	0.05678495698971836	0.2828430635710393	
0.2064612298932573	0.17488716188667153	0.042368499240136734	0.020141435259844926	0.019312639977650488	
0.26930204330123075	0.09654105923572096	0.08979500363383629	0.21610471876926327	0.0375826379083106	
0.0	0.0	0.0	0.03635527979572836	0.0	
0.013564723732591412	0.159940000749561	0.06999896988352496	0.2255235792480406	0.20571599180252548	
0.016054409298347862	0.23879730564136567	0.2260715351354724	0.007150274163673159	0.08096661680373586	
0.21835424542338314	0.06590333126117325	0.027917543422906154	0.2592907790143701	0.2194463666912291	
0.08490726863383233	0.02048909792071016	0.07321001760258282	0.18808595888883686	0.11121271835240014	
0.18274530069120654	0.29128874460821597	0.012854601223027609	0.17882802675670292	0.01812500354408935	
0.21506480950461812	0.11161959179753342	0.1878981632195772	0.2211571537760466	0.10733286152576262	
0.0845807075461698	0.28204398505544453	0.28146305497670937	0.29353791563216364	0.13726806418009946	
0.24483413783854086	0.2524666271874561	0.12988594111462162	0.2461139771279941	0.004723356427013036	
0.2306206650744719	0.2684994192648673	0.2100710150806281	0.014550522867838018	0.048486882533307026	
0.30096959816589114	0.19406723863869962	0.2172446838724203	0.18140034022682824	0.26255356779297684	
0.03263059943111794	0.8977582808782074	0.4743593171356857	0.1097411449430043	0.0	
0.33354008623674336	0.31333640670658275	0.177512153007614	0.015575359147461703	0.26493118294874574	
0.009140089922104189	0.2869591933238857	0.0462066896735698	0.018492551621642234	0.0	
0.0	0.0	0.4215611766581114	0.0	0.0	
0.2847271606931913	0.24498882492888252	0.05677942754417021	0.10477812393791605	0.06599605007316119	
0.0	0.14173670926185386	0.07751477820137928	0.0	0.018068798386683058	
0.07469796755964402	0.2764259735346548	0.13156033038018605	0.17365866789705578	0.15519530414460633	
0.12889418910630265	0.18321263572806223	0.31193946393428	0.15269818728513043	0.10540893272521007	
0.09105481093175413	0.2863443652755426	0.14793086874418837	0.20309839033401691	0.41440728895581685	
0.12980264865690008	0.03781193082836261	0.21367341728186495	0.10034607954521228	0.27270459088244936	
0.2593303473918363	0.08101759634907356	0.1606447555735742	0.09570119549025094	0.22552000268463757	
0.17528484302706138	0.058727346676459735	0.0	0.09598020857919443	0.3057681057787635	
0.26400164302533974	0.20892007247244027	0.1948443469127907	0.14007556358575932	0.15770568185189357	
0.24714637959994018	0.06860819545670244	0.038759276998265195	0.2264265338569162	0.0	
0.13864768902253	0.07063143588364175	0.0	0.0	0.15442090471156275	
0.054613947891048044	0.0	0.13501749643042818	0.0	0.0	
0.1379371425509806	0.3893182094313805	0.13005738059656669	0.2953864122059613	0.011771153793089089	
0.022075574370117913	0.05428819712234225	0.1013062413750981	0.17174465854964457	0.03517561971604148	
0.03743504440258559	0.21910033033353926	0.1467217032005707	0.18329845513676843	0.10066798038441549	
0.25038684305943293	0.05199195098851381	0.0	0.22360374715640982	0.325266916494226	
0.5047764071338049	0.35818801347762275	0.12618459117513725	0.5500003953352638	0.2197050093716473	
0.3989358303153468	0.1679050876383147	0.2780531778999324	0.2223307257173202	0.06902485365680201	
0.015961581651180088	0.28198404344812306	0.047733255483142355	0.16106332139152046	0.19063936775925158	
0.07052717867387716	0.22438491441659567	0.2050479344351159	0.2181129709955333	0.11412811855471879	
0.0	0.20744619262791694	0.474035219787594	0.18205050570009232	0.20631031939312983	
0.08088013318684557	0.014085555798260175	0.06930368899030721	0.06256673508404913	0.14714459709932648	
0.20779126028200495	0.22300175232053923	0.23958926678573939	0.2594750547340684	0.2549838880292226	
0.6217467916604301	0.0	0.02947739824322646	0.0	0.0643548538261684	
0.03135718261920091	0.266880725727501	0.2194363921195396	0.14320392691408018	0.1289627309623525	
0.15669182243182964	0.06374147094514486	0.074160257670406	0.020336693143926506	0.08080832128936878	
0.1379120528019888	0.2506428503147339	0.27902041112700654	0.23144153983251073	0.25933467059641135	
0.2479807756272405	0.19081230546631495	0.0	0.021337091557414534	0.22547985496520528	
0.17616813305720222	0.2545898484245649	0.1106182198175283	0.044923520725006376	0.17785475680884968	
0.18064107856877498	0.22916294439076063	0.18729638760344341	0.10824474653105973	0.04700626981629888	
0.2630611336807248	0.21733544477228436	0.27209407144309655	0.0	0.00872744730822339	
0.0261802754088162	0.02887021053659065	0.2945916878263488	0.2330891450199581	0.26873860481685996	
0.1699752300223753	0.06793150427945416	0.027653233795033094	0.22155229296858653	0.13588119672422036	
0.1419211665479517	0.005991229305891433	0.1196621322995016	0.13531565448782248	0.10946427737923718	
0.1750501418121146	0.06477938986310526	0.046841849764168546	0.16135471058663475	0.03573163875931677	
0.051019549120444666	0.05664574221950759	0.2022336836458567	0.16143468858646493	0.17394825832687671	
0.11935389458450388	0.05964688742257279	0.09183209962710134	0.23547665275575738	0.2412191590647086	
0.10730791446280886	0.2003075950011752	0.16034000529198705	0.07757397059421851	0.14007581101169989	
0.24838174061904703	0.124531427709253	0.36248032924070334	0.17700900588134544	0.10216570230544236	
0.1503720134589712	0.2872468859844327	0.116536596236599	0.29757536892452097	0.3861345084701752	
0.024466875397915297	0.09947286503237356	0.17283825681080467	0.06469110272214611	0.15580983836485274	
0.15094078122246796	0.24299813184622207	0.23692870518379547	0.2280135907582988	0.20370025617707993	
0.0	0.0	0.2774405543504297	0.26492632757411855	0.0636299429078914	
0.5320096836754333	0.34964387488260124	0.18418346604175523	0.5660047104802334	0.211586563781657	
0.25219563904717135	0.16448975104131414	0.15922639748799658	0.21908794778333424	0.2924340915734535	
0.276896221060512	0.28757336258497407	0.09026884897868066	0.11347218992553257	0.19629154248284017	
0.30009996839511444	0.07049840744499451	0.2862731682923138	0.2846625572185074	0.08635971204446714	
0.057311882813019244	0.23382836886727734	0.14663497398329625	0.04425948636276858	0.2898850242758422	
0.2627423443285225	0.01095540042381517	0.16323865250691733	0.14542063547189177	0.17572893722206395	
0.2981733988127475	0.21651334185864443	0.19636707492586733	0.19144955142683928	0.06798378055621718	
0.2231146172261002	0.16614103982822087	0.2799892872689348	0.2637274929674769	0.1681565474144255	
0.21306526503284226	0.20978540612729232	0.11042112196388788	0.11419322014616244	0.2602163592258222	
0.24749907466794152	0.30165298907251853	0.2556105515979579	0.10236156888555667	0.27949549729777584	
0.17766652508638214	0.14338852713405253	0.195822780934108	0.08115734631262317	0.06813366366830552	
0.16784394046486928	0.19180783395383955	0.164610552177421	0.011672774412645281	0.11784713000845351	
0.22551387262908235	0.0	0.09623952546776832	0.0	0.0	
0.2516922990504805	0.13058942676243065	0.023541851833743396	0.2819381238984978	0.09666864243783221	
0.265958851764375	0.5277196419601914	0.3449260385125208	0.34342802341817247	0.16911160433880834	
0.08276447337494242	0.19540382984929008	0.27248033830096197	0.06484468154588793	0.01179373846025541	
0.28266981725538926	0.03404895297108376	0.18934750008332077	0.2572904489057702	0.06950069829900159	
0.15891236603988415	0.10914738406686497	0.20300001823584343	0.03375205812283676	0.10259676347167525	
0.15466089740462693	0.06460832313598362	0.21177317997946898	0.12243764523354238	0.0	
0.15936759055545482	0.17490765676859096	0.28242911232168993	0.3012026922685884	0.007453561579830221	
0.016922640567883444	0.08907129282450225	0.02841621242097395	0.18323799809723265	0.25966424821043693	
0.30127932551464853	0.031056665188260942	0.181830014977321	0.10274098213902186	0.05297199556711848	
0.03933217517147251	0.7128892849226589	0.4034828262390331	0.24263170910930656	0.19711481120936053	
0.20679081113829778	0.15078176813062588	0.10206409711475979	0.09368993066081588	0.10646841213388918	
0.027138341217503026	0.5924044948032189	0.5705290330291186	0.22854066760134073	0.24573515510984317	
0.2984046834119239	0.29539994875070147	0.04678919383887167	0.13871171056727122	0.14796983933625954	
0.0441173002405558	0.11158967820524089	0.3110049771414007	0.18983566327432316	0.08697964375911056	
0.0	0.10310949136470315	0.13857811255022065	0.09552783377107765	0.09013743651961802	
0.30168396756571075	0.2578378794122068	0.1956755735627993	0.013337919481985231	0.07930765764806227	
0.0	0.7477061184799267	0.2679085566024495	0.0	0.5007849589945573	
0.04171918378958684	0.11069270319803363	0.3001297214403397	0.15841416736548392	0.03465326608915343	
0.49436357038720175	0.12056604489066826	0.038037117846280825	0.268118155901405	0.23668378632698517	
0.03590948228132425	0.20307216054318325	0.20742939017350434	0.26543601700325264	0.07132763171970467	
0.23683056643892808	0.20772987487778347	0.2780529755443657	0.2337650650584714	0.22171313981133176	
0.27088738378844807	0.2441074997751408	0.06879128488439384	0.267572526475568	0.22395757685197842	
0.2821679824726121	0.33005736310277145	0.48350302872287976	0.2783389758965999	0.16807595002251363	
0.2590444005735016	0.05614869641566504	0.25170310344289903	0.0982840884248914	0.2769695555715624	
0.036089061040571115	0.1962006898736243	0.0	0.27595746906647733	0.08607424486430695	
0.20522221554768147	0.042769732070748454	0.18970018489124085	0.1149480741561295	0.16570556976865522	
0.0	0.0	0.24630085671616592	0.0	0.0	
0.27833378651563406	0.22297990742610257	0.0	0.22581915554975407	0.27798718274974143	
0.23108972277773004	0.15975456478083142	0.12890587453169133	0.002309187852167526	0.037705250632083645	
0.37909054274452303	0.23587610279237767	0.15069140500515638	0.5200396174131652	0.15863585481082726	
0.3213568148783847	0.19612617083015482	0.10097517243843349	0.15284672244623415	0.15392581401075503	
0.06029893453371628	0.02529039492173931	0.10416313139145035	0.1637948320636444	0.00830872461624997	
0.10631816947483126	0.0	0.0022612282481921254	0.15780891466203564	8.727531196676573E-4	
0.11081234672695746	0.2109332455655272	0.10893108143139221	0.26765601343688133	0.2045918131858329	
0.25895278781995845	0.011589200210877983	0.061580858317172346	0.021004549595076742	0.1451784463242748	
0.22267502408533643	0.07105218158737121	0.0314868861038597	0.13220182123129526	0.14455522926179643	
0.023783922930401585	0.19956148695031045	0.02008971607847658	0.006188831882446199	0.15049043249907224	
0.07626312464603358	0.013367976525321113	0.21336351688255037	0.12524511814312153	0.08101886318131295	
0.16350648515733635	0.17244449290343922	0.20213627375009802	0.3014104856368722	0.3218290910830499	
0.1351641812045002	0.28884501889098385	0.024229945554362788	0.09843527211814708	0.1326646091620081	
0.1986259735676297	0.23676512393438728	0.04681526200906229	0.23115336962196736	0.12497198133867808	
0.0	0.14345289546887338	0.0	0.19543040715651808	0.0	
0.13770234883854812	0.20714661851616847	0.27518930876919	0.18818043285873148	0.22330490459520186	
0.0	0.018555962329646337	0.15291648442722497	0.20416464933591882	0.0	
0.420835664097924	0.20726398858719358	0.32793478682824206	0.5339712234670202	0.31412127160351244	
0.0889640139047825	0.00253007636332875	0.0018285560011911156	0.21027173924056647	0.05186006930848778	
0.1529654255621578	0.008036624042883224	0.09709519326674834	0.2738931331054384	0.1525484986506067	
0.2818945190301725	0.05385899176237584	0.19906049938550202	0.011742690361699054	0.029140473038255642	
0.2858461995724989	0.0819986993957487	0.1527890882943399	0.20941231001995025	0.22077255939814447	
0.18936114806237986	0.07361780027104166	0.21715366523723353	0.01962347383325315	0.035364303630759465	
0.0696697705013909	0.1266636270025188	0.13746850733051655	0.2930731695429713	0.16027275646013706	
0.016270445615762148	0.21014095545832334	0.2841372888570751	0.09179428417213481	0.19048594496330465	
0.1480265980438228	0.25768379945990777	0.28452237833994193	0.09945515716254154	0.03973138747087146	
0.3995974523418237	0.09292366151301924	0.21928682872890426	0.6542157592108496	0.3267021098417979	
0.08342559776280614	0.0724355478560488	0.1022831581620725	0.23255550626299923	0.2838930760059429	
0.17232762368129417	0.21821405287838785	0.1281556615057913	0.12990804260046832	0.08567440263743986	
7.212581765018438E-4	0.11034953136967354	0.05800277591886138	0.0014153961786144134	0.10326637962990007	
0.22675726167886462	0.082757204664649	0.0033588620700180484	0.14349413500676056	0.17372904637587028	
0.1316892323581794	0.08245956029335953	0.08123604409931004	0.09607669381459502	0.14726519889105857	
0.0029233383303083065	0.15540519898366553	0.09155350472477906	0.21724741217899535	0.2606056408197063	
0.16805642600594844	0.26060062926565036	0.0950390651961375	0.22039437788453667	0.2299075155176047	
0.1530435209130965	0.03366632627173393	0.08466052350203523	0.06806088072845219	0.2492054592533608	
0.30149124599440424	0.027735089274752985	0.27541373280542053	0.2503349154179246	0.04503246922302097	
0.02388357189623388	0.11520754031753234	0.1631002713772207	0.2965030200088063	0.2669846013244067	
0.19469476016338202	0.06375392706774159	0.19817656629546065	0.2937884410662807	0.16094743000678607	
0.2871193029488352	0.18212784107347027	0.09054156249140738	0.20040124293519182	0.13463581695812435	
0.16998893473085497	0.2684969080921655	0.2791959453697883	0.05191109549540096	0.1955698271135151	
0.0	0.29204123923193404	0.19208956682271658	0.23571610828045425	0.024049825081662472	
0.191060832197947	0.003625479452261387	0.17807733984073415	0.06384775591557887	0.20455484211697078	
0.2720974148434605	0.20565832601043707	0.2059067206057995	0.11997281577832158	0.021914738542053537	
0.039169231493863685	0.04859687627693293	0.11221712705112812	0.1838067304941158	0.07045910861931311	
0.1610952133191	0.2573331158898884	0.1236537098816435	0.18167470090153634	0.29524697251992166	
0.003113142344179897	0.026582128830751263	0.23734693803700538	0.20615742569181586	0.0025634693449483933	
0.09436599671210114	0.08897193843959486	0.10459030389762021	0.24123611271031636	0.03932132695089001	
0.013711114744011824	0.024318985556649266	0.04018771982216979	0.0	0.0	
0.2606103068288098	0.29270961159273684	0.04701909022974885	0.19121649641273175	0.21919140978631568	
0.3973706983483889	0.5460772203450508	0.40996204499885497	0.38341566307851976	0.26886293384683185	
0.17956301924312665	0.0	0.03381723070489613	0.0	0.0	
0.40887415904938995	0.5607180657030346	0.22494933440364615	0.5060175227738034	0.34234920327016233	
0.2084829927329045	0.085380576903927	0.03936586482145359	0.21454665670482503	0.22213474788548418	
0.08553451782127923	0.22118918851055158	0.054921756396562854	0.14137717370123842	0.2991535717987991	
0.07409019558502451	0.005344845805855796	0.1956978815944763	0.019671894439457098	0.01798288077144186	
0.2108699357419518	0.18074450873529105	0.22699490340834422	0.0803956517752112	0.1676886741977409	
0.2933897952112836	0.16741821923455777	0.25986770622429445	0.29242692865315895	0.13335815559022918	
0.26838484933722523	0.12362223110842037	0.012790801643477075	0.1825465827755414	0.29811469249936523	
0.15761139482381462	0.164357542675082	0.2874192441264595	0.2562607085518957	0.26013436628881154	
0.20497469585071473	0.2842564615957821	0.018163492709813198	0.003802439162586044	0.23835764571353332	
0.23156680129540658	0.08361979378760366	0.10656591523054663	0.20457414772125013	0.1122169934609005	
0.15819493881782695	0.096922995232647	0.25034534574510076	0.28648616919130154	0.2747222542636131	
0.07350033046436245	0.23463563243946658	0.1963206183155149	0.18935311682018136	0.03338252230830165	
0.25407977841459656	0.093468492883754	0.12928698244377052	0.19378997700108044	0.23376051016909596	
0.044144335326057764	0.028745778500091995	0.260363113206862	0.030573696277913044	0.1617162112015922	
0.029456313443191866	0.2861948512455852	0.12490757098648636	0.4376886292772082	0.21568140199692928	
0.3061016354478151	0.23703594452766655	0.25901831318135177	0.061684927844706416	0.08036364245223437	
0.0595821779430494	0.2626087133226873	0.28002953632251915	0.18221984248005763	0.14709272997399264	
0.0	0.2896207606236452	0.014663500215392533	0.0	0.1515375427246836	
0.21781579552509553	0.18968625261408809	0.31048190586830776	0.17581311863534724	0.0	
0.18823244328765648	0.12368345366290953	0.03050157300583031	0.1454017824596394	0.14642395918621984	
0.2123460257982431	0.2119391924355696	0.21881356902619295	0.1666795175233631	0.24412741419988396	
0.23796808173997808	0.17604610679442576	0.1635783701683938	0.01328505223038272	0.24976883894256566	
0.15594417021657223	0.22059336665366344	0.16244606879248139	0.1727958234736148	0.10722629625298945	
0.27764130305087303	0.21305546807663456	0.12863812467483962	0.006315190594647684	0.19652476372406294	
0.2830447628782269	0.2524531286493886	0.2662566342377066	0.14561810153359414	0.15679558880780745	
0.2578489349260514	0.23466030239481828	0.11522896460750409	0.22476312815881794	0.008475867860830258	
0.20619449697662393	0.031601466690163164	0.11093018956927007	0.24295239563096563	0.18613346712067663	
0.1306505137277429	0.17447585161459345	0.29571872071883604	0.0	0.12872920477987418	
0.2016874447366647	0.20377673822982492	0.24822430815093321	0.02343172880524902	0.21498684021061779	
0.253723284248195	0.11263278130438818	0.014362269596555906	0.15887616274862099	0.17455320430253765	
0.30031383824305136	0.21216158974833993	0.2283405034608885	0.28263568588992266	0.17280149199527423	
0.2999279905861838	0.2980085504141178	0.2387316313616403	0.2420409865988769	0.20824513349315893	
0.014942999571484605	0.21991100003761488	0.23965264440616982	0.30411696703113145	0.022964358094531293	
0.02794191157110025	0.0971437019300872	0.2349997240030376	0.020333489985392906	0.0563152678879227	
0.2574154240014422	0.19364819591738489	0.23426847879206555	0.22851921954161256	0.17902024940300895	
0.015043873971328434	0.05384496159221886	0.05120695094176855	0.0806447490612987	0.0	
0.048700693941418634	0.0	0.08295854282851252	0.07624529702547814	0.13363128707538957	
0.2034896575330097	8.731080345905835E-4	0.2676529850127962	0.19785483015417485	0.130936189943134	
0.17625213612052318	0.6996734516368251	0.355167917360871	0.1591307743375051	0.15552116289091947	
0.24295800318282432	0.0	0.26470673765326536	0.11277607744610546	0.1932738433710924	
0.019326081343642686	0.07897243418108847	0.17482116956349464	0.09155047420720296	0.28349264791888173	
0.13900750986593824	0.09330902992950958	0.09677537789109479	0.23395806346041695	0.08025727060708265	
0.0840895605365089	0.07361539181564658	0.05812814627902445	0.07714562679142067	0.27874892860537737	
0.26723685704741496	0.21521480317854824	0.24952097526274905	0.2807798475673491	0.22609028112174082	
0.40225821059369327	0.04625188178673633	0.1975307165200681	0.3839668468667917	0.09885687417182958	
0.07120388465760034	0.09155077210343945	0.17254288891237174	0.27293898910939807	0.25643863647534965	
0.18444687925044057	0.05442515369339645	0.043986044357704535	4.607143109224343E-4	0.2621494540443936	
0.2671726913913722	0.16529136223197605	0.029685228972812002	0.26072520087268014	0.2840227124768184	
0.28024848748177394	0.06923175405393726	0.2529616800473803	0.08617865951136873	0.31584655903772163	
0.10626867625475755	0.028131374534195477	0.2150189221125274	0.2760629245852301	0.024825945022279083	
1.0493186525001206	0.8404570541180465	0.39329472505943924	0.524270642868876	0.35175423865074507	
0.1739343539588271	0.21690273884207725	0.2435040482294784	0.16828458467239404	0.09863639013565259	
0.2753717575508038	0.18181678359270959	0.1958595789020858	0.13502900079110755	0.28078985464588896	
0.014716188834162848	0.15125291556250892	0.21960988557484687	0.22805373903481987	0.07714409540110112	
0.021216620658420948	0.023479756574292705	0.26856490996078214	0.037526087087927165	0.0	
0.1355079168296903	0.41686832748493335	0.3322563062258564	1.2055762941939212	0.39729784044315875	
0.10111213411709896	0.1890768412861994	0.08286916500963552	0.04497080513885983	0.21958847465530199	
0.18552033026990805	0.29124322542041026	0.23656313005132942	0.22306172581668166	0.16001159109741872	
0.23972186396122738	0.11570653463538112	0.10435671459871904	0.2497466477386349	0.25062304874983055	
0.2555633682682108	0.07579083519966774	0.021313095465188742	0.22664285084675123	0.12834159195097433	
0.0	0.0863265315999815	0.18245615272421115	0.05568970832491122	2.2055732276428548E-4	
0.06597990368454082	0.09942914305746094	0.24394425274437834	0.16998672709928161	0.11400487922621275	
0.025675702403563164	0.13948707990634637	0.10345169104011216	0.2096150181255035	0.035578332430688	
0.0	0.07055757298137441	0.07524950310781947	0.15758691601693894	0.0	
3.183514436967678E-4	1.5678441408669368E-4	0.13865744878589828	0.037311806957851426	2.2616506966436346E-4	
0.3026364886125805	0.08522009601285593	0.2044781186329872	0.11714817833048025	0.0	
0.29603767165803174	0.03724156633618966	0.22969125394159534	0.0965666060987498	0.30267009064946804	
0.27048800810237883	0.12042692417681686	0.2334366344522988	0.27510026954354655	0.27475655125063353	
0.19127683496267053	0.05527948958472664	0.2842994435520098	0.09517718675178968	0.16275426347693864	
0.18014418400108592	0.1768964047945301	0.1401889758863425	0.02348962651016013	0.28057909784422197	
0.0613933406048036	0.1533417491458584	0.18847978555073003	0.059944575617955964	0.04182544777216045	
0.04865806870159352	0.21663901152841208	0.2906703200499243	0.07481078987492029	0.03387120554657805	
0.1449614981230814	0.25764593895636484	0.17639183347420476	0.049924041886541794	0.11381273618122242	
0.29242815703384095	0.0	0.02452631828446677	0.1427167977430966	0.23100593227598212	
0.2007216561233773	0.0048352327682253705	0.26790241871538106	0.22772720707489857	0.16341368954497196	
0.08782647807077959	0.08232191181774393	0.06741172881390659	0.016957088217490146	0.1909006622469109	
0.29216776708152864	0.2541561178677119	0.2407517323218591	0.02027843462791348	0.019916625339803946	
0.31909186788366667	0.06147946479539819	0.0882623121032771	0.25257410255472384	0.049007588307389105	
0.18578397836744323	0.11670849592398687	0.07298492605421542	0.1452505227121796	0.0010113343568294503	
0.053969466066209615	0.09658394783322455	0.10817054190637616	0.08389283914378186	0.2349065762597149	
0.19484771835993933	0.19496576592191625	0.12058039383631333	0.1521169107500305	0.21770069602029574	
0.28405768422512817	0.1782775131591534	0.12076119133541105	0.12099524481017274	0.07807925539977911	
0.0546677716319672	0.14470348772447425	0.05641735627296045	0.2659817804863213	0.1191435021537112	
0.22455381851274747	0.27752329325703035	0.2831307608346396	0.02990387117612835	0.1279745280203597	
0.012120556467143434	0.0015206344235478746	0.18202672286533186	0.13563058873334777	0.013798329517369501	
0.6478625741902475	0.12118529466284655	0.09940310059489893	0.04307939590657304	0.01155437579286617	
0.2634742712385786	0.08904998709214385	0.32054050577763865	0.25609566821346563	0.0969463426588228	
0.03837711933552603	0.0660542017614131	0.17942247686029228	0.10741738040121093	0.1547108540361293	
0.17305701213468794	0.07501860222065582	0.10140690779435767	0.18096658467763418	0.22002238429927654	
0.05825265097956645	0.2676237682750377	0.21155841435376727	0.1659257278964472	0.05707015570142389	
0.06444432324171905	0.2887527110877198	0.19396696652208242	0.28501206156359365	0.0	
0.05268119865964792	0.3030742097146358	0.08902435479941326	0.07099506293483873	0.10165610739702213	
0.0	0.0	0.0	0.016176050478375118	0.0	
0.1739144318746768	0.0019393243133755697	0.04556128854781135	0.010433173366851503	0.16552960428715252	
0.2563007556719083	0.02795104234210871	0.08880213710900418	0.07986643088347804	0.12779678245636383	
0.24710786439569202	0.20723893943116278	0.1358699516267455	0.1540910718185426	0.20634655693409754	
0.2609740469902332	0.037136003755849106	0.04477609414497989	0.1101784940007495	0.004550597812084109	
0.021621453392706734	0.09100220845675865	0.1318270983098374	0.1594046530746596	0.09163370383552145	
0.005027027875757646	0.027246662047302417	0.1531252124804703	0.0	0.22240473375657344	
0.30004582063867397	0.18998204208688868	0.013018734667984509	0.14248393451284994	0.07456784881564009	
0.26027686983910786	0.03861762388049325	0.07458316937543097	0.09672678977933545	0.261340895690317	
0.1749865285855585	0.2423207501099439	0.0015905259702571303	0.28353790351597646	0.01344122520808676	
0.10022732929060867	0.10868212918764397	0.28207458482179854	0.11951986685347554	0.2521049219567413	
0.20023217001662388	0.20429050620804434	0.1430180166250388	0.030667562535815297	0.3014211100160353	
0.042254085577696686	0.062015116036657866	0.20107993161595727	0.2982423912907919	0.10864914201246115	
0.12659373709925514	0.09791323293503516	0.16976268078242623	0.12010787907856003	0.028674600782420723	
0.0540083865157606	0.14426386384699713	0.08648578213537983	0.19770107398933495	0.2325082579274127	
0.0441169722587868	0.2776457099343683	0.22493452733717562	0.17520056978162413	0.023846531353192087	
0.038665624028341256	0.07255717402681315	0.03974460842837097	0.04975108297507503	0.29767578335309597	
0.12897586834956823	0.054905863427333335	0.28586507729058147	0.01068696934359233	0.1797784535717235	
0.14454312448977988	0.12918326683112297	0.0900657351059471	0.16360237438217726	0.2152595196553974	
0.16997516670903387	0.28715960090189446	0.28695950578096063	0.05915746094389791	0.044732934593841006	
0.2964367709993928	0.18182241741143235	0.19382838946813094	0.14994043416653396	0.30174183666540516	
0.3612813000813197	0.0928769249325994	0.0	0.20648828415655926	0.29779905659300143	
0.012619525280420414	0.10600428591109605	0.20727888366999725	0.2556441857416038	0.10327678217844699	
0.14178296868610188	0.13441229421901002	0.051929080287513654	0.1745192111450873	0.07352498114977501	
0.21368919990934182	0.2018501497076499	0.27208342100782057	0.10949634860280379	0.2143061395044174	
0.0879696203139237	0.18088401166123477	0.0759335490068382	0.1843406890880596	0.274938571253793	
0.11230579170780941	0.0751902356076163	0.07887193811588242	0.17008337725663955	0.0	
0.25548475917749297	0.28888495690102434	0.23973972365341822	0.10681302448236456	0.10251652825525566	
0.19065617396502804	0.27040775126360966	0.14770731093904266	0.2910694715509596	0.07089529520886007	
0.2827324568875162	0.1040382724293262	0.2094320988132239	0.15581756171917227	0.06968630658566032	
0.12001424491999357	0.25935331387023	0.20798888973271834	0.08916920156072461	0.15774128990836614	
0.03647592925408675	0.17367462541187273	0.06250167841093046	0.26642084571999675	0.1201490968150453	
0.070901396614318	0.03584825264523712	0.12756848843556967	0.1666801540506172	0.00905433114430624	
0.13735376935808807	0.1735658938956145	0.002085944292005184	0.09510667365392399	0.11833748410410681	
0.11754863135225851	0.24995773347216835	0.07660165162949308	0.2664813980805746	0.048133154551913165	
0.2184912175205934	0.08747311640065593	0.2862417757469961	0.2920284238430561	0.007965960718560029	
0.218449881329132	0.06597905087875852	0.1286283268876861	0.13669301354036142	0.029205562020946922	
0.23731668861877686	0.006751313005983636	0.09531111686004291	0.028838600853808995	0.2315974044473065	
0.05197891719847157	0.2423948088875179	0.29055120492804515	0.042426042039152054	0.11025217445094826	
0.1262583420794987	0.0029308987102422855	0.2703545338795828	0.020705650130152246	0.0	
0.16485833618899765	0.11088430754771282	0.14193733955842702	0.12959657237737207	0.23635114088634904	
0.1574675856959338	0.15369160008728927	0.03801967978546336	0.03442002220132628	0.27890942889795073	
0.09673789727108194	0.08546669540840329	0.2325867036988833	0.07235464123946342	0.2779140874827203	
0.22344979927999978	0.09913983574428364	0.02758478766531575	0.11621664215162995	0.14168191912160902	
0.062239000201409975	0.27970268401238346	0.1117747998203546	0.21206904746519029	0.010801469136325001	
0.2592955354066924	0.13730566228415148	0.05281818681412582	0.19464258397492235	0.0	
0.295765704875479	0.0030999259538574265	0.03779540698922253	0.24226509981828376	0.2662600268698721	
0.014371798195587232	0.253654837517805	0.183197599888849	0.1916512086508714	0.2120226364037709	
0.22903380309467528	0.03734997251291096	0.23165655981682642	0.23501893241274024	0.2780806320035089	
0.25474307423924697	0.05739694672505375	0.11159347762840627	0.2881242428758871	0.050768291358134245	
0.20744037245382532	0.11344487437127203	0.2540201427075478	0.018039635557851798	0.14133770342652074	
0.15056279141724735	0.10650075995662601	0.08193845258464996	0.013842664440248512	0.0	
0.13300433107708245	0.21289353380863274	0.07658324003980678	0.12584324327468094	0.03333243543549295	
0.2777819185380387	0.08498302888628649	0.06316294596291078	0.26955984386524556	0.1750363069432404	
0.033590001152139184	0.12437076294514338	0.17830659917408415	0.2399282122931348	0.07018976074806035	
0.24103923627012033	0.059982934874877304	0.28629258518357265	0.21511981146676573	0.2780641172978422	
0.08886011036721495	0.28324954771209965	0.2360847566994144	0.18025047000310374	0.29416231756675293	
0.10736768781645471	0.11135761163950218	0.13528679733159885	0.10136611217174865	0.14836298917046756	
0.03783166603604953	0.27150933251616305	0.1850998046135815	0.18997117551763706	0.08744136026515623	
0.2748535426420957	0.19779008565389314	0.1842553190813328	0.10839740878412582	0.021479369648260915	
0.22863741707958854	0.05119490498659394	0.32055927526413913	0.10914272936578197	0.1758538236103797	
0.04522913132559547	0.22160731737113756	0.021001565097999195	0.05729090230276977	0.11241280522313395	
0.17114697313042265	0.12749770699507254	0.07601264651548677	0.04899447525554356	0.23760231535614895	
0.20630366030850908	0.13932286651068923	0.2982804778194724	0.28771815618054986	0.18024718333849815	
0.03961047763974702	0.2528680783047332	0.2754102705687297	0.08844541870108676	0.2553885806148514	
0.24000920409073	0.015568169965354439	0.01588218715617697	0.2242116023413056	0.060416321837934966	
0.10468862874868486	0.19925034936292738	0.2944190945293541	0.20468693997715676	0.24205711974424887	
0.2209459601257353	0.1427710741612762	0.2434623292560979	0.01984847778694452	0.21211347357194862	
0.2606411051566834	0.06825802930936375	0.10693645086688203	0.221350054311839	0.0037159314067420294	
0.06918898456309035	0.26147980901784074	0.16732625674985568	0.27558208951016194	0.11482747229237661	
0.16414416535493606	0.1589829350771706	0.15879978476097178	0.0	0.21949939105994323	
0.04867156205823532	0.056626645400296514	0.050759295371285595	0.17723065570334623	0.01664690343235034	
0.1104464273683105	0.12668725443131004	0.030839526510061242	0.11523276111724216	0.25541098013902785	
0.24589287896807746	0.1593176793904361	0.04555349019281675	0.1275125569984854	0.06781238693124311	
0.294353626303665	0.024359696609168806	0.23453934844706964	0.2535855280220429	0.12216831729424057	
0.16577509121329959	0.13387778655847235	0.08635860793312357	0.10630753368091966	0.007969990001759485	
0.006893147084499261	0.1960544107814445	0.13504473514136925	0.2882106833796674	0.010450504481439684	
0.13675583077362716	0.039024018535248145	0.1817372437277509	0.19731849672578453	0.20228513978445092	
0.11015082923384914	0.20668156653274436	0.24423862943213642	0.19173243598760087	0.08352215629596506	
0.24154302602373226	0.253474539992154	0.1809008109334793	0.2576469658787083	0.045536805619854896	
0.26099620361133163	0.17455130228906712	0.07289327412308141	0.08997890293994644	0.16568072011031984	
0.2508333342898401	0.22579799097853265	0.1067513867680004	0.11112328402577225	0.1588772869898684	
0.01678016526822294	0.2786251546695599	0.006193242778412435	0.04242159913219123	0.2574131401983367	
0.07732334518979092	0.28121618103880514	0.1556119470108131	0.19638267896943323	0.09247977182098382	
0.10211309264981268	0.13380342555165242	0.2797175344831952	0.08210592216645751	0.06064027757512602	
0.10200783714600277	0.23519163176969782	0.17353559765688165	0.2124508642328383	0.3074775297513996	
0.011282661208486186	0.0	0.11933177975268802	0.10688238887029532	0.056360209275851565	
0.2080200690795185	0.13354249032682028	0.11166313621764284	0.01006226849429039	0.29420844201283003	
0.12472690353220556	0.2767084833826438	0.28289189816398475	0.2589716357665766	0.11202376878799686	
0.11150243140493199	0.27486560392120507	0.18180078445859818	0.18786547689165875	0.19782473342825102	
0.0861158398428716	0.12860724169342022	0.17258334975456374	0.05718902857173431	0.09618277686131861	
0.17471684952288527	0.11304404402030244	0.2687851857290296	0.14666840529964276	0.24647659605475716	
0.11402326581471998	0.26843754191057667	0.009185594269915165	0.30441870096377827	0.09951171473744398	
0.12353557621076441	0.18473320596752568	0.19387335161340793	0.06927579133135545	0.27969355410520336	
0.3041168998104524	0.27492016767069044	0.2747820272137082	0.2930157530681179	0.2429767154748208	
0.28227103927185887	0.23023447489610024	0.05136706802657583	0.05367619754359875	0.25239031737255735	
0.3011200158723411	0.24361879521753002	0.13737955046483658	0.10262477796736665	0.22703965890602448	
0.28992584358451523	0.2684662662190775	0.06962201808866009	0.27664521705586115	0.13985504362227993	
0.0819541702263012	0.14312376500214188	0.037467503407904536	0.11373942049995522	0.043503316197318974	
0.1420168094763273	0.03745715117701827	0.08093781747026939	0.009517604863676312	0.18199185262653322	
0.1893507781291846	0.24464865523079984	0.2409381631613558	0.12828969182037736	0.300328158921895	
0.25395810724983375	0.17809634521159787	0.05463816109721626	0.09042077680922087	0.024584074363420645	
0.05987740346587237	0.035038052185836	0.1414247145807908	0.033174596741121984	0.0492923921791658	
0.2977521946402769	0.23551750615100733	0.0	0.296144175771795	0.2604202581375311	
0.13036415969663023	0.10734479904158196	0.02039726049311422	0.028803497321444563	0.25615390670721	
0.08564468814590649	0.1758311142400301	0.2176133052101441	0.10942568949672742	0.0048095557643975705	
0.2999666953345782	0.1652397639085455	0.07967850448825563	0.18057861216636872	0.009427206748479121	
0.15661443549796125	0.05779247087132608	0.23970916755028632	0.13491372601852986	0.15920264451118477	
0.027508562563891798	0.2901623982074328	0.07540367034107537	0.13944909747100007	0.17085267869072404	
0.25684364487290384	0.12162574733461456	0.051529768822266696	0.14016306745082108	0.045650476779690204	
0.21252990586540477	0.03254299428701409	0.0784110241387103	0.11785204882293109	0.1522121040835562	
0.003608546729959266	0.2130815949183093	0.008465928532398581	0.13048083013793718	0.13233436678173485	
0.06611532311020897	0.2805394977304014	0.25454825088760125	0.10770990459356147	0.2501801554614878	
0.05246560468836841	0.22953520415744175	0.060419024394737196	0.016083948685561646	0.2131169825005217	
0.1623159373338156	0.25425606428461445	0.2834928273147127	0.2514374833570029	0.22699750208127958	
0.19103287593032794	0.20769648190154047	0.16338285760728843	0.22699076120792377	0.10773088372809254	
0.11627575582712597	0.024430138649472376	0.06897661588792708	0.10421427318759054	0.048051176143042225	
0.21867634060919813	0.14075936563860084	0.08988787044900595	0.004528499097330555	0.12962241709181926	
0.18421230077760345	0.0	0.17646733306876672	0.27974630113242577	0.04099778174587463	
0.2354798572910779	0.1815866119739118	0.14733936549231122	0.18548217480836343	0.08373094193910495	
0.021423030137808566	0.2934811711789315	0.24244621400532204	0.11089340471672114	0.04742532148766973	
0.07699580205180231	0.09238479362435335	0.10602884583204435	0.0408913844936882	0.12106815759129527	
0.103728535763239	0.1644558954804116	0.28190317444626783	0.04419955897589517	0.06401182450155415	
0.05485556769939214	0.1315460540886506	0.24223456129078305	0.05052159062339742	0.14318097783498387	
0.09787370786674912	0.03919183988542146	0.30031143611383887	0.2028753084870505	0.11085933913401735	
0.04904289783743741	0.1239369164482793	0.1079904640366012	0.2614236524907702	0.07877265988655127	
0.19433216395159347	0.002819598855384219	0.29023520949003023	0.18379635963421523	3.4230961660821366E-4	
0.10186884351655949	0.0042153677131844805	0.11681321187100205	0.16997521368981022	0.21799200477889075	
0.08730733522557231	0.01858093266460148	0.29225506421842334	0.13889928965259404	0.16977359394516472	
0.07865962318663214	0.13714546627453433	0.1978119461984679	0.06100003129320443	0.1653986473156435	
0.10593748158323477	0.057727348110304735	0.21414118229161694	0.03858343195695914	0.1010191689830814	
0.29939276352777044	0.26244994299403046	0.2946596630240951	0.16309135487970253	0.2668597297422054	
0.043839225742997104	0.0534184583290301	0.2736465249708453	0.09939557632271208	0.29404378219925126	
0.1883434668537866	0.035249508489279865	0.2728514771458437	0.035615138070048874	0.2732076863938561	
0.2774292264027496	0.23485999727288553	0.053453384302917586	0.13855174646282056	0.13491586266395114	
