0.29560547809654114	0.20610589938289806	0.32285403512937294	0.0	0.05854862331794956	
0.0	0.0	0.0	0.24638802871137896	0.418755172595463	
0.021447311517782605	0.0	0.0	0.2716094170535078	0.2786204795233408	
0.0	0.0	0.0	0.0	0.0	
0.017922474791037778	0.09725591764249528	0.1564580921026954	0.2972189389100935	0.23598012554396236	
0.19000291182450735	0.0	0.0	0.08905126825734236	0.3256618924726334	
0.0	0.0	0.0	0.0	0.0	
0.3627801949107217	0.34557873615227896	0.0	0.0	0.093714593204663	
0.049204752386750816	0.0	0.0	0.26433929858699107	0.23450673476915326	
0.0	0.0	0.10477031432102223	0.4604062040384099	0.2221236770509229	
0.0	0.0	0.9092477538974288	0.0	0.0	
0.013564847906532873	0.0	0.17315633218129453	0.24816611634462882	0.143780716313612	
0.10829401254845818	0.46221645250582977	0.008739119646784647	0.48602911629504425	0.07292243219807572	
0.0	0.2796918964254757	0.0	0.0	0.3173902280865603	
0.0	0.0	0.0	0.6310512559497989	0.0	
0.3982150521190528	0.001371861865511172	0.1177567865536099	0.3463408421299341	0.31424036034371583	
0.0	0.0	0.4878327863784831	0.0015383695438677936	0.0038356397515008724	
0.5683248695670172	0.31438410772276854	0.3057859526613144	0.4546791973053641	0.15660174525726117	
0.0	0.12938570039121133	0.2874383326833535	0.03557270980876774	0.0	
0.09811945347904152	0.3064770383002931	0.021239124518631806	0.789921068420361	0.0	
0.6697908190847964	0.5264155871495032	0.11924384958259493	0.05057236455003538	0.0	
0.5443104901024272	0.005644961566824929	0.0	0.0	0.07567900561274833	
0.0	0.0	0.09383553682866148	0.3875017292227572	0.05622265551213732	
0.19241759887602253	0.12451099813484562	0.0	0.2285697690211471	0.06201265058058882	
0.0	0.20304491245786713	0.5530735995129006	0.0	0.0	
0.36183106634798684	0.04870908234080658	0.08174532525846886	0.0	0.2885572474464412	
0.15386447405185	0.21082942883187183	0.0	0.04214741309698794	0.0	
0.2734767742220162	0.657475293501704	0.12242002588078141	0.0834877392311141	0.10108074573404646	
0.41720288123410404	0.04839470577886855	0.0	0.1461921318773935	0.3337425075642388	
0.04065602124937709	0.21479388686840906	0.22739137076297603	0.18371116463150736	0.0	
0.0	0.0	0.15608770023134172	0.0	0.0	
0.35544500079429725	0.0	0.0	0.07491514127339197	0.0	
0.0	0.9345083076047589	0.003440721276571502	0.4406196245401825	0.032938431411903495	
0.24477321883632525	0.09952235310584569	0.28413529865233006	0.0037106714059426363	0.21979744420071193	
0.0	1.17338745366461	0.0	0.0	0.2558046002613242	
0.15577258123283907	0.29511955891057784	0.6141444416306694	0.14051085046931167	0.4627254953381736	
0.2694800296711387	0.0	0.240076782795371	0.0	0.02406020067328489	
0.0	0.0	0.18341879076211257	0.3559293395605012	0.012256753137612398	
0.04703270426255287	0.2299116688595416	0.1370316289474711	0.04851212222053446	0.13706818449536926	
0.0	0.0	0.1113653878588762	0.41864436176336595	0.0	
0.05999470642273594	0.1073246936081337	0.1002084550289975	0.1865233917759241	0.2774428775303124	
0.0	0.4957926833530277	0.0	0.14330745643899645	0.07613890520599202	
0.21796625355611368	0.21897447542347223	0.14532467839168925	1.0339481585088952	0.0	
0.7484867139536645	0.16702734600067842	0.41593820630801964	0.4613498516307932	0.0	
0.0	0.19544026110974158	0.04193352847482049	0.2641550329262864	0.0	
0.0	0.32994606795938647	0.0	0.17498730852409267	0.2399373993191561	
0.2455962410734107	0.14909622450677168	0.16988969950296434	0.12758885962307123	0.2526924643598595	
0.24479432021181502	0.1553723913092771	0.27756777983067904	0.11772481497824364	0.10580399726794744	
0.0	0.0	0.8246726576853821	0.0	0.0	
0.13093446967578923	0.0	0.0	0.0	0.29878391274891714	
0.07548192519238249	0.0	0.01545182050253407	0.4726275986436893	0.07041843111008052	
0.0	0.3960237872174288	0.40474854942868754	0.0	0.03469739492849043	
0.0	0.0	0.04668878965175281	0.7653259266080432	0.016094854132363872	
0.0	0.39907213810234354	0.008304932864907678	0.20077066257483822	0.01403596835247743	
0.19989663146274395	0.1753769628719374	0.0	0.0	0.0	
0.0	0.09494354305477741	0.03962363172971158	0.41243796660954424	0.01792527398274357	
0.20412217091553891	0.0	0.0	0.0	0.0	
0.16413895476287196	0.0	0.0	0.0	0.14125089650748818	
0.3368740805117704	0.1819215532620643	0.05329436393624348	0.07793125563532632	0.020121402169057567	
0.08065048517660474	0.0	0.0	0.22165518091429226	0.07648316987710732	
0.24583660546418512	0.1040285941980334	0.12770599688582637	0.0738652127515097	0.03681542729574249	
0.1365547836866619	0.05900720447307432	0.324905286080193	0.28453481341931425	0.15201797528173847	
0.02119225588753907	0.0	0.3438340799839615	0.0	0.663478676749639	
0.03074991981455869	0.13618922122345015	0.06273625207826795	0.22593834704740168	0.06036428170269823	
0.0	0.17394823547529165	0.0	0.47551531621207616	0.04821986377837928	
0.0	0.07200693806147487	0.40949280638608343	0.0	0.0	
0.36757261043076195	0.47600969903977663	0.03663804163861651	0.13088823395721733	0.02412094760082581	
0.08627401411645444	0.1648213518867448	0.0	0.0	0.05931319180569255	
0.22902626012103264	0.3645447422107844	0.33902021713500313	0.3641576416830205	0.0	
0.16014175672756792	0.6549418449917882	0.0	0.1412581343360728	0.3295960854053284	
0.403725657160167	0.3719609356720242	0.5614199073838539	0.0	0.13008072615115587	
0.17135613984034273	0.34782290781478714	0.0	0.1684870571416347	0.16244867279644637	
0.0	0.0	0.0	0.0	0.0	
0.0	0.6239106672993362	0.0	0.012443482315746638	0.16016981322651036	
0.0	0.0	0.3721295673465551	0.1171641273293362	0.07745100304139677	
0.22793126743020128	0.28097100216220333	0.2908029671718449	0.16090617131444954	0.009670278662176748	
0.05980021771233849	0.0	0.22484494767295868	0.3081278525589912	0.3246545419132192	
0.38497946770504465	0.0	0.0	0.0	0.0	
0.04161617726245283	0.0	0.15607703486787167	0.0	0.0	
0.04182208587994458	0.10277209900156416	0.043630531259897354	0.0603938502775672	0.11180548130745081	
0.4305773300957321	0.0	0.005051309210555764	0.2582163994423086	0.19781788872732364	
0.16623048412404784	0.18148208005870134	1.6811306859678568E-4	0.14187378851690974	0.002041757326509482	
0.5846651691448448	0.0	0.08456818076899315	0.6254928378066744	0.0	
0.1118505532310673	0.2277771476922872	0.0	0.24706015544924073	0.0	
0.0	0.0	0.3050861040949744	0.3642845039686489	0.0	
0.5842562198664629	0.14697432607865235	0.6064191966457416	0.0	0.0	
0.0	1.3151923630976368	0.0	0.0	0.08789244065084516	
0.1321618534391974	0.33533232358635723	0.009626724886805705	0.2001752640048977	0.21753959703571701	
0.041486505717015204	0.0	0.0	0.19411178933961315	0.10676038460959687	
0.0	0.0	4.041479991460714E-4	0.9465958308110206	0.41441633918757453	
0.0	0.013127288548766854	0.039024525045158014	0.34554320828741814	0.0	
0.0	0.12609480480281646	0.011020645987699404	0.1650429714114369	0.06207726791100401	
0.3914484938912329	0.042198188600082204	0.20617022690032652	0.4200237193944603	0.06347763607930677	
0.2680205494221118	0.1614829878664184	0.2559115857281457	0.1150578936614087	0.04821696401509587	
0.0	0.13970208774847861	0.0	0.21962156187130114	0.05716617049733729	
0.07867527321791888	0.28651496880963623	0.16364941742448832	0.19868336477137183	0.040734782657638934	
0.0	0.0	0.0	0.0	0.3152442124153032	
0.0015905461985137954	0.20977720314877996	0.0	0.07632837544580626	0.349231933379388	
0.0	0.3398201889486624	0.2636229680383904	0.17902717517017125	0.0600805973459035	
0.5965632404510707	0.2535365127239385	0.5100317832024152	0.10849995012165078	0.0	
0.2320477850725653	0.0	0.0	0.0	0.5881837124600836	
0.0	0.09770058815203167	0.07527037070580622	0.08426394376088037	0.17973855436905292	
0.08165078300847425	0.5570593652993765	0.6060551004754714	0.24991361800793568	0.27773084029086564	
0.13081810013633996	0.12027158031081346	0.47962271651236343	8.026100909857222E-5	0.0	
0.5061203749988399	0.11591598909786215	0.20682901453454125	0.0	0.04750285544608619	
0.0	0.29295402653987657	0.21272479555875576	0.0	0.07245629525566376	
0.0	0.0	0.0	0.0	0.274866021972075	
0.46437765626878125	0.2227656122828705	0.0	0.09160752861481697	0.24679762644419379	
0.12804432150703007	0.14265701790187987	0.285439034656902	0.10963150230073457	0.0574445451645727	
0.23340654520455534	0.1347196533378276	0.0	0.49650417485547793	0.0	
0.15200857956064057	0.2844018240836889	0.18116644024498224	0.11584643881583521	0.15996377999583028	
0.2975394377370846	0.10273432661168573	0.10798938567653844	0.11838666326406674	0.2955330441774971	
0.06649845858124916	0.4287929881026306	0.06302529105146594	0.33752757255495913	0.07848814410617436	
0.4406635422239601	6.089733439386224E-4	0.3035724990447599	0.0013434447597054473	0.0	
0.46758353428918203	0.29117565715663707	0.24704758288462902	0.3705322146656544	0.32072161250239317	
0.4332995364149416	0.20482450507815983	0.09054653475744101	0.16217288784420178	0.43818900653891496	
0.09274239566445089	0.0	0.4804010868556349	0.7029549074273344	0.02734791120587775	
0.0	0.009416110062535938	0.0	0.48000584856601736	0.0	
0.013860286939581903	0.0	0.3940821064301144	0.02707299060087463	0.0	
0.06380665965534507	0.0	0.0	0.0	0.04034625845832407	
0.0	0.030388585313924556	0.22194558998200162	0.5183043276973248	0.011584336270556973	
0.0	0.0	0.2401266724742049	0.21847864476834863	0.0	
0.39869170758998607	0.0354831024972682	0.12635688175194937	0.5030737747356959	0.024251575984084055	
0.0012005666681647476	0.028916184465358086	0.0031688443944372885	0.03222865606936357	3.751230434780701E-4	
0.2758280202892818	0.26506686655322126	0.15675950054575738	0.3702795096916113	0.0	
0.07840456683676783	0.5268877217889419	9.184779119686605E-4	0.0	0.1368149307562064	
1.0057545638986696	0.056985441287489995	0.0	0.0	0.1607022659600502	
0.0	0.6285350092613123	0.037096515396401165	0.5193279499273654	0.0	
0.1564872383008233	0.37522402646649883	0.34811660517053167	0.0	0.16525836787553097	
0.0	0.027545736043614318	0.19894421672971083	0.02883048363263409	0.13258210991924405	
0.0	0.0	0.0	0.3980648298143575	0.11706034353263352	
0.14075627377183655	0.0	0.006204677092726329	0.31715434809665555	0.022851076394072793	
0.0	0.3342211008230181	0.0283999006000281	0.5448934013028838	0.005712656371811259	
0.2540735201506366	0.1800570352146492	0.0064230476607335255	0.06146646901589339	0.053575594697040825	
0.33065127109539283	0.6320080769595462	0.025515244953712636	0.3029350262418741	0.2472923465224161	
0.2389163774900524	0.053463499541415736	0.18438505076842016	0.04258826349379349	0.10527928959910736	
0.007452680238618191	0.037853269735727356	0.07455891630876765	0.8723338161991349	0.0161814180007913	
0.0	0.09904009771674598	0.0	0.7475897449268734	0.6899253102949399	
0.06549180300474716	0.15333092438722135	0.2845642889044098	0.0030140568396585356	0.23405549578924012	
0.24452190182084577	0.16393011636450167	0.2637541990097764	0.07941774412197351	0.19219130132118958	
0.3427409367106957	0.7626477619068371	0.1316994220703862	0.0015319624218319255	0.18011918915619698	
0.23482602471247538	0.0	0.0	0.004168197382280406	0.5322262795607556	
0.07201511470176242	0.18056545398561313	0.05347261085111419	0.5006065504324704	0.0	
0.25834105727068485	0.06738954550695371	0.3361132506606493	0.38679532560973395	0.09309890969724931	
0.12636486567846447	0.7276913483603649	0.5501403211275837	0.33326453053737704	0.626053592303429	
0.267301142839982	0.0963517878761462	0.08456359968364187	0.06184778475223087	0.045881244660080436	
0.38473956157023	0.22127401386929885	0.0	0.0	0.0499392976447802	
0.1185856682028456	0.05805640297004359	0.03784198927641356	0.2289650318057627	0.21915850901071005	
0.21341795397828436	0.168949594124861	0.5057595575860934	0.23293799818087718	0.0	
0.13561383566779464	0.07952493649004946	0.0	0.0780950233750209	0.0	
0.19388001189291013	0.2959929877587327	0.35744049627883506	0.14801114056906634	0.18269916985340645	
0.10582244148727002	0.048412520702434285	0.04614234848151144	0.34557002109805135	0.0	
0.008747157832482281	0.0	0.4234954362660415	0.7392465395127065	0.013160607127690988	
0.776228028542566	0.22274882109744196	0.0	0.20919326107154745	0.0026617442874463165	
0.06835863619077173	0.20267210014826048	0.0605836108733768	0.09313121261256442	0.047647617236578774	
0.24837603810352418	0.3634204584560847	0.3222235335992462	0.2337294859718729	0.2469313538328656	
0.0	0.1296487795418614	0.01749406805358918	0.37241048427573165	0.08826192048480161	
0.23388569534031536	0.5140395708497554	0.1976059242634311	0.5045579725399206	0.06701611460272254	
0.06261385116643553	0.19490563530302082	0.0214072452272216	0.08192409285224736	0.3549041809568889	
0.06885935057505929	0.27403250294026654	0.3058794334043174	0.2017261596512358	0.46491953252024804	
0.30760634017007926	0.47159306646163734	0.3835096091546008	0.13009520811611064	0.0787660763866643	
0.012501240469451651	0.0	0.0	0.0	0.0	
0.7895403007130656	0.2882549130312068	0.4480172189958569	0.3034518669224545	0.11514205875269705	
0.2716911709473973	0.21986719663114113	0.10956889946612135	0.3646499057883002	0.0	
0.0	0.10987642369524868	0.0	0.0	0.0	
0.21508419562980355	0.3320712938803627	0.4015187086082402	0.2404143926757148	0.06321913426520438	
0.0	0.0	0.0	0.41779002341108157	0.0	
0.0	0.32128564157549844	0.0	0.04289054467021078	0.0	
0.13637678907523942	0.13731559059622714	0.0905030845706912	0.05750632959282797	0.2912359523917114	
0.2602518654185768	0.2485482086426083	0.2395134567531632	0.19087130105387629	0.068539118737853	
0.015697418145260825	0.12145891193178508	0.08673219637469108	0.29599238516283205	0.23559532119939	
0.0	0.8839432256109143	0.08680395207542987	0.11912880684652981	0.11344199125796703	
0.0	0.33555541146884543	0.0	0.6217246642682095	0.0	
0.08352555576565981	0.037074548742681235	0.017120342490081222	4.242125077447835E-7	0.023330247391813625	
0.0	0.059301287515798135	0.2928921457357369	0.11627509253679649	0.010797584654610084	
0.0010380529850153523	0.0023307361669863934	0.03135636978331976	0.06146725236912461	0.39858968667541467	
0.1379993750269947	0.1974341494606398	0.03776845616902309	0.046897689265321355	0.09696139727328675	
0.1269032331776	0.1423969759897425	0.04281499674067567	0.5584485797757018	0.0	
0.20866822542934316	0.07511574373112061	0.0282987492618412	0.16195103007777567	0.16591077476570965	
0.0	0.0	0.15440049698719552	0.0	0.0	
0.07290017970901938	0.0646577309074697	0.005030733817809444	0.2366712825240481	0.04699138027516733	
0.27873582812525427	0.16796150258824255	0.17822606255105275	0.25231258662598927	0.01675344058660558	
0.2431442762622046	0.1367956943662578	0.21094937918406573	0.0	0.0	
0.0	0.3020573053724314	0.22611084129959685	0.545956189197797	0.014435582350385771	
0.2774829854270071	0.1668635289545433	0.26273958483091703	0.28423038026553427	0.28291697291778334	
0.2936268904177045	0.0	0.0	0.024192654288875588	0.0	
0.33440947197093635	0.0600354226311861	0.038947584812198816	0.7965859907616173	1.3158857587208597E-5	
0.052803293390459645	0.1917171801497655	9.697222944469241E-4	0.2170553418748563	0.011498537801574895	
0.11741763064845365	0.0988261374547182	0.0	0.0	0.17231188791686547	
0.1585037237009778	0.26944651427830724	0.1761177744894226	0.2584770332136352	0.28850957033670505	
0.0	0.10779756354439607	0.0	0.16430362324016493	0.0	
0.0015858498911090987	0.13737206005054675	0.026202958444506715	0.12967863129566057	0.2329051571104338	
0.027169010082405347	0.21571167868961444	0.11613326360031676	0.23547573440709055	0.18671973880401596	
0.4193877519162826	0.22698071806473594	0.0	0.1614344461459164	0.16476898275560636	
0.2906545946342549	0.049639637251743876	0.13117025680263708	0.06192929987726375	0.15551386531006903	
0.06590631028919369	0.20753485738015445	0.17225271960624633	0.2501164258519058	0.07157685600158639	
0.046365628963163825	0.03151846981549258	0.05614007127589143	0.13678923895158623	0.2142847103790078	
0.22973527992195272	0.0	0.0	0.3536200050645716	0.05568027749986293	
0.5308610200236552	7.316879611152438E-4	0.0	0.4779170573936565	0.007917619428418371	
0.2614745260240953	0.17120262803903857	0.060339503210952036	0.37039651971377663	0.05380507932910524	
0.23726923317345808	0.0	0.0	0.2242310346718221	0.024263031265242308	
0.0	0.0	0.19394184010301108	0.31547424418004605	0.14229288299948606	
0.11113155874931184	0.34643416972109947	0.034021571854844966	0.17875611533782182	0.24931705169041918	
0.12958549026907443	0.3186185456597865	0.3155239426453111	0.5534916038561152	0.013495509031780114	
0.1531210746742151	0.18157513225513808	0.09048304232745251	0.2999214667305064	0.29624591301901	
0.0	0.4244998860394472	0.33860304063484065	0.0	0.0	
0.10511222266434676	0.0	0.22969920195993776	0.19073365610750503	0.0	
0.32697089338873003	0.14461233091326556	0.092164299064387	0.4882001203032278	0.21208485149103756	
0.2604265259526846	0.14889448435858846	0.2721645553810504	0.12496312715347187	0.0517977624503534	
0.10986859074044326	0.3341737273656187	0.04233560543164338	0.03327287146109781	0.09094042074079543	
0.17828213250426256	0.14523240020357514	0.24322557820403393	0.2024486289228897	0.0641196701996383	
0.024394627821704432	0.12236044754303958	0.23313403876265074	0.2528475106623908	0.05261910206414028	
0.17410984365615417	0.0	0.31424528964596027	0.0	0.07121546110842698	
0.28225593848985964	0.06537727128295534	0.2777111327528691	0.10475383864897471	0.18218238310931167	
0.22544249981738812	0.44686972192989827	0.0033993364137068095	0.18826838392299508	0.0	
0.26429393961976366	0.0	0.06904681666241055	0.0	0.186839984981118	
0.12656541478963818	0.2717734379768948	0.2965927913024264	0.24810290517055544	0.0615372232048158	
0.2742809118083526	0.09844216861742551	0.18939200596786546	0.2611487572868257	0.17269065093573271	
0.0513660000300315	0.3145898156354036	0.0	0.627616393039142	0.3349386366549725	
0.0	0.3951578215163397	0.0	0.4337692598187346	0.06802639981636802	
0.0	0.0	0.03052302917131338	0.03242728271634706	0.08864607567077355	
0.26619106594004727	0.4766839441269674	0.0	0.5468927190304359	0.49050566376785626	
0.0	0.24828338683298237	0.0	0.10914931672507285	0.38002114045013063	
0.2231934413564393	0.07181658326671117	0.0	0.30141671404301973	0.0	
0.20009631771266312	0.28033726519911717	0.007164255550596008	0.0	0.01591190571129623	
0.24774007051508318	0.27282859302831025	0.2514326199022692	0.13266050024364426	0.20020059593510087	
1.615231240821583E-4	0.47394447052659594	0.04177318149871283	5.871800636598095E-4	0.0840369148759074	
0.0	0.12119606529295557	0.14032980351199403	0.5113410643719438	0.0	
0.2443558128391177	0.04425432450349762	0.32914152444160905	0.32413043033676353	0.4372718782062726	
0.0	0.3095044943399862	0.20993626464768203	0.603892801051754	0.2724661920841158	
0.18568577179921664	0.0	0.0	0.18465499592018678	0.48090850346361924	
0.0	0.25978387747850834	0.0	0.0	0.2177997897111888	
0.20348105141109982	0.09699719262001563	0.07163719582295192	0.1457719258988394	0.014788493928286565	
0.06596886940671386	0.5483249704778984	0.0670806763507993	0.10771078880220174	0.24183511276389166	
0.04895613891753183	0.12259317931627399	0.2865580254676125	0.21412667614084427	0.16117463831014897	
0.4504823240168055	0.329971822033486	0.12235514645225375	0.38629817618249535	0.12007647512842225	
0.18830553760964852	0.24524339463368294	0.047559166909170156	0.09685837243694517	0.0613695911385482	
0.1299240461060652	0.24473807321425045	0.08607247084213242	0.059020145056882856	0.27949740176781074	
0.17370801629061527	0.26569075100536926	0.50185633048091	0.38943538282610723	0.09140632481681264	
0.010479098412755013	0.3416253287547619	0.2640736338417221	0.2941144486167055	0.24059326824606822	
0.07303183153525167	0.30040128239129543	0.14085697910530534	0.23542860008549504	0.024044829766213662	
0.002179641896518745	0.20560319023871823	0.3615325709774908	0.01244910300814333	0.24732813506954063	
0.03530647680923872	0.05720129389450787	0.16620809830318597	0.18463745633826928	0.13684974213151976	
0.27397040009468493	0.0782163157437277	0.010501029497403436	0.03907232817429559	0.15749679542000497	
0.3641737562226061	0.10940966636953423	0.7586436636235422	0.24946172774055247	0.049494732347853024	
0.0	0.28262006176057647	0.6325737307196546	0.3181688160181923	0.008732473971909386	
0.030077976965692282	0.17946048210198273	0.25267060463627095	0.20325673276945763	0.14305236169752086	
0.08155742367930174	0.11260182723974729	0.019784109266893248	0.1644866846786527	0.025040010714497112	
0.23269882710569503	0.09340382544723386	0.05322360811298004	0.3047732046593705	0.0365789467383326	
0.40670382986060727	0.38919803012475646	0.0	0.0	0.0	
0.049056509842501234	0.06172084829534257	0.04436164822366917	0.0823668399232116	0.02447505779575456	
0.1357092016854729	0.18342678846124313	0.0	0.14392396302168584	0.06758121492250209	
0.10236043714120745	0.1023648127015322	0.008834515896653515	0.22234223264377784	0.01276469136575536	
0.04685998617013803	0.0	0.019041713277504018	0.8203219879771335	0.0651876680452183	
0.044703170637081055	0.1333868549773769	0.38459758228390595	0.42849345844942127	0.3313649585485249	
0.6680859061523506	0.0018986895725445006	0.0	0.1450716170182715	0.012022556013511298	
0.3202149352029986	0.32568291969676266	0.04239328611285719	0.07456250111131527	0.211491785477249	
0.39108852896767926	0.09048113121902263	0.46394873862044933	0.09359323140173267	0.0	
0.23456492183848557	0.07723105363047846	0.20272484320449666	0.03521201492668609	0.28456571718071105	
0.33213960496863393	0.04591379682931076	0.021561958257323675	0.0	0.0660210069929316	
0.008936740061645755	0.04640657107414512	0.004716908085472151	0.20883461597369044	0.01257820430609351	
0.021299883261205847	0.12353345077281225	0.07381504546576492	0.20875644391400966	0.002257951301842822	
0.08161407517021406	0.0	0.2144677283227038	0.0	0.0	
0.0	0.0	0.0	0.0	0.0	
0.25432452296957425	0.06271687274492449	0.0	0.6326608307230014	0.0	
0.22228999144893877	0.13111785978893223	0.15024289858989434	0.07970393675700056	0.14546297720115742	
0.0	0.08595270954331607	0.7641142132179524	0.1688448038982606	0.0014079777859290156	
0.21025693638461346	0.2741227552657231	0.02305976241676374	0.03694664703992235	0.230420248980028	
0.13680310238859122	0.2214820251779392	0.10080969975368967	0.1804400436500955	0.1031953774650938	
0.025114367531632764	0.088190296160634	0.13986286386862762	0.09698363958291731	0.23323549995268328	
0.4295058347829417	0.22818051562892835	0.15968053295219867	0.46877657417306096	0.3386018843339017	
0.2944136938936454	0.07269449020714067	0.04418021718781761	0.0	0.0	
0.05764164652711522	0.3789902027258035	0.20443973340950058	0.08652299251712268	0.49224831497647026	
0.0	0.1574825791717854	0.1379413201656589	0.08894498200964208	0.0752145664730575	
0.0	0.3866194547779995	0.1087867683922484	0.0	0.0	
0.22894263651286523	0.05244773711833291	0.22291556242547295	0.07215397252662502	0.0	
9.100018952937795E-5	0.3808282551677015	0.005313228869744641	0.0	0.0	
0.1997852336042144	0.09668912845919238	0.19633216543842166	0.024028998974989172	0.29505285882872456	
0.38785145628196527	0.16264259377414172	0.09843908375005865	0.23141385663489294	0.13646246560326378	
0.4245068853237864	0.5163244031437505	0.0	0.580808054712346	0.31120481078415396	
0.46413738362206614	0.0	0.1533405939160389	0.2995040995262576	0.0	
0.453106826511059	0.7556778195497823	0.299055840921894	0.15197830463703632	0.15561958267774173	
0.15911462933580361	0.21635462256154753	0.301154896105995	0.176729853242867	0.16651035004020753	
0.2827473905589021	0.20914587691716885	0.1374669841827538	0.16204999592790367	0.17708990585486398	
0.2951186595163912	0.032115445291779836	0.046724582846658404	0.2757036985404183	0.07275414023518625	
0.04405700292070351	0.11134583954264858	0.273724810219684	0.20169934111260385	0.13294553956438687	
0.28235340489370825	0.2670863805414845	0.19281014374048178	0.4987757077796061	0.30413867664735195	
0.24242565672450442	0.008823514840327203	0.1969753161028427	0.2223534117222416	0.15466403748030996	
0.19576908274951718	0.07598055883854822	0.30013773597813104	0.12267530318666434	0.1003768921085506	
0.295239588604185	0.06336316102419431	0.24330672611089174	0.2623679211845345	0.05692553510011864	
0.24275247057069724	0.17872095036872196	0.23983581751782904	0.169413672464675	0.009645872233598883	
0.5171351687908132	0.6320055193277517	0.0	0.0	0.6769833988980877	
0.10773084383797121	0.08719189545886602	0.1321234449634961	0.22550786922995622	0.06121144633048938	
0.17326519976066454	0.07387624543301759	0.11142263959411648	0.29550600802737975	0.06308261234511545	
0.16122636930966167	0.04454222104446665	0.5345310602905744	0.7766421524877682	0.25542774662097373	
0.29481665626018594	0.2517753369107375	0.280965898818875	0.038858278730580835	0.23761805013871448	
0.3297363525745546	0.2598888570966139	0.18967737742190802	0.41865274668547514	0.1605688920198931	
0.09391578044103216	0.3083705028041681	0.8480081378787551	0.1417168794557896	0.029667668858785697	
0.23551083861133365	0.21717870156907162	0.20012746106341947	0.28378248667760364	0.08884082959606662	
0.15442470478871478	0.3095518226022548	0.3710095367287732	0.27832508433062997	0.19857000420144838	
1.047508286308498	0.6263676383387562	0.2208199532521307	0.30992012718755835	0.07999768509670481	
0.2426201476126574	0.06842064155928866	0.24071617371078372	0.35123286045088803	0.40664899971606744	
0.28939387172824627	0.13228212181669924	0.08402078199189761	0.05000571011873147	0.09099082104249827	
0.07272460878467567	0.15344107326441894	0.0015311375083002694	0.289979966949118	0.11800876233228529	
0.06617078083038222	0.221206804432669	0.10223587535422152	0.0	0.0	
0.0	0.0	0.0	0.0	0.0	
0.1011239173834208	0.2095879595682287	0.25334199741619234	0.13673276715198657	0.2575587391766132	
0.296187460534086	0.1268103154299591	0.15267446143170305	0.2019978797277565	0.18020290649458265	
0.0	0.20784624089418433	0.008397811792810402	0.34066235374588744	0.0	
0.3189812455385012	0.1012196222105272	0.5382960800819825	0.3916367364633794	0.18391850494599857	
0.18522534793983056	0.09100524532278984	0.12933241707156626	0.06669973564268795	0.003527917470106979	
0.24786094631500483	0.28367301986419424	0.053610149758078665	0.02869448936349156	0.2767175472213543	
0.2966465623550889	0.2430813904217838	0.0924431098527779	0.07809495206732123	0.17742409554731123	
0.13332409393235134	0.06601847478112179	0.0635432556647065	0.007332304843772861	9.677494141360934E-4	
0.24162703447239084	0.05925704105853209	0.2934106970318207	0.10824860668870954	0.1446266281777151	
0.07921664466428326	0.011016894013792166	0.08739344822140117	0.07830725491676215	0.06410226058180378	
0.2554894968281863	0.30938638766011495	0.22293589199681552	0.14640475460501765	0.06781449020504593	
0.488735689464332	0.13784058122896933	0.6079762727849882	0.22010111358599757	0.17394458657115255	
0.008050419591598267	0.27621329187202637	0.14661457749072387	0.021226647081816496	0.10858543080812583	
0.10753998097315512	0.05095588420224779	0.053471781471666126	0.28388424561536657	0.1988425797846954	
0.0	0.0	0.0	0.3381815050279724	0.010719973664937823	
0.062185071548588114	0.10178176219631231	0.011627917350630243	0.27304332749860133	0.029622281822887016	
0.04432669069147826	0.03975143567128662	0.0	0.28528897864893565	0.0	
0.021480034685038864	0.2969694577805689	0.19278639578883952	0.264384418619136	0.19334586812902615	
0.1761762626716305	0.050626007405795655	0.22612943886887796	0.34631585463179326	0.27359341659650843	
0.0	0.0	0.442339438592014	0.5103004635243583	0.0	
0.029199972152775963	0.07140912172081895	0.12792596243150003	0.004620345972243451	0.00551241468548374	
0.1801473475118844	0.21780119849631818	0.12932220297884367	0.12599628985163372	0.059638373346741526	
0.08476752545767148	0.08773789615433443	0.06499883316267183	0.03873617739875894	0.016827224364102694	
0.2949651644284594	0.17173676231826934	0.08242467896512076	0.2001685430469008	0.21816766149456107	
0.439326096324384	0.13027262781161725	0.00826218883886376	0.4213115934783318	0.13575972242374387	
0.1881337544903658	0.10501826366993465	0.7734985631509377	0.8424061082981337	0.15607829607664928	
0.23883216709795152	0.003996681522384969	0.1325957298884024	0.15182724220283558	0.2055150626995942	
0.1182535360197794	0.4755614229228545	0.7816614019306617	0.28459146091396564	0.2617630847116441	
0.14832416132671586	0.041014647681285814	0.26886043555108546	0.19874790553520527	0.20533469425260967	
0.7003448923264728	0.508836208900214	0.575765552471436	0.27462637526006534	0.21416686775302876	
0.16145372787754114	0.0	0.0	0.0	0.0	
0.06785671219953772	0.2869166851298164	0.37554108907595507	0.5827110656866028	0.14235137143458368	
0.242524631842183	0.2944311614524421	0.18739371655511097	0.2395607992673141	0.0486260519990566	
0.1079131468149851	0.0986775076628858	0.13330347959028624	0.06128291277064614	0.056158832836908326	
0.15231714009359093	0.013689373550376553	0.14227058568233375	0.26410045137997035	0.14960304024380763	
0.23883492572243664	0.24174422856098216	0.056009260628424304	0.10357506585257194	0.1895646804764511	
0.2870188758702027	0.06325731182977595	0.07888496838420586	0.10749868308947265	0.07822385919493373	
0.16955751560357454	0.14284135040851892	0.2533789870293654	0.2717642397536864	0.07584751247851174	
0.10790309717736588	0.021343014641545227	0.005359448786299829	0.0661374419924649	0.27078427565680613	
0.17592230379274099	0.30613181639548964	1.7129660139263774E-4	0.12125365768581248	0.12489001137085379	
0.12660880284643483	0.23287385069554084	0.2891008631887681	0.1514238483298843	0.19825285164543457	
0.050489712839003636	0.0	0.004167595019327322	0.27326807035793726	0.06934650104429613	
0.09165451570528632	0.003344506703817897	0.00761675824825097	0.05629411652607589	0.12463756335498506	
0.18442325073626	0.14070317111036656	0.29995654736889443	0.2771804983583033	0.24563709418742313	
0.14268641186353034	0.16130333427007398	0.13888177735566615	0.08477828729887688	0.0952186395913139	
0.02873019208260637	0.530314961989734	0.7953898553178875	0.12997406758042002	0.0	
0.010044678749740242	0.0021383007471956796	0.22990199649755794	0.2672890185258667	0.041722970141967616	
0.0	0.0	0.0	0.9400243521200361	0.0	
0.35513082820227554	0.12329909144985512	0.5731996294186132	0.2918733527495065	0.4831416916368081	
0.2833197581761544	0.2899390992055731	0.199647797834824	0.00900445721281844	0.08375102778139752	
0.11552749901197466	0.6701295347311259	0.2948049264431479	0.3053002666800899	0.2922117551618475	
0.5040061732699299	0.059333120270778354	0.4105236916942885	0.5028005316168761	0.4583704239495653	
0.1841729147158802	0.0	0.16505630898477122	0.10349613992876579	5.334218599575102E-5	
0.0	0.0	0.0	0.0	0.0	
0.1800548360279324	0.1626995746550154	0.06805394983159097	0.0	0.0	
0.0	0.15665045392482854	0.07870491634093925	0.0	0.16361732266920112	
0.10010435238859726	0.1021184565195849	0.0	0.0515549730594643	0.22031612255761604	
0.2728990593325326	0.3382648257118115	0.04380913661232192	0.34275704568963067	0.0	
0.2738880961253676	0.22794878066977914	0.2825437974079833	0.23874900134631138	0.18577293233425593	
0.1086390020542191	0.29968740853641357	0.0777551637802876	0.17212151022714003	0.18755989536292247	
0.1382410426425018	0.15950899479059705	0.11317204713951033	0.13811512913041318	0.1702432811804807	
0.1137861431659575	0.054593912019185356	0.2875013506635301	0.16495756894185643	0.19983489226794626	
0.00937402142655768	0.05402152618315079	0.03334120330632383	0.05992929598511061	0.08199657870655762	
0.008390501799985989	0.28691323385062495	0.2661071925040076	0.2869866348784553	0.24561902820436654	
0.0	0.07081015004409828	0.0	0.13235606711182324	0.0	
0.0671195106261019	8.829940180714606E-6	0.588629609771229	0.0	0.028234779688285923	
0.14912257493037248	0.26569465646619517	0.0	0.0	0.043539825231705506	
0.25896656236221693	0.1786681523523382	0.10450908146656598	2.336744967788566E-7	0.15628104642322518	
0.5652498728408039	0.0	0.0	0.06814510200343221	0.0069455314228131886	
0.12781394972788507	0.25548807651855726	0.042903789899376765	0.1449877863577394	0.1056920332821441	
0.510812999920072	0.0	0.324669696489957	0.4197406444058301	0.15351355783689133	
0.17207410026174946	0.0952292951978699	0.26923006937175437	0.30352391024383324	0.06517062294904724	
0.0984347399143012	0.28733490173002735	0.17143079498092195	0.2096778240770579	0.15380796058547946	
0.2626658631644781	0.1839482684131963	0.06163171653287726	0.11453830666668119	0.16340785837152672	
0.10027715096303677	0.034188972376463206	0.08957653105396111	0.055058100673040414	0.0	
0.007642216432241572	0.22549946492301426	0.0695221563210308	0.14785556405446268	0.1485151027882959	
0.29779601916803283	0.10372747222722596	0.10913350444273656	0.2265117283340477	0.28856838029844634	
0.1004426692294181	0.09737117201296705	0.09758719357377539	0.20074010855577867	0.13392622708094018	
0.018050584429945046	0.25206750933969807	0.07161194394673163	0.07625427795175595	0.0	
0.31357873166453415	0.24581716557552405	0.5671485586991991	0.27520520544179033	0.31109816180050814	
0.12091040562743487	0.13249421802864036	0.09872732327316935	0.17289823926033668	0.12894987463499552	
0.03894672375542756	0.09089496148139152	0.42214540903817604	0.1818804160604568	0.05668031863839535	
0.029978275377916846	0.057796067670490475	0.07534621387544438	0.2877869384698234	0.22323886929120504	
0.0011309618458969788	0.29310580364749683	0.03872521173647562	0.022068166714145486	0.2753556987322947	
0.0	0.0	0.05411512116895406	0.2691665666972113	0.08285132223080235	
0.22932240535557943	0.24755864884291873	0.23965689880556257	0.1943556821036802	0.2698616123031846	
0.1070049708057733	0.0	0.0012329874144134548	0.0	0.21360450757762578	
0.1875362817315063	0.2843516125954751	0.15053138979809952	0.29563280389001506	0.2451760035862593	
0.18688399923907692	0.2528939020166766	0.2089969372829878	0.25063935640811985	0.24100804197424472	
0.2827085231077488	0.2843568607662095	0.24121924120862828	0.20876092831156895	0.1527397175166567	
0.2164728246040414	0.001924857281415583	0.16941318918360906	0.10311723844176002	0.048939710900771635	
0.2953363670606338	0.29412592399543935	0.23323993763305634	0.14168098502121884	0.17878055945278853	
0.3229311529282358	0.545097933888813	0.7288329819063546	0.21981213702918664	0.5137693245669365	
0.26327287710626934	0.16787463367660405	0.130336563147408	0.28399819748779137	0.009109721972854428	
0.16848455946481336	0.07203236049677877	0.13091957211494246	0.12533732259426883	0.11247621434435223	
0.008360808326055354	0.07880646258982342	0.27873597674428224	0.10691968909434259	0.11465018365675883	
0.07271945334296472	0.10207223191817123	0.12236808749033597	0.06373661383816513	0.14218722065707395	
0.21088228877721243	0.43532105461565374	0.08095959919812433	0.29317982436212814	0.27151499303097576	
0.45086454890930716	0.12268336214325291	0.2920834064991012	0.0	0.20979329328144722	
0.17015860532169239	0.25849975695974775	0.20855244616779084	0.19654754016271903	0.2800583123921326	
0.13622304638071067	0.23892622576129383	0.18507688558070703	0.12634880504738258	0.17468510551609998	
0.10875587113420858	0.4946928306036917	0.0	0.35169770961887054	0.0	
0.036769569455795716	0.19523390333042107	0.20022900656299808	0.2025741495850833	0.19281403125882524	
0.20891175468401535	0.2624600067536139	0.012663644594142024	0.006769105497057882	0.032157285428332565	
0.2185121332272188	0.20789065971060128	0.12759782194060834	0.17004091663258114	0.26399817269081854	
0.2551602382864747	0.10844964233863182	0.143744170643672	0.3018820811866302	0.03780023047135954	
0.07994853655116864	0.14225656242330675	0.18967471605303865	0.1057392802846549	0.15296398431407013	
0.020659424346241007	0.06584320078426781	0.1240612109506971	0.011736353347318988	0.06735753342592143	
0.12358666256787441	0.10683472434178903	0.10104774232735066	0.2521162433277246	0.2490538563947103	
0.5455275079197416	0.22210221890043544	0.020703429529583362	0.14583398238473946	0.1384654499395685	
0.1351305546938145	0.4571943475922295	0.2647682835182755	0.11404073880013149	0.1704293476087045	
0.23033552777074429	0.010137612249825668	0.05726392091425428	0.08538337975084642	0.0	
0.07058340495592619	0.44299339188002407	0.23739233129294077	0.30369391834884046	0.3331994252552689	
0.19371049859427153	0.2550444331452944	0.17078286964319667	0.11260178810858709	0.20025292243217932	
0.0	0.5690635705340467	0.11140182042599328	0.0359999974156396	5.213482204844986E-7	
0.24552295597341664	0.24774003365978542	0.0	0.1716770158908508	0.1637908993645347	
0.20429651875277927	0.024391471550834914	0.11411655263236145	0.24537520910746485	0.20833254234031173	
0.3029667983593494	0.22802171895178514	0.24664877889663547	0.2506671510058072	0.09202579171662871	
0.11560822126296623	0.1843663095925965	0.09750522328830089	0.1599802469334549	0.2498822828491271	
0.2450502439159361	0.0809287993941615	0.44564336763741336	0.0	0.21983060701900678	
0.16887934272500077	0.027500003099951893	0.16197874583559813	0.14247950292505746	0.18117920038098984	
0.019509848335497584	0.23755248149338876	0.2877648675879636	0.07322469850329599	0.2493413764248284	
0.0	0.2217456599380921	0.05919572475728586	0.431530919083644	0.0	
0.044387471338638185	0.002255160299256234	0.03507838505289324	0.32634799447322815	0.11307044529176856	
0.13406793562067343	0.2690368703589193	0.13739745940844614	0.09602854991615528	0.2591281151567194	
0.11484644182872354	0.013947889509058446	0.2308784791302877	0.07051546589673667	0.26140969399742564	
0.021801826034709162	0.2816465252652337	0.026545274608010372	0.10074383353284078	0.11519672758981167	
0.022597301907474485	0.25009572262485347	0.09788074168292826	0.02738424776549369	0.10084001656710724	
0.1901984655336636	0.02943659233155755	0.24547254122424716	0.11148494126310503	0.26899601836131337	
0.0	0.31268872100226897	0.16897198415132225	0.21165753282492566	0.30726974725875045	
0.14788877788949575	0.1957466577852461	0.297143191828859	0.1198989925847445	0.2680877481752634	
0.21801084007555127	0.02990726391605123	0.03828311330540323	0.3245543795396002	0.1485144796076147	
0.16593277691810374	0.0801524043728875	0.24368847395250995	0.21457732367435656	0.1163368917459255	
0.07913898192356444	0.18235834985479182	0.09022374576697906	0.20731301268895735	0.17416393271090358	
0.08528142174206353	0.17282855973872677	0.010008442573268592	0.29699441333690035	0.1976274523577628	
0.04299174698697708	0.15760047060648863	0.007472129927685237	3.165624056581021E-6	0.07442320006675594	
0.16580605450733607	0.0713077231996422	0.26102519652246514	0.19710638922669257	0.1781239038872184	
0.021933994612215464	0.1005735658835903	0.12128991130367142	0.20838615457185736	0.11757757055204003	
0.2636922749809276	0.19956998712919294	0.1960401159158227	0.1330774053570471	0.1455859457696861	
0.29049067860055616	0.03636337053477277	0.11087007876138634	0.031882254185976094	0.2025998142607172	
0.08222586605126583	0.010989619807517049	0.0931243795497844	0.03535439510983879	0.025198761402032185	
0.0	0.0	0.0	0.0	0.0	
0.16621167786109584	0.06848242797079405	0.007752348586545795	0.06543869369934437	0.1618414794726787	
0.3007918259136196	0.1382609566837948	0.14680026175150745	0.20239691180359828	0.23879579906865567	
0.07517021569434203	0.23417953545394554	0.2050068209093981	0.2936716340475785	0.21456638433461073	
0.2314678830059934	0.04256904699255349	0.2748493147863321	0.09622939623650903	0.14591414242936784	
0.27347371412495736	0.07288357075713472	0.0585651997835886	0.10338162573959969	0.29186281600901837	
0.00765646209224243	0.01914825185998166	0.14472300803131732	0.00996314230140812	0.1850930282060059	
0.0	0.041800150254724694	0.35353488882696815	0.0	0.10721960045451048	
0.08150613174847492	0.2933609240892067	0.05100425765843361	0.011331408681973172	0.2667420385899584	
0.15885096639540297	0.3326392294711996	0.1770553314080195	0.2703455747491809	0.10108126715624119	
0.22434790978005323	0.21987810587309845	0.26136204942569463	0.11549595037625093	0.14513822544587227	
0.21582897969965809	0.25975714693404245	0.3840054824728566	0.31273135356059006	0.06055783613769424	
0.35894434765250016	0.3388970044181212	0.19716751837007454	0.24801782095175096	0.1917779205069257	
0.4513447736723539	0.40944203832777104	0.15656418292733168	0.7241517898747466	0.008644804451507785	
0.09741983287387238	0.08319594533943439	0.11322385063126215	0.0	0.02390461057947823	
0.05346528062312805	0.17951203215367056	0.026212233472868208	0.20371940999542032	0.053903602005578574	
0.0	0.9657086996670736	0.14411218557739944	0.18646398761730335	0.0	
0.11438151713936623	0.15148159975764178	0.21073271423777964	0.034700425584671346	0.03783426904230318	
0.1411861139398011	0.11387839152252051	0.26812256583334443	0.16968222527480203	0.11624746084044951	
0.0	0.01817226808584484	0.0	0.1708644315600573	0.03774004137532232	
0.07563555895166874	0.357301988473278	0.17513477706959904	0.3585926548599574	0.2502682830868146	
0.20012032479778727	0.2496954240941873	0.18969345628811282	0.24357355282720966	0.17022388074975733	
0.33672643811008285	0.323451091342602	0.2357391319935232	0.10453618722964757	0.30185761063489447	
0.025006589483384627	0.44417774413115396	0.26259318257639375	0.28279656604658077	0.3239736336983523	
0.30244055897113975	0.04233344685685135	0.13910730382673295	0.05715949955232829	0.22807952893241273	
0.171140443898523	0.18027199587643836	0.11373659940389089	0.2332387886333826	0.008651331584695337	
0.16764792105767046	0.5290697068363465	0.21513014009266745	0.28436430775591676	0.12663530135973475	
0.11277026995324257	0.14703462046740862	0.07723790200202824	0.16551546984883048	0.2555626999272483	
0.0	0.0	0.0	0.0	0.0	
0.11352621683042129	0.07086774366644516	0.18865152649808536	0.057096737368581466	0.2557485180983218	
0.0	0.711255007854469	0.0	0.2028407749380675	0.0181693442046316	
0.0	0.017931056491399346	0.13377360690510007	0.39501872052123194	0.21905297797728865	
0.002948937324339247	0.28810573838095116	0.21341751462391276	0.13195377031298897	0.2564716941084781	
0.2297572075665157	0.09637185256121007	0.2493671802565252	0.23354934029587987	0.2930334201776206	
0.3017914263787011	0.05375805338420126	0.06769479562702163	0.16803540840777895	0.08397932529605302	
0.12092509757948523	0.13069516978759937	0.23139481057372896	0.19553013618252973	0.004026670551883796	
0.21861196975370797	0.2917127312955564	0.21928751525328216	0.008287979995457967	0.18137516478489332	
0.22869906204976545	0.23598890586955876	0.1441926160214889	0.029241936255076595	0.2566510686838256	
0.2611025614642239	0.18688039968119713	0.14738889968987284	0.2999906733677148	0.06696770495946584	
0.34262481059434474	0.4743413243776003	0.23430194278874159	0.5667138347529039	0.032728160905351106	
0.02296221980811011	0.1069830439404237	0.2168505860454632	0.06063730288383643	0.2517199332108344	
0.2306018596379265	0.12227386664145418	0.2587497374931765	0.17792536983585525	0.1253332027461895	
0.0	0.0	0.0038486611498540885	0.0	0.0	
0.08802436569889542	0.012743815294315564	0.0	0.27243506160396774	0.5875793476601748	
0.054150513512292484	0.13595360102954654	0.20175046101756736	0.13555369690348132	0.14504229798190948	
0.025932817127629442	0.13200634689907173	0.09312715559227837	0.053762209417712495	0.17987627345632348	
0.061026125730894824	0.26728088251588256	0.03406335500284231	0.08665974278441865	0.0	
0.20467475328882714	0.23514357701421015	0.21289594784700094	0.14075063417118217	0.21602331396314392	
0.22187205707532678	0.35050205324881	0.1297058938046239	0.12623563322164158	0.2329980131375044	
0.17289550962450118	0.17086324345660295	0.08720963271862871	0.1285675992125454	0.6123526274597326	
0.08650440560002107	0.1693960630390895	0.2713468984270462	0.03278628475194111	0.19481166755333187	
0.5704057359521927	0.07222196370822702	0.43542144108833053	0.29536163896675727	0.13884385443716452	
0.0	0.04340216832942838	0.19915828116845838	0.25784321220722184	0.15087929716543624	
0.049985087708427765	0.27679038984035487	0.1489844461569713	0.23870821259125963	0.24179061091641393	
0.35758353846695057	0.5526166765080689	0.01941451253908832	0.350138124457467	0.0	
0.3419750899324176	0.3012841798915511	0.28883356543424715	0.2796513313911641	0.14714355026969078	
0.087882331052489	0.1272972986602548	0.2920141950300224	0.002043985435438332	0.06651676487665645	
0.0	0.028167055691690868	0.026922396050068603	0.01887627107093579	0.17989769445766812	
0.30131754520035725	0.0	0.10156486635132876	0.1594138342982763	0.180446347927269	
0.18753265302649777	0.06084175180818252	0.08980343912084024	0.09964225763283922	0.06744002395308728	
0.14830936796827404	0.1381059699068916	0.13756580737901178	0.16573647272288633	0.005315588007481853	
0.32312739820468217	0.0	0.0	0.44857533986165	0.0	
0.41132723009507854	0.051504360995582914	0.12636288912480725	0.0	0.005353152379129944	
0.0	0.0	0.0	0.0	0.0	
0.5949976512170394	0.22240363544792213	0.42416836891065723	0.25965263110163433	0.023192014655413977	
0.01302520936819307	0.13249539849661648	0.18219618728482165	0.21719219382598184	0.1509457988943861	
0.16029853731971655	0.02311024088256742	0.12404886809879051	0.039615746930232246	0.03737320070713184	
0.03441502374497805	0.27421139583649734	0.18562865562956732	0.189019704360998	0.0	
0.21556509887769396	0.04618770943777453	0.20039944600307372	0.17089513062180686	0.12380401325995428	
0.036071461358123544	0.020799429067616726	0.08236797158365314	0.20257194588518534	0.018276229848174928	
0.0	0.040247239531355505	0.43900818770252337	0.34020001846018133	0.32174442119996943	
0.16338511124161748	0.26249352848118307	0.06130378714115719	0.2608973775373225	0.07468447949790788	
0.24277967651271343	0.024047311949396324	0.2389417502008623	0.05779547410043993	0.29172946340365985	
0.12903857689087245	0.08527906653816011	0.029082710141488687	0.08934473336738881	0.1588773275513888	
0.11697581500760842	0.154283018032815	0.2993066654776174	0.058462636921829854	0.22909442061917437	
0.22216367077926372	0.2578905416492417	0.008421002223026228	0.30190231767180475	0.009420915769635364	
0.2812505787574618	0.05300530393046077	0.2170221973155767	0.015165454686422164	0.2637050361090797	
0.16605742110232205	0.12405630988746932	0.0015854814007542203	0.007691366765544451	0.0641750380538851	
0.26585594023287185	0.048766371535364644	0.041362031959223784	0.2903552281097357	0.11121914160149726	
0.2839250264705029	0.25134318248898857	0.08226661179409336	0.2018585730314694	0.2222686726277394	
0.0	0.0	0.0	0.0	0.0	
0.13550044571344722	0.2716044806625515	0.22569783932033818	0.07109109949839953	0.1918495706232843	
0.2920164585520594	0.16417313527704283	0.2797218961028612	0.28202424765518536	0.2730611083297213	
0.2378959710262033	0.2285424205633513	0.6151839820633052	0.05151148552833926	0.7480189094856939	
0.06639800746884238	0.06732662822997634	0.2500037903468122	0.1693279846563057	0.27922006719735926	
0.0	0.4775206626092248	0.08908632192434554	0.3657111584467756	0.46611037038539754	
0.2678410919257855	0.16397401039754184	0.13192364458181688	0.2181113171598257	0.19733818328257263	
0.13535185337834318	0.27163089099714405	0.25779437653905485	0.27724568419852497	0.03292139496575752	
0.0	0.0	0.0	0.0	0.0	
0.20861549761954418	0.19709845355023153	0.12275099534237618	0.24805836581851048	0.1563749207710092	
0.3628830750338862	0.5767062400220964	0.6356288407178574	0.3520696048094722	0.04756318909487955	
0.23816781434162382	0.1418309375923436	0.020123801815400584	0.24912276126995556	0.02944508473397985	
0.29530203705757546	0.29054423467607804	0.10898943026865	0.08809415226197255	0.00883291398936075	
0.04556107986551619	0.055320271649264265	0.27055183155297663	0.05035156493271029	0.11142006041854371	
0.11571650412595072	0.11852324863763584	0.11360991904304371	0.2913099611858948	0.2649445866853605	
0.2886136405081728	0.0590239600904877	0.15872680466920136	0.2543471539266647	0.09394933649059806	
0.582071402014394	0.16233051322078415	0.3955574942328219	2.454614931812753E-5	0.07856665590824721	
0.18910686654690845	0.11718307515567933	0.23098597776844496	0.2551194452073337	0.14664813785211914	
0.07093253958632528	0.26686962318840196	0.14558327526169454	0.03308260766243635	0.22915542598435087	
0.17287400142694506	0.16858223613695913	0.25075631272508986	0.06090074210783329	0.009960644307323433	
0.004914530779510832	0.0940305410563925	0.21531552558676592	0.25056845947683803	0.2833835928907494	
0.11568459346468682	0.0340622204233379	0.020761133909218243	0.08313972198139653	0.1841902519216401	
0.2715720813361245	0.152889271765545	0.22299797223957674	0.15667301897632205	0.25661759436564957	
0.26437067921313145	0.21547291710250163	0.11698348331758934	0.032485534063127396	0.0	
0.08081218404997843	0.11507086542963553	0.0472246864571817	0.12211429395989512	0.20544353599386395	
0.07425968079982197	0.01855449109871144	0.012908256701276192	8.626944945518606E-4	0.049825270021196084	
0.068667439944498	0.16963093441180294	0.14124664490097966	0.24379260496206953	0.25279032694384795	
0.2774538112612033	0.2557211079886795	0.08036822725940183	0.1113156361920702	0.2174820298850574	
0.06163340449066488	0.2932406940617187	0.19874583486799288	0.0921062023363052	0.17183462640835506	
0.14610387955376375	0.07223793823539618	0.13030298308011526	0.14316303465641636	0.1917162144471496	
0.2013165427419207	0.48528078853749596	0.015001724729241127	0.4851607579044895	0.0651967197403144	
0.13254928862509865	0.005142014706583503	0.27051924345840184	0.1746614485193465	0.23777420676202682	
0.27399517425363346	0.29323762123765307	0.2474769629501652	0.008974339337478593	0.011171461648963673	
0.12073721004288215	0.35370867079658913	0.32475051915580255	0.14836343042309494	0.3855027063459642	
0.0276683518198098	0.322631402947902	0.3821777161407229	0.0	0.07964213609919024	
0.1983087380189616	0.11282928846483779	0.1329674428716028	0.028611022696867626	0.20633024903161767	
0.0449058984956473	0.20287731223431985	0.27144957901540895	0.09697720629967499	0.29160377542016963	
0.274067631975526	0.6444717774401915	0.19086987905246436	0.226838590713931	0.1263578384171518	
0.0	0.0	0.0	0.0	0.0	
0.1702392322129767	0.12224311059990403	0.2410443400949561	0.24147481565574047	0.0684355062435005	
0.23766651086288496	0.180776148716263	0.2784077679404425	0.12696130120590166	0.2928603933812568	
0.19918486713833675	0.09673300992417719	0.3067664245438744	0.3168038497942492	0.10237711722836697	
0.28322665667423963	0.08884480797152021	0.04296415903207408	0.1424415964255357	0.23108547234548169	
0.12963476418208497	0.06687157035156786	0.04781596849904742	0.0964881858830685	0.00688749615563734	
0.2585750056251135	0.0	0.019394079594410377	0.1282332485487496	0.23469342898308226	
0.23812053804420408	0.04080708615772471	0.14959210528151198	0.28160065140439267	0.20792399723450297	
0.3098409211327169	0.12641532672302008	0.23672408502250347	0.28155193419818897	0.023116940449481677	
0.031181366258022154	0.08460943752148234	0.16491612866532748	0.22876392222855418	0.07146903794153467	
0.11174311539864339	0.22313254825487133	0.2546486566759777	0.09364811386804707	0.02375251822909983	
0.061141485416059134	0.07600770080124078	0.062456654315339394	0.03462890355298075	0.06452992911295574	
0.10715377165216831	0.29760362417418035	0.056971406114906684	0.06243726474600417	0.08667715597889572	
0.1328793578725298	0.13276634738290044	0.2616930208403832	0.294132713795083	0.10793263713680362	
0.221973885878708	0.2006843602992226	0.05666106962971032	0.07527339499916	0.1225893300228623	
0.11793049020826127	0.005781245445373746	0.05555924287726599	0.15699158795040657	0.011804138856619725	
0.23484446269955656	0.19119154089472748	0.05923332649536103	0.22572907516576216	0.11496717129191177	
0.2191969484581414	0.7430162551299198	0.2252910323671691	0.44808980052123404	0.5456287529207577	
0.24632201966936182	0.07114385590291866	0.07297820474279475	0.12092604809635779	0.16112173892209522	
0.29342710352082757	0.41248047783454467	0.17094853244566094	0.34086964510111006	0.12247136695835853	
0.2766457993694733	0.07812343769934174	0.2578806626577217	0.06375041958602054	0.24590996871455206	
0.21723877455264942	0.06200669384543539	0.10835423082909089	0.08406524633414846	0.24865832202953322	
0.19987573802792546	0.009220672146352884	0.2920907871861915	0.023224050389624346	0.20855134461821	
0.30513710306423053	0.06692590889759742	0.0	0.0	0.261828010828828	
0.06993626433913239	0.10406561426710721	0.0	0.03532906555041849	0.03211326649150357	
0.274220862996736	0.1057497430137363	0.27503916319789234	0.026610242290401546	0.2610225183187215	
0.217917079760924	0.0	0.0	0.0	0.2801004320594362	
0.3338195284908939	0.09458339348804158	0.159659757379461	0.2096315629743916	0.009948085076379683	
0.08847191790786038	0.2980195639272279	0.12756940919209978	0.09777098624622478	0.03085919279419478	
0.0	0.005840721810907489	0.11574946933519001	0.2500428008022577	0.0	
0.12378320362275232	0.12623535570565214	0.2974762385887042	0.07054071570731772	0.11263345282964987	
0.0	0.0	0.0	0.0	0.0	
0.2525960513548758	0.13897049380423665	0.0986372237189623	0.08887386437196267	0.1766626592448796	
0.17388549277174667	0.29819298766427893	0.24408704276814952	0.0561696605999728	0.23796654972098572	
0.2928251746825371	0.27349229095368877	0.041665342056493256	0.10268629989416865	0.2672049680931193	
0.07389043777730091	0.11999120993012072	0.13960228348500883	0.1997754750587689	0.22160262717817703	
0.13622740537569017	0.24842695688840194	0.2281983392278129	0.29648957279601135	0.17787439349190132	
0.297715138762202	0.16169572874000113	0.288244433946816	0.0037448147222925348	0.11327335219490556	
0.25542205238361965	0.1634823935158033	0.2942576865178165	0.18828969660226655	0.23987725784484723	
0.042330167453186594	0.26487847938227493	0.2966335962703848	0.048058231047414274	0.16230295510621207	
0.2407059017089165	0.2332966132570128	0.04473860436814406	0.12675526746485974	0.09521838014335982	
0.08215152222122249	0.26563818653914895	0.18664180712139594	0.15363094604904962	0.23436585774041807	
0.27212569549003257	0.21516333677664465	0.26624868087138553	0.10756395271348701	0.022513503632143477	
0.16908814658896318	0.08620658245619253	0.14800684136969608	0.10255400672732845	0.21136818939748783	
0.04591816172737938	0.22466838302932604	0.11991744778730544	0.06274999412928575	0.06053615000778345	
0.05965576902256737	0.2296367378845824	0.2727395403442428	0.2179758902502785	0.1575358443826532	
0.06993787633813132	0.1427584885105692	0.2716154088592085	0.2015364828923557	0.05085888328498242	
0.0	0.0	0.16156359247281785	0.0	0.0	
0.023493432673966176	0.010839768361571231	0.09586955820870231	0.12806166853853265	0.13455114523235986	
0.26763213938265157	0.2637752844510975	0.009885487007275479	0.06457370212493259	0.2177060902145224	
0.27693978339177355	0.22972448195787065	0.2075803491088808	0.1406625441520071	0.3188688167748942	
0.25022319327491266	0.20244515405124397	0.05955359052277994	0.29117587695595454	0.23313761782546605	
0.013349656297976291	0.24902732636954533	0.243900822477584	0.1724950251281518	0.19255863485946925	
0.07046197652792505	0.21473696429025493	0.19535168328958538	0.11447316007651283	0.1723609200334659	
0.035841372096174016	0.023435123002718893	0.05245518725992043	0.20102600471111173	0.1597854505477674	
0.1173237021343889	0.241736654345828	0.19071259220782927	0.17940389488761474	0.0670863806371694	
0.14240795080633953	0.2880000563871495	0.25737996782081607	0.05551385665694436	0.2834034956612176	
0.2068123474008712	0.17539693545734963	0.04248467980628236	0.019671032798859508	0.01867415798768831	
0.261548469222014	0.09491016955163423	0.08626067787620505	0.21189041962623772	0.007346585587772971	
0.0	0.0	0.0	0.03361750162221871	0.0	
0.008630667160443674	0.159149684159031	0.06785720797670994	0.22825288236465582	0.20809017999334234	
0.016048056058519153	0.23886921577287418	0.22614629848669315	0.007144343490980674	0.0809885286790768	
0.2187490173086079	0.0651890086452783	0.028003384787885912	0.259358769852953	0.2199042671588571	
0.08548419892520646	0.020337973884859403	0.07336750451898652	0.18834736798734455	0.11083055459522508	
0.18293800428096915	0.2919652298948697	0.012602006802869834	0.1785509213475375	0.018144153388634354	
0.21611720644296636	0.11177857318011342	0.1888169094282534	0.22116979840491305	0.10628876224705255	
0.08389442710951167	0.28231111377927803	0.28202360627045586	0.2943744712696081	0.13689341354038298	
0.2457190270386468	0.2531828842637637	0.12951485816385763	0.24634035081545752	0.003272307798981558	
0.23033003829516865	0.26922623818459507	0.2111226454990746	0.013607545352805351	0.048112142091004326	
0.3020383625287819	0.19406587387491683	0.21736132210348943	0.18141063654189482	0.26202872929965554	
0.001045689382952797	0.8478011492591473	0.4458813217012049	0.09289628808177895	0.0	
0.3069623934469217	0.30498465407352565	0.18064088233880005	0.01482019629791177	0.26235559203863207	
0.017934047245154582	0.26485466119151196	0.023470939186407865	0.036710955394067636	5.003441481191664E-4	
0.0	0.0	0.4689619470456778	0.0	0.0	
0.2853148249992525	0.24499403789659704	0.056958535901009334	0.10487899779150932	0.06551804899935076	
0.0	0.06437746761989804	0.048751800906743414	0.0	0.0	
0.07479271558877798	0.2763225922590329	0.13133156079928437	0.1743540779897385	0.15583095488384652	
0.12985430219009245	0.18186030759160396	0.31457274600169904	0.15209762731224663	0.10585328803964099	
0.0903863116014898	0.29490954332172115	0.14727906707107272	0.20666803743679743	0.42596300585894414	
0.1296790688382532	0.03731172071556201	0.2144124215394034	0.09997292583496643	0.273190407689418	
0.25993477053988295	0.08085800350709685	0.16086760674312547	0.0951334607436481	0.2256749313784331	
0.12192036659626213	0.067845219963074	0.0	0.04863577005104929	0.34007738668001203	
0.26433258019240063	0.20945974071471357	0.19529069269337201	0.14030457576415653	0.15705319470590098	
0.24765926595478852	0.06611767469195826	0.0369536849651755	0.22919566051924553	0.0	
0.13497044311598866	0.06528148843413437	0.004604076306286158	0.0	0.156704580166156	
0.05202712823614427	0.0	0.1280441746660791	0.0	0.0	
0.1415716316218872	0.3748365470316121	0.10537190557192552	0.2922104766479542	0.0	
0.021678836296179085	0.05385882932694968	0.10097110409113419	0.17358245624940033	0.034115368096075	
0.037510837138906225	0.21962726454358059	0.14644480273075922	0.18352487008346102	0.10077585633433322	
0.24741976762960372	0.022064726833349594	0.0	0.21709565710764742	0.3383857340536161	
0.496912224892502	0.34693701810478106	0.11923572947385284	0.5285492425870939	0.19432723633251514	
0.4270581701936288	0.18586861257569684	0.2983602673217702	0.2403609644955976	0.06995249598154908	
0.015221353864035154	0.2825678996254118	0.04734298276772289	0.16084536034468702	0.19130781566409172	
0.07018398935543584	0.22534879728181853	0.20533822963994572	0.21823274149376037	0.11350654669589369	
0.0	0.21630742510923925	0.4924662613193414	0.1284188597119361	0.1705022444277313	
0.08089848039321935	0.014083748653729791	0.06932462051550203	0.06258190145041095	0.1471970918248377	
0.2076792899857946	0.2237953955536682	0.2395535939839012	0.25981972471863085	0.25482800906848463	
0.6132692076748743	0.0	0.0	0.0	0.0	
0.031055251690860843	0.2671874570402443	0.21955386985384495	0.14302760449039137	0.12918645130107365	
0.1566840012679862	0.06221778928125278	0.0761244252503886	0.011814437226194411	0.0802343154038193	
0.1377788758113764	0.2511008084558295	0.27991300547903836	0.23134967316227942	0.2590586895037827	
0.25359742058831297	0.18982599281224846	0.0	0.014929377625717076	0.22914255948201684	
0.17673589907498563	0.257881114215763	0.10806565317444783	0.04037561284781461	0.1785971935376055	
0.18074994711513348	0.23003340017017632	0.1874068239572708	0.1081322234938514	0.04638181883262163	
0.26422975130312	0.21661030571071319	0.27360283365371935	0.0	0.008356224504650038	
0.025791540959997795	0.027748552858046595	0.2956543064757441	0.23270070817273494	0.2700022527792798	
0.17059155871089535	0.0671312231360679	0.026498430138944082	0.22238356924361677	0.13616383556850695	
0.14199387498989094	0.005384032647828018	0.11994178969843097	0.13600428956170793	0.10911335743679591	
0.17999861547445098	0.07063016632066274	0.057508517799889684	0.16754174715691186	0.04709205994581405	
0.04983761464024472	0.056346964376486404	0.20253151942697734	0.16199582913993968	0.17473020260360606	
0.11886288763917466	0.05909263168773081	0.09114357803707604	0.2360611114937039	0.24198687415502299	
0.10744842374872361	0.20086556915635348	0.1606630883810514	0.07676589435835779	0.14016827666631781	
0.25492761897265853	0.10535839213023557	0.3631186592335305	0.18708873901089118	0.01952425900957207	
0.1228299497636967	0.2638608916962066	0.11386291335820077	0.28235306343142774	0.34752359223353935	
0.024265011327685257	0.09911793316421114	0.1734372158572229	0.06450239535473826	0.15590940455185423	
0.15144707866990675	0.2445955173439533	0.23659906327097738	0.2287727046957604	0.20288733308527107	
0.0	0.0	0.2806982930057396	0.26714607470922047	0.0643756850054597	
0.5323664274791192	0.35319515752919844	0.18651065257445276	0.573642423140501	0.21220290025272429	
0.2522861469140331	0.16452676746538686	0.15966245299219892	0.21967948422133576	0.2922624321859134	
0.2770323520854649	0.287483596546373	0.09015259355955199	0.1137011863013662	0.19666904082953712	
0.29771340007918384	0.07077699395736636	0.28179846422041893	0.28671611190991264	0.0884766452867641	
0.0569991258352157	0.23396016433599046	0.14643869359194392	0.04434630880784535	0.2902014187385499	
0.2641432246319249	0.010552729443834384	0.1632951853169874	0.14538383445659023	0.1752215372954689	
0.29849531380757954	0.21742028657711399	0.19620660398006873	0.19173924760053146	0.06716556285864947	
0.22378584948706143	0.1660149149295259	0.28027335688190236	0.2646985395316432	0.16735037407345904	
0.21410440214888413	0.21062002900800605	0.11016784388874562	0.11470221226130929	0.25974182938037377	
0.2486514694795115	0.3029822451559985	0.25615831469267974	0.10137383702427556	0.279124743050793	
0.17947305342165584	0.14329566311525058	0.19628908643071025	0.08158220962399358	0.06661893346318097	
0.16779496067854632	0.19324301618025938	0.1664648509898367	0.008842514085222316	0.11897637804813699	
0.22280895203346476	0.0	0.08473160400059111	0.0	0.0	
0.2519621158586721	0.1305223350078937	0.023522882613236748	0.28205295498318045	0.09657056181524555	
0.26466477544889605	0.5272883569065505	0.3324430779578865	0.3468350969173633	0.16505600732734257	
0.08274620210578255	0.19642760465284925	0.2746590335165443	0.0645184099726061	0.008950564913625057	
0.2832926713740764	0.03341420165745076	0.18933693733463397	0.25762861662385733	0.06920503798826125	
0.15987489910765804	0.10893642657246944	0.2043450817928508	0.03234672978594932	0.10327257722514212	
0.17038056813675218	0.062647044537532	0.22915771389615974	0.12099378269114486	0.0	
0.160210112423709	0.17585391655087262	0.2824543557411439	0.30235576078471105	0.005519163308676149	
0.016342228612446524	0.08880394166674153	0.027583619631383376	0.18378752336637674	0.26029762026679637	
0.30206989143878504	0.03034483172584647	0.18208280206397795	0.10294359661235125	0.05242948973186518	
0.00998900311192038	0.7242458247352045	0.40206101771188146	0.2385126060150607	0.13845481141666677	
0.2002290147066396	0.1483963905007702	0.08522733166035538	0.09495986060158593	0.08683331075103567	
0.02754550847499574	0.6033990758643863	0.5815969399938716	0.22962669864536897	0.24909752928575082	
0.2995811753637982	0.2960579107707189	0.04638666533140849	0.13709497999055534	0.1484819082929381	
0.04298759166468499	0.10970443632116106	0.3133092493394843	0.19091622228541968	0.08577521562165043	
0.0	0.10394714630582659	0.13912101945367575	0.09545158100893332	0.0899919868483358	
0.3023239115182524	0.2583099194301591	0.19529629419093936	0.012465134711567946	0.07907986741983498	
0.0	0.6915725190937491	0.2569484146690721	0.0	0.504155868594743	
0.04142642538297305	0.11091472045492007	0.30065520085067204	0.15898978150086152	0.033504987229614105	
0.5044665119558405	0.1170337822017865	0.02515987139913458	0.2635356942855645	0.21531156326622125	
0.03592117893753858	0.2031318852289409	0.20748812063768063	0.26551544177517167	0.07134558779483803	
0.23691166396688473	0.20702871779061577	0.27897466950705513	0.23446281705590416	0.2220247665742658	
0.27123517142937265	0.24419283212471804	0.06900968221595048	0.2680838844839734	0.22345018917805162	
0.29462426339522085	0.3349295158006204	0.5019868818944365	0.29735027726549873	0.16718667010072052	
0.25938215479485827	0.05540474875826535	0.25193333370938664	0.09783025999082266	0.2775692354227111	
0.0351720521524024	0.1967474947986451	0.0	0.27773189230744705	0.0847660980184767	
0.20602701322246894	0.04180287082654064	0.18961190453538845	0.11518890561168788	0.16588640882360273	
0.0	0.0	0.20696235752940148	0.0	0.0	
0.27880851818402835	0.22277989538284657	0.0	0.22583983514363115	0.2784721945348008	
0.2322733406390274	0.1607611692646626	0.12914933114540633	0.0013003496314662082	0.03652854562661059	
0.36771695683640937	0.2355718153809838	0.11538800758961906	0.5346431689570846	0.12297767560970109	
0.32275710744356817	0.20752147492898426	0.12987204601426894	0.1541598591153944	0.17409957111849708	
0.06023706983455832	0.02542232975234358	0.10411272929744023	0.16429443832500187	0.007690818718298604	
0.10731199028070541	0.0	0.001480462229500136	0.15991540457960576	0.0	
0.11057294027303316	0.2108955126240878	0.10866479729561053	0.2676383847659431	0.20453871154271272	
0.2595978556123762	0.011550759979445855	0.06064785503545785	0.021051598905121503	0.14529973143127123	
0.22274684772937264	0.0710681336869485	0.031494110847789976	0.1322375136237113	0.14459657177343416	
0.023788165495368822	0.1996213305002013	0.020087673089999744	0.006183981805666898	0.15054174366601064	
0.07604614915526385	0.012735440559631729	0.2149396379099914	0.12618192600833722	0.07990744284783365	
0.12455711282972072	0.17408531592790855	0.19860488137115173	0.2993284202870321	0.2890309348816881	
0.13402981044110893	0.2901160497803912	0.02344360255367541	0.09829917526026101	0.13328384671282434	
0.1990053810208202	0.23805567809659414	0.046175268768997975	0.23152516756953692	0.12415893067829585	
0.0	0.1435019695906909	0.0	0.19440351862174415	0.0	
0.13774030927074807	0.2072050769832198	0.27527209112953954	0.18823245917227782	0.22337529920662824	
0.0	0.013481167257719093	0.15433428758696924	0.2096440108785806	0.0	
0.3904546801190991	0.177375160003368	0.31024088737896005	0.5285417512498464	0.30727173105616923	
0.08887420829143888	0.0025334613126071774	0.0011278645448911425	0.2109204774825733	0.0515470083388323	
0.15178437199724476	0.006185816063033826	0.09669914080334031	0.2755998304095583	0.15398098656574255	
0.28801934042077915	0.04872665870495313	0.20064164974870663	0.005868786691875332	0.023681569450419753	
0.2870551668920322	0.08224973820520703	0.15296593822275426	0.20997067893136667	0.22010911226852986	
0.1906877343837447	0.07398943507922531	0.2184108239349507	0.018895982703723502	0.03372696997791543	
0.0696950104962901	0.12747112509202857	0.13760503635598528	0.29391206173532824	0.15946480594325346	
0.014600540865167983	0.21018114315407108	0.2856910355851772	0.0915842003537191	0.19111208266302293	
0.14734152353013122	0.259078049244482	0.28574088274935544	0.09880331584257751	0.039051146946598635	
0.3712072522140294	0.07557190116123402	0.20319159819733296	0.6460784960719751	0.2763149372495662	
0.08320807957210523	0.07128986337753775	0.10128456495204728	0.23336356249116466	0.2848356010257866	
0.17580464542335258	0.21762645414652648	0.1261446307117421	0.13026002891159863	0.0874649256541619	
0.00583240692554678	0.11483419266694347	0.0641271520193831	0.010662694619088241	0.10666493765973965	
0.22794619427087945	0.08194749098883619	0.00323946416500889	0.14344075061043318	0.17395010546219042	
0.13166808144859748	0.08276761511044095	0.08120276205331531	0.09631899632090798	0.14718688621664855	
0.002315510496479305	0.1559092568572524	0.09141891210659323	0.21794378987883437	0.2605954057057018	
0.16809552323255603	0.2618782511569127	0.09389541075750464	0.22140433757913106	0.22963607479662124	
0.1533566463014892	0.033898063904280976	0.08469130315849459	0.0671219395782742	0.24970855372965	
0.3080915970372224	0.025133055199918406	0.2812303265780752	0.25370577440473147	0.03623373981731572	
0.023936078673462206	0.11480888132155569	0.16231046714472722	0.2970080888765214	0.2679351150455899	
0.19567429229545708	0.06272503536475808	0.198299641507122	0.29523672978915616	0.16035852115225607	
0.2884024999615934	0.18165718367124967	0.090017685896458	0.20132557605640308	0.1340947802199807	
0.17036994246152798	0.26972624564822995	0.2788981551048083	0.05109553566569651	0.1954583423004516	
0.0	0.29383688189088425	0.19097892082882525	0.23732533818782373	0.023476854707982518	
0.1919835565258813	0.0032302793491427446	0.17760991913511387	0.06424401142228031	0.2045510550289611	
0.2725920860764071	0.20510238351707186	0.20667692874592514	0.12010844625978281	0.021882692284600387	
0.03851223683107467	0.04794708550199924	0.11290002957616517	0.1852230324785309	0.06980750642821121	
0.16095010031989912	0.25807416997127	0.12340228891520238	0.1817246572358823	0.29530006085696037	
0.00668648563864351	0.02705811315305847	0.24454462706272212	0.2071581317264382	0.012157554319029134	
0.09412055277551425	0.088854664719814	0.10402519902640373	0.24271551148252002	0.038562433778577314	
0.03194216049914242	0.045395957313382425	0.028807833545969816	0.01571908405860554	0.0	
0.2606997785806154	0.2930384074961342	0.046565673827919804	0.19182623964198486	0.21902981500139532	
0.39839627740459016	0.5494852290146662	0.41886057777439456	0.3888643561461147	0.27319370805368814	
0.1800415336959052	0.003720752804211857	0.039867310433933684	0.012647009897367048	0.012610223537091101	
0.4271980512598647	0.5885078839928681	0.2437367368634633	0.5246614861683425	0.37474000692658493	
0.2092259856737933	0.0845921145347674	0.03942316423117974	0.21492108298328894	0.22254654364057083	
0.0854548577883489	0.2218051046481641	0.05417819985144733	0.14139254046253322	0.2999725789635459	
0.0646623683281862	0.002474981326344844	0.19237361370757483	0.013864814566871109	0.01171555194284614	
0.20748710806577197	0.18277830104759366	0.21166343874417673	0.06747510671574428	0.14224868808139798	
0.2941372682790285	0.16742696761558767	0.26115702197788054	0.29414355574514706	0.13136513158620597	
0.2685344672141645	0.12415418716411006	0.012846316794436347	0.18191954010948128	0.2987352047652556	
0.15691487010213218	0.16412223378525717	0.28818073278317025	0.2570216053968919	0.26082068303545913	
0.20570646153689784	0.28521226311061393	0.01723622169766739	0.002618654194051015	0.23836591953501426	
0.23278958625178167	0.08405769140746408	0.10703855893140256	0.2042295074592622	0.11180232185741999	
0.15802333769729138	0.09689858690086701	0.2508694984715264	0.2864126419132096	0.2751028853062381	
0.07299332133073066	0.23496060115144707	0.19684400636240865	0.18918102082041013	0.03349327187293791	
0.25667924001694026	0.09109475696214932	0.12863437357952134	0.1931453279652098	0.23587174029462454	
0.04363917379100529	0.02842130865830522	0.2607339524295332	0.030405162215169836	0.16206721627626805	
0.030442219598312264	0.295208861498884	0.13746899623355704	0.4449676070761116	0.2354008532672412	
0.30801671887768134	0.23794987017828292	0.2595395455848545	0.06119158113755096	0.07850498765797724	
0.059255580639667696	0.26319635236593336	0.2803379442689198	0.1828622549540305	0.14615354523318425	
0.0	0.28303669512113194	0.0	0.0	0.12157032372674592	
0.2202630293288145	0.1902363923139965	0.3141329413840377	0.1774387458119273	0.0	
0.19017890102352417	0.12376881008540387	0.029372833300585217	0.14401434535733856	0.14677378051221054	
0.21224025428865234	0.212058152422704	0.21879558337378427	0.16715574122125473	0.24424973427513805	
0.23891729064348874	0.17671851520328977	0.16367666090337918	0.012465404903477315	0.24959414809933617	
0.1561000001951855	0.22081999610537356	0.16261216784036733	0.17280377936142066	0.10682094822663181	
0.2776929256779808	0.21373426330084935	0.1292919925070913	0.005599628845637242	0.19622707180394028	
0.28291666045692687	0.2535167204449725	0.2666280744529178	0.14546437167053977	0.15642124066800914	
0.2585655749571109	0.2346657641996616	0.11521496646334094	0.22500416226025322	0.007542617514703936	
0.20586375021131723	0.031435014529438594	0.11101786759716467	0.24322385693412826	0.1867457677123419	
0.12611910834914358	0.1675756536633139	0.29463519169155533	0.0	0.12318191624427387	
0.20166305325254455	0.20389724020215091	0.24888866875308066	0.022773407279690752	0.2149532065228323	
0.2551883483063639	0.11352537691180302	0.014122032458416676	0.15760447567545155	0.17533006412781146	
0.3009397613315322	0.21261828466562324	0.22881321648653175	0.282466633541394	0.17251931148994007	
0.3006689452094605	0.2991480622129113	0.23876860032798178	0.2424568879249922	0.20717939624676077	
0.014990128700824678	0.22060233161976886	0.23913067130554377	0.305093554355085	0.022976593752287493	
0.027744134516259643	0.09782667379891649	0.2362588741556185	0.019158141231026278	0.055611297415000774	
0.25705583663022513	0.19416978041351798	0.2345534775285544	0.22933215495594605	0.17883230522059437	
1.6097477784609912E-4	0.04422803265244421	0.010937978764018344	0.04823069265716631	0.0	
0.04843203837595315	0.0	0.06769772916025056	0.06240452525768762	0.1289027771273828	
0.20327995240709706	3.630196468350968E-4	0.26809002816233024	0.19856346365270602	0.13067583871988595	
0.1816516114579165	0.6745837944678224	0.34878118718010015	0.16422122811805154	0.1341382640674015	
0.244275457225647	0.0	0.2654200235968628	0.11281494158653475	0.19391965359329064	
0.017434248068326302	0.07890854833343995	0.1750677611173405	0.0911618629312478	0.2847062116912442	
0.14021246393492834	0.09252832253638973	0.09618379725862358	0.23558939183594294	0.07950005212405417	
0.08357483577254073	0.07385468693889717	0.05847823002770265	0.0765769052760696	0.27951839490842734	
0.26649699131292515	0.1758586864744479	0.23553650449842858	0.28039018469025	0.2025186859189704	
0.4088519076355074	0.04698743663088071	0.19896248477145478	0.39315533514986073	0.0987821116596515	
0.0718568866263834	0.09132089384130461	0.17180317125151873	0.2726277699180568	0.25877604269895077	
0.18512242251681754	0.054712510456671186	0.04314670281046293	2.4494974494399607E-6	0.2623798992321135	
0.2680715899038124	0.16592915825262794	0.027480866415815156	0.2618780823531818	0.2845632019849999	
0.28017787031956165	0.0658313580457844	0.25685544220352774	0.08321824603783828	0.32081310386920364	
0.10573319796810098	0.027639381184269063	0.21669001913130206	0.27625601595862226	0.023757725004326	
1.0589175123247467	0.8536196648912731	0.40281060483241526	0.5442585760630243	0.34054042427304493	
0.17445987988829628	0.21688160125883324	0.2442515379788018	0.16843427717416481	0.09806963584803081	
0.2759347154916277	0.1812090101757664	0.19661745527416463	0.13484480526269732	0.28106975132840717	
0.013154440611767598	0.151590258854288	0.21957171122341143	0.22932941001326543	0.0770453387207292	
0.02073816861473276	0.023535459330001632	0.26921384977566765	0.03738696359958205	0.0	
0.13997013867353955	0.3919270952642243	0.34131579195138007	1.2434146309232634	0.34807546380708215	
0.10094974751200654	0.18952900286704555	0.08257233440117832	0.04488068580976773	0.21990544404952647	
0.1860769382450742	0.29111756742943456	0.23715618468202265	0.22326842987467638	0.1598040223622535	
0.23979108757716028	0.11573685747696058	0.10438011132035761	0.24982481268041937	0.25069961600071344	
0.2568289053741684	0.07526592333490001	0.020875070618577934	0.2275914915505171	0.1272737970367448	
0.005702286297009266	0.10189925119003805	0.18817805945347332	0.06269136017674096	0.02970468827662564	
0.06503495597709913	0.09980687926496118	0.24416124880573137	0.17047373154389966	0.11431538232186439	
0.02555700389341708	0.13976629389582262	0.10348483781545711	0.20980261434768507	0.035028682316843446	
1.0645293118449698E-5	0.06339918692889207	0.055531000978370215	0.14702356717104534	1.4991544383115854E-5	
0.008749043416677895	0.010136651104887217	0.14542936328358905	0.03489616948248518	0.010244342303326132	
0.30366649070238094	0.08460303608853678	0.2051921512132843	0.11656320661883496	0.0	
0.29662119031436246	0.03664336941512933	0.22965927178701914	0.09611295971319744	0.30295827020780164	
0.2703403813987574	0.12022260335824853	0.23423459160134658	0.2751913883239639	0.27482209982657546	
0.1913912521843077	0.05444195462895524	0.28506859224174114	0.09541571100739506	0.16269524859499634	
0.18125492703914567	0.17681834095608312	0.14040346342179272	0.02234787811222042	0.28086001045886905	
0.0608082828470816	0.1536084701841507	0.18893649826152345	0.060120422943431985	0.042022492336433785	
0.047864499314191955	0.21792011188611707	0.29150577400848404	0.0751964108065918	0.03204890796763522	
0.14548691020678398	0.25882448888215714	0.17719875810925279	0.048944299655329225	0.11335518257708974	
0.29315887486048847	0.0	0.024294711479407847	0.14296667563245344	0.2310800383834531	
0.20064726817293302	0.004412604356837142	0.26913010610113414	0.22736968963076348	0.1637293845408478	
0.08779461705132185	0.08288292485037227	0.06686439539168951	0.01678804934300155	0.1912519479412079	
0.2935825541170919	0.2552464387795241	0.24135866788044727	0.018770022492743364	0.018988378531449388	
0.32234404246750764	0.06259052759620998	0.08520793147132011	0.2549480322665161	0.04399309511720275	
0.1860569294633536	0.11643168253555986	0.07312960181948351	0.14541704223547983	7.701379086931659E-4	
0.07496422019137752	0.12604745659557406	0.11360453877438954	0.0883210067211914	0.25908025362151704	
0.19534171078970916	0.1961673336050396	0.11952681452599312	0.1514820338300308	0.2191206674228489	
0.2855167964097114	0.17777162699447288	0.12119882565320174	0.1202409330413404	0.07778865464334704	
0.05497087625627343	0.1452973670429356	0.05661555619443867	0.2660675795726543	0.1187862144767	
0.22538788126387369	0.2774695056795961	0.2842147037183481	0.029101451268877254	0.12766483861897512	
0.02135555954285882	0.002852273987727954	0.2005460756636857	0.13936753677055796	0.03557710334696855	
0.6716536762618822	0.10525642107374429	0.08142889869898828	0.0	2.1507791183150237E-7	
0.25868721818138823	0.0632408394501033	0.3222677614297188	0.2394854373859554	0.0795442994285304	
0.036778294635840286	0.0655062989243894	0.1800586255205627	0.1068198042460216	0.156789519665586	
0.1738713783825921	0.07465461572240815	0.10096362499905824	0.18171087566709043	0.2199488352325728	
0.05826454526479297	0.2677058089208033	0.21162023055653964	0.16597397097437488	0.05708172299640678	
0.06052391384333993	0.2912040821214365	0.1954871594791635	0.28599529185281775	0.0	
0.05336072336561078	0.30667985728835256	0.08722143475865612	0.07194596012234349	0.09982290704228755	
0.0	0.0	0.0	0.0	0.0	
0.17031082541256448	0.0013862451371197126	0.04646933912374218	0.0016448629247621208	0.15118516217433128	
0.2572152078778644	0.028183133664308205	0.08868395511071839	0.07989736771906535	0.1270613926543909	
0.2473227605257002	0.2080510385468909	0.13537599551277243	0.154640269270261	0.2062254479501616	
0.2624211609161438	0.03714155291001084	0.043792147036023854	0.11057238327049253	0.0031730931735575283	
0.021339287594876778	0.09144369002916036	0.13196593987904826	0.15988167620296106	0.0912922938051776	
0.0048584097012422806	0.02698549044431319	0.15342079003856704	0.0	0.22280663955193522	
0.30274820527805296	0.19025283974543095	0.01308199187610538	0.14272194084210385	0.0725068501428262	
0.2616709133634368	0.03700341290547283	0.07435363460316415	0.09725604113958879	0.262139746023756	
0.1750361528438246	0.24238976244604302	0.0015845949730292827	0.2836262856925631	0.013441223313992244	
0.10018902233890425	0.10795938359062485	0.28355868685482605	0.11897915042885375	0.2524223059456495	
0.19999378165793416	0.2049548654298085	0.14277680755894825	0.030143090438875836	0.30179275936343875	
0.041423250726577814	0.061784064964432124	0.20095537879111805	0.2989462329238535	0.10901166712073396	
0.12740152226275225	0.09780088197252727	0.17140842490785924	0.11997580839292614	0.02729106937929762	
0.05359797623541294	0.14423819160514717	0.08649586904805523	0.19737605368507388	0.23333702717499166	
0.0434592359328387	0.2778774393232423	0.2255402318625069	0.17572343992034328	0.023078961797486964	
0.03896590451822044	0.07259924854961383	0.03950630040506544	0.04850274096017011	0.29850674055093607	
0.12879612722313669	0.0533774732647415	0.2872453708851448	0.009583843005968273	0.1809292984057101	
0.14398357984868032	0.12733110157167343	0.08965588900400437	0.1629874227991939	0.21897255998628729	
0.1695637334299547	0.2884163493732138	0.28821362492750974	0.05809895576145136	0.04433030942718869	
0.29638252717162256	0.18208596076368255	0.19356141016806236	0.149868406209332	0.3024106984028234	
0.3934648744702049	0.07731039917234186	0.0	0.19664222823040775	0.3068538879010021	
0.012576571262371368	0.10531414308885935	0.2080831686765918	0.2563409462569342	0.10248190666032693	
0.14163171770985658	0.1347896720158942	0.05198688064864396	0.174866607937244	0.07318508321812688	
0.21353947561563033	0.20151918815273068	0.27295810261759973	0.10938095849508854	0.21452440358609326	
0.08664109564304072	0.18193177748265343	0.07631504328402827	0.18421375555306396	0.27619028943405816	
0.1133130146835093	0.07367414292828267	0.07937173251714835	0.1717318142917213	0.0	
0.25624147976612427	0.2912875264409364	0.23900105020836626	0.10531287951941884	0.10207790975371184	
0.19014943569013232	0.27137717685898555	0.14731414230230977	0.29117525744800377	0.07104972842106795	
0.2832354257277475	0.10428069038866683	0.20966995141355696	0.15555779439992962	0.06923017402938621	
0.11978155297502849	0.259242865538585	0.20855067129823351	0.08943673092792309	0.15817562341563826	
0.028919977798851044	0.16133192658843024	0.0385913072929744	0.2597937777171065	0.0953081786225508	
0.07041639242427494	0.03542498341470364	0.12838699778847848	0.16809580946632477	0.007446655217754358	
0.13759149663626205	0.17332485660527644	0.0018880175013514283	0.09506163209769915	0.11914273947483238	
0.11737153205770003	0.2504053970441677	0.07625267633250407	0.2666980237258034	0.04769148860910459	
0.21900188370563992	0.08638941866293869	0.2872885474053085	0.29261778634951313	0.006202030452507351	
0.2199355229158666	0.06605134523228832	0.12867117974815204	0.13724154124349727	0.027549828296737258	
0.23902702276837165	0.004341768115510687	0.0956268318653861	0.02795846897995949	0.233548422154853	
0.05052537264357639	0.24526077962418347	0.29248033976121657	0.037607975032593936	0.11006162957011603	
0.1271469784857962	0.0013166331073664272	0.2717831025487198	0.020444609664529368	0.0	
0.16525033645000514	0.11072644127804158	0.14202671034514142	0.12973593141006579	0.2363230755111745	
0.15816138091993048	0.15402759274202404	0.03686489138023206	0.034544663408038176	0.279376623809828	
0.09706170502674547	0.08499582804708543	0.23251908387821013	0.07225395737873462	0.2788215941071381	
0.2242229567566561	0.09890184028869921	0.02668686221194206	0.11631916595824919	0.1420355522362148	
0.06212447307502002	0.28177936188831987	0.11054937855675227	0.21381296646351214	0.008156434931084854	
0.25959483347618845	0.13773264373618685	0.052462229909835276	0.19506726188644008	0.0	
0.2962678191250981	0.0019134493702162234	0.037684521199874435	0.24188053756173308	0.26707185942861567	
0.014102222867225803	0.2543155134924066	0.1830114443347659	0.1919453155951787	0.2117900353036815	
0.22910014301581336	0.03735904885861515	0.2317278772490488	0.23508870235594154	0.2781591957956296	
0.25586469268367557	0.05431976159587753	0.1128523457790307	0.28944405912487947	0.050958503624517405	
0.2084814423811096	0.1143006938078727	0.25465789559270824	0.016756105290140235	0.1405893131445875	
0.13786585865842146	0.09871251612304592	0.07140420522122923	0.0047435328081217925	0.0	
0.1337426591913164	0.2140782735202634	0.07617893555987908	0.12576737709291738	0.03247203815118289	
0.2780559238453077	0.08498187622816963	0.06214816105297981	0.2706147565443711	0.17473406202839395	
0.033297358589134615	0.12409416326515008	0.17838367228956417	0.24136824877744167	0.06927969627092842	
0.24167645936628643	0.05959073253652648	0.28650188417785766	0.2153352502067359	0.2779648424368053	
0.08833363543115641	0.283551594440124	0.23648540699649181	0.18051388194881945	0.29420707312925215	
0.10691145279652889	0.11218730137419913	0.13607163698011546	0.10171689143867284	0.14806922386304572	
0.03667943390391506	0.2724056256766695	0.18496357626570709	0.19123357472284613	0.08679518058674066	
0.2750726926520284	0.19840631177296045	0.1846315244704053	0.1081930376337103	0.02066101130803085	
0.22095914992312968	0.04948973241622265	0.3224035246927932	0.07512555341231107	0.14843655364321173	
0.045632763904148645	0.22230742483106639	0.01994668962907793	0.05749227417571226	0.11216344069846991	
0.1712028040712496	0.12753090095977218	0.0760296129164996	0.04900140753845477	0.23767780584312212	
0.20574989805510427	0.1397959519824675	0.29917261069415607	0.2885871388906935	0.17989996378045475	
0.03901021952704303	0.25325812825849486	0.27539700880291124	0.08823911243428184	0.2558347431647267	
0.24191662918388637	0.015324332182110044	0.014038675468802664	0.2244600569700677	0.05994991125949501	
0.10457581713947689	0.199060983794332	0.2956917387049018	0.20545629528817694	0.24149122686637012	
0.2210150221471799	0.1428055171242759	0.24353461849489377	0.01984766139492581	0.21218318964701224	
0.2614321696250949	0.06814530921657577	0.10727480308135864	0.22119197441220007	0.0033136490612613264	
0.06882911481064848	0.2618040905986257	0.1674680675779888	0.2758492891252164	0.1147216731404105	
0.1644817040854506	0.15836377031925267	0.159979276899735	0.0	0.22093991646307334	
0.0475479922892023	0.054225109482207115	0.05219751035723772	0.18157219527913349	0.014411466414919343	
0.11076295683994897	0.12641830292082973	0.030091088377868357	0.11542924409171598	0.25621204805240766	
0.24717840584808196	0.1594967438586029	0.045509900082819424	0.12799591704921168	0.06633165885634605	
0.29597303246193457	0.024369143205887612	0.2341381373074438	0.2539003578107384	0.12148246082532507	
0.16749305389562794	0.13449853459138433	0.08705121957765934	0.10730510362453895	0.005298179948474362	
0.0059740606715970234	0.19595049259488204	0.1351441312589409	0.2897127689222743	0.009291562026811325	
0.1373155141149357	0.03869364478760399	0.18218037902686196	0.19700493251379098	0.20244645582907606	
0.1099527179603663	0.20752810146085765	0.2448302783734236	0.19160901951093384	0.08302355617257123	
0.24224325042178171	0.25335616740046685	0.18101201856944604	0.25797585652865906	0.04467108583669479	
0.262534788747005	0.17516896795787507	0.0721362485228647	0.09033541198591398	0.16494248292518338	
0.2514169643029156	0.2255873869686696	0.10671900716136717	0.11158673556354566	0.15875000998479133	
0.016377744026481435	0.27939178575952806	0.004970499428488693	0.0421894245199559	0.2576767285781092	
0.07740395927201937	0.2823216360862387	0.1561690124986065	0.19600547998576362	0.0920550690100323	
0.10173994882775762	0.1336331538908672	0.28010124494438804	0.08253019558751647	0.060631840662090736	
0.10155312433822394	0.2358102592096958	0.17315604080523508	0.2118256825293543	0.30877237210988767	
0.00831899745783462	0.0025072659953329158	0.11668878761873244	0.10609681705408287	0.05376455184009895	
0.2084054694643616	0.13409059597747003	0.1109529294090029	0.008815941006069215	0.2951668079280414	
0.12449030988994864	0.27684180293086197	0.28303831448133976	0.25919007102469976	0.11195518199438576	
0.11101550763473354	0.27452210301361407	0.18324181160287453	0.18770600843752175	0.19887740110389263	
0.08557411629858927	0.12886699233031362	0.17337758190914385	0.056692657937347804	0.09649909267685368	
0.17507017482483453	0.11285393601741976	0.26901298096057813	0.146394599423163	0.24661391643404718	
0.1131159579924351	0.26896535171842634	0.007902558600628298	0.30550697030332774	0.0998927241224086	
0.1230792405480131	0.1858217819434257	0.19495810557524887	0.0677315776528677	0.28091029355500857	
0.30631826173933985	0.27485611899610696	0.2763289381295872	0.2949548678606248	0.2410159088453334	
0.2828534486591785	0.23180969742716986	0.049815734452579995	0.05233309903189156	0.2536440253442867	
0.3019711208895316	0.24463958661707502	0.13704398931521172	0.1021773782778831	0.22670102168522513	
0.29089788641445913	0.2675573230783287	0.06877072798012304	0.27807564362108755	0.14011467217020657	
0.08242320168586047	0.14396000199264408	0.03693088204180967	0.11451922350865111	0.04225268654785423	
0.14206019554500157	0.03746915316889361	0.08095693241248145	0.0095118968954734	0.18205497181058564	
0.18987798100981187	0.24452495976202077	0.24195603143281588	0.12728554407142545	0.3008247766796192	
0.2544200519473065	0.177962578417079	0.05418414677639457	0.09050063600837596	0.024354257134414914	
0.060408970684646186	0.03533772567581871	0.1420621532968522	0.03259437929908653	0.04862508479996036	
0.297529823015777	0.23595123614278873	0.0	0.2962903449693972	0.2613297792895938	
0.1301063208131579	0.10755426421740567	0.020522379719498253	0.027771379879241682	0.25665708791502867	
0.08475408070104111	0.1775227542119191	0.21914413151877218	0.10814957266088841	0.004325609554975013	
0.3019994873442042	0.1656053121535216	0.07848872773308474	0.18033825325400918	0.00857077819348083	
0.15698837614828193	0.057546561135919334	0.2400667762047843	0.13519117298938294	0.1589122317702393	
0.02633215545161062	0.2925598281399864	0.07340474662958685	0.14073172837633796	0.1710067151821663	
0.2569306290906533	0.12171999598368832	0.050962343696258586	0.140575108696559	0.04589404162834988	
0.2132415557941806	0.03257907398720375	0.07795068480983003	0.11776425994642221	0.15216077905746972	
0.003248637077826197	0.2133510878399354	0.008445220710374802	0.13034783004335673	0.13253175589582003	
0.06599358626126502	0.2808382557829978	0.25463189670409525	0.10756307271810224	0.250184997080855	
0.0511020224468426	0.2312176658725858	0.05962758024397914	0.01563609585586752	0.21355525896564923	
0.16235900431921943	0.25433312722281354	0.2835731618819902	0.25151436659530757	0.22706612970324705	
0.19208419670795948	0.20748912661317456	0.1638925646172978	0.22720386096712442	0.10708983171870105	
0.11693176545003554	0.024493277349432234	0.06847224112341699	0.10488891968516938	0.04744910675089956	
0.21870906636953763	0.14079045994943856	0.09020473903374417	0.004295829658216682	0.12969108933624382	
0.1843553823708476	0.0	0.17671626010934524	0.2812004361021217	0.0403358781460663	
0.23640071099350882	0.18138168514089612	0.1471577197195725	0.18553548668690292	0.08373967108241118	
0.020528251885831194	0.29387153751099976	0.24333717356151183	0.11028729239394786	0.0471845350441261	
0.07783170724766743	0.09255483561710871	0.10630294117512214	0.040869059727588065	0.12074521474781635	
0.104260183901369	0.1645567068512956	0.28306638308423443	0.04413397072431132	0.06288733445933398	
0.05474920868632815	0.1317160899519975	0.2433426387834652	0.04961223459731534	0.1434798421092253	
0.09829826248455986	0.03851741822507014	0.3016118854972041	0.20293208076074656	0.11021355902640388	
0.04840497377716031	0.12390078147166103	0.10814316844688397	0.2621430492187679	0.07807820849345215	
0.19439102390047786	0.0028137607411636077	0.2903209775990548	0.18385070393590078	3.372373839224081E-4	
0.10062545940662358	0.003931724276094038	0.11667606294420031	0.17126894546330218	0.21943807340274588	
0.08698452809526373	0.01826176178410681	0.2931812892098175	0.1382688114567182	0.17015429707750257	
0.0770287902086532	0.1363247096296678	0.2006991984326904	0.059594298844329464	0.167945064213337	
0.10608407820639025	0.057214579003910894	0.2152138427691957	0.03794868461165561	0.10067901330704938	
0.3000913685453748	0.2622248866681839	0.2947396616485116	0.1633361557028925	0.2667507228587701	
0.043406162915862544	0.05297457582017966	0.2739995466352236	0.0995021811801501	0.2941657137533692	
0.18819218204460422	0.03418903672362171	0.2743902206010417	0.035771114883408235	0.2731427977093672	
0.27936085662471083	0.2363232564086421	0.051188727182969004	0.14011437964722584	0.13331524183982238	
