0.30925363320064664	0.0	0.44451836313703075	0.0	0.06272027563951252	
0.0	0.0	0.0	0.26112578591997687	0.4126455807846094	
0.38022880941698567	0.0	0.0	0.6113082017867135	0.14799278191994378	
0.0	0.0	0.0	0.0	0.0	
0.0	0.0	0.038607802736062465	0.30999726970281843	0.19413700466353964	
0.2189917613423516	0.0	0.0	0.7377434465069663	0.08833619867292489	
0.0	0.0	0.0	0.0	0.0	
0.5951109497544501	0.18439380875307404	0.03413210858175609	0.0	0.19825861297530548	
0.0	0.0	0.023952507196298475	0.41428950979803414	0.2056354563021602	
0.0	0.0	0.1453159234911704	0.39363304597695314	0.3066241602845992	
0.0	0.06658088014573646	0.8318285821660746	0.02837455942653234	0.12561632183184218	
0.0	0.0	0.2768177409238507	0.15835125974098382	0.24608103153215993	
0.27325633286730494	0.46156145555358347	0.07033494803942063	0.38632000171229636	0.28911919974424916	
0.0	0.38776938180482085	0.0	0.0	0.10816738265814449	
0.0	0.0	0.11389830695711789	0.6046061599777275	0.12058978419231951	
0.655302907793046	0.0	0.47591953995444575	0.7101135012499653	0.0	
0.0	0.0	0.4813489476663609	0.13890626786265975	0.0	
0.5054850366234702	0.24735471358389596	0.2526188913109799	0.40594764961583624	0.11511554300014486	
0.09675262116484934	0.46188560546058827	0.35607215546393656	0.23409380942528332	0.0	
0.3350325087148945	0.29344796068853063	0.14925635014666902	0.6206539525590935	0.0	
0.4252802375686851	0.7141891914120158	0.0	0.0	0.0	
0.5572180085085795	0.321925720515728	0.0	0.0	0.0	
0.0	0.0	0.07387418410465985	0.1514300670941913	0.0022439531216827766	
0.06817509947475019	0.18933512823366547	0.0	0.26370332862526225	0.256240172173245	
0.11963457785341275	0.2220447943353465	0.5059869695737836	0.0	0.0	
0.1880297104846823	0.0	0.47606001425998895	0.0	0.05927998278398617	
0.27856202987540896	0.20014920789543322	0.0	0.0	0.0	
0.3424134017583238	0.7251662973909666	0.0	0.30727643212163885	0.1340930312526397	
0.8098630751028666	0.0	0.0	0.0	1.0079157206994576	
0.010922104287862543	0.16731327445181063	0.48493446061522083	0.2551557214017899	0.0	
0.0	0.0	0.15673889280497028	0.0	0.0	
0.20982144230892952	0.0	0.09411648158891103	0.3178519686057443	0.024804250954467345	
0.0	0.8171480242230854	0.1291046251072107	0.6828191672739682	0.20801119255772252	
0.1632439222982802	0.0	0.28277862899919703	0.0	0.0	
0.08946851180264331	0.6342503318400067	0.05211252373486781	0.20295460705745189	0.06574479735604577	
0.11363284364569183	0.18448068600504977	0.3973985371867411	0.11298503622316082	0.2942252259563782	
0.22819387911291503	0.0	0.15516946784206448	0.2477946339636072	0.08517504770153833	
0.0	0.0	0.05836746875869619	0.36909531922439376	0.12464152792086407	
0.04675125064480624	0.22890241649800333	0.13608991901464126	0.04769821615931823	0.1366966753026297	
0.0	0.0	0.1584324980175807	0.38815652335877215	0.01568589068391822	
0.05996480616175587	0.10724001892257136	0.10008437768120117	0.18626718908684262	0.27707992245197166	
0.0	0.38760681044355605	0.0	0.369710881839507	0.034400136693428306	
0.3839647815999015	0.13814391070728743	0.5065519501987923	0.8863506652803966	0.0	
0.7937651974378331	0.4287647502342536	0.5409824652880638	0.29778294526421945	0.0	
0.09207190268201147	0.2593579822394472	0.07572114196858504	0.31405632251775023	0.027728926770910794	
0.030423458517575365	0.21664998576101943	0.0	0.30238793040721257	0.31846934619760364	
0.2452582362654593	0.1489125111635527	0.16970527914532912	0.12748854839031498	0.2523747356634308	
0.1442758335153021	0.0776780482604366	0.23929951637692073	0.10457907255725692	0.10265433820661211	
0.0	0.0	0.822445107110496	0.0	0.0	
0.1706305320458675	0.0	0.0	0.0	0.04921823870392328	
0.0	0.0	0.0	0.43826373592510126	0.07733343748661185	
0.00756751252712283	0.434527371756261	0.15276782747044287	0.0	0.32878763446812637	
0.0	0.006615663032067726	0.2122317300160344	0.7908018017579406	0.004144579480613544	
0.0	0.10880430687308103	0.0	0.30413471507948836	0.1173511378974076	
0.0374916936601925	0.17490101039594702	0.0	0.0	0.0	
0.0	0.03836751895317844	0.0	0.28942368750811687	0.07114699635350337	
0.3587869682155418	0.0	0.0	0.0	0.0	
0.19403694188243054	0.0	0.0	0.043244102427184	0.0057635688935354056	
0.2949481922295478	0.12438979004725732	0.07407966356251282	0.08914661541547939	0.05980948526424075	
0.18421681043785168	0.0	0.0	0.09409477101123347	0.08310151732590962	
0.24396457535827093	0.11390277178810325	0.1268078375472266	0.08327065997754035	0.043113833697411466	
0.2042094569042507	0.18197467289468472	0.31702177851930075	0.259877058474543	0.05424324686642386	
0.2639794658688921	0.0	0.3932214318840433	0.0	0.4978881375031251	
0.0	0.1340940459805149	0.12190241334572649	0.2420326475688434	0.011327766052445707	
0.0	0.2764651626572733	0.0	0.38449407585759016	0.14437913898783278	
0.0	0.040410058390243656	0.24616142376028238	0.039774842266429265	0.01617940806413383	
0.3532807017365161	0.34135330663148583	0.0	0.16968965834741967	0.09422735781308675	
0.08600449790176357	0.23358627526307627	0.0	0.015573421730627701	0.125765042336367	
0.22211568569743956	0.39030737232947227	0.44803526104401187	0.36867128994152093	0.0	
0.2998602333354204	0.7893521930100164	0.13499627943367135	0.34700809650914416	0.7248913747451067	
0.5648207018820868	0.3865836635098712	0.6384564928535842	0.0	0.14371273793104125	
0.2758399407551455	0.223524692951068	0.12824665907739355	0.15133583865991912	0.2617825480518071	
0.0	0.0	0.0	0.0	0.0	
0.0	0.3967242355216037	0.0	0.2628049258098006	0.12614975355089794	
0.05375754033597974	0.05334814056884143	0.24544909966341838	0.07637109394522754	0.11304417181343022	
0.2253304533576023	0.27874919140370724	0.29006378240985914	0.15967309227525356	0.013587702931511202	
0.19855714498227572	0.0	0.2348777143611585	0.24019439966872308	0.3682972795919532	
0.531329801006858	0.0	0.0	0.0	0.0	
0.026886559500398827	0.0	0.12741018073412974	0.0	0.005385452518097597	
0.0	0.09718014371536803	0.0	0.06597479600381834	0.09631832469774565	
0.4466893520734446	0.0	0.04087240974162736	0.3467738105834156	0.2849346416781005	
0.20277696748949214	0.22979566284084432	0.07785013924332708	0.18940656721424615	0.0	
0.39516634648857335	8.516417219708947E-6	0.1969616536589765	0.5003784881843517	0.03291592608240493	
0.12885543703686247	0.1918627731592323	0.0	0.15165288394160853	0.0	
0.001805494770033035	0.0	0.3125621448067827	0.4785508584290181	0.0	
0.46088954608985433	0.2231954177096199	0.4494829370072414	0.0	0.0	
0.0	0.8938330544922135	0.0917444763555069	0.1987652697983163	0.0	
0.12117808697799069	0.3538112523516909	0.14510910810136687	0.23817089705142783	0.22968577467711268	
0.0803991149519787	0.017785616185746762	0.06161458122992846	0.25187092647783693	0.2480506275174785	
0.21123369561535565	0.0	0.21083470538437174	0.7489435841643819	0.5484429035819156	
0.0	0.02516837747672661	0.13991713322546476	0.3932945992550485	0.0	
0.0	0.09245456892568854	0.06526502424347683	0.09559437987368656	0.012347735992723244	
0.43880743693338	0.0	0.19332099164302086	0.4001439093501472	0.2516976644083024	
0.3088807844938664	0.32915118052044895	0.29042047431066076	0.20620847077530732	0.3201336305008514	
0.0	0.12087355353844803	0.0	0.2039802837473698	0.03146058941663281	
0.07997129176706738	0.2849783452223531	0.1624432871673511	0.19549843127188568	0.04394621967880365	
0.0	0.05690428533497148	0.0	0.0	0.30289885337327854	
0.0	0.1019060702074119	0.15063054739412615	0.26806468097056774	0.4414227912194869	
0.14472140617837412	0.3471363982843775	0.2659676071209375	0.1062312407600837	0.14558760809210478	
0.5315690546828299	0.36096097454488085	0.4759923494388935	0.15399696428618484	0.3168572079587187	
0.48825788069880177	0.0	0.0	0.0	0.44746346506067786	
0.0	0.15964752503112387	0.05898481450372499	0.1320164336016992	0.36320876509445377	
0.0801842443157155	0.41163078056865704	0.46315714094728244	0.18633572534161705	0.2091881483122881	
0.22626670449628009	0.13733290824604671	0.40838218873171966	0.07481042935331757	0.0	
0.5106219054974432	0.2475441921904082	0.34191916128609184	0.09540858367487201	0.13926767896338366	
0.0	0.31308951193617074	0.1394401619427276	0.0	0.067646306587767	
0.0	0.0	0.10004264183312785	0.0	0.20839540615841354	
0.40562681237695664	0.17696985046339678	0.05752966169087778	0.2624212851145151	0.24021523916863752	
0.1286238659185078	0.14135209591432638	0.2819264262878333	0.10853525666688349	0.06210144636627321	
0.13892554975958482	0.06152474485605713	0.0	0.43800891470147335	0.2147387484688198	
0.1398326454445942	0.20627430834745014	0.19130541383776017	0.017063126183609514	0.11980379338814584	
0.2916164473429603	0.10266900099057534	0.10906675727819724	0.11780983116417057	0.29737524222827816	
0.07768884189567625	0.3869852841897883	0.055843873397548524	0.20228222396966447	0.05437101253580772	
0.38688716936359924	0.20777336152441533	0.2859201239153043	0.1638420583467572	0.033428886756303816	
0.41751322336619223	0.3076103831523124	0.24721821355562607	0.33767623030291255	0.31485336727601154	
0.5018444212363311	0.28074423786854935	0.19325587983202808	0.31728600929267553	0.452640401957946	
0.12828765814927479	0.17130963618585518	0.47157513820450625	0.48270643295275667	0.17631766279505046	
0.0	0.15043173096556686	0.0	0.6348401861096228	0.0	
0.0	0.0951227971710957	0.4040577501647624	0.0	0.0	
0.08619019933738126	0.0	0.08664285183686184	0.0	0.06848778116616266	
0.1283556072063558	0.16984152191735122	0.1910984868459549	0.36497237035204155	0.17969576243768615	
0.0	0.0	0.17828021372173622	0.4352354308828359	0.0	
0.37932835631652867	0.09651032571376983	0.27066783236266373	0.42355066327631596	0.1301567287151724	
0.020037578071968404	0.04151892209828572	0.0534082656855654	0.0401551947360211	0.0054618076708813825	
0.29086023967418717	0.4042495219027455	0.3227698304863566	0.3392810351781275	0.14195946643681906	
0.10086782209547607	0.7896362654134199	0.0	0.0	0.13903651852125976	
0.7853845984354016	0.16431051520094467	0.14592000113866543	0.0	0.0	
0.12885968187162875	0.37361993360064394	0.2391663800794866	0.2728090337465786	0.0	
0.12266467076888557	0.4069068704307769	0.4080364387857447	0.0	0.5282457475598187	
0.0	0.0928313574908991	0.05443544570842636	0.07602763433668344	0.18700225406571866	
0.0	0.12855561410795674	0.0	0.27911636886274005	0.3893387007296141	
0.20053602382825686	0.0	0.0012446469613100952	0.2588657966798064	0.0	
0.0	0.3521356283099869	0.22012035982943928	0.46883085969973354	0.2674161159253831	
0.1744754666731531	0.15668126286389705	0.0	0.0	0.09346406122503599	
0.26525156532879257	0.45842656976637036	0.06530834830371919	0.17891934755155534	0.161914569901694	
0.24550014733372424	0.05230701895312044	0.21005509191043772	0.07180299689635242	0.17074060981243383	
0.014130541470537616	0.0	0.0	0.5125084902676976	0.06698560212982596	
0.12352337446575766	0.21028977739544097	0.1367132210502684	0.4423598574666696	0.6722793686166159	
0.07387349284544388	0.15193772063386676	0.2763172576756684	0.004270560186849459	0.22950475260365147	
0.24207120361797305	0.16259657743566308	0.2620176293003071	0.08177250073578586	0.1930680957249212	
0.36220479800460725	0.7317461153133454	0.2499872695341334	0.13913007035648156	0.4558655323656663	
0.21133415604313033	0.004404699514625212	0.026230941042156015	0.15169305468183716	0.3467167877165587	
0.28992961985611604	0.29555023199312136	0.20164177709436773	0.5646571553892857	0.08131938331554484	
0.17692195202458574	0.05466774796355864	0.19677365432430932	0.24418964206179364	0.12381348571000492	
0.10060301210162492	0.5436170608787297	0.44367654820208086	0.26948022298891383	0.47331834858605565	
0.2250612150698081	0.0741914310389474	0.05259088155417287	0.05451325353097255	0.028209172730754933	
0.526429086948217	0.11528397670172774	0.0	0.0	0.23925893194324693	
0.0805586898967258	0.18989203749139905	0.024370494249109413	0.27490455729937047	0.06543328531633391	
0.26241977078444756	0.3289476707848542	0.5749226988887064	0.30503606019964413	0.11126539234837039	
0.20846206775929568	0.1928727902677345	0.043935399791272776	0.1055922206251581	0.03984465701234285	
0.09588741836821323	0.2924713988856931	0.3018853940697172	0.1982258485273891	0.1908113230928159	
0.07077031003191162	0.0834975172558207	0.0746187471200498	0.3196643471133126	0.008365777758658812	
0.06949680675285097	0.06917042523069167	0.35143506500449717	0.35520075788388644	0.05012502890719842	
0.4021538620351002	0.17372446356005591	0.023449081150341985	0.1387629918788727	0.17836156644931372	
0.1452166978371131	0.20547739056858177	0.053298352865096654	0.20042170534594364	0.17498234362707926	
0.25246794726281085	0.41980904358410265	0.3073658971690507	0.26537910477664695	0.25826694377233406	
0.0	0.0407824977191572	0.0	0.3867918036453848	0.24082343763274333	
0.17612418748436445	0.3665069871858769	0.16738203621523823	0.34936367727559153	0.06745858713202643	
0.06253122521355284	0.24744120683827087	0.08413318848173683	0.036351517077840546	0.2884397099045381	
0.05124653543306456	0.22499306038691186	0.26005577955966613	0.13903923691800524	0.4164855118586457	
0.2804589462080463	0.49416402344693416	0.3540933475394119	0.0	0.32566564251520674	
0.09708577210654414	0.08136832792862822	0.0	0.0	0.0	
0.6085533426779718	0.3035524327739077	0.5203097724351315	0.45289889920778653	0.25505947591375067	
0.2570722871701946	0.2573870521181123	0.14311973189060273	0.35275541414857486	0.01716683953878563	
0.0	0.14096207293703023	0.09099856978807369	0.0	0.07349875704256754	
0.17978127988688983	0.24771391629107822	0.28828258843905946	0.14060162125516432	0.14823028995432644	
0.0722321165622804	0.07025760431731516	0.0	0.22301931754479362	0.0	
0.04733726162703749	0.11945240565213903	0.06347884926133066	0.057481495772310605	0.030714381095436047	
0.13583620006347252	0.1411814132618252	0.09808177712277867	0.060383106200890026	0.29089405087374903	
0.2575910786616913	0.24583592144177327	0.237516825574946	0.19209773931098925	0.07148208278282348	
0.013904548749740555	0.11860988478890719	0.08553157233078666	0.29240088751454485	0.2325330223753957	
0.0	0.5826394228012706	0.05450420352230379	0.33733069125333176	0.19523329527229963	
0.052026566888505724	0.4548341161983421	0.0	0.46462827468005485	0.0	
0.08834871249614963	0.05128932641583201	0.028140901914339277	9.819948659033908E-4	0.01101427578233625	
0.10674227942449002	0.17998244417838913	0.35652212067265004	0.2503926149192103	0.13518733249038237	
0.0	0.03268594948231014	0.12945984752592532	0.15516748134545863	0.39264790864111593	
0.13555589403537605	0.19083681649670026	0.03880146679028909	0.051511926795169125	0.09986238022708815	
0.17315132963259075	0.26346649280144174	0.24773168259537906	0.5218174400629612	0.17820278120867086	
0.2040951470529873	0.0736205279988728	0.02912791430333052	0.1609765620204332	0.1681189807855895	
0.0	0.09629271487302093	0.2174068908685074	0.047211573107680746	0.08978739944636874	
0.07279251456127236	0.06458041245271895	0.00504288968731009	0.2363618848240943	0.046989303016427966	
0.2773229311860502	0.16691189294095854	0.17714168868495164	0.250297460916641	0.01963425196923274	
0.2365609138692455	0.10250855736134429	0.20290128453738107	0.1435933315539736	0.0	
0.2635204444226143	0.17934710939101464	0.0988074234679614	0.2707744922262877	0.11284725129401096	
0.2685597800752442	0.1493927988749132	0.24886781646078393	0.29186033880152923	0.2887815744915389	
0.34103036546105614	0.0	0.05088394459281823	0.17961629172403845	0.0	
0.27588726840382616	0.1448545949336232	0.04647040555513468	0.5671884907399545	0.0	
0.05278645473847605	0.19148157789267717	0.0010287097173367705	0.21672988703831805	0.011534477342545205	
0.09345992808487369	0.0384487240348118	0.010899473709127047	0.006481950630281857	0.1798629869222052	
0.13109900912560538	0.20577246091556423	0.1563356665736122	0.20072569875704874	0.2290233696390638	
0.016150078421654016	0.13538701544758627	0.0	0.13772656167645297	0.0	
0.4058251458491294	0.459312150742747	0.0	0.020633071353344315	0.28211620402387416	
0.02775572628935722	0.21369592918637334	0.1188158178566424	0.2321141864060743	0.1876976027091062	
0.25471803275925076	0.14439390539620658	0.08060985600799926	0.24313821602776192	0.23142941790694982	
0.2856270454377974	0.05244985309992467	0.13217724894553887	0.06500146740345669	0.15397631894098188	
0.0738628517348444	0.19611055717606804	0.17647115467856164	0.25189101794395535	0.07238986316967706	
0.051244611394604636	0.03600426310945195	0.06535377070101052	0.14544232073596872	0.21927631262479252	
0.3000927786613246	0.01859870109117591	0.025004055761351136	0.3975071583172415	0.1148160366741463	
0.3509015009980904	0.08956640151526231	0.0	0.3857814627562348	0.0	
0.14192965495790838	0.13196748704414155	0.018541024198954762	0.2440134021174451	0.0773567465544034	
0.13096674941108022	0.0	0.06820443543812223	0.0	0.16119832116029867	
0.0027795702493065093	0.0	0.08805998953163634	0.2500573513610769	0.14485601481452207	
0.1620368861952207	0.38681029249718085	0.05109674471181542	0.26403699297777233	0.2843729900115826	
0.30352104493763393	0.24501510884838934	0.3477550886381075	0.4093475030565066	0.2347917036347537	
0.15326281610917597	0.17894941496797365	0.09366461316468348	0.29949706238127516	0.29369277970033913	
0.28587705871947006	0.41241653494751385	0.522064235797938	0.22051559870978893	0.3110830901484658	
0.023410495200967073	0.0	0.16397269588486674	0.1302366964637034	0.0	
0.27169789537594125	0.138301746410277	0.08234481696826003	0.3319298752997128	0.21715123857322716	
0.25585318156423054	0.14678069029773905	0.27168680776488296	0.12723434478010942	0.05572874349175499	
0.08861945679578864	0.20721335887807424	0.0512769987988249	0.11798971468176729	0.20756136098737185	
0.1777192487220908	0.1448259620266814	0.24263093337514444	0.20076912306581052	0.06638463514133847	
0.14713739378530644	0.09730752190444511	0.2028609140154058	0.22295243583274915	0.05277240220719641	
0.21778467499887114	0.0	0.29379886826807566	0.0	0.07191052467023062	
0.28156794280512526	0.06487380670889296	0.274652344352717	0.10689694099911709	0.18181147824654129	
0.2038028952866391	0.1887130665157405	0.03607471182431393	0.2614785109087324	0.0	
0.3255001598211832	0.0	0.0034681760093793965	0.0	0.2951987927226475	
0.12911510013560196	0.2688114932599207	0.29326678463910383	0.24616385094239265	0.06515811322245288	
0.27415246889061995	0.09749236089221257	0.18549374879441455	0.26232811535395506	0.17081533782000996	
0.2705817285466014	0.4622362422148092	0.4080050662775445	0.6232586711029918	0.47036222278500295	
0.0	0.3108022661863047	0.0	0.5272990699427923	0.49433299344584025	
0.05386846135221111	0.0528005796791012	0.0	0.10748415707355709	0.08319882686768132	
0.33484377243852914	0.45349602284511037	0.019822664721251018	0.4644783234985747	0.48888183303121585	
0.0	0.4115632406787001	0.0	0.29975987354142797	0.2836197006849626	
0.13099752577350043	0.16747459258175776	0.0	0.22123340352330592	0.0	
0.10780408623053538	0.21118668369482413	0.0	0.022221206907789844	0.037109727419775876	
0.24371160121582203	0.2720562585953457	0.25251900151153167	0.1319163115002417	0.2021022561095536	
0.0031643121795519283	0.4428542625041012	0.13576972576590665	0.05410665434255257	0.13330730996897713	
0.0	0.023732146868440024	0.07973236837451604	0.5040912297407175	0.0	
0.23765425210365906	0.0458571519353833	0.3053407504149253	0.2755057480495757	0.3868965558504628	
0.18252802514418315	0.42943379782939667	0.2660751688302962	0.5913976410326485	0.37353649479409473	
0.22325247000364723	0.11698737726183	0.0629403642244408	0.1720638625324114	0.29678896798567256	
0.0	0.1392970726570941	0.0	0.0	0.17177585884337915	
0.19927036611039073	0.15076280780871212	0.10541901011146451	0.16853982137474965	0.17812107041481534	
0.21035569147840968	0.42444472299966357	0.13604195967178445	0.22603442375353203	0.2839327799162541	
0.048943157571718646	0.12246416738081681	0.28619947134650586	0.2138614222330554	0.16098524073738357	
0.38693710178948737	0.23734009671555012	0.08531010908682035	0.35268817736746716	0.12873003305819178	
0.19424612502108712	0.07330256861403793	0.29508752223169626	0.06171650469948276	0.09690534515559608	
0.12856865168677822	0.2404329447483514	0.09031334476958089	0.06082443154015718	0.2775696926339614	
0.2028047043434961	0.25025570747301024	0.4715232234593906	0.34654436672850036	0.15586143361872865	
0.14192667301640846	0.41822656657988977	0.15623559980753374	0.580974601883176	0.13484322033822965	
0.07549962998278636	0.2902807076051823	0.1438587877257603	0.23246925169898175	0.03203175721481133	
0.09141708477284431	0.3148701890787226	0.37013833370839316	0.1159821384128718	0.3045764691717293	
0.037133392706221596	0.0578579634160884	0.16299661112694483	0.17993719546060716	0.14044223764314534	
0.271750147491781	0.0787616082615533	0.012343250343391506	0.04214266944584058	0.156334006225915	
0.4184784219603572	0.24216327806122576	0.5503375319859888	0.1819915858878587	0.24976428680323415	
0.158825826945696	0.27686568592350974	0.4453726917361921	0.41357584119215784	0.22426868208975376	
0.040552675603079735	0.20744104594901747	0.2616017136357784	0.21301468440330174	0.15337162874047916	
0.146732401340479	0.19007663731179092	0.04951051358756925	0.22431788228114305	0.15373367740882318	
0.23152704147865633	0.09312455169411898	0.05592919968976709	0.3008485244982073	0.03867674942926483	
0.26631786911239	0.2677636016454309	0.09468204399039387	0.16136192218500595	0.0	
0.05510313711430563	0.08323769721486231	0.05665784786292281	0.05986735325193239	0.11097602421443095	
0.07316923621017386	0.10534336422429971	0.047535019537303956	0.22194320670676904	0.07199576588663406	
0.10098282954722018	0.10191829001390895	0.01514661713788844	0.2124416602643058	0.02032230396171736	
0.08166343745144684	0.0	0.2016516556843593	0.5891730618123123	0.1994969203952085	
0.053930794599051056	0.11683686372286903	0.3366901436743292	0.39933137956352993	0.3322147090266619	
0.43838571270358484	0.0	0.09456742964670624	0.07026113095511678	0.16199637919309742	
0.4082435167232408	0.3332085371871322	0.20645166135056806	0.08644646487333184	0.24539620473468104	
0.3110459903318214	0.09804067178840112	0.4447918320600378	0.07219054541427515	0.09616649928397232	
0.23106060900406272	0.0755938001147322	0.20560279162502812	0.03968662996987914	0.28077103450820984	
0.26582889074937643	0.0	0.061742985068858974	0.04997513362185567	0.20719304774069677	
0.014268799854319171	0.09480510907492051	0.13007978384860727	0.28130680628205346	0.17358329062426478	
0.0	0.1577226402978113	0.12922240682439234	0.2327167290381621	0.017119419069303	
0.052209069203301976	0.0	0.2128423776598316	0.0	0.0	
0.0	0.0	0.0	0.0	0.0	
0.20045609297466488	0.14771177140573574	0.0025540771662007486	0.46680321559438015	0.0	
0.12489750637684852	0.06796812993235171	0.09819922247477784	0.04740083694260124	0.11236729273080594	
0.0	0.2902198311295293	0.46862037118883365	0.14886511530111496	0.10161104625998817	
0.2086189938795021	0.2714215897479366	0.026618972029443903	0.039484548488409515	0.22888169030522257	
0.2704214770576655	0.20432894854423742	0.2500985184844509	0.2899839863306408	0.3174835749392932	
0.027209982883449457	0.08878142934503679	0.1376643603651603	0.09794941037741278	0.23187483989802582	
0.37490344953394783	0.18242289195053696	0.19331917589842154	0.36766367786112325	0.29623621725941857	
0.0797814335793948	0.10256963090277364	0.08882327755387656	0.003541971092776247	0.026151578401063254	
0.04972966569590151	0.36552764806484783	0.25659826042083833	0.10749629310430718	0.4237623905942436	
0.0015841385105898726	0.1575445534750505	0.13416702536940864	0.08821013235961957	0.07312548312218232	
0.0	0.25531133031762393	0.11790449457481553	0.14876240038100835	0.0	
0.22751099586535817	0.055433576252450455	0.21815951725111302	0.07613366486774298	0.0	
0.0	0.5819030155648155	0.2490431595520101	0.0	0.0	
0.19860701855171384	0.09968897360581375	0.19408997686185825	0.027433227521214243	0.2915762501474717	
0.2923560004145855	0.0397559317050213	0.041258467238595505	0.17989552410677986	0.06221212507844412	
0.40220982639240654	0.4621954449831111	0.0	0.517360684905097	0.42220090755690753	
0.4909443997492584	0.03650697809481444	0.37133938378780157	0.4157764648352538	0.0	
0.36770507150656684	0.47197128629589796	0.19337587261368294	0.13888393228164292	0.10231276980960743	
0.15951568140911415	0.21590769673640342	0.2973353020037923	0.17394735730491195	0.16653763583764325	
0.28242999196340485	0.20889113153619066	0.1372822203682282	0.16186466158599727	0.17687108411783103	
0.2904441393259659	0.033651620133399784	0.04730874095849538	0.2767775727327282	0.07222341467351184	
0.001587291351700887	0.04983952129949381	0.2725775394784521	0.21052152389567205	0.16441095675025985	
0.21341115235182728	0.2067544412340262	0.13430158861017893	0.4050006739340746	0.2832986569160798	
0.24211705781434859	0.008826853857360855	0.1967447605451643	0.22208806612749793	0.15450544224340765	
0.1948197097820158	0.07631561108829397	0.2976346644296674	0.12313675977549796	0.10343125721363654	
0.29034213588660096	0.06281885471274055	0.24218301132222628	0.26130125102608115	0.06146296974118811	
0.24244584337333122	0.17789321498325872	0.23993526382476052	0.1685456491497346	0.011276736228964697	
0.46699287814784884	0.44511248142488286	0.0	0.0	0.6000288046553434	
0.10642444080604069	0.08905617497610818	0.1320618472901977	0.2233536514751914	0.06194431467696493	
0.16911202170372233	0.07288737402112014	0.11637874246608983	0.2902293706406747	0.06848927074378991	
0.1250148944472335	0.04109966767011809	0.5012822575039948	0.6021269010398556	0.24925762144154626	
0.29374811161362807	0.24968351383539397	0.2819059861791939	0.03954604816482316	0.23593523961219293	
0.20116785076409754	0.22819628823067797	0.14589869190432272	0.27339551585262206	0.09825970150791062	
0.15720906527153	0.2781787280749414	0.6866274741867805	0.14225448801067184	0.10359210177288852	
0.21134943634631703	0.1973183276750104	0.18295137833278766	0.2641244369826339	0.08616642690407995	
0.1614485721797243	0.2631296980824357	0.3227577931456286	0.2773446924666493	0.17670519058391507	
0.813574997716794	0.49443110768023346	0.2563334535257188	0.24067918472652264	0.39568904045106246	
0.25605066122209763	0.07660917315934661	0.26388929232449543	0.2945734240588575	0.3365756094465758	
0.28668631984625514	0.13415621660286384	0.08235024865289595	0.05348058948951171	0.08872556657699608	
0.07498774330329812	0.15302071945783646	0.003172920492993593	0.28566515723942043	0.11875335867810993	
0.07971296625472978	0.1226778807298175	0.017201871486001705	0.07775537126068904	0.0	
0.0	0.0	0.019997401235496984	0.0	0.0	
0.1058271728716016	0.2086182088800004	0.2510115568062238	0.13433935539799155	0.25654256773632383	
0.28994177790593845	0.12402563220781168	0.15769026010683138	0.19493337716067044	0.18151486372865136	
0.040130012965987394	0.1720961525965006	0.04691339392690813	0.23788124051541537	0.0	
0.3052041539974864	0.12389480252027958	0.471388549164377	0.37146085034827014	0.2829985017793224	
0.2515754423567744	0.09157923482003058	0.21590668012701075	0.1580364657197348	0.10910627249644997	
0.24720229439423316	0.2815621355307104	0.05672444940282569	0.03063356820508939	0.27545425669895784	
0.2893541728441518	0.2358910123426004	0.0980492846308765	0.07889128434205663	0.18086346319594745	
0.20402519499824384	0.09936700488443002	0.17890976760172053	0.09239724697296305	0.0	
0.3095019254110785	0.37260420715087667	0.3965899505018364	0.13429312085207734	0.3103937595283587	
0.15354732774364624	0.02338822726455612	0.07395973544593645	0.066377737612523	0.10329849593926424	
0.37418617797755627	0.3520519546827594	0.35286567549085995	0.2155844624115525	0.13660909906670274	
0.38709467660861924	0.10117185985151528	0.4719359455178586	0.18300222969223373	0.15647926482722002	
0.00884221903133495	0.2739283141318488	0.14737024575053248	0.0208539123972166	0.10976831976383628	
0.10993045080002853	0.05161489616721978	0.054502403657674316	0.2792568630926994	0.1988616700729094	
0.0	0.0	0.0019244441102234744	0.4457915115585788	0.10981134995399038	
0.06143369228285994	0.10240826567584839	0.011405634530843638	0.2711326614439402	0.03245704795283532	
0.30759925512046543	0.1837839105702854	0.023015686786751095	0.21840434543871495	0.05245529957261657	
0.02417650139996549	0.29133795015951314	0.19564879325107373	0.25828701900886364	0.19697293672791133	
0.16763745527661386	0.06329995701769676	0.10693649248883724	0.26782500674050097	0.24459028849499137	
0.08014273658781262	0.0	0.2089466002501642	0.18182436364091664	0.0	
0.048891855227697734	0.08674262792442398	0.16673733919241948	0.043242076864985	0.02951954472365702	
0.2190055116477508	0.23034754735295782	0.1098357883065035	0.17421397793468196	0.06433795961659754	
0.08100991529345121	0.08213925648268727	0.0667249526447574	0.042529176325118226	0.016298044637921685	
0.2918341762353722	0.17084335965645622	0.08278458374555489	0.2005457005828995	0.2196354570378086	
0.3948617189092415	0.12812913655162825	0.03828586443083233	0.3229775779825822	0.15243582392172422	
0.15353723375378264	0.09725712971974364	0.7323189822321305	0.6994693652749672	0.1784869519470584	
0.23457553807937617	0.0070783218340216385	0.13309653409415395	0.15144341164638442	0.20646769014321165	
0.16614222673267842	0.5024142760049136	0.6487254466941655	0.279943532120458	0.2674768745745329	
0.14949091825661956	0.04137184088171217	0.2677313036323296	0.1961710228431431	0.20545732287254834	
0.5265341478155359	0.37014776446505754	0.44332259481933317	0.20406906191977664	0.1621346964354175	
0.1677178104431096	0.0	0.0	0.0	0.0	
0.08502444705815734	0.33213340872036007	0.30905142378654915	0.4357562254619039	0.11591650640363979	
0.24223868800422968	0.29407475336589395	0.18717285962014077	0.23929093429666662	0.048560601676905714	
0.09190181964244452	0.09027402510183764	0.14282738262686787	0.0645860210804574	0.06275085913444385	
0.15077122324104686	0.017132160487553092	0.1421558274478012	0.26068874756281574	0.15165478414591868	
0.23849781114934115	0.24143708451586063	0.0560005547237214	0.1034412582794	0.18935664721302087	
0.2839332568731006	0.06394137243791899	0.08052952596411513	0.10671519365995982	0.07940434566478928	
0.17105626224360218	0.1429336532360134	0.2530820064095124	0.26821223899114965	0.0759687351179135	
0.10843633233082867	0.02983266524674566	0.010109525092677762	0.06791011279804901	0.26099726738681506	
0.30494086820290905	0.3597540469403675	0.12509511885140395	0.3157903977777467	0.33511369358078136	
0.12792407522459098	0.2324256129115642	0.2846566729852711	0.1539235406322747	0.19559528748066696	
0.10954996583262733	0.0	0.05790836775847055	0.3207561569060698	0.1984297716623453	
0.09339823234987621	0.0	0.0	0.0866621507927331	0.1332420767699763	
0.16723653684127907	0.13015526214227546	0.2834847461218522	0.23797030036789077	0.23641565945199988	
0.14006475830683693	0.1580933090434524	0.14211764232674867	0.0863548298126809	0.09903424681776066	
0.10660186259234733	0.45715514818439945	0.5937689072597586	0.14416552894207804	0.1706034976185753	
0.14129824993717938	0.06595328550091722	0.31625120224870784	0.41723883865024847	0.24746222357745223	
0.0	0.0	0.0	0.7653143550559153	0.1384866251387416	
0.30645288875725774	0.09003239055620833	0.43403790193070785	0.18996664438641117	0.36200352368926897	
0.2786438135163654	0.2889299911907318	0.19632409097054032	0.01455208802825173	0.08391764004446368	
0.12721944549285422	0.5990904614454075	0.29578393657176777	0.2862259101412473	0.30301468531825515	
0.41049696327758295	0.0481058688569112	0.3552054063580553	0.439520966982768	0.4864343795306703	
0.33292112861559336	0.07839384874138676	0.2592975685455451	0.20522476350260885	0.23574164777248546	
0.0	0.0	0.0	0.0	0.0	
0.13647817484385807	0.13478243343950172	0.2170252203038128	0.01864087319847707	0.17926639320318696	
0.0	0.18993796599546772	0.13314655324671287	0.0	0.17124842704359206	
0.0	0.11709087031829993	0.0	0.07133924026156671	0.1936863357855609	
0.42091095759461744	0.42615000874981146	0.3084610452302904	0.3714801615019825	0.38677429400774904	
0.2720532419533417	0.22363476332320878	0.283660303338903	0.23942573148850174	0.18615328452319685	
0.10959366433678873	0.29333518730756736	0.08180355891577536	0.16998942916103346	0.18821596712321803	
0.13632269076518538	0.15690052785632735	0.11315294967736264	0.13817777433114312	0.17137075056808285	
0.11271784504051624	0.054582575048359436	0.28744860868206024	0.16494190201547135	0.19916139799899288	
0.03610847032091535	0.10596623328000819	0.08067833130932024	0.11380237981778016	0.14123215109813134	
0.012852884808005302	0.28606684088908685	0.2624536662292688	0.28733054851229106	0.2432160389246109	
0.0	0.0875382073994566	0.0	0.18573605049733144	0.00481960386761796	
0.16931852676267836	0.0	0.590562507545474	0.03120385586324439	0.19626675614213246	
0.004688708117168097	0.24908282924828953	0.0	0.0	0.09299870524678439	
0.2641108245620681	0.27478945553770207	0.27899536738047365	0.007357427897343425	0.21131529922004755	
0.3666598904085628	0.0	0.2863676224957445	0.199998306456847	0.09169925989812855	
0.22352610811065893	0.2709563487026625	0.05992048324704088	0.20045861489914804	0.20805263760928724	
0.39676785830253825	0.0	0.27998285075925766	0.33292636366030204	0.10715796089955411	
0.1721405074671836	0.09562261994349527	0.2659237604483837	0.2988515689507553	0.06952369925824778	
0.09697939053000873	0.2980360404583001	0.18650219958941447	0.2500269207348183	0.16511230722136302	
0.2573669125708341	0.17896885686047426	0.06647644510967089	0.11214278043862165	0.16695702613995664	
0.07681164303720203	4.91257566460006E-4	0.12438423207615806	0.023631657083820413	0.020120729012433152	
0.009672650798482651	0.22199009083913998	0.07050704875742712	0.14690985201678913	0.1492010805343037	
0.2974478467275235	0.10363235599079373	0.10900183761291764	0.22622330163543072	0.28822668524388206	
0.09752984661388071	0.10060820086583541	0.09872132803520894	0.19755941898680757	0.13253392354572457	
0.059307260696868744	0.27593514254809015	0.1440678429021445	0.13784321088956422	0.010305652197166953	
0.2670232393841784	0.21294106022634185	0.4862866866054793	0.22755254530819338	0.32794715208769837	
0.12123998426518967	0.13605730750146736	0.09632431960185828	0.17176124236698098	0.1259963809928324	
0.0	0.0	0.217220591164157	0.12110477834005809	0.18554122001779444	
0.02968166688335143	0.05772410981307322	0.07518917185167845	0.28748023978623377	0.22281233874392573	
0.0019821944923640016	0.2887422752078738	0.041318032514824035	0.02394802036840897	0.2754040112320556	
0.0	0.010417731946728027	0.05578841883142062	0.13659187626970498	0.08974915833580274	
0.23663064492142175	0.2576738985415521	0.2466720421245816	0.20106407448006788	0.2750461869948092	
0.10889154870391342	0.00219833573421938	0.00379375837169622	0.0	0.20235306164727243	
0.18581311930443892	0.286254441095057	0.15025673135324022	0.2937469020199512	0.24353860425207177	
0.18899499975088582	0.25317890632197115	0.2084781741466432	0.25010351847897727	0.23804085310198014	
0.2759722477836883	0.2811372254070687	0.24011940894417244	0.2113937682655007	0.15912991148362776	
0.19358179495121744	0.18249694866195137	0.3285189274558644	0.2260192274446923	0.0	
0.28136263260644845	0.2798265653795156	0.24120810885257385	0.13542881854061814	0.1847622225553926	
0.2861891024018815	0.41577480204875894	0.6084086442334881	0.21277438197021337	0.5300078590383557	
0.25972296115104465	0.1696448722136852	0.1286584311627052	0.2829807512793381	0.011657616309904927	
0.1765536257756971	0.1011371966751845	0.1195559810274299	0.19110973950885787	0.0	
0.014294458524310504	0.07815582636566921	0.27431766971751415	0.10642122431849975	0.11483517782298176	
0.0737797637307409	0.10311704018754317	0.11996775984999483	0.06460317119952223	0.14077697412931697	
0.14926328630939617	0.35803267682574863	0.1350039095817034	0.2595540963434674	0.28112048265102907	
0.557744854895766	0.21068562290204726	0.38996123091753965	0.06917289834586635	0.234543567633364	
0.16784878092117353	0.2569661447968429	0.20886899908819745	0.1937466669995722	0.2812170878185384	
0.14063933199422005	0.2218069239345494	0.13364822777152371	0.08852882106733181	0.09072553473778663	
0.16299465848057496	0.4037832114354158	0.16319745056627197	0.3089959310478841	0.022940102681603576	
0.04832106789384466	0.19429924386457392	0.21321041669331547	0.22726353303003927	0.19784057581028192	
0.20863297650558646	0.26208968991144405	0.012688074947013406	0.006824372741573246	0.03218323177019936	
0.21794674833014924	0.20626136744371407	0.12613405777326764	0.16863304573934304	0.2652585800696751	
0.2547441216341136	0.10845417491788245	0.1438277358839718	0.2994738416255595	0.041614974732543455	
0.08090801188319845	0.138043435169874	0.18900896688291227	0.10520561238663229	0.15444069869606208	
0.011532000923130937	0.05314870587774542	0.10464915602695592	0.04488316443275793	0.07228509387710991	
0.12443922957619963	0.10853957015715772	0.10338947453430446	0.24808156142685686	0.2474989482293839	
0.38275799144232786	0.20351617142721268	0.14305475135492815	0.1892455210506802	0.19593713041304767	
0.13416782014563705	0.551054205127245	0.3247995948943349	0.1660017041401828	0.2163573098032368	
0.22531201791212135	0.015339291816416127	0.06175183247760133	0.08483136496252448	0.0	
0.07843461484506613	0.39470062046325727	0.1792298023730135	0.2657714592682638	0.33110597934324054	
0.19006879860107342	0.25132680803279955	0.17254874108661378	0.11291615607469652	0.20182130671781204	
0.16759838922559467	0.4193671090896712	0.21470261435734944	0.09059639222639736	0.16339355846117967	
0.17775355148698221	0.17767619948095162	0.003512403099121871	0.21085335730206023	0.19885651473334998	
0.2040280285241864	0.03202319963882702	0.11097860771834074	0.24408891473935487	0.20198645027146203	
0.2802695368984654	0.19363072771945958	0.2361233936416437	0.22384660052168545	0.091729910211571	
0.11550742795587203	0.18412777982196374	0.09736304286469245	0.1597898577560548	0.2495830173556224	
0.3012097229374017	0.17552743785183705	0.39526821292483494	0.0	0.3519313860282841	
0.10699993079157848	0.01632435668054152	0.19577143529889432	0.17052968270139424	0.1702175566556339	
0.02152649796930272	0.23765007117490236	0.28503261465609603	0.07580546063612592	0.24811568838890588	
0.015464584170661728	0.2469966140112101	0.15559457792251402	0.37122629452573525	0.02031118395277253	
0.1892168252188898	0.07648162418982009	0.12675080215523024	0.31636781226590505	0.0857368413864839	
0.1364828325650609	0.267119569676371	0.13774678759849907	0.09359404527832568	0.25789032829713326	
0.11541072793810082	0.01366327734074707	0.23245132845572328	0.07104128758793175	0.25634400342598057	
0.024973352213204632	0.27382939034045434	0.033030809351850605	0.09737305138432283	0.11859861704451026	
0.02263154954079669	0.24972569585316892	0.09774036595591724	0.027397834440685657	0.10073740508796764	
0.18995555092642466	0.02939940247474692	0.2452018742339886	0.11137954748939946	0.2686418049568766	
0.0	0.3488048543873849	0.26325425747324965	0.14425936799034575	0.3382836553160999	
0.14671545643016742	0.1933602815746466	0.2957197855155355	0.12294904089651698	0.26689354690600375	
0.19729044792093617	0.04702325045432133	0.10396100277252492	0.2961916318645826	0.3123297762673324	
0.16460768871891654	0.07913605984766825	0.24478688951947827	0.21336251934436043	0.11553562790186739	
0.07829339626581948	0.17368335644150884	0.08200063870713299	0.1961797237571196	0.16271437577145162	
0.08523459404102947	0.1726133229198275	0.010041702329286245	0.29657556417280456	0.19738352217858465	
0.11811438155164469	0.2180514313261	0.02705904803297271	2.446326822846891E-5	0.11730865135754794	
0.16647657554376327	0.07180055994780689	0.25838536906128867	0.1957471706616965	0.17910949859957787	
0.021938709526529567	0.10043690916794086	0.12112722973133855	0.2081202554988532	0.1174530829002695	
0.25809103897051144	0.20163792494047011	0.19505892325985275	0.13099546443157586	0.1469700809989722	
0.2809356248895581	0.037251256924679885	0.11482319592339016	0.03191282212706798	0.20373776441094404	
0.0797561070410693	0.018922924264509054	0.08451122116744582	0.038273827808424817	0.023293850562468212	
0.0	0.004179800719783441	0.07532431103066749	0.07398142922061728	0.0	
0.16236583625946185	0.07317524715429745	0.007558775195942134	0.06923052386487474	0.15615475656028294	
0.29916255476400483	0.13621009448828356	0.14547557129818164	0.20503005141629527	0.23567168189471288	
0.0772105990593026	0.21187030649651498	0.22962008948786652	0.2539274154570739	0.2265545968518668	
0.2311919072521282	0.042589272539707054	0.2744423191938087	0.09611845329504144	0.14576269874210407	
0.270705346718521	0.07567842695813262	0.05789789490297532	0.10551871053779982	0.29022320840971866	
0.0077199203835350855	0.019174595456037013	0.1445494880078292	0.009956254772508553	0.18478482998092144	
0.04404385961614404	0.18573542016225045	0.37817901191355585	0.1366112403012151	0.26617612688052156	
0.08423536356016788	0.2901661102234596	0.051031880549310724	0.01289641314283331	0.2657890782930964	
0.09970971411232277	0.184358531804187	0.07526947158705491	0.11872336603902517	0.09055343937725073	
0.22407303059191	0.21962730355668603	0.2610461850608454	0.11539282602445455	0.14492915694373273	
0.18385083727921003	0.18446843825724893	0.29680228300306194	0.2325619946706698	0.06030489162962331	
0.28094620493095274	0.30087200700697786	0.17059226953422393	0.19302484738649592	0.15511661156657913	
0.4333506546210152	0.3520531325645455	0.18361505431584418	0.5264928779477885	0.12809330331879723	
0.09821397583152579	0.08190740102463011	0.11065098855722072	8.420818863879629E-4	0.025678533865724103	
0.05136808141616947	0.16562446612512094	0.041253852652898625	0.20043323378699057	0.05305060648479438	
0.05975757720736752	0.8588534703511241	0.30699506650627506	0.3754665877988873	0.37515727978721847	
0.11448665310751147	0.15217241048735766	0.20522541771238534	0.03635355920462752	0.04125297285196168	
0.1394908160970314	0.11250369334894211	0.26904117513256837	0.16762300037474148	0.1148839836713354	
0.0	0.0	0.0045875291195040645	0.2024549626521318	0.022606475836010498	
0.0	0.22770883228574532	0.1473891756890579	0.3436852664593986	0.34491956732159595	
0.19749826126359546	0.2466156011796328	0.06398052385106187	0.17782979068340818	0.11593390837374987	
0.26141214846973765	0.23857288515945402	0.1938902386339737	0.06533292046888822	0.2330674391320639	
0.04379355480461214	0.24839168798891306	0.1597557746558793	0.18057340527717206	0.23288259777644568	
0.2999534711751671	0.04268251042444916	0.13975107420023322	0.060140980870327716	0.22520973471467218	
0.1695023826541598	0.1818216801735622	0.11519808151433297	0.22966045874469085	0.010075489714844565	
0.14330878759720925	0.35472013291724075	0.23831504992841704	0.2163389070831559	0.11254056645119376	
0.11263244976481666	0.14684442702881276	0.07718278846711214	0.16534754474203733	0.2552212754963641	
0.0429515102362668	0.0	0.0	0.0	0.04012960820036926	
0.11476036863612413	0.06970715540618101	0.18868860988557182	0.05697204664805603	0.25430458362927527	
0.014199031351631237	0.4079283956886787	0.045550636026572444	0.14086919884821786	0.09355616604241747	
0.017504055774813915	0.034511010442265365	0.09854810503156754	0.2848561926255956	0.2403357363448133	
0.004021273816690375	0.2838292535173012	0.21630018088942443	0.13045310138342991	0.25483080501301847	
0.22742436343753933	0.09747595373533786	0.2496883308277747	0.23351908007051517	0.29219024100297064	
0.29854198818416877	0.05445045293093513	0.0684569262629334	0.16628507067230539	0.08572554128689168	
0.12081941361043144	0.12963016217494142	0.23047964697690546	0.19580456450239228	0.0046902120184173805	
0.2201698318671542	0.28895461036251957	0.217512243556941	0.010610308041406722	0.18079391464950947	
0.22730624109979605	0.2339785015648225	0.14482985877849744	0.03013247802042856	0.2574447354439402	
0.261158170203022	0.1879386992294637	0.1474867698077375	0.2972178083193316	0.06802303513390208	
0.40162581766202543	0.4439820025204402	0.274913236586644	0.45998622339672884	0.242662960792883	
0.024030871562920473	0.10504764431845622	0.2153270467658111	0.06153853028212079	0.25181650137600387	
0.23029783722567296	0.12215232401565967	0.2584158677032189	0.1777085535597695	0.12521823726457246	
0.0	0.0	0.11276594803831211	0.09015666529474108	0.06649891677878256	
0.13236984609974423	0.051210966854721394	0.18261697365059396	0.18240287865885702	0.28856837461119406	
0.056498315622611664	0.1334800094969788	0.20071623946289655	0.13316414395970874	0.1460152560872968	
0.05239401632342793	0.15111957545667593	0.1481896625284123	0.11431402946573918	0.18743173982455993	
0.059188635722693075	0.25938668769709167	0.03654268524717291	0.08616915984985025	0.0053315177267990515	
0.2076517887442218	0.2316446810751853	0.20990925842504116	0.14074999112783207	0.2126140907560812	
0.1930257594109618	0.15494497671784266	0.022729847642401515	0.12467399631099046	0.008128124284839756	
0.22379730752877441	0.19755174187955787	0.09246838139958892	0.1259238753458413	0.6335538207085969	
0.08803915899289666	0.16752580801763273	0.27118663963021133	0.032342892110843735	0.19381001450351393	
0.47664892466212794	0.0967746395460837	0.42951116796522226	0.27692062583518223	0.2934689962446664	
0.009399508895292232	0.05014620272164441	0.1978938027003795	0.24943811019436968	0.1485045603854278	
0.05238698292342387	0.2746387982859233	0.1507672981338342	0.23771917938780537	0.24034320843061163	
0.4082792077151658	0.7014840382028692	0.2888461482335158	0.4211713474798509	0.32124176389312964	
0.31374434170646076	0.2897966703230308	0.266695702985314	0.25512829811729537	0.1498149165125709	
0.12751557737123198	0.1938318037868266	0.32658950003655657	0.001838460293741981	0.10576405114546865	
0.021748470846770448	0.0	0.11684127616473433	0.07259044544309387	0.20360680419243712	
0.27851888281219067	6.279126678569602E-4	0.1087930547488606	0.17537026596277167	0.18069084631051885	
0.18239236504778017	0.06428738661246496	0.09043364884283474	0.1012694336255144	0.06637628271063195	
0.1457242653133632	0.13687686922380973	0.13733126730137696	0.1611379934003455	0.012569376451669187	
0.18857342316717235	0.0	0.0	0.2314995223037894	0.08958283179385869	
0.35931606329813903	0.10409150009570568	0.11864068391229918	0.027361553540668517	0.14203928109405756	
0.0	0.005857499895307864	0.11668574907136423	0.0	0.0	
0.456976176959802	0.15792493794137968	0.3410339967652492	0.24343834588790939	0.02821247811671769	
0.01718990809360753	0.13161114901532922	0.17923257710287474	0.2136017565129748	0.15128753897365144	
0.16913534564877647	0.0	0.11791080096618801	0.0514155046659702	0.040883558651178334	
0.049534215725077234	0.28418843358404156	0.20040863297181127	0.21333653404401556	0.0	
0.21239341216697635	0.04949947385568868	0.19675902605566206	0.17051429777412377	0.12543040294668067	
0.043052094446691565	0.07912155414652478	0.1914412883258814	0.20361444089788655	0.07167529962013854	
0.0	0.07502997911397408	0.3614047433567977	0.29307165566344573	0.2421900507933786	
0.16289566468405556	0.2599289295871962	0.06170385842741987	0.2618710163539881	0.07453372187384985	
0.23888120054246625	0.023790737689105074	0.23718429315967793	0.06282830552445702	0.2902453272525916	
0.1272054303081716	0.08328275436324015	0.029330031566439648	0.0919652510743344	0.15749902282013906	
0.1177377885248288	0.15370310210610666	0.2992087402365481	0.05835467601530137	0.22691248191268923	
0.2213120478629174	0.2531187196408516	0.013436553227975902	0.2966547913320118	0.014593402026198665	
0.28101491444380833	0.054651690938396495	0.21694246127999223	0.015133810451397528	0.2621322803666013	
0.20525760775095758	0.13811790751837416	0.0	0.0	0.08706063665981098	
0.2613242737658546	0.051634106414709176	0.0446692689731382	0.2875959280941612	0.11305155648669067	
0.280554958314409	0.25006556151964193	0.08537732920020374	0.1985802946396167	0.22316754006039233	
0.0	0.0	0.0	0.0	0.0	
0.13640743432406563	0.2676204955037852	0.2231304441337302	0.06994518878325248	0.1943974326218878	
0.29170210475446234	0.16271696869386282	0.2777606074250464	0.28243215247954395	0.2729515736257548	
0.1569435469752047	0.1929979019913361	0.43432358914748176	0.050433766217305664	0.5487817054557002	
0.06896785189553492	0.06942125277614544	0.2521880910054013	0.16772048361742953	0.27247117509761976	
0.0	0.43345302273886327	0.10980250404634925	0.30699874245097103	0.411451240030878	
0.20342431505451491	0.01956940618119019	0.16431515482266626	0.20251032577253433	0.012778852264371641	
0.13636031924459113	0.26557857023858505	0.2573105290562079	0.26955714942729725	0.042151285820575986	
0.0	0.0	0.02808536005566681	0.15519487263084136	0.0	
0.2088398055139372	0.19494412178973697	0.12272854351594267	0.24817296147566692	0.1558545843520545	
0.5830029711397526	0.6371844444086991	0.5613131680663785	0.3625573041475136	0.30709374521888105	
0.23680667602940808	0.1396047223089657	0.024203760149409902	0.24438723647139923	0.0328496262701506	
0.2916985742706194	0.2840546788754606	0.11365061048299005	0.09468912165259505	0.011176240995278698	
0.04939855039083853	0.05458800100600927	0.26393762278828325	0.04915401205833945	0.11361965912980572	
0.11893645598145197	0.11930949388268733	0.11393977573247069	0.2870066957263559	0.2614871426602837	
0.29188976975289216	0.0704062622514224	0.1690091868340124	0.2715092842466156	0.0944265257774181	
0.6017506406161086	0.2489116319289099	0.49846307780382654	0.1041849501699841	0.45814554060777807	
0.1520638283722843	0.0855517210774797	0.211522073240243	0.25212323995084335	0.13215680900654006	
0.0718406834119279	0.26284963397888883	0.14706796209204984	0.035767522076907345	0.22838026153752924	
0.17220952809920026	0.1660318994269612	0.2476031020972661	0.063197089244582	0.013356013687202626	
0.007493000734720313	0.09541319504993981	0.21318392271583794	0.24935605123793245	0.28299351869008327	
0.11558843396937676	0.037396215111215325	0.02277720274595414	0.08406038064455909	0.18027738865829754	
0.2669456159239794	0.1532102208092671	0.2192777554825873	0.15729258856394085	0.25878314606881725	
0.26081649115957917	0.21425559575335856	0.11792884057249693	0.03290778710160844	0.0018221780693205357	
0.08075924013834422	0.1149272956169516	0.04717133820593439	0.12194641713329833	0.20518096624842808	
0.10852788703367036	0.021729658331857585	0.005710297302967281	0.024989105460307873	0.09035044122930033	
0.07072199284772576	0.17030518099756822	0.1400299591610497	0.24243328960542931	0.2512902187688401	
0.27822213292581666	0.25182414285289584	0.0802498708982887	0.11295116045754887	0.21611538562938587	
0.06246954513061285	0.29248584591010063	0.19735274945334158	0.09146908031868703	0.17211369764693543	
0.14671053197467807	0.07818065705939126	0.12564356503258498	0.1421521055648074	0.18513346428070632	
0.1631774097031613	0.2853811789920826	0.14630816253302723	0.43067716098296743	0.24205184937817104	
0.13477665390673385	0.007339638398818134	0.2679415993779464	0.17234242385662707	0.2368257832437065	
0.27431085916600195	0.28989544613344354	0.24630112098681783	0.010731112157534603	0.013335890663601312	
0.14936409818026777	0.3168632216613211	0.2957068798221419	0.1855537434617568	0.3201057451409232	
0.03270070733891249	0.3194384978361074	0.4261433975674353	0.13468308362871484	0.10363823421176659	
0.19549928224125418	0.11610365877480697	0.13151277118292812	0.028965370127432232	0.20446575821804888	
0.044913318039612606	0.20008069375793547	0.2711243727293007	0.09684014088378334	0.29226764327563937	
0.22262418963919217	0.6295336128831468	0.3027024261683773	0.22383097192819995	0.22319130289431965	
0.0	0.0	0.0	0.0	0.0	
0.17005195265972528	0.12209749853877579	0.24073212375568195	0.24118066908524552	0.06839707031265262	
0.234703373095208	0.18197731158264543	0.27733063110254635	0.1311851517861458	0.28903018547328835	
0.20626144254667741	0.10686757219090207	0.2934578650137707	0.3049493592552298	0.09883082360844829	
0.2832325287596207	0.08876282179399186	0.04381485154540363	0.142091968230118	0.23007186176824246	
0.14090317805654462	0.07057816307439226	0.13069727833176029	0.08744841408270615	0.04203939858590894	
0.25508151163857823	0.0	0.022480590828093578	0.1258540436916153	0.23534502393154086	
0.2378979506813337	0.041043159411006024	0.1477917301576379	0.2797876552381352	0.20921290716418747	
0.29634641037156056	0.08590479278256939	0.22711134209653464	0.28865495650558387	0.0562861092848815	
0.06582304081932304	0.03220690275023092	0.09521921859573487	0.18389771685367967	0.061132503782449096	
0.11096896024537249	0.22262900761039803	0.25108522642602443	0.09617244572403791	0.02435526624968269	
0.0	0.07083139035639512	0.07408831299274186	0.07794540835629754	0.0	
0.1092833636295049	0.29116608138542177	0.06040947448595387	0.060907731681158796	0.08880786160877772	
0.1290377316222505	0.13184487650657423	0.2596081443431545	0.28997902132941955	0.11392284377123012	
0.22069820401177886	0.1997668983654702	0.05742869511490618	0.07624720268442615	0.12236853414095736	
0.12458557392072908	0.0	0.05784239676826206	0.1447453214162591	0.0	
0.23476736329597175	0.18998684344097996	0.05984747573396665	0.22496927112240878	0.11492543920300509	
0.17949990177478622	0.538567057828693	0.1454135191933629	0.3521163466300818	0.39403735224890407	
0.24483278614715856	0.07233584740206753	0.07365652525366413	0.11939653961185112	0.16110766032038062	
0.20979846591180684	0.3753620159992025	0.25644304889415676	0.30413441754803683	0.2445012366970062	
0.2715273585475811	0.07908159671797789	0.25852033797026414	0.0647772802917803	0.2467525513087233	
0.21834876100852954	0.06175326324852687	0.10652263396619335	0.0883351189959129	0.24500751749932512	
0.19959260668020956	0.00928643231677882	0.29169751442716807	0.023273400221473582	0.20829922256788738	
0.29692163723985504	0.07780668125423577	0.005858088944405137	0.008518022210479087	0.25035315027986865	
0.05196064212420221	0.03502051773534296	0.03382702936021572	4.59250145112716E-4	0.06447615227726287	
0.27253862443287646	0.1106962185761492	0.27178421330143876	0.02965953636904309	0.2591890118573799	
0.1631317367394836	0.0	0.027600111977445333	0.0	0.18782386461774356	
0.29926598012957506	0.12274008362531118	0.1639409083066025	0.20727138030384323	0.04892614333275874	
0.08683200446820219	0.29534912379382444	0.1280272461911295	0.09814993006512371	0.03429586337493884	
0.0	0.13084919712836146	0.20970272857005817	0.26060608022126047	0.0	
0.12195827144511272	0.12664181346932685	0.2934350380952569	0.07133637477253263	0.1150868938947576	
0.05859146819649924	0.0	0.0	0.0	0.17223043905587232	
0.2517720020912067	0.13797882000064116	0.09963623726946134	0.08863504537780087	0.17631193361961417	
0.17296645898439142	0.29888936083057366	0.24280836139628428	0.05642383169069426	0.23624727452003472	
0.2888564750579637	0.2706752223846855	0.04115166505893535	0.1056799834662636	0.26765460485863146	
0.07383442703853862	0.11986016446952533	0.13942921214687543	0.19953370629866873	0.22132762165540537	
0.13514160158970934	0.24537779839531496	0.22752015463044103	0.29459777068270243	0.1811514501399301	
0.2955093931753244	0.1593440884019474	0.28656970491669526	0.006662482253657647	0.11579130046616377	
0.31308509174149013	0.15728516676003262	0.327323315226143	0.29426601342301506	0.40206911956842245	
0.043351809978190464	0.26252798702071095	0.294254163471883	0.052911987140962985	0.1600010226909726	
0.23998227120903015	0.23183638996927797	0.04506406923372467	0.12676750952468965	0.09671913882834075	
0.08392985294465184	0.2646491008731907	0.18824548321886822	0.15049593962736657	0.23259487250930083	
0.2683769216371015	0.21402361602571238	0.26212811301808314	0.11043044533899747	0.02633145436442755	
0.1701101992284075	0.08648667836852982	0.1480611452054603	0.10014026670841228	0.20971341137409322	
0.04655166110826498	0.2229528911689035	0.1175371371564734	0.06467487058133305	0.061725862972922485	
0.0602784000819536	0.22762706365378213	0.2714654901437635	0.21889598863846219	0.1577885771272576	
0.06987257524161865	0.14225874219623094	0.26958537345690536	0.2015867584102796	0.05212994097427869	
0.10056866818251108	0.0	0.18159362497791984	0.1044313800670169	0.0	
0.0	0.0	0.09100350556535042	0.12586165007701547	0.12445130287121212	
0.26428424076670753	0.259142928079837	0.013892090921381708	0.06408579891124701	0.21957510569698527	
0.2694995509690687	0.22871305451145454	0.2186653265591809	0.16617235919198436	0.3159492344353194	
0.24475624885668246	0.21395166862450601	0.0604341468425217	0.2805086212008355	0.22492021439966586	
0.014772943375571921	0.24858655731574777	0.24205927057103188	0.17143698404244936	0.19293444221985032	
0.06606643904190802	0.20910787201154094	0.18661789360501738	0.11149683770649393	0.1798540103738389	
0.03817569703429527	0.024994392868463656	0.05263208570504805	0.19693191687379616	0.15946710685623375	
0.11829834267257351	0.23758978574046494	0.1889951973482378	0.1775543419836255	0.07054011146963618	
0.1436534316431372	0.28732787312520397	0.2524178459999794	0.06037923700313352	0.28107427404504703	
0.20550069374571736	0.17359912554485218	0.04215708130753273	0.021388811838628723	0.020879116663673487	
0.22735203625116732	0.0719314496132013	0.09500082298867847	0.186427163183352	0.07590740035748506	
0.0	0.0	0.0	0.05571374259572055	0.0	
0.026533378072281014	0.1614003247973981	0.07572668573112054	0.2187892580797932	0.1995616740066171	
0.016103270279841566	0.23857153516875962	0.2258195286000014	0.007189786551990037	0.08090420536546453	
0.21706376582068607	0.06787552391961452	0.02777024820335414	0.2590757408851937	0.21821370574477836	
0.08351269311431975	0.02090190586403619	0.0727526818913118	0.18742122078171428	0.11205693119563821	
0.18213118833055467	0.2891016065078966	0.01363478738138717	0.17974456863943702	0.018120325866249797	
0.21228455692860915	0.11117640169278638	0.18548748518425195	0.22086740786878978	0.11015611163843814	
0.08620345481632656	0.28121925440973045	0.2802082310277888	0.29143266610670887	0.1382593295615164	
0.242474674914631	0.2506276018639502	0.13081312068070242	0.2454767766997323	0.008492449971882676	
0.23132939868819885	0.26639227255320813	0.20665087667558896	0.017622478878430055	0.050010901624443695	
0.29778439432374726	0.1940625514374724	0.21684327136068357	0.18108316116580697	0.26413145151621314	
0.1607943694330928	0.9112976686918532	0.4921081570643135	0.14592221572530628	0.31674478673957057	
0.33465303342943103	0.28125155267082547	0.15164172757119898	0.017137159022520134	0.2673875113661416	
0.04321454966018535	0.1952024950920022	0.1247560973659185	0.0	0.0	
0.07379317570894729	0.0	0.2595508887862631	0.0	0.0	
0.2832199039387561	0.2445970030407648	0.056303567582053154	0.10479701265354287	0.06732608784827776	
0.03229268523802587	0.17333190391717887	0.08051779291995786	0.0026832524174699277	0.07602340612060403	
0.0745192624640527	0.27666567997347663	0.1318569757841912	0.17203040676664547	0.15365888695634333	
0.12621769089517848	0.18716576030514948	0.3036845825486175	0.15519200935835567	0.103934217628453	
0.0939577062813077	0.22201444746344895	0.1503110361870478	0.17056301460394763	0.32685305305160894	
0.1301800558286677	0.039461673321734204	0.21189996510840126	0.10090382629548793	0.2711837049564332	
0.25789245422798013	0.08155169021517865	0.15998555369664838	0.0971537247115827	0.22477410055471952	
0.21965274928026682	0.007764381198965716	0.0	0.1913612906924647	0.07421466586059375	
0.2629057417566669	0.20740843704139392	0.19369744410454348	0.13918682757962456	0.15956313077919534	
0.24501499654457254	0.07597415076698137	0.04454538130499463	0.2181351397417462	0.004191468219744122	
0.18919429817811417	0.09936947626520762	0.0	0.06091871030516258	0.22496618893177656	
0.06946358168965773	0.0	0.175038338555071	0.0	0.0	
0.11598537075856927	0.4401990887163318	0.2342701212886019	0.3073476735626916	0.10901634737372001	
0.022903862995394042	0.05579491965804613	0.1018337721173445	0.16662695317879236	0.03803135444695564	
0.03720424401872439	0.21748242925500566	0.14737083101836032	0.18288228937696946	0.10067952825671155	
0.22242149530183025	0.00761432622597719	6.580093939794028E-5	0.15925292900387483	0.22913067052594396	
0.4299507135585098	0.32286939446989327	0.1172562188821339	0.4931869376194384	0.241301561804629	
0.3139800599005302	0.11746118388997837	0.22534741784890905	0.15503326196265882	0.0637731000584374	
0.01818932141955038	0.2801557599747227	0.04894310407960179	0.16156256122912305	0.18867629845022516	
0.07156734509255958	0.22188870944275818	0.20425826852316828	0.21782905102238828	0.1156193557389185	
0.0	0.1767954216915401	0.39513441433779795	0.3155492829864897	0.30592304004997367	
0.08083805884605248	0.014106862331868393	0.06923781227564171	0.06252861538023788	0.14695863147896454	
0.20779367106075627	0.22099493564620862	0.23964983521845065	0.25853566446818543	0.2554897765230817	
0.4715197956340329	0.01767393206901127	0.21933283042272889	0.02619036629793225	0.2139530890014515	
0.032161274793464374	0.26601198433554635	0.219050879941786	0.1438430917204034	0.12816381925706646	
0.15862997374689203	0.07468897665300617	0.0	0.0	0.11269342312004042	
0.13809033685365937	0.2495788217571328	0.2766476871273303	0.23154196171441135	0.26013741215198416	
0.23153195908142235	0.19300889408883076	0.0	0.040421479922880796	0.21474841130112013	
0.17451996320931562	0.24491997525059242	0.1171823251631199	0.057507688597017124	0.17629149860731871	
0.18047163739886796	0.2267581330341012	0.1869231759825478	0.10827634303124815	0.04877779435268142	
0.2600218125568385	0.21942341379051344	0.26776465555164675	0.0	0.009461154483541918	
0.027350952843753114	0.03182967340784383	0.29191974947533	0.23402300009094257	0.2653338415087425	
0.1683128354988271	0.07010060158873077	0.030865597779843806	0.2193348648756753	0.13511076012575943	
0.14137618536815472	0.007636520973887997	0.11895755072538482	0.1335380212833723	0.11042772607575647	
0.17608815271444345	0.06396961138011249	0.0635028457103955	0.15467301255880386	0.0	
0.054436749444948286	0.057430117646599194	0.20132099993119573	0.1596196009547579	0.17166239991429447	
0.12081944623281887	0.06174959429762569	0.09385243015656905	0.23347733536204998	0.23881480023316376	
0.1069291115158057	0.19892041391866835	0.15954115524003062	0.07974499051839602	0.1394045090862171	
0.23207118309152766	0.06596776681241205	0.3398926650177509	0.12654877577254703	0.0841231759004002	
0.15844636157284867	0.2558953697192116	0.12150749111908356	0.2763959760054071	0.36199262209883903	
0.025088583327288756	0.10037886939445376	0.17116532650223343	0.06531885712278344	0.1554561989492886	
0.1496519039955968	0.2385831435506123	0.23775491279264863	0.22570932036394406	0.20581265275143704	
6.798848031600328E-4	0.009129186451044494	0.26783694864521174	0.258419799006973	0.06156877091345948	
0.44954785686703347	0.3117864805555262	0.14540348166876008	0.4794341922114851	0.19823056788971916	
0.2518224387207625	0.16421286599136853	0.1580921786375796	0.21754130911573333	0.29294099133922497	
0.2761476138144053	0.28784655487110855	0.09064492078768514	0.11287282017209198	0.1954717684210523	
0.30795921832431816	0.0637041413698418	0.2939638438149203	0.2697339580198046	0.07380334471781778	
0.05830932144169175	0.23360000474564746	0.14712508304910246	0.04421238373303906	0.28872813032601297	
0.2588613402680196	0.012139627473007196	0.1632901897480527	0.145761420584313	0.17671793481174616	
0.2972330174117024	0.21436587643111016	0.1968115870902219	0.1906032211177137	0.0699920786241649	
0.2216381269623238	0.16686998794730173	0.27880243749585265	0.26130612005545023	0.1698729704110325	
0.21040817107907744	0.2079672612571552	0.11114668766695039	0.11301987020402281	0.26118906133867703	
0.24465044460700777	0.29861386558191666	0.2544129714248297	0.10528834759908226	0.27943997591154207	
0.1727509891584868	0.14387679616942303	0.19447127934679198	0.07989089300182158	0.07203778492102078	
0.16816285345959645	0.18742776870698485	0.15927828279906675	0.019977353090251507	0.11414023038519568	
0.24561091802286644	0.0	0.14508911734053204	0.0	0.0	
0.25089729540407973	0.13054347369759353	0.02377622150527809	0.2817702869202348	0.0968059108528687	
0.25967691918769575	0.4595418362951121	0.32883125785780953	0.3002230210202095	0.16251267649203258	
0.08316368582762416	0.19257911889253013	0.2668406566695759	0.06572889164854714	0.0191415584009919	
0.2809206866186097	0.035921338370184776	0.1894161560596681	0.2561019587516065	0.07032244659353422	
0.15640057010686434	0.10985543706612036	0.19912877959612743	0.037659613197559554	0.10066309148427471	
0.04222561003477888	0.07419470021383294	0.08343214229445058	0.12441993463854155	0.02205817601156798	
0.157700381369787	0.17296117830498509	0.2816509165834818	0.29870797458572257	0.012353505312056817	
0.018530144840959474	0.0898245657447636	0.030817498213054337	0.1818892115654532	0.25761925808636493	
0.2987731227327728	0.033149943347757414	0.18101888387964965	0.10240738196822163	0.05451550242077714	
0.13263770097672437	0.6024015471520799	0.38801982699326565	0.24699169130436954	0.37154600877651894	
0.21557573146424674	0.14713743466428916	0.15932924695050568	0.08744187986897496	0.17359138342075664	
0.024574524717718454	0.4814162018107801	0.44506446528682364	0.19911530390072166	0.22352410418210739	
0.29502968581853667	0.29356353493558296	0.04768691220292372	0.1435085474619908	0.14566491927770672	
0.047780723330113274	0.11731241424538759	0.3039581677814065	0.18676445942956585	0.0906386924715549	
0.0	0.10075381760697932	0.13718165568952542	0.0958321778748671	0.09023993740877662	
0.29964996070051203	0.2564237287580792	0.19656590546994068	0.016132428048230934	0.080106822665389	
0.0062663954328654415	0.7402700224952293	0.30553170360803705	0.19523496661216844	0.4665085073167565	
0.04257457587039792	0.11031486665094278	0.2983877287125993	0.1571803874686529	0.037658281082779924	
0.43156165211009667	0.12246332428132606	0.06643765097976692	0.269964523179877	0.2828399516185297	
0.03587047698360183	0.20288833669592624	0.2072546484034589	0.2651879642416514	0.0712803618481143	
0.23670438001678465	0.20962592387541062	0.2755800251143534	0.23163907020742108	0.22073137579534433	
0.26987518112291786	0.24383261298010436	0.0683771508821353	0.26638787956421217	0.22514005807630477	
0.17397800380989123	0.3011460313628047	0.294239403759699	0.09287781967235545	0.1706595525264515	
0.2587337226331734	0.057825670002322055	0.25060180529763515	0.09918451422849679	0.27507061146413264	
0.03862698743365212	0.19463876095027363	0.0	0.2710125119642639	0.08957205771968473	
0.20307358982434587	0.0457627368531498	0.18948702328027048	0.1145758907737537	0.16483424925659082	
0.0	0.0	0.24528844649864598	0.0	0.09343349748753282	
0.2770735005237842	0.2233552631936006	0.0	0.2257962669013933	0.2766619272619728	
0.22798250714206358	0.15700415040604584	0.12846454982665986	0.0049914150617031295	0.04078357102959364	
0.3565399814597662	0.1971252604873326	0.18539074362597688	0.4276941666446676	0.1812787985846418	
0.3196888233689697	0.18344074652464284	0.0985121163548474	0.14753777905374948	0.1576661896060979	
0.06051626429395998	0.024906723809019482	0.10422623496031944	0.1623232141792682	0.010203630941722767	
0.10393805495960345	0.0017662025886699528	0.004648555255077035	0.15200024445052357	0.006565609150581331	
0.11226896690425817	0.21131339374690375	0.11054008714051536	0.2679652288550587	0.2050549975240436	
0.25711193191148013	0.011680833810416392	0.06406724260294715	0.021167333654614942	0.14482623931720215	
0.2224372012404777	0.07101616823294725	0.0314700363740068	0.132100403832477	0.14443108444493488	
0.02377814843486202	0.1993742504769581	0.02011704543576243	0.006221410608756501	0.15031384559929498	
0.07682353173082655	0.014957512291051007	0.20896511671292822	0.1226745631487534	0.08401210727218156	
0.19030973100675058	0.164889733845126	0.2249441864881708	0.30687820734676063	0.3497419751074972	
0.13850210494728304	0.2848107293340725	0.026895344611163833	0.09900767948358213	0.13094379676704304	
0.19766236337565155	0.2334328190765545	0.048271192472648605	0.23035516981042514	0.12689429026586865	
0.0	0.15148734814515794	0.0	0.21280214721508722	0.0	
0.13759222990416378	0.20697321360422974	0.27492962760639833	0.1880290852780467	0.22307575184398884	
0.0	0.031121927035374083	0.14824051418362538	0.1895520544594321	0.0	
0.3888886016602291	0.217197212118538	0.3184379543730524	0.4706928757034268	0.30088811580361513	
0.08915511288389594	0.0025560993079866336	0.0037729915603910602	0.20859059296603874	0.0523509395874841	
0.156172746067123	0.013507084267798156	0.09824347431687717	0.2689177995950751	0.14907668608187474	
0.26537997378767714	0.06672255620048044	0.19419587329920218	0.027453926909718616	0.04353918669099164	
0.2825868053164128	0.08161269255984811	0.15247109988951124	0.20826797285347567	0.22214838203573878	
0.18522742705361075	0.07248986959886065	0.21341229853411528	0.02199334625072195	0.04064248230312474	
0.06993178344262861	0.12469714431159863	0.13752827735457507	0.291521837197821	0.16132866257547296	
0.021070081199823804	0.20996773171794605	0.27941406580474826	0.09242268225431904	0.18874099209582312	
0.15043364723463618	0.2537516597189081	0.2812398072730389	0.10115128778975752	0.04079654938717141	
0.40795642219602896	0.11383209580665522	0.2075899656682791	0.5389125009196735	0.33141831131601635	
0.08435102647628191	0.07598132547903604	0.10539945693935092	0.2300568404662035	0.28083304243762913	
0.20089647122973767	0.23431362038459147	0.14855782924428254	0.14972830749872373	0.1053703912353862	
0.0	0.12163647969844563	0.06587953871325383	0.031229233761476648	0.11890428503814676	
0.22315361399010836	0.08502673950896547	0.0036758409728550557	0.14397552488294457	0.1730835431969075	
0.13190906218154827	0.08156372393661807	0.08123698602297953	0.09551979824584607	0.14716118646681986	
0.004825936618242054	0.15396900339105865	0.09192501582247434	0.21528705943824422	0.26051917120179796	
0.16783486366263203	0.2571827433218503	0.09781882843650065	0.21812697311476145	0.2305729182031738	
0.15245327989404805	0.0330176101606397	0.08470847914741378	0.07062838355379149	0.24747353544984382	
0.2761289000235857	0.029253301927151164	0.24998827678468094	0.23722553064724358	0.019371339842355215	
0.023878269324940585	0.11653948957463353	0.16492875535434298	0.2952158841765006	0.26426247955335225	
0.19225548664986772	0.0670241824761397	0.19760374432295258	0.28992870232882495	0.16211206311370815	
0.2838614747714638	0.1832457287083694	0.09189998806734243	0.19815080887296002	0.13592465157998906	
0.16895902641833513	0.2653441781931779	0.27975132297129746	0.05428067742487713	0.19564074849914523	
0.0	0.2876820641836834	0.19435691454417128	0.23128016120162134	0.02586149369129143	
0.18822682948119604	0.004504898787017344	0.17922147663042506	0.06274246507162924	0.2046993931996531	
0.270641458714925	0.20722540018829141	0.20378785282139533	0.1195473494863396	0.02192973120196698	
0.0405896320058887	0.05020705569283052	0.11053736760468764	0.18024723351076322	0.07214627389086758	
0.161473494832434	0.2553552420756765	0.1245473850345602	0.1814252425695784	0.2949442286016174	
0.04866127897410431	0.04603785145543036	0.26192889488380044	0.23360728822754032	0.0096034805829515	
0.09491185471500195	0.08952241920778718	0.10607016214505077	0.2370085720223329	0.04158147437237268	
0.02016991750319438	0.02295383359298451	0.10793847485833603	0.01272917540342944	0.0	
0.26022499013372624	0.2919086659595043	0.04831904335747589	0.18947030800944548	0.21961992789612889	
0.3060940057655149	0.39410948356449743	0.30816408526655864	0.285065625965749	0.21731869238414886	
0.23464570870046542	0.014049399641443014	0.16544144589454476	0.03247884938914983	0.10344004212953835	
0.3071856615967261	0.4165198284676834	0.12298883371589793	0.40001111220588204	0.17489864803847932	
0.20598190314609605	0.08776163134118241	0.03935974893361696	0.21373495391166047	0.22116441627094074	
0.08578397270984377	0.21940617599182827	0.05698107394909704	0.14150679182221038	0.29682232892953303	
0.09181425676885113	0.011629758976904379	0.19240016245794858	0.030650566666264135	0.03782835466105164	
0.21160643690606076	0.17115256183170113	0.2643172170350614	0.10365250548597096	0.23413525779210603	
0.2909531911341057	0.16813767738235705	0.256559806503759	0.287766456489354	0.13819470059694922	
0.26780567121727417	0.12236731139472544	0.012659071333401063	0.18437756776729647	0.2962369308201121	
0.15935015901121702	0.1651855823700078	0.2853764856506293	0.25412814798142785	0.25822913419075416	
0.20312143083892684	0.28173377211971984	0.020465738641785452	0.006832551426131252	0.23831996146529028	
0.2281437628658014	0.08238485008363806	0.10538833350498307	0.2056603379204742	0.11304188397435548	
0.15856720254134435	0.09736271398173886	0.24874581118319186	0.2866597173393618	0.27366342359280604	
0.07496314854554055	0.23363026829510067	0.1950066546481846	0.1898222027648689	0.03317436348226596	
0.24615056101282298	0.10089862943889898	0.13234766127432745	0.19522175468362174	0.22789322661446126	
0.04548953148230455	0.029485523261112753	0.2593172231514981	0.03130233674889322	0.16044206551490178	
0.031723569548440286	0.27138377241997663	0.14928804493680117	0.40666587060670245	0.2477345696895434	
0.3007626913141567	0.2346067079913137	0.25765863066915945	0.06323548458373589	0.08525881111935364	
0.060144198367571754	0.26109470126247813	0.27911296890610465	0.18056497319574005	0.14947973671693277	
0.05824477465132994	0.32184334238468815	0.138509400801489	0.032674299417666454	0.28629644524633346	
0.212245801729156	0.18796171623809024	0.3016067457665308	0.17200060807805173	0.0017747562529074159	
0.1825274421991526	0.12364808201847648	0.03400071967279156	0.14931251239387983	0.14523569785278198	
0.2124581556970564	0.2116857511645455	0.2189645749706074	0.16544963124265102	0.24373290783888812	
0.23554436974623047	0.17442526135680894	0.1631161332110046	0.015564403358364247	0.2501365808252883	
0.15547644299681226	0.21988299849208987	0.162046821106015	0.17279088350539157	0.10836201884223608	
0.2772670478912866	0.21153249365126287	0.12704950430709025	0.008203815145851204	0.19721542531452352	
0.2832265945712849	0.2498077852226835	0.2653153152665889	0.1459008605069156	0.1577687533036555	
0.25597740804930824	0.23475851052529914	0.11541188512615298	0.22354715335134878	0.011193955900127676	
0.20694721636210645	0.03210288462155435	0.11066968198612025	0.24240222054976415	0.18445232168108994	
0.1506894693736649	0.20930779201718586	0.3036389763051318	0.016478958825865603	0.15668063543722485	
0.2018071338555294	0.20370082315782329	0.2465696833208554	0.025205288876486598	0.21458038321079767	
0.24954217791841357	0.10972183027129209	0.01592081404036862	0.16274377020277053	0.17161580243562832	
0.29867799382440824	0.21092692004844943	0.22706194584212464	0.283011945109581	0.17358032681486046	
0.2983520647699181	0.2948623021714286	0.23874608520899915	0.24101990913398058	0.21060585912172533	
0.014819063665627727	0.21809998036957903	0.24097461910281107	0.3014948003760862	0.023118811167569534	
0.028557030000214787	0.09537714451450248	0.23147260599048206	0.023537973105232153	0.05814703690856949	
0.25806410938638114	0.19259642415244674	0.23368636510000917	0.22645795525446216	0.1794429143668335	
0.0303825617540485	0.1022501984321651	0.07326618823224436	0.07910761373120129	0.0	
0.05151451395709485	0.08125559145652186	0.1578529567972408	0.14258439693085703	0.1564013276487237	
0.2039432419446654	0.0024745041754990487	0.26663002652081713	0.19578192957557716	0.13151091842662282	
0.13777839671191866	0.6265041503270803	0.31631675285687	0.13044603988002423	0.1654036799907463	
0.23918653269752618	0.0	0.2627702161627667	0.11283490647995884	0.19114345452598808	
0.025089840462439016	0.07921843540251725	0.17409122245974606	0.09279196290468494	0.2797250865266633	
0.13570754787308376	0.0957257287628504	0.09823468440749887	0.22937134015724292	0.08212479363910866	
0.0858075300587448	0.07296077658667705	0.05711517993149914	0.07931677294789405	0.275468317186953	
0.26699809054201973	0.261483615994754	0.26716089453573444	0.2827112960107033	0.27077084472002644	
0.3945897192136915	0.041919898129485156	0.19803058399769471	0.37825129094877946	0.1035024502240828	
0.06916172936656663	0.09265268198388552	0.17508244304811266	0.2736191507679033	0.24914998090833787	
0.18247609226684633	0.05373868724689202	0.04638143499966366	0.0016262023652446687	0.2614038376928532	
0.2648627070143352	0.1635726520112513	0.03458310871373035	0.2578908868013386	0.28304408066202363	
0.28021485937339635	0.07957263695846054	0.24102493204876527	0.09557750716421887	0.30033936796319244	
0.10780007370242681	0.029960190927592577	0.2102375676670354	0.27512985168130216	0.02852861728248279	
0.7869558888506804	0.6391792181432115	0.2914144837346986	0.38796381898680654	0.2717647883172333	
0.1724298760147395	0.2168773720110409	0.24133040189931684	0.16783918357150282	0.10036209896023991	
0.27373635475736774	0.18356121449524374	0.193810903673054	0.1354058046921032	0.2799369680680211	
0.018915583374794966	0.1504264212437401	0.21993802045193456	0.2239487702683554	0.07699705046088179	
0.022420961512139896	0.023397306981221545	0.2668195956963603	0.03767272424832243	0.0	
0.10962965526280478	0.38510037630218213	0.2836254617966276	0.9203684553880748	0.347276645141208	
0.10170976959123115	0.1878013228238537	0.08344584154320923	0.04558302178136991	0.21848094554217223	
0.1839253535318556	0.29113803801554844	0.23510073467200118	0.2228801593783485	0.16073772054309265	
0.23951219083717254	0.11562301517678945	0.10430400753101877	0.24949359581820293	0.2503798241931009	
0.25197609575935004	0.07729767832392491	0.02239709259296461	0.22397867398467194	0.13115897539099283	
0.03637924421233636	0.20309707527138135	0.22152932726759467	0.10477146652493698	0.1659075162125776	
0.06852272858533213	0.09836910722051706	0.2431142406488126	0.16911150311963025	0.11313857259414972	
0.026105389029669024	0.13883656011923035	0.10352679478366751	0.2090382580901191	0.036746258963358425	
0.0	0.11260559911307709	0.1933188201443416	0.22356503214457507	0.15284622306731768	
0.01527336976954696	0.0	0.18801701516161404	0.07116786685388	0.0	
0.29974472808868585	0.08674167258182972	0.20219600694494713	0.1186506547465939	0.0	
0.2943203429875321	0.03904944053821062	0.2296801502586065	0.09802668008435454	0.30152924262522535	
0.2709785028146619	0.12102592649266654	0.23125661263017766	0.2747763135808638	0.27447828103664607	
0.1907688801881683	0.05746189697280669	0.28213270589926115	0.09486670133802884	0.1629950811748247	
0.17714366429269882	0.17707878503847801	0.13957985549034227	0.026717159419465085	0.2796027154935023	
0.06301272603676973	0.1529345081436288	0.18642732180673005	0.05980641917730255	0.04130277585709512	
0.05059905194713848	0.21318725456590057	0.28842739095843983	0.07379345390834051	0.03875852601393047	
0.1436988750857902	0.25451270225381967	0.17424641173757088	0.05259584807262361	0.11484396630568534	
0.29040683301647424	0.002147692415691421	0.025231219134667967	0.1418793380747233	0.23078260900708847	
0.20117106002819382	0.007051968883654121	0.26344910208376704	0.2287261927786164	0.16236361163929736	
0.08780708314097213	0.08085861297188907	0.06897455130494888	0.017500541374017645	0.18976597818825772	
0.2880239567908973	0.25135629856537467	0.2393955128490511	0.025114415914893336	0.021501225451600287	
0.3199831607975218	0.0632538396897191	0.1605966227742304	0.25454199256661986	0.1344527146968616	
0.18503609959149744	0.11723896213481026	0.07251776075543712	0.14503149994205417	0.0018091819178850431	
0.0	0.016165264624219872	0.0994857245014079	0.07603702085879502	0.17183168749220928	
0.19342758453086498	0.19155488002082624	0.12378143697387559	0.15403761011106795	0.21364590409945766	
0.27975314933747913	0.17982720322795703	0.11895376471984517	0.12322614480996102	0.07896371679042266	
0.054017725716729435	0.1435048748843023	0.05581871333135703	0.26589851391005176	0.11948505037763205	
0.22237397236153303	0.2778746767171552	0.2801971088903049	0.03166947877713317	0.12877526145768572	
0.08077536526124025	0.0341572008674934	0.199531361993248	0.17867601872762365	0.0	
0.5555553794692114	0.15863739533993038	0.18605522304472566	0.20196538690441324	0.16797421035482454	
0.2679826091975966	0.16615796033722402	0.3104868710227042	0.29475243626390785	0.14200139286604305	
0.042936099907254575	0.06753431567608681	0.17713849636183665	0.10945858581090484	0.14939879036845163	
0.17061962440543083	0.07652406205180763	0.1024657941267467	0.1791326781035688	0.2198219613309143	
0.058229903380792945	0.2673624447293223	0.21136922308995618	0.16577871571841804	0.0570483595202709	
0.07562005533562388	0.2817630485168706	0.18934389276438165	0.2820714942366649	0.013535314719844075	
0.05092593888082928	0.29402118776274194	0.09377594618713377	0.06842743520192583	0.1062393008498677	
0.0	0.07189621346688807	0.06472019148055953	0.10357545311612945	0.0	
0.22278237729319067	0.1555569933342686	0.04254881478837853	0.1304382547940562	0.28113118515874475	
0.2544223971528912	0.027396696549000375	0.08940596555619945	0.08010699299372621	0.1287144169694196	
0.24605035741106682	0.20500106858916564	0.1374293876632759	0.15233419650531096	0.20686271538528767	
0.257282074669742	0.037368409743593616	0.04732114107047454	0.1093121548423138	0.008016867180862343	
0.02234799174620989	0.0898400063309041	0.13189117546114779	0.158109088962432	0.0920530842812812	
0.00579374660880202	0.0281541405217903	0.15260415606205394	0.0	0.2207657227869112	
0.29288736930026044	0.18890003575753966	0.013018245305955297	0.1426263350284109	0.0794321379047043	
0.25648282096032643	0.043250993728899144	0.07530394450803198	0.09529052703684081	0.25843882452666267	
0.17483866215647378	0.24211430899200218	0.0016257132502206502	0.2832526660606101	0.013451696905909555	
0.10050377229049005	0.11028721042198962	0.2782718014645362	0.12094248326309467	0.25128991933847367	
0.2006323667110414	0.20270201960841813	0.14359290332995173	0.032026786309753426	0.3004717964558828	
0.044472487000159266	0.06313671166545667	0.20121951719702505	0.2962662408187274	0.10739646541825731	
0.12516711074419412	0.09870306168875433	0.16518853156646077	0.12045033163875903	0.03169989244061388	
0.055372329967455496	0.1445298832161935	0.0863679410797829	0.19859501155882428	0.2297626944059597	
0.04638401083887475	0.2767263871901977	0.2232346052308334	0.17349332054550823	0.02642464540216107	
0.03829451221302062	0.07231197512769884	0.041118994487066865	0.05394753608057144	0.2940711924533628	
0.12935149022423917	0.05945960467239447	0.28173673651875886	0.01424428649682526	0.17655807301202664	
0.14598009032670442	0.13369150791666815	0.09198523835000663	0.16500827028027376	0.20559190575392472	
0.17109584339460254	0.28374919755318684	0.2835615318156639	0.06224860869489776	0.0455209984875963	
0.2965776958183268	0.18123913468052935	0.19436874698345374	0.150235916309374	0.29985248900884387	
0.19716944811429765	0.0744762960258948	0.0	0.15811527212328083	0.1924518537855286	
0.012827731558456068	0.10799409093857165	0.2049814201517019	0.2537404238437729	0.10533044603841729	
0.1422087644784476	0.13356683839437958	0.051650273677736	0.17330082902812555	0.07466474248968138	
0.2149975204639525	0.20315305895954036	0.26817756873057874	0.11069074370629345	0.21243038667212058	
0.09191789794307623	0.17802013250567195	0.07506829321536226	0.18473762511742342	0.2707060202383541	
0.10918939282956845	0.07940394694823293	0.07722410519922408	0.1651092065491079	0.0	
0.2532525893154453	0.2820275621160456	0.24187268183740745	0.11124962633320463	0.1038546911193614	
0.19205232868282263	0.2677001511630848	0.1488058947386778	0.2907302745767058	0.07065622317563658	
0.2812073407596794	0.10358365148942116	0.20847444856236924	0.15656570301987946	0.07106997231070754	
0.12075431535667011	0.25955631045647715	0.20635355077341552	0.08842101640758847	0.15655443702874502	
0.07005557590269719	0.23224654603893222	0.17677095985970712	0.2972745125985004	0.23979877192951157	
0.07237563054603573	0.03724555462589054	0.12518830801719547	0.16247226097529135	0.013754887321748259	
0.1366917308493165	0.17412485341674308	0.002571773323655808	0.09543027651690564	0.11590209893759543	
0.11827771075148896	0.24814774838514947	0.07815857800146195	0.2655770536493103	0.04995923209337172	
0.21728501761927294	0.09029878960238989	0.2834291679718721	0.29049828568898645	0.01240042956603002	
0.21457406243910587	0.06573878551739391	0.12828912426798067	0.13488263267389478	0.033910041511878625	
0.23185415850100335	0.014118987728880992	0.09392564846828298	0.03188023430045189	0.22548421767858592	
0.05614090165221245	0.23390081241959745	0.2848790564388621	0.05638317731865016	0.11087646738512355	
0.12375673701480523	0.007453455702100776	0.26602349513749884	0.021563955949202435	0.001528907464810515	
0.16352720011353136	0.11140774538671208	0.14182441715362654	0.12862316077019795	0.23650380039192767	
0.15594014147715332	0.15293166827125698	0.04107289592469587	0.03424590887685152	0.27748890615964455	
0.09581403975632347	0.08688384440405086	0.23265262843884124	0.07262888429679717	0.2753903257714849	
0.22087074944723326	0.09985051050856127	0.030340183691219675	0.11627489719378559	0.14004619548305078	
0.06272496918642688	0.274107978037023	0.11494707913313204	0.20728835469544693	0.017819578450959286	
0.25851433951628644	0.13623063668959368	0.05392506477154749	0.1932628659781715	6.156558128142542E-4	
0.29453751630095953	0.0067596999907452385	0.038041532734646534	0.24335246054256982	0.2631592479034602	
0.015169104658819672	0.25183568955396113	0.1836228854833064	0.190694944780823	0.21267292044375957	
0.2288323182732673	0.03732708713404055	0.2314286245911973	0.23480247194039094	0.27784734842897324	
0.2512142759694604	0.06650876686976863	0.10758479418480249	0.2842605010291613	0.0505173320747962	
0.20475325308529577	0.111233504106303	0.25239019790945794	0.021214224854793833	0.1431450378794915	
0.033885869286949276	0.0744338838158871	0.05005471981749768	0.00270947866094846	4.990382758767594E-4	
0.13080094291490862	0.2093498525934664	0.07786435408539236	0.1258199997576455	0.03604965932503982	
0.27740213723063206	0.08521218641637862	0.06555763495437837	0.26694060678055903	0.17518659426574185	
0.0341840227491141	0.1252794431688297	0.1779768961784501	0.2360405125024661	0.0725370496737092	
0.23897135523973423	0.061588857357663444	0.2856376649752861	0.21413739856397093	0.27817810547764676	
0.0900676600837288	0.2823192368716538	0.23521175178982745	0.17940846712665262	0.29411059504046533	
0.10852789872002297	0.10929063225852487	0.13342231987457898	0.10050443448236182	0.14892093877704113	
0.04035081514043768	0.2692581094233658	0.1854875920583886	0.18688508304186086	0.08920752145424124	
0.27353471639515936	0.19689250559389532	0.18387298850382608	0.10892063902607392	0.02314572274916289	
0.25269675486206855	0.05655279453577314	0.3112205153404709	0.20030604383371647	0.2503038749666978	
0.04408194612084444	0.21999873519475854	0.023503552382923017	0.05704961056319634	0.11268791114377565	
0.17096059103559028	0.1274069297097145	0.07597468779536491	0.04899292516313717	0.23735512066723174	
0.20770236242198573	0.13808889980615527	0.2959826934839293	0.2855085359391426	0.1810236981522825	
0.04131986126709089	0.2516682511697146	0.27524004180861966	0.08945088813255082	0.25402100544950934	
0.23521141096899992	0.016324137011344046	0.020651351815944595	0.22328959692872313	0.06135253621157985	
0.10550780985806463	0.1992987537053997	0.29136140915986436	0.2028251259667083	0.24315636368753288	
0.22072259932159358	0.1426850342763818	0.24323801937970524	0.01986859827596101	0.21187949489213478	
0.2584988126095597	0.06847126552898503	0.10597847525312615	0.22155164199590244	0.005184936094850712	
0.07020818553396407	0.2606290689125996	0.16696981720068488	0.2747939084729213	0.11518692492221308	
0.1631815787937742	0.16074069130600727	0.15559494934405624	0.0	0.215793604794757	
0.05186355576320577	0.06350383492981121	0.04635165173484161	0.16475135085590126	0.02390021919168103	
0.1095870311933056	0.12747683600097123	0.032707061900212456	0.1147606066837937	0.25318347410564007	
0.24275585674568315	0.15879994525228586	0.04586731785236696	0.126412386625829	0.07128626807104779	
0.2898021638496091	0.02436656692778346	0.23545522975583533	0.25297617549104906	0.12396687581290917	
0.16165078963240823	0.13204402001646795	0.08485191308558608	0.10410258635152062	0.01449148544311584	
0.009397596787330924	0.19630088701435242	0.13477338351752252	0.2842303490102289	0.013671401090440703	
0.13544628422707583	0.03986631516408966	0.1806080201236402	0.19821522106320838	0.20154884640038906	
0.11078699687576096	0.20433391164179382	0.2425024667687969	0.19245698279445286	0.08424257191597362	
0.23949468795554948	0.2537797773378653	0.18055833502728752	0.25662136347390885	0.04823255035294255	
0.25657263284685405	0.17301962634651696	0.07500385969359104	0.08947265755693251	0.16759141885815074	
0.24900625864800546	0.2262800313158123	0.10677823008796473	0.10989492258236822	0.15934546783734366	
0.01789689090154188	0.276753988462072	0.009245380663509934	0.04328214793513432	0.256421490363179	
0.07707551672055088	0.27826004723271	0.1542813283930309	0.19747057506682056	0.09330146916104048	
0.1029083930535562	0.13431557853711246	0.2787272873033638	0.08103704541956389	0.0606793480391042	
0.10335210745316842	0.23373613493357256	0.1741405141715314	0.21439118911846075	0.30314722398451144	
0.08021957908555066	0.0	0.19762069157488638	0.16412502339014626	0.1049129540386185	
0.20706049484103947	0.13223335716284804	0.11377419944744875	0.013456945900186312	0.2910129060742021	
0.12543084103769991	0.2762974794583613	0.28247860132338837	0.2582210505516183	0.11225515050300296	
0.11326763323655016	0.2759747654830819	0.1775378937574746	0.1877937235406952	0.19469835636317334	
0.0873454423437312	0.12783870073078998	0.1704837609848979	0.058777421751842376	0.09521799596551478	
0.1736528098911872	0.113396548560848	0.2680152817967527	0.147789847051326	0.24587350971502148	
0.11697220823054702	0.2666892161327332	0.01336812522344496	0.3008560072427299	0.09881479192625638	
0.12525814929031975	0.18111324059111344	0.19040500348410805	0.07428956703918362	0.2762227049099192	
0.2985929665364272	0.2748284592962329	0.27120117341927563	0.2886287820449044	0.24769374869857064	
0.2806920174438047	0.22600490849616917	0.0553349700034861	0.057358277970241726	0.24913735043860358	
0.2989985134405856	0.24085040932791632	0.13840668187414093	0.10401813958590092	0.22756448206827853	
0.28714906643698657	0.27057306016496047	0.07235697351640205	0.2732746037478711	0.13977642682209235	
0.08079399994198538	0.1406449213623021	0.03918471267438092	0.11162959616440139	0.04674136360259079	
0.14187899163442672	0.03741760261637143	0.08089139345167909	0.009557684890808642	0.18177219234445782	
0.18803999996887033	0.24530098470194792	0.23822358798638246	0.13101196182818728	0.2985302995542358	
0.252690064519555	0.17838312233075124	0.05595288932719747	0.09019123731204452	0.025222291104314128	
0.0585869689888701	0.034326861572402584	0.1395760755967577	0.03443197966781397	0.05117190582783326	
0.2982422538964217	0.23447259751478522	6.519082833745375E-4	0.2957208924777312	0.25793701499020194	
0.13107372514156967	0.10679764364013186	0.020396370325761477	0.03210145218236883	0.25445672212424236	
0.08847338774065001	0.170971875252312	0.21291907707468138	0.11314937185901923	0.00666333011517453	
0.2944449960023619	0.16437651410242063	0.08302953555891002	0.1811558463698605	0.011446458066574395	
0.15567594690050818	0.058585489087742845	0.23855448019663916	0.13437921204435974	0.15983596006488582	
0.03144605369787137	0.2842330741738756	0.08003589160747894	0.13637468026626717	0.17004452553987767	
0.2564141455765734	0.12147994381712002	0.053380505249995186	0.13890244797148799	0.044899774551097484	
0.2110384238164134	0.032541438244475744	0.07988910491220991	0.11800445536373556	0.15148650806736705	
0.004398953997412119	0.2124147833053531	0.008696001071351446	0.13098970257430462	0.1312313752278613	
0.06650970971437926	0.27961160603165913	0.25427482094822357	0.10824101587909422	0.2501020466351215	
0.05561696072660254	0.22537447013519907	0.062378958737135275	0.017429380191415874	0.21187462634643137	
0.1621957440781012	0.25401282983481427	0.28325361983469	0.25119308391423945	0.2267813375215929	
0.1880844084986741	0.20838340032203523	0.16184913979473686	0.22625715196652868	0.10948145540284827	
0.11472199033172169	0.02430407002282161	0.07012252301391739	0.10222428982781337	0.04957836447088548	
0.21862906464485335	0.14080688154036136	0.08902274671037519	0.005450024376470902	0.1288604145846757	
0.18334641737836374	0.003102542831066406	0.17547025146531178	0.2759577928570786	0.04263014104039108	
0.23304263086430993	0.18209263566486455	0.14789499107717272	0.18531790555486571	0.08343019776694646	
0.02454528392596028	0.2922684921125728	0.24022253459628298	0.11238633612194329	0.04781869365738376	
0.0746029175473795	0.09225734076464234	0.10510987308596949	0.04122489560364739	0.12154021897862234	
0.10232928307253156	0.1644710381484786	0.2789614913163876	0.044348086320849196	0.0667222098574668	
0.05552475051366612	0.1305781720645199	0.23895397842149502	0.05329221524591896	0.141965779238376	
0.09682014714542396	0.04121514340156229	0.2969101787829878	0.20269436693516157	0.11234741792570578	
0.05114326988596299	0.1241233037383036	0.10757007460718201	0.25912154273908555	0.08071191901953363	
0.19414648786937871	0.0028552110130781712	0.28997014742228466	0.1836283317560869	3.7160982557860403E-4	
0.10544605887857345	0.00517379726525671	0.11686046677235906	0.16633425485094563	0.21379669804714774	
0.08824113919651806	0.019369461729486653	0.28946581465586474	0.14069545622217108	0.16869953471134055	
0.08301836036213034	0.13914356819731896	0.19033933624216087	0.06509618798883016	0.15872588775948232	
0.10548702752678268	0.05939931070360281	0.2108390550814534	0.04044416660571829	0.10199783148660098	
0.2976630876624931	0.2630547173430192	0.2945472397787917	0.1624849175466284	0.2668228946956179	
0.04527023370954196	0.05484728770120391	0.27242053894478724	0.09927773026860377	0.2934684907816343	
0.1889818312891926	0.0385393656962172	0.26874882000873296	0.035242817814163996	0.2724554597426019	
0.27206572010324975	0.23104555694775164	0.05972562226930716	0.1341760669324054	0.13933080307687828	
