0.353739787989504	0.11466578721751139	0.3147707387978742	0.0	0.09823887686861184	
0.0	0.0	0.0	0.32966692291578903	0.400169196078725	
0.011329947413594527	0.0	0.0	0.2082972869453892	0.32160336937572803	
0.0	0.0	0.0	0.0	0.0	
0.02654527586870733	0.12479654872682333	0.09281749655363199	0.13834140898411246	0.35764909213844526	
0.06871183450143943	0.0	0.0	0.13359324637291004	0.3946900255224114	
0.0	0.0	0.0	0.0	0.0	
0.32908612131853476	0.329759236646278	0.0	0.0	0.05883760854146385	
0.13121633569737465	0.0	0.0	0.20658703044254187	0.2062164006764839	
0.0	0.0	0.13964506263791915	0.44316527385094456	0.2534111689857812	
0.0	0.0	0.9283208173777792	0.0	0.0	
0.012649335413984065	0.0	0.16861853841280097	0.2271261243420401	0.156160579757961	
0.09902049417801759	0.4914634581661754	0.0	0.49451096265242467	0.0	
0.0	0.256384319235806	0.0	0.0	0.4076686214395949	
0.0	0.0	0.0	0.5910645512733708	0.0	
0.3883844575324031	0.014868309019691307	0.14917293138922863	0.3555539547988607	0.3559342002638087	
0.0	0.0	0.502002451474255	0.01295450270458213	0.0	
0.5720440161624307	0.3125038987862631	0.30696259833945816	0.4572300360212481	0.15471425526096377	
0.0	0.28370618347064364	0.25878167142046965	0.13279357950575504	0.0	
0.13317069984368976	0.2986478165932509	0.0	0.7925058093033452	0.0	
0.637614284182461	0.47607884328412103	0.022112521860824883	0.07975949158573233	0.0	
0.5736651918914516	0.01339758583335903	0.0	0.0	0.07846015564896879	
0.0	0.0	0.10554192793236594	0.3734120001015781	0.08654857149431222	
0.21803945235135677	0.11786033310552416	0.0	0.21706975363588601	0.009111625998600374	
0.0	0.20947572938430833	0.5935210538967489	0.0	0.0	
0.320186492530213	0.0	0.0	0.0	0.26291094167727164	
0.14786304210366252	0.22328927507023533	0.0	0.030949686371529814	0.0	
0.2854521637405928	0.6922254562783547	0.148292801963908	0.10167750847760627	0.08374633256187157	
0.23800331980538714	0.01744564127663055	0.0	0.06858528025194123	0.37385250297952005	
0.01381975239450167	0.1877374496131652	0.24392672104484417	0.19897211421987213	0.0	
0.0	0.0	0.18667579490717917	0.0	0.0	
0.36417265355665873	0.0	0.02173144452126402	0.1174909282089981	0.0	
0.0	0.9596218192604269	0.0	0.47814106441692744	0.0012253651176291323	
0.2725359963321546	0.12849304675303563	0.297985811334383	0.04345492164089782	0.2674422729063942	
0.0	1.1443837069593261	0.0	0.0	0.24397978638096995	
0.16246063408033493	0.30557425984046865	0.6115797618212765	0.1452001229697016	0.46053462419432467	
0.27219889584924195	0.0	0.2596537170077046	0.03852969562019319	0.046606789874746736	
0.0	0.0	0.16918443119427612	0.36383151360210536	0.030635644280238003	
0.047014572680636094	0.2298429320732286	0.1369721975043223	0.048465002038180466	0.13703969838870927	
0.0	0.0	0.11644576839470526	0.4035056634716585	0.0	
0.05998944083336235	0.10731358136421248	0.100195636295372	0.1864981610914484	0.27740633242907864	
0.0	0.4937363498161482	0.0	0.1539234195399688	0.10750434467356348	
0.18357530446839593	0.17310027316083984	0.10210775910390316	1.022117439484495	0.0	
0.8120492239521611	0.1929270612633317	0.4397101078837319	0.4646243713055002	0.0	
0.005725559726686066	0.19986542208758662	0.045030440284593284	0.267758159099093	0.0	
0.0	0.3070517251950295	0.0	0.1897518232361387	0.22772582452677187	
0.24556298380763722	0.14907720067220695	0.16986937475750485	0.1275756683087688	0.2526598767085273	
0.25537484870466215	0.1733487607124517	0.3004965964202879	0.13108506550523197	0.13621253200544012	
0.0	0.0	0.8218359996823984	0.0	0.0	
0.02555467337081403	0.0	0.0	0.0	0.2537811622737671	
0.06445104936983045	0.0	0.0	0.4841839826336971	0.043237040201958434	
0.0	0.4351011807116002	0.4022452675811972	0.0	0.09097222887428427	
0.0	0.0	0.013092634442389575	0.7887523395772519	9.513563128476539E-5	
0.0	0.40084767567000756	0.0	0.18113396829573566	0.026510041459632754	
0.18659217983924756	0.12394100811653369	0.0	0.0	0.0	
0.0	0.07706000165632593	0.005020322633629599	0.4302032935839315	3.128697310525578E-4	
0.24919084637843505	0.0	0.0	0.0	0.0	
0.1772032699651784	0.0	0.0	0.0	0.15257914023860894	
0.3441562302226204	0.19815354486698528	0.05471395073498221	0.09309712389161014	0.02668523073826294	
0.05302959987808507	0.0	0.0	0.22653326206789556	0.09921072929925975	
0.2462370812808637	0.1048319762337437	0.12750950808789957	0.07447363840913253	0.037167668346127884	
0.1435886658085338	0.0732147615692045	0.3164320920017886	0.28173180507917495	0.13625676429999	
0.04529873607169363	0.0	0.3526840815636273	0.0	0.6626815666489415	
0.029053660057371998	0.13185645201037774	0.06210366744690157	0.22559142498736812	0.060242716918626295	
0.0	0.1900259234779517	0.0	0.49713968400049974	0.07877827643652198	
0.0	0.0752218929566477	0.41497848035300855	0.007172288159734666	0.009365504501087476	
0.3733812302839814	0.46802016688799897	0.04099941986262266	0.13509544875128016	0.039946558478207925	
0.08782204351462389	0.18610725897213118	0.0	0.0	0.09249637502998186	
0.2348467316635399	0.40285367584668097	0.35444919793265034	0.39909444551847495	0.0	
0.1085365618371748	0.6763717835984111	0.0	0.09617823860256637	0.33689144128850523	
0.39508562094015304	0.3623639806547086	0.5708928096101431	0.0	0.13732246415576982	
0.18578477717690065	0.3364412878961561	0.0	0.16128406825533442	0.17317626344615483	
0.0	0.0	0.0	0.0	0.0	
0.0	0.6143177858992853	0.0	0.03122242449552665	0.1284990890406992	
0.0	0.0	0.37944695310182697	0.13155650849886194	0.09845068775967573	
0.2276617028492939	0.28074611828221585	0.29070118145200813	0.16077638333279043	0.010093350602318954	
0.06632894393214363	0.0	0.22365238088687586	0.2944369258244745	0.3130754472053963	
0.36357650043376966	0.0	0.0	0.0	0.0	
0.05432772779165333	0.0	0.18554443067701143	0.0	0.0	
0.04274347739222937	0.10345471955300503	0.042436335186508696	0.06194136767767065	0.1114579060593658	
0.4363090236644925	0.0	0.006280391311278642	0.2644834450591291	0.20511874917148695	
0.1665911033340454	0.18115164544239692	0.0	0.14167326383896786	0.0	
0.5746910283564669	0.0	0.09714477144992952	0.638218361342324	0.0	
0.11319130181842828	0.22688282860243697	0.0	0.24400732873216488	0.0	
0.0	0.0	0.3086614660355717	0.3774172096499896	0.0	
0.6044626114203976	0.16808483552915954	0.616819594505043	0.0	0.0	
0.0	1.3476038691619208	0.0	0.0	0.07494678661377245	
0.13060552491370792	0.33806502834614843	0.02553292993192551	0.20393210282714497	0.22137886187051442	
0.04734865054693276	0.0	0.0	0.19862313254123962	0.1123846318088417	
0.0	0.0	0.0	0.9570164458345342	0.43619307745462604	
0.0	0.00890197103114802	0.03905057043587301	0.3185147775637143	0.0	
0.0	0.14989302737013546	0.0027845140423972737	0.15199767043081672	0.056099002538958165	
0.3977613336326382	0.039416148622085104	0.20658875018785983	0.4338697304530656	0.08156975354767682	
0.26543649056791596	0.16159734012004887	0.23788923413913682	0.09138094111584442	0.010329040163627156	
0.0	0.1280289331955395	0.0	0.22329559525121018	0.09310517247620652	
0.07885412085290393	0.2862937035159099	0.16352876074420264	0.19834190719533526	0.04112365720869214	
0.0	0.0	0.0	0.0	0.3148019777302622	
0.01952463905962713	0.1841654012992335	0.028848234275793385	0.10536374863143028	0.38604345912555144	
0.0	0.3334022231335289	0.26527398462204793	0.16770171588739408	0.060871035574765586	
0.5960243167420909	0.2547553808169477	0.5124168448775381	0.10539840423672285	0.01496231372490782	
0.24069765809147114	0.0	0.0	0.0	0.564869651520788	
0.0	0.09546936773975169	0.0762081100510457	0.08885223117392606	0.2015570415077269	
0.0830669341613017	0.559692449168677	0.6016450639746547	0.2475724886196838	0.2843213600878156	
0.15123918762736882	0.11991005229718207	0.47151388969126906	0.0	0.0	
0.51278865821224	0.1312632829533843	0.22163855977505867	0.0	0.056895558927394445	
0.0	0.306221900892196	0.20648927051359747	0.0	0.07790850772842105	
0.0	0.0	0.0	0.0	0.30241312437732815	
0.46401652113957376	0.21063279703068202	0.0	0.10933188890958627	0.2318513115100513	
0.12811802694288932	0.1425105923077327	0.2850597607146876	0.10947273674150657	0.058013619615988145	
0.21425074728616927	0.12206821447500768	0.0	0.4908646181386243	0.0	
0.15273133516279552	0.2844925799221164	0.18233427303634556	0.11667309326491777	0.1622750419011679	
0.2967985704047491	0.10271049665042307	0.10809085771242086	0.118326037077566	0.29580366620213355	
0.06724345954074444	0.42598425637686	0.0563671209218669	0.3239263528069791	0.07084228926933826	
0.42440021960990854	0.003399730267925149	0.30571231236749397	0.0	0.0	
0.47596942492702793	0.3004455867925826	0.25532054940532206	0.3734549809882441	0.32806208698038175	
0.44718474296248667	0.21680173463807934	0.10252418262365116	0.1849841019713741	0.44416082342871765	
0.09405885973078364	0.0	0.4770021453486193	0.6829949446488819	0.03947771827919488	
0.0	0.0	0.0	0.4636007853512676	0.0	
0.037756559656707885	0.0	0.4247801631913527	0.05818846962188939	0.026346540904703643	
0.06481014337227126	0.0	0.0	0.0	0.06490870895450924	
0.0	0.04517390156915803	0.24712370813042844	0.523139194133563	0.061521298460670136	
0.0	0.0	0.2142684531810556	0.19053315875509585	0.0	
0.38956986095966034	0.037936085402415984	0.12212137175307662	0.48749529701807937	0.00891497829210697	
0.0	0.02706475874724614	0.005570308447476847	0.029985620089985503	0.0	
0.27950885062724745	0.2875215680761309	0.17249670326067712	0.3693745522584446	0.0	
0.06564525267815731	0.5709061406853977	0.0	0.0	0.1468134292400874	
1.0037995555949515	0.07353197720302736	0.006619261480976005	0.0	0.1507120389170045	
0.0	0.6367528064234282	0.06380251475867811	0.5145781735337376	0.0	
0.12418105301250364	0.3326691238133207	0.3357007461502478	0.0	0.1890364307999978	
0.0	0.035581297545072395	0.19868970685043064	0.04814218936267008	0.14307996931727185	
0.0	0.0	0.0	0.3636065081208354	0.11026940338162192	
0.13413280287321935	0.0	0.0	0.28162596509100496	8.260441847638045E-4	
0.0	0.3172861961573521	0.03994136442533674	0.5364729143065805	0.0	
0.2465423920179224	0.17587453659910868	0.009503486154367656	0.05464582195483865	0.05656341641614281	
0.33284856517693295	0.6292559316345713	0.03542277641102672	0.3052229983759561	0.2593235362883378	
0.2391572331335174	0.05339965314184357	0.18575589395970651	0.053220555289919355	0.11545415383808298	
0.02365698051482166	0.044831620834420736	0.09084948922582159	0.8680388365704503	0.04793278407307178	
0.0	0.11085299202898345	0.0	0.7286711137734496	0.7092922721823701	
0.06640740705572971	0.15313456747644794	0.28367116107683626	0.0032055474358628436	0.23362744275841643	
0.24425252246895895	0.16375007938927907	0.2635443130228133	0.07962730780861178	0.19234982207461174	
0.36148837841208553	0.7870104388460047	0.15798811083917202	0.022359386397353232	0.23307659338589756	
0.23204237124746507	0.0	0.0	0.019975465252016274	0.5197383640629637	
0.09026056428214911	0.16488926440142176	0.036063482762076646	0.505488383716374	0.0	
0.25325851423311524	0.0665550154243768	0.3267487126227393	0.37743276685340454	0.09507310132476357	
0.12490070573418996	0.7213379468995939	0.5456833868392928	0.3319793291248171	0.6273013290107291	
0.26307867776878463	0.09443428703306865	0.08179279745669056	0.060568608469986775	0.04388723766442365	
0.4095473954397564	0.21307813328367547	0.0	0.0	0.07164100614209142	
0.11406542765855616	0.07505192463246786	0.044353618500943374	0.23645905201218126	0.21480423718432895	
0.22321393501012216	0.1806224582537126	0.5232890391553799	0.24629113399700447	0.0	
0.1392885894749049	0.08659272823277114	0.0	0.07942531043045241	0.0	
0.18127210443475972	0.29610202820424464	0.35190368324101245	0.15454006593002587	0.1890038672105262	
0.10505216187067126	0.0521952026198299	0.051998903137679735	0.3515527848814083	0.0	
0.02399220856837438	0.0	0.4339853002737858	0.7281390538082682	0.009353562028848081	
0.7568310125822625	0.22775092724921028	0.0	0.2255171620714873	0.031872415954274105	
0.0725359159976867	0.2028120765760323	0.06019499382991475	0.09899733918029636	0.054595576289304	
0.2527601361190218	0.3763226359241624	0.3213976741512291	0.24120780797554126	0.25402078031602554	
0.0	0.1087514948679106	0.010420368772454794	0.37985372213242624	0.07771200949924631	
0.23297619766270275	0.5091999475079265	0.19622795753061714	0.4992547183087237	0.07062590214110755	
0.0643954818068417	0.19393926579679793	0.03378150188234593	0.07749636008172794	0.3522036087456167	
0.06896900891253602	0.2733117942886253	0.3059310572335942	0.19952929928578308	0.46639623347254167	
0.29493149764176696	0.45763414559726273	0.3756787425531052	0.10514938428671917	0.09511890798591181	
0.02157719469410097	0.0	0.0	0.0	0.0	
0.793750340410623	0.3103240232155565	0.46052921932494356	0.3293696755866646	0.13865511907107297	
0.27074853540733307	0.22149450558897238	0.1115413152970013	0.36345008680969526	0.0	
0.0	0.11112986727742895	0.0	0.0	0.0	
0.21992820239097818	0.3338486977738166	0.408121476045996	0.25130017180347547	0.08653774545605793	
0.0	0.0	0.0	0.40423636842771987	0.0	
0.0	0.3253597090282238	0.0	0.0504060145587542	0.01480744103717458	
0.13621716736587072	0.13746389043701265	0.0912716951850141	0.05755926119366764	0.2909816989241935	
0.2599659784585798	0.24824780108936564	0.23933125438317873	0.191035051438629	0.06884526277831511	
0.01559915732345584	0.12129690668902106	0.08666176648856005	0.29577948512947977	0.23541481053725105	
0.0	0.8800883848412828	0.07042429623499705	0.1418809259569595	0.12209643719713675	
0.0	0.3649782473256823	0.0	0.6276658889254821	0.0	
0.08406866860988828	0.03958591779040858	0.01894487649714425	0.0	0.022956311553534486	
0.0	0.07622043431723691	0.30295170325545273	0.11063051637616847	0.0	
0.0	0.0	0.02579699419653963	0.06675363254565868	0.41427390033782685	
0.1376544618484496	0.19665249981519786	0.03786548329776455	0.047405947019598056	0.09742328288020598	
0.12893976012595174	0.15334267327400927	0.05829652001854982	0.572507228913222	0.0	
0.20815556187076048	0.07493935630401129	0.028382471977311124	0.16182485563876536	0.16617741677909031	
0.0	0.0	0.15972484428598405	0.0	0.0	
0.07288990984830006	0.06464960857361171	0.0050310881197320545	0.23664011981004507	0.04698841431058889	
0.27857002116994256	0.16788355275826838	0.1781163343849121	0.25208951036718474	0.017064103001555444	
0.23674558587542072	0.1313244799526695	0.20758923841208482	0.0	0.0	
0.016612653382600772	0.30978778588862566	0.2250542637353501	0.5496757112692569	0.046641126358831025	
0.2742648181864669	0.16504175656288156	0.26040813561297843	0.28303134046090067	0.28148884809037233	
0.3057250301580513	0.0	0.0	0.042153280933065404	0.0	
0.3333869358629148	0.06674103560945237	0.049407946493559673	0.7862048137020686	0.0	
0.05279917336594557	0.19169275219417897	9.728649480279682E-4	0.2170244987025653	0.011499790246557494	
0.12455796336020807	0.11929976174642178	0.0	0.0	0.17852548289730805	
0.15778994447881683	0.27154387323628165	0.1749074332352881	0.2586275931262922	0.2910898767847846	
0.0	0.15015470791336516	0.0	0.18483864182235438	0.0	
0.0	0.11131179555997733	0.03203518021138821	0.09662355384492212	0.23116970280136867	
0.02719161378536804	0.21544292636578563	0.11646248419188206	0.23510661512083117	0.18685008750617804	
0.40080175438126114	0.21682709838547173	0.0	0.17533861002708837	0.17744137703240603	
0.29014536659744083	0.04999279037865421	0.13126682199646367	0.06228393121498092	0.15527739737522311	
0.0665750210676633	0.2063149156824467	0.17259342621613843	0.25016092808925544	0.07179717631951353	
0.04667525657999745	0.031785335076188526	0.05670742976355727	0.13720074684354291	0.21452547938421448	
0.2247468059680912	0.0	0.0	0.3551241151550941	0.05606445576737689	
0.5564233844460753	0.0	0.0	0.527353958679435	0.0	
0.26124814766264	0.17096595272966178	0.05980914490077692	0.39229423779862155	0.0676356327874106	
0.25568725808250725	0.0	0.0	0.21645571413988227	0.03051272825416736	
0.0	0.0	0.19564403753074683	0.3317477651388531	0.1576338334731513	
0.1161526374610153	0.35293098255461774	0.036305751716603336	0.18701819490491237	0.252864616359986	
0.13784826141453002	0.29907168573475573	0.32235007696578155	0.5425888253963409	0.025209156768916458	
0.1531220189176129	0.18126626350941852	0.09084151405204399	0.2998841811528168	0.29597406015917344	
0.00267213410717529	0.4243635549364646	0.3432795810048896	0.0	0.0	
0.09966370829795852	0.0	0.23345044176019195	0.18515581331404704	0.0	
0.32819540456006246	0.1441302229238051	0.09297415312690693	0.48633417117125627	0.22775403611014827	
0.259888922985251	0.14865615131770873	0.27215766921148843	0.12518897869445128	0.052253199601285695	
0.11060644974760792	0.347556591401341	0.05486444323422666	0.04000010767335713	0.10955702628145164	
0.17823550929755855	0.14518332932934536	0.24313939316084188	0.20227417744662926	0.06438868154911362	
0.016004303305751207	0.1210373896235564	0.2285257621163235	0.2511452796533334	0.05297283024008212	
0.15606383494937792	0.0	0.31401473636946897	0.0	0.06433028614373532	
0.2821937835403009	0.06531198880338394	0.2773839761390221	0.10497816327838916	0.182143101904221	
0.2249745582307214	0.42491565377415996	9.787023535591367E-5	0.19771054681070396	0.0	
0.26111715878146924	0.0	0.06027210803264797	0.0	0.1921014788765279	
0.1268486752631795	0.271425945638742	0.29618835484512385	0.24787850838304099	0.06198411754686486	
0.27421613010756224	0.09837139175600111	0.18892603822760495	0.26125433174954427	0.17270087499859113	
0.06405755809099067	0.31371591615103167	0.0	0.6126790186659467	0.33549927799772844	
0.0	0.39561661102423706	0.0	0.4332720771279489	0.11374212546414383	
0.0	0.0	0.015274188349894762	0.03647880175571366	0.07652239873620788	
0.29641209616926073	0.4961601491100424	0.0	0.5615135689512979	0.5001787888630869	
0.0	0.23809199939223855	0.0	0.08168869111681173	0.34923542664699786	
0.21906867940445654	0.0684482018395655	0.0	0.3022789175919497	0.0	
0.19949350259872206	0.2850210152692686	0.01664242530396151	0.0	0.025874480103602313	
0.24730545308272356	0.27275986327261426	0.2515222924934419	0.13257553035247946	0.20042271451075208	
0.0	0.4866869254311292	0.05681484519995079	0.0	0.0864578927354212	
0.0036774656892758027	0.16984900567589065	0.12333618753554117	0.4020097514610803	0.0	
0.2437380436242357	0.04459671150011652	0.32723286945700136	0.32110557908311677	0.43399946825641533	
0.02579176928641713	0.3311052611129765	0.22181392180483772	0.6179971153206757	0.29013093721302113	
0.18147256128182374	0.002212803265634506	0.0	0.18108194562878524	0.4643712114028712	
0.0	0.2424661906783842	0.0	0.0	0.21486629222819495	
0.2027313160698083	0.09233526924766194	0.06615434543370226	0.1400663205471295	0.0010031261993160552	
0.08014310007940906	0.5364110536658108	0.057799563438513744	0.11180352979534415	0.23356620526371796	
0.04895246183915551	0.12257873360343394	0.28652116577427533	0.21409927818722116	0.16115457258802662	
0.45646389512589997	0.33279717782035473	0.12508855337765287	0.39215671871907687	0.13294351317395142	
0.18476722998838305	0.22915171487268168	0.0424959033638434	0.09767555902482325	0.03904084609845	
0.12980126196153124	0.24424269252775	0.08649129715790893	0.05924990538459337	0.27934507456732505	
0.18028572496829395	0.2651178035380085	0.5071358457625819	0.38876311909276434	0.10330678004438874	
0.03984966700172106	0.36462561409506844	0.2680611509306223	0.3422079302090193	0.2647503758058376	
0.07329266343172444	0.2991786854581558	0.14128588321171592	0.23501754354435667	0.025080480802984553	
0.0	0.2095317652282799	0.36712171225357704	0.008833680008384241	0.2601403632085271	
0.03552144777712361	0.05729213480951162	0.16583429115056192	0.1840898904299609	0.1372975745665519	
0.2737229074498736	0.07829395460016796	0.010697682508389407	0.03943685379575237	0.15733882543698435	
0.3658341901211811	0.09920852221152764	0.7399185673614588	0.24554681081001414	0.01786478029026536	
0.0	0.25357991105798755	0.6064639536869154	0.3091304718954498	0.0010892163862462182	
0.030972918813691637	0.17633693313650148	0.25101748127054674	0.19974693292525977	0.14224931663435902	
0.08156523888402911	0.10779694649649918	0.006446245669100131	0.15852079895276672	0.009236974333682826	
0.23258221548410837	0.09340248522330327	0.053525215828061586	0.3043266509447531	0.03679920524485806	
0.3900783741681975	0.37056577818665637	0.0	0.0	0.0	
0.05689133551929304	0.059521375888468266	0.04780277192174114	0.08552782967926231	0.013136656286301703	
0.12816285381245482	0.17608140724780738	0.0	0.14811987186781927	0.06498347832448677	
0.10210632078008258	0.10220365847059917	0.0096429600642376	0.2211516282449383	0.01374541793982867	
0.04957634526418502	0.0	0.00783153870313057	0.8064596531651567	0.043247270476165334	
0.04706314606138857	0.13266524678609817	0.3872656419594938	0.4326348805545857	0.3370902924737006	
0.6648980090290515	0.0374975206702636	0.0	0.18213970961425277	0.03866209145570767	
0.348257215825219	0.33739568478280546	0.07523862267712593	0.07906712401702014	0.22272618298364547	
0.4034396379863806	0.07478762921753712	0.4760001176371194	0.08925653432376113	0.0	
0.23422435095993976	0.07704852403141194	0.202998992067421	0.03562000650554222	0.2842765273445413	
0.33050612186010503	0.04336935148701824	0.02634867040699519	0.0	0.08316657968620708	
9.12805884846117E-6	0.043978599186028304	0.0	0.20452929975860917	0.006179310286128444	
0.010479945178099019	0.11797193119310492	0.06625566893845411	0.20990864366449621	5.420321031932095E-4	
0.07547657553201319	0.0	0.21326945072769415	0.0	0.0	
0.0	0.0	0.0	0.0	0.0	
0.2670637745581522	0.08472266718156449	0.0	0.6356684286840332	0.0	
0.23065159496043597	0.1337708962243511	0.1579876918801695	0.08467719850786343	0.14732400134796153	
0.0	0.07497221109206088	0.7402564151779042	0.1635053002687757	0.0	
0.21007076231484523	0.2736480424888095	0.023566867384615216	0.03716858944378274	0.23042421096141708	
0.15045065168329855	0.21956469991950403	0.11229444933177919	0.18609652428447174	0.11562480126961668	
0.02536163202794035	0.08822400994415172	0.13961146440364133	0.09710219102005094	0.23310230855687158	
0.4266941487112208	0.22559598051318625	0.16255593614704586	0.4632580313046783	0.3370315151668914	
0.2740392397742401	0.09142391427173248	0.055553685353065776	0.0	0.0	
0.0572923144011958	0.3849784821822615	0.21628264124310206	0.09274860176422799	0.4921119084863066	
0.0	0.15748649910423	0.13755693087027313	0.08878520736234091	0.07499864969950537	
0.0	0.36882113050369336	0.10132033138940853	0.001321907206409088	0.0	
0.2287802069201293	0.05279311111976623	0.22242249210346318	0.07259190562310194	0.0	
0.0	0.3694046396331091	0.0	0.0	0.0	
0.19966394678320226	0.09703316962425847	0.19608686736954564	0.02440608521065125	0.2946514196657775	
0.3847915652431308	0.1591535438186637	0.09699304706729532	0.23026269092190157	0.1347081645221396	
0.42523157803713274	0.5192501152579146	0.0	0.5826099965349021	0.33487214922078506	
0.4686727909873235	0.0	0.17325444336621215	0.3170105903619726	0.0	
0.44877173591601777	0.7445849855199483	0.29600118302418804	0.15184672091379597	0.15591700511242648	
0.159248089609293	0.2163109321413872	0.3007745772824922	0.17641781350081562	0.16662711727920343	
0.2827129959493402	0.2091193517362637	0.13744860943800372	0.16203009758705514	0.1770672767979284	
0.2945945917030975	0.03224831257831199	0.046806171480546485	0.27584157655650515	0.07267085338137648	
0.04156223922418133	0.10545370985672059	0.27336970427597884	0.2021102276753963	0.13468424827767045	
0.2820881260885683	0.26718314357796225	0.1909556384080393	0.49728435430124573	0.30297700155995544	
0.24239418797071563	0.008823160318957855	0.19695084279268468	0.22232550928155745	0.1546460388606841	
0.19570296074981827	0.07601724712611344	0.29981052385286433	0.12276875788128029	0.10073483855582394	
0.2946799475896466	0.06327046613016482	0.24316309309201964	0.26228492853369145	0.05745042597866419	
0.24270734500148	0.17861765833042834	0.23987032502630007	0.16931039810647727	0.009837679678791837	
0.5448417715965208	0.6358623282868738	0.0	0.0	0.6953967730637842	
0.10760640395139677	0.08740474873960505	0.1320775511012078	0.22522405290057665	0.061401208296843555	
0.17269901601254328	0.0736841342661312	0.11200567243712814	0.29478522079858854	0.06369410589554982	
0.15981511449865546	0.04475157769236233	0.5520780136417094	0.785021461716964	0.26657440132169075	
0.2946550966818601	0.25151439170268725	0.28110838233604135	0.038937661923296694	0.23745430577374582	
0.3250495984790203	0.258514921523923	0.18735424374877416	0.4131778569203386	0.15801114977401037	
0.09335880919967382	0.3037219316286071	0.8376775410763312	0.13675411433941226	0.029215034639448616	
0.23910322991851812	0.22044180382817954	0.20200151405394398	0.285165145273658	0.09151532447065693	
0.15644034062651951	0.3134654598940058	0.3744130544681289	0.27896175187038813	0.2011858764083776	
1.038070986877457	0.6195672942141032	0.22697150739889504	0.30733458618064063	0.11250646274315548	
0.24419921616337595	0.06893860295662055	0.2426886635801106	0.3542247566944052	0.4125137112677524	
0.2891684526379877	0.13246596087657866	0.08385623682258816	0.05029740399182254	0.0907868518732146	
0.07300791836631336	0.1533764867529743	0.0017282882830101727	0.2894788665497964	0.1180922237996174	
0.06692621237112868	0.20539876582284627	0.08703705384367	0.0	0.0	
0.0	0.0	0.0	0.0	0.0	
0.10179008977038853	0.20949164244443305	0.2530313264565283	0.13634685654608808	0.2574613084566856	
0.2952780536694628	0.12637108442622616	0.15340660036565784	0.20115575261804428	0.18042336363523442	
0.0	0.21365586394702132	0.01490758427413262	0.35117519754996596	0.0	
0.31859422391551045	0.10848719835651488	0.5403560247567084	0.3960990808623497	0.2089711361187373	
0.17902173589815754	0.08143755557486809	0.1259709250990884	0.0654812434496393	0.0	
0.24781795225536982	0.28343730330564143	0.05394625383188047	0.028879292066089426	0.2765845033456139	
0.29573847154491173	0.2422111734749108	0.09313230111571244	0.07820795532546233	0.17785491451305344	
0.13423825877179396	0.06629277265324503	0.06536336859872557	0.009150782284013876	0.0	
0.24567544164740407	0.08039054535824822	0.2978989611780735	0.10988246623023329	0.15315313283664345	
0.07019747859160869	1.62720747340174E-4	0.06516494927048541	0.0483124551521572	0.05358068954254483	
0.27253991396628896	0.32181023047745155	0.2384835960398795	0.1583983326601676	0.0787073912752039	
0.49045229334920437	0.13685825300924084	0.6094599238972253	0.22039074146750492	0.17389956184867347	
0.008149699983277503	0.2759473294534119	0.14673329685438338	0.021177761195066792	0.10873315187284271	
0.10784950764153327	0.050965823973833334	0.053583135795640086	0.28328890501361814	0.1989114392025843	
0.0	0.0	0.0	0.32491256994213225	0.0	
0.06206810254659337	0.10179456351090595	0.011596163647320808	0.2728264775878405	0.03003117421119812	
0.06777577405317416	0.05662714654139739	0.0	0.270710174689711	0.0	
0.021774927689913293	0.2962664557994138	0.1931584725508479	0.2636830793194125	0.1937915774804722	
0.18037154293735413	0.05311272961447962	0.2082499568205376	0.3391644858182567	0.27302661514458915	
0.0	0.0	0.4237853009005169	0.4842326671182268	0.0	
0.04272135136832193	0.09206984000668025	0.12995096202445625	0.008023423485563185	0.020538648942643737	
0.17394880672291066	0.20828277962474784	0.1282431607775314	0.11915974301022861	0.05998356088970386	
0.08435974896130097	0.08714478587448644	0.06518479918346048	0.039141487438665336	0.016838434458330845	
0.2946027614797051	0.1716208041662234	0.08247968670346452	0.20023095389628792	0.2183429337252587	
0.44367301465436393	0.13015804655032964	0.011462657681014917	0.4194450155348795	0.13901610478157383	
0.18636737643947604	0.09814277018282457	0.7857166062082845	0.8365808076053382	0.14613399554268072	
0.23833822178062608	0.004393129961712025	0.1326359473429263	0.15179206571861037	0.2056561916580546	
0.13424321530634306	0.5046861030653675	0.7896755408931313	0.2950241956655655	0.26999690302457463	
0.14844575972181054	0.04102923321088574	0.2687173750300447	0.1984591039773361	0.20539096021150288	
0.6924430500593878	0.5027701289383919	0.5696470326645461	0.27197774044759526	0.211488312366512	
0.16167718516086915	0.0	0.0	0.0	0.0	
0.07115496952633138	0.30266872961865265	0.37369862091358264	0.5762860944545163	0.1397118134877509	
0.24249438667932866	0.2943939401938823	0.187370351411554	0.23953160674039714	0.04861954721739935	
0.10693067479637355	0.09813658244097252	0.1305389307970882	0.05517224768824387	0.047259351640721856	
0.1520982309261088	0.014066208168194403	0.14229191559220886	0.2637324062742621	0.14987167677375715	
0.23880212730743072	0.24171288014470732	0.05600538734764358	0.10356151459867614	0.18954187951911927	
0.28664846408868205	0.06334832325671723	0.07908425497824337	0.10740947301189072	0.07836887862309226	
0.16974027751918178	0.1428577164320287	0.25333681098037975	0.2713489827012369	0.07585257847988952	
0.10797177367186807	0.022233425406477342	0.0058083903796614725	0.06626452744782783	0.26980383985130524	
0.18128431512681809	0.2993837904890722	0.0	0.12803544203088954	0.12099269761504308	
0.12673792223024552	0.23281171612408824	0.2886083814774781	0.1517203826682148	0.1979365940842851	
0.05673106831962664	0.0	0.0	0.27448270204996894	0.07541511885618642	
0.0902373279388776	0.0021417877595567973	0.005498752576231982	0.05766325864660497	0.12111362241662424	
0.18934230890651402	0.14028503521772817	0.30178041802264016	0.27705560295248405	0.24898919691696927	
0.14227484827658193	0.16075453326190847	0.13920685143129913	0.08480667446514092	0.09568724254764381	
0.04203604681634123	0.5334815125318821	0.7923077747598328	0.1366716122892492	0.017052553636063204	
0.02259497804502234	0.010004651439497905	0.23997754800802773	0.28513064952993306	0.06153725372772556	
0.0	0.0	0.0	0.966340983362583	0.0	
0.3564188865999634	0.12342003465851016	0.5810620666150731	0.2903476828746005	0.48731875711989436	
0.2827888318547644	0.28984464407509203	0.19927211604785652	0.009625552466212628	0.08377458415939719	
0.12168337355579013	0.6727290219196956	0.2988402437700843	0.30663593291545505	0.2971959075268108	
0.509316104150897	0.05923632249616596	0.4151427760709594	0.5192056287546601	0.4805458049503022	
0.18782016297057194	0.0	0.1736568379583055	0.10082999859718679	0.0	
0.0	0.0	0.0	0.0	0.0	
0.18083909689981717	0.17276526302380799	0.08375861892966899	0.0	0.006336830089208312	
0.0	0.1581978669358751	0.0816480229720241	0.0	0.16408424280366765	
0.08359256834766081	0.10484162260844308	0.0	0.047599008645990225	0.21876144877464784	
0.28337881720433705	0.3449893498361297	0.06278138594606528	0.34469997277836234	0.0	
0.2736148224819529	0.22742640618634372	0.28270423029708025	0.2388246359055523	0.18583581718629125	
0.10869250916664068	0.2988704963328142	0.07831714584099296	0.17184845454841727	0.18771876996639114	
0.1379773650328944	0.15918326155018653	0.11313566862335668	0.13815390941032712	0.17038867761183077	
0.11366136412366515	0.054553534143972786	0.2875150885213523	0.16492708212803547	0.1997755923052504	
0.0015588954301734839	0.03810541310251685	0.017222119796011712	0.036821434598518166	0.05817543287212294	
0.00887679297822183	0.28681394997965515	0.2656762940286157	0.2870435022028015	0.24537132416271884	
0.0	0.08400551664365102	0.0	0.1605988975847628	0.0	
0.07343242375217965	0.0	0.6015473792880666	0.0	0.0486952499985217	
0.15530582117485556	0.2631515052673371	0.012762623872918955	0.0	0.05995836844949936	
0.25908137822402494	0.18348843777925575	0.1131948519993764	0.0	0.15906580439643772	
0.5243807838969837	0.0	0.0	0.06468534504772522	2.588693263606576E-4	
0.13919751607110192	0.25675375080142165	0.04450472696269869	0.15204927040348043	0.11938124126382892	
0.5113968587876081	0.0	0.3239940445709841	0.42091250930383756	0.15881758369073135	
0.17192796029733182	0.0951915468132164	0.2689453172832704	0.30286398293855743	0.06588122025889989	
0.09990360117072726	0.29089512856142297	0.175879192924412	0.21819355062622556	0.1551474538958518	
0.26194372420301065	0.18329107565850786	0.06227163612196905	0.11424062594582815	0.1639256878538056	
0.1075834721700084	0.043592075680405136	0.0913798287575344	0.06264233035675819	0.0	
0.007875743507585015	0.2250818464587715	0.06962253980799571	0.14776951462175666	0.1486151389218439	
0.29775904059051167	0.10371601168577856	0.10911973188018895	0.22648232068547283	0.28853231356362713	
0.10009606087630671	0.09775277824553451	0.09773791308264634	0.200351921093549	0.1337883598679362	
0.025708019678200217	0.25738385441236095	0.08345339624630076	0.08915956128597041	0.0	
0.3185041258184207	0.24616027709598226	0.5743078042238071	0.28465013803374944	0.3206456454980163	
0.12090993061022386	0.13295210720619643	0.0983536304617838	0.17283052227683754	0.12857102110388893	
0.03683940274088418	0.08375782612834122	0.39890257468468543	0.1747200749079069	0.06977180567720717	
0.029938490058286485	0.05778183154731783	0.07533931925377077	0.28772962604892016	0.22323000099358	
0.0012487733372870474	0.2926350488585613	0.03905158487736823	0.022286425925248255	0.27534142358521685	
0.0	0.0	0.05478809826693095	0.26637355753279757	0.085415026294166	
0.22959844464960721	0.24820485798170397	0.2400072722511436	0.19461751077099979	0.2700013673780156	
0.10724635890140409	0.0	0.0014861068297093694	0.0	0.21235994322697077	
0.18733504641463017	0.28458177577115606	0.15046999587080884	0.29543066833354104	0.2449658864087643	
0.18713244715287114	0.25300141324990827	0.20891536426804722	0.2505624517820831	0.24060721316022768	
0.2819456479854727	0.2840043053886835	0.24108143955634287	0.2090860648873683	0.153424545239459	
0.20515680809810366	2.6229731571087308E-5	0.12948224034153977	0.10183467747602379	0.01844066428745749	
0.29344327797814856	0.2922200905553077	0.23436688634121805	0.14079699054726147	0.1796114762544707	
0.33001560970784205	0.5444735313511385	0.7316086733710061	0.23100503810322517	0.5380483643396086	
0.2628350661085689	0.1681076254151029	0.13011621555699981	0.28386829996481755	0.009422186986891066	
0.1683875757828396	0.07192832037279634	0.12583631893462655	0.12856875503995224	0.10442924022683327	
0.009056984528185132	0.07868902614171017	0.2782525405603539	0.10684321105768445	0.11469918635020997	
0.07282685294409809	0.10219687854206373	0.12210514234050573	0.06385540193616729	0.14203012266949225	
0.20332217620398157	0.4260889958424969	0.0891627542099556	0.2918779163554105	0.27124452164292595	
0.4780399188984026	0.13793692568127255	0.31404899589490254	0.0	0.21820978282605713	
0.16989561713725632	0.25829711156272495	0.20860464103212362	0.19620399123731072	0.2802305431526605	
0.13659525663829306	0.23795399815082297	0.1862496152724588	0.1267133781636213	0.18769430804431528	
0.11268105013238795	0.49262265654017634	0.005962943060619816	0.3515056594985656	0.0	
0.026399267241613324	0.19489243389158914	0.20060802415741286	0.19970259268131266	0.1932691870819316	
0.20888393934221303	0.262423971823446	0.01266420163680814	0.006771694111706003	0.03215674113657134	
0.21847250358605155	0.20770088315865873	0.12743071372558668	0.16988403898514254	0.26413285085883587	
0.25509693930951555	0.10841994946303816	0.1437445377585069	0.30163798802521846	0.0382565266905126	
0.08008196520112201	0.1417408830712027	0.1896156584661002	0.1057094286075655	0.15313034382898244	
0.007063044943193263	0.05587701541064358	0.1163062529676949	0.008852536227194324	0.06994777711684996	
0.12369580629272116	0.10701496428282699	0.10132200602801579	0.2516330128214024	0.24887730791554497	
0.5409266502933023	0.22715892717305283	0.03172730533270214	0.1534584311213865	0.14708641615791565	
0.13641161095985135	0.4833099422950043	0.2789121480022764	0.12134366356567179	0.17868302970160885	
0.2299009133447765	0.010591263744580338	0.057701092892182115	0.08535064075825556	0.0	
0.07474738060310752	0.44344637962537503	0.24069918779563604	0.30818008649996215	0.3417835686402055	
0.19318617254496803	0.254520899059941	0.1710500314701223	0.1126518993649642	0.20047909625686688	
0.0	0.5609473284440329	0.12714394468097096	0.03592550910253808	0.0	
0.2447131822878617	0.2506713967883563	0.0	0.17964524093683376	0.16667995638145017	
0.2042696473214732	0.025276187311083796	0.11371024912494068	0.24524109045406173	0.2075575269090278	
0.30134791889950074	0.2238578227915716	0.2387552249932172	0.24881139560676008	0.08693281552146444	
0.11559573122431412	0.18434216907668072	0.09749158614783517	0.15996019991317764	0.24985086791379316	
0.25760596385847245	0.0992267538331288	0.44652561360487425	0.0	0.25461783580786124	
0.1688860061301892	0.02847026970605171	0.166427718259995	0.14773884184219868	0.1831873173582792	
0.019715561055921028	0.23755113390996924	0.2874898447760803	0.07352450846677182	0.24921108585190627	
0.0	0.23175777655942015	0.07168220711582397	0.4395262234062137	0.0023578438698394952	
0.04428122288958029	0.0	0.03081992831812546	0.30874497207306056	0.10218159623389084	
0.1344381034887353	0.26885905902231333	0.13738274689101132	0.09572451253432941	0.25893398062017503	
0.11490779920029941	0.013913144304846954	0.2310849412020109	0.0705561339348827	0.26081995936307845	
0.022133774055089886	0.2806938920064443	0.027358612046666318	0.10031753487589193	0.11564023299504146	
0.022597788629897496	0.2500604541725715	0.09786717969137	0.02738332246396014	0.10082832454300793	
0.1901737329146989	0.029432786527467773	0.24544294621881152	0.11147245189207874	0.2689604605892904	
0.0	0.3196484505675699	0.18441609757355365	0.20512288531173822	0.31467883993852724	
0.1477185325070824	0.19543683382311178	0.29700557666122046	0.12027065233306004	0.2679396622669461	
0.21622812676453815	0.03105158178642817	0.041144809945088144	0.3226618365950319	0.15554814586755214	
0.16579946418193411	0.08001471654013823	0.24378122299600255	0.21448399340672195	0.11629469254696384	
0.0791771565645367	0.1819509005817715	0.08969505420364568	0.20662208715275607	0.17338273130645582	
0.0852737020602526	0.17280638399299073	0.010009640048913816	0.29695364746313735	0.19760221354571675	
0.0455417009394518	0.15836951719662665	0.008380752582910612	0.0	0.07593483037267558	
0.16591250916941405	0.07133101064248809	0.26070879557467636	0.19695971376657037	0.1782327188269696	
0.02193291872560821	0.10056004223794668	0.1212737173083523	0.20835907015486646	0.11756367493162255	
0.26310165446913164	0.1998054864664523	0.19585764726873928	0.13283595527251252	0.14581317959574458	
0.2893080086519063	0.03637440645765824	0.11140616742934285	0.03187038944075334	0.20280432648563265	
0.0819670585675973	0.01185553604865066	0.09221495598089041	0.03571727134105929	0.024951747672173893	
0.0	0.0	8.010772531766314E-4	0.0	0.0	
0.16576747449284432	0.06902086140367229	0.007720795133482577	0.06587658664505656	0.16114338677852022	
0.30064414706671944	0.13803083215772463	0.14665215091941433	0.20268781977850825	0.23842096487170691	
0.08192290740655565	0.24350790809533357	0.21150992997742052	0.30317246736747294	0.22303814246511947	
0.2314388502027993	0.042567560024423336	0.2748105368689637	0.09621753197114655	0.14589706323493323	
0.2731550904395731	0.0732019968827223	0.05846577271530899	0.10363817918313706	0.2916726830416521	
0.007659441396174495	0.01914851901136872	0.14470480297045843	0.009962163539978945	0.1850650623207251	
0.0	0.050005129869797924	0.3524806986374702	0.0	0.11548047487544837	
0.08186392623093908	0.2929419558695251	0.050953661131454935	0.0115134521282743	0.26666218774594824	
0.15664221524097316	0.32669482836184865	0.1730141511712235	0.26404318823810485	0.10112656159331551	
0.224319368803184	0.21985114306214407	0.26132903656097534	0.11548334063737331	0.1451180657857267	
0.21706511803909126	0.2598115865088053	0.3846869124283436	0.3104707314337369	0.06400772460506042	
0.3563335643567284	0.34037427245316537	0.19624652200462306	0.2451761580588451	0.19066859035681114	
0.46165680186435737	0.40851530642360584	0.1634718831391888	0.7312714339425856	0.038059909858870075	
0.09749815764794767	0.0830370500321862	0.11292243616473387	0.0	0.02412699794565861	
0.05315916771662979	0.1779400718822263	0.027812077848402394	0.20339653669648433	0.05400935734772921	
0.0	0.9806511695561316	0.1648162110533732	0.21803183395401074	0.0	
0.11446151508136333	0.151504426080971	0.21007381082224078	0.03485949145623162	0.038364308857889544	
0.14097737643516478	0.11370963221086675	0.26824426006342156	0.16943017972538785	0.11607734614032617	
0.0	0.02387976644405753	0.0	0.17365715201246135	0.045709030684925434	
0.061048985629391386	0.3319717135058639	0.16461737675642926	0.3653481541747445	0.26073195285220535	
0.19988122408516526	0.2495131061850069	0.17770286512177827	0.23915985570393636	0.16721161119655462	
0.3331761727790864	0.31965880316421635	0.23413484208709273	0.103153195403477	0.29873775142341835	
0.026144238512391563	0.4527008573301524	0.2570683431430394	0.2880322627638243	0.32233306238247555	
0.30214115900982197	0.04238603069660367	0.1391829519219917	0.05750575254405747	0.22776385566679985	
0.17096778128613713	0.18050136537448772	0.11387092484621496	0.23280807800682013	0.008842376159387603	
0.1685859877744721	0.5344282724165503	0.22028404083442968	0.2868061500893426	0.12621403245562868	
0.11275594260106273	0.14701537010311258	0.07723022099414834	0.16549630597492115	0.25552865191872587	
0.0	0.0	0.0	0.0	0.0	
0.11368111486538153	0.07073164457505728	0.18864158524897073	0.05707875327576214	0.25559966314100424	
0.0	0.7193072114935813	0.0	0.211741966224203	0.02558786599970821	
0.0	0.02007469444881846	0.13219399844281288	0.39651884352300365	0.22873600487197887	
0.003113140956896853	0.28753355383202367	0.213796028573344	0.13182262413596957	0.25630525487178674	
0.22953987151336613	0.09644636186029332	0.24936729725574802	0.23354551099334014	0.2930010920290507	
0.3014495454281957	0.05381577227131583	0.0677415864914864	0.16785574250683583	0.08419356728086218	
0.12091683933906373	0.13058044947869227	0.23128270322787095	0.19557300200856842	0.00408437690303266	
0.21878479622520972	0.291372098095578	0.21908057431290814	0.008569827499354943	0.1813067822914877	
0.22854016518184275	0.23573487419551115	0.1442792432934295	0.029389316041079656	0.2567694024862301	
0.26112006969134427	0.1869972022761885	0.14738956001918457	0.2996826404477513	0.06708427681582467	
0.36285043882617896	0.47758190832579084	0.24471311721347136	0.5793904534088224	0.07152660511940356	
0.023044607944786206	0.1067444613072193	0.21664921164270856	0.06081607174920697	0.25174163638976926	
0.2305713571899206	0.12225984571224956	0.25871590600112665	0.17790279889731406	0.12531935303374908	
0.0	0.0	0.009425892115995586	0.0	0.0	
0.09046063285972811	0.013732169668804384	0.010555171900709953	0.26825707305396645	0.582739859603061	
0.05441177687145775	0.13565430727650843	0.20161534630780056	0.13527667920512598	0.14518304344147218	
0.03026186953941647	0.13586107722507837	0.11031924925165763	0.06302716499581343	0.195973312044792	
0.06077919222254104	0.26636277135718006	0.034301707367106894	0.08658919532850651	0.0	
0.20503067076958056	0.2347259749063608	0.2125286319223979	0.14074612345474435	0.21562912781237542	
0.21913405740052874	0.3347465916302431	0.12130831216684189	0.12533335596481787	0.21533018021534447	
0.18585670000363866	0.18189706025793792	0.08977884841566314	0.1295696478403101	0.6350481181484526	
0.08668232943939726	0.16918383913188667	0.27135702836656234	0.032726708416736916	0.19467594803709706	
0.5688701113086047	0.07582679416557932	0.44223086096203773	0.2989177477660426	0.16185029785297797	
2.2942306807983835E-4	0.0440952885622494	0.19907608031586113	0.25694011606029926	0.15058977957507627	
0.050244245415917724	0.2765421607551578	0.1491945652585466	0.23863646483147058	0.2416303728554394	
0.3696148566917134	0.5769694528770614	0.051254871645101924	0.36632418013463336	0.02344265046674395	
0.34392534549870807	0.3035672350112322	0.28995086619293053	0.28241292617163477	0.1479229182135846	
0.08398968437836025	0.1175306408673658	0.29289981629465933	2.1249226338002615E-4	0.06724476455609442	
0.0	0.022628868222063517	0.024984645183973492	0.014527106051922645	0.16452969875497825	
0.30318339941304495	1.7510601789016885E-4	0.104874036523309	0.1602132714654059	0.1804092404698692	
0.18705063170661523	0.06119174822115488	0.08983250036812414	0.09979721828469702	0.06731805401886252	
0.14795429867089274	0.13797702209197987	0.13752580234862424	0.16515683788906707	0.006260589162845817	
0.310372619462303	0.0	0.0	0.43054918664811925	0.0	
0.40603302765266774	0.028489077494890613	0.1162746166209002	0.0	0.008577245490407948	
0.0	0.0	0.0	0.0	0.0	
0.5970033828642802	0.2231425853844831	0.4215576301356409	0.2594912353317574	0.02755649602635739	
0.013516809306827783	0.13239424164419183	0.18182433864289624	0.2167478827800075	0.15102586899096865	
0.15888755725880574	0.01857809843488914	0.11944024231703806	0.037918647481393314	0.03536964275226967	
0.040343905422335326	0.27692457941788745	0.18605493488495686	0.1979993581807241	0.0	
0.21517714446174482	0.04656893766005965	0.19997663225420187	0.17082650256142135	0.12400671668732333	
0.027655011065272267	0.012514820108811001	0.06799393266861334	0.19667075736914488	0.007542523471363106	
0.0	0.04122578200565124	0.4323667845491861	0.3337305160401575	0.31556383619138395	
0.16338632739867148	0.26220246016979765	0.06136687557582438	0.2609833587991065	0.07467582091039043	
0.24224784637234822	0.02399723512261729	0.23867422925335421	0.05842236985425335	0.2916504785961129	
0.12881184053426273	0.08498061422889687	0.02912287424771651	0.08961272330605997	0.1588320448832882	
0.1170369942949995	0.15418788270084494	0.2993315821290621	0.05842667087939893	0.22883948488827252	
0.22209960796548486	0.257320859320164	0.009001899131614047	0.30125451353137733	0.010014425758969138	
0.28124006022744835	0.05320145543417693	0.21700167139587764	0.015164767307391006	0.2635247766945214	
0.16659348471252386	0.12082844464670144	0.0013490777061886412	0.005928791623642471	0.0560561605453495	
0.26535704161908275	0.04909521246246366	0.041760590328829526	0.2900063835855989	0.11145605654495655	
0.28348893319316437	0.25112937009928205	0.08266830702234763	0.2014712163216468	0.22242249863010108	
0.0	0.0	0.0	0.0	0.0	
0.13561147686094938	0.27116491970469103	0.2253995707893599	0.07095727955954073	0.19215588191584193	
0.2920075958519771	0.16398861198661382	0.27944851639353696	0.28209605305226176	0.27303702239852323	
0.23904795801701675	0.22658946161416366	0.6111157701673813	0.05254880071380556	0.7419609781462084	
0.06664262409420882	0.06750472045600509	0.2503211787231244	0.169066125030178	0.2784134662398822	
0.0	0.49073189149330293	0.09820897773923402	0.3884183557863844	0.500420125347229	
0.2641322886246491	0.1557159615868879	0.1336736786013786	0.217098882282663	0.18676393705489494	
0.1354331524172986	0.2709179892788306	0.2576902747372872	0.27630821638301883	0.03414232395949585	
0.0	0.0	0.0	0.00892712393139719	0.0	
0.20868293629993545	0.1968554623067555	0.1227345305879734	0.24803731879424895	0.15633591143216546	
0.40575765613270914	0.6033766273423283	0.6417333064308747	0.3631085206395787	0.09106111902543627	
0.23796965017570618	0.1415427978051125	0.020638164235124663	0.24851820905952698	0.029922210016445478	
0.29493697640560873	0.2898833229489356	0.10948520970560588	0.08872069268541016	0.009039878179631996	
0.046024358122964716	0.05526579247005067	0.26974823378996254	0.05020051020420649	0.11171480067950484	
0.11607636182832652	0.11860615164266687	0.11366023962112709	0.29083605191363743	0.26453827086413245	
0.28567229228410845	0.05823329221632469	0.15747213270833388	0.2524076989594468	0.09379534263886263	
0.5847514737373702	0.16219938230067427	0.4082364252152272	0.0	0.0918907022782581	
0.1907763941954426	0.11605825045184145	0.23372528996935074	0.2565398885279707	0.1487455175826231	
0.07108257315748982	0.266379864588274	0.1457625507623139	0.033455135936035364	0.22903484641061356	
0.1727901276057109	0.1682570374847971	0.2503260381376507	0.061139886522740015	0.010475166522461173	
0.005217618164341706	0.09419131969942252	0.2150868070673867	0.25042119438874133	0.283340303396763	
0.11567950435402886	0.03441239457154852	0.021066127768074105	0.08323259205495631	0.18375912679633322	
0.2710628136210854	0.15288636529434105	0.22258381060575225	0.15678314905608498	0.25683888391805776	
0.2639939179715192	0.2153191657152636	0.11709689175102184	0.032490712294277704	0.0	
0.08080440377487745	0.11505608632998758	0.04721892360161647	0.1220977679381131	0.20541681094546238	
0.0689299329527273	0.013683866371674226	0.009605660018922057	6.576006290139097E-4	0.04695609472959445	
0.06889375259114719	0.16971505172285573	0.14111382615491835	0.2436370241067375	0.25262061598528074	
0.27755420379750423	0.25529175830348655	0.08034290654595448	0.11148845155075923	0.2173162285455227	
0.061732741819962376	0.2931576494704786	0.19858189822760142	0.09203068793257335	0.17187441790742541	
0.14615242379257132	0.07284858905289626	0.12986487840825162	0.14306380934533205	0.19106939467629497	
0.19925286087344052	0.47525459142276966	0.0323185556983708	0.4893960289360306	0.09503117488335815	
0.13286165532257854	0.005412519337834698	0.27018632939580256	0.1743613520534587	0.23765503749975922	
0.27404445090538604	0.29285899120127834	0.24734337789028205	0.009145694527920975	0.011431218621130931	
0.12719267922149768	0.3577447213887153	0.3281995918353438	0.1569668050404927	0.3925450592932307	
0.02815686049465326	0.32471148548770096	0.389703596061764	0.0	0.08447225859506849	
0.19795743144977315	0.11323530740294417	0.1327957433039508	0.02865447117611301	0.20611142997817025	
0.04491098720935207	0.20253654752578493	0.2714179794292691	0.09695346130555572	0.29170064461326267	
0.2712589063483844	0.6532130623817678	0.2064400877667914	0.22945832070488165	0.14136157957839113	
0.0	0.0	0.0	0.0	0.0	
0.17021873106220195	0.1222277851733025	0.24101275887652274	0.24144418903357742	0.06842926487366446	
0.23728458710584843	0.180905493554044	0.278315526969902	0.12746420849102363	0.292439343983499	
0.19997442859600587	0.09781919699219181	0.3052975457549486	0.315508398670332	0.10204081247378852	
0.2832191369923251	0.08883394683605751	0.04306670784080396	0.1424051240393945	0.23099186112743705	
0.1265253319791664	0.06706868478573319	0.043579097842100636	0.09192322988337803	9.96349841844642E-4	
0.2581405805953242	0.0	0.019758644385641604	0.12796886975609822	0.2348031399032987	
0.2381108968279962	0.040800258023897466	0.14934556862558407	0.2813553038263459	0.20811962152884542	
0.3165064646617327	0.13018370995695902	0.23968716348733915	0.288012849228747	0.034763993461465574	
0.037117240488396944	0.08175986844180022	0.16303479759535353	0.22466199416643498	0.07540868531659943	
0.11162249829781047	0.22308095863524163	0.25425298687421344	0.09393532555544518	0.023823829485364146	
0.06584705458672668	0.08288885288476054	0.0672292416937734	0.03778785029903543	0.07191991442076492	
0.10746721772629937	0.296911455345471	0.0573448166178682	0.06224643900520977	0.08688647583174197	
0.13241576588915946	0.13267238703144713	0.26137991336791633	0.29356874845519293	0.10876316181631344	
0.22181435136925626	0.20058013778477699	0.05672557949224588	0.07537863098842985	0.12260988742850883	
0.11601755878063541	0.004520500017303561	0.05425859856619351	0.1526321679807661	0.009619459805077312	
0.23484055262629336	0.19105926142495278	0.05932259907589842	0.22560969349646656	0.11494870413145741	
0.21743866669281622	0.7325558097547822	0.22148774987664432	0.44318880635346525	0.5380336622275134	
0.2461198780517052	0.07126156937369985	0.07312299766300634	0.12075367366638781	0.16111217015809104	
0.2887839963843147	0.4169526975930095	0.18108664601548885	0.33935133947442303	0.13780329902915733	
0.27599850480520033	0.07822438485503345	0.2579494688293335	0.0638776401662757	0.24605413506853277	
0.21739497946841455	0.06193193742017843	0.10815097259111577	0.08448366505685566	0.24827011913370456	
0.19984823506721835	0.009223681408740523	0.2920517072060915	0.023225318726610746	0.20852499791696652	
0.3042785087579508	0.06826786875636169	0.0	0.0	0.2604579158635709	
0.07155982481514805	0.10610124903917353	0.0021527892912080863	0.04089392071160368	0.041007638240335535	
0.2740620155302131	0.10625555808394045	0.274699137892683	0.026913784663715825	0.2608252532541701	
0.2321024147863883	0.0	0.0	0.0	0.2872951507512328	
0.3295080222100279	0.09837561621809005	0.16029603147454313	0.20943396796085345	0.014925943423625937	
0.08828243623774652	0.29771878600509566	0.12762778051498136	0.09779518807542813	0.03126345842476828	
0.0	0.015583931064821671	0.11178726704906333	0.25076107942858933	0.0	
0.1235577745120257	0.12631329606779043	0.29699998305259	0.070621940565962	0.11293067935509177	
0.0	0.0	0.0	0.0	0.0	
0.2525257049906757	0.138834960009104	0.09872164682470812	0.08886258743220611	0.17664899896433917	
0.1737155436986559	0.298270716562119	0.24398296054328475	0.05616473115483405	0.23784679783637896	
0.29235573827944866	0.27316322179564884	0.04160130838993215	0.10303185332649302	0.26728167077026477	
0.07388291132508809	0.11997681183434664	0.13958441369652766	0.1997502231338062	0.22157424603252948	
0.13603451034831257	0.24810487555663335	0.2280531233169207	0.296232354862763	0.17837544548659928	
0.2974615814897602	0.1614282748241212	0.2880322102846258	0.004075503412597101	0.11358292414258309	
0.26999968349923475	0.1654081036588825	0.30372549219176515	0.21293233265786288	0.26817562662711325	
0.04244948135315376	0.26459740311066854	0.2963579268590786	0.04868064859174568	0.16202191400828753	
0.24063152289634224	0.23312716560131597	0.0447549213203318	0.12675306377176712	0.09539650948640048	
0.08237257098836948	0.2655272497746801	0.18685100207622754	0.15324852532656935	0.23413341684919398	
0.2716557414411183	0.2150249153404823	0.26572027120111186	0.10791122256312646	0.02302306148762855	
0.16926727234518937	0.08627501669453237	0.1479951861010865	0.10223883006189632	0.21112505224045297	
0.04595361093046584	0.22444104713316082	0.11963924621481078	0.06299430601594655	0.060704353410038055	
0.05975350268927598	0.22934892849133884	0.27259713865391527	0.21807283074674327	0.15762152394018714	
0.06993945569406114	0.14268526736211706	0.2713940645685465	0.20153349073348428	0.051007340167157855	
0.0	0.0	0.16235462424214375	0.0	0.0	
0.023287605770488235	0.011093583705157064	0.09558589666581636	0.12807130706261924	0.13397023369060557	
0.2672534932168659	0.2632186720498202	0.010362007801718812	0.0645298432390623	0.2179418145955092	
0.27860833958242026	0.2296556393246409	0.21061443413511347	0.14445860915394804	0.32177646563263496	
0.24954493475797515	0.20370384347589038	0.05962900353047449	0.2899941600653627	0.23222778569039862	
0.01350833807514729	0.24895332670922657	0.24370450769565333	0.1723598220473081	0.19262297726096383	
0.06989734375907747	0.2141331237189363	0.19413226836471867	0.11386939193346608	0.1734586876411557	
0.03613268584816585	0.023565397670889054	0.05245716396781055	0.20051058408383207	0.15982483920035523	
0.11746091361622246	0.24126389351072505	0.1904953432773241	0.17919045028905542	0.06749217367710617	
0.14252631331497298	0.2879454366247954	0.25679132519449277	0.056065218158112565	0.28316504137685455	
0.20665904429836163	0.17517151238267298	0.04243130669073597	0.01987780916929519	0.01895754916905036	
0.26434290759994294	0.09550876672194879	0.08752110874652826	0.21340867317740927	0.018444795992817408	
0.0	0.0	0.0	0.03452844145339072	0.0	
0.010805560113316758	0.15951606979922514	0.06879969909788367	0.2270404174523015	0.20704389473278648	
0.016050078396207704	0.23883855554835007	0.22611483195573928	0.007146376115911162	0.08097903458454717	
0.21858191096593116	0.06550038308336464	0.02796383340311724	0.25932979111064514	0.2197041278631217	
0.0852279071198011	0.02040403355769754	0.07329945646958741	0.18823207068327594	0.1110023341563384	
0.1828561120759999	0.2916785861704168	0.012710098784047722	0.17866776652136349	0.018134693765608216	
0.21565557668630406	0.11170956675727044	0.1884135510116396	0.22117081239816977	0.106745215186931	
0.08420007220164999	0.2821970241624554	0.2817722145283715	0.2940047201293881	0.13705757295446463	
0.24533153223723378	0.25286758431849493	0.12967896234927506	0.24624214509834064	0.003910427680259753	
0.2304591709418287	0.2689113727341432	0.2106776011377602	0.01400761739401518	0.048264488810793496	
0.30157855221605817	0.19406686699212675	0.21731260440669728	0.18141320031177366	0.2622541204385407	
0.011103124980191953	0.8699934726650735	0.4584412035050586	0.09970188763843718	0.0	
0.31997978906309277	0.3097648114004364	0.17968343156545127	0.015175221215432431	0.2635623955288426	
0.015040086703656879	0.2791420096258854	0.03303439928834216	0.030111142845014125	1.0145248071720503E-4	
0.0	0.0	0.4506142650936514	0.0	0.0	
0.2850560063583524	0.24500128224941142	0.05688004098541575	0.10482808744875828	0.06572556769474874	
0.0	0.09794331911384672	0.06132739435049392	0.0	1.8530185732107125E-4	
0.07474899456937517	0.2763687067683163	0.13143978295758058	0.17404389897170308	0.1555485766035942	
0.1294370076523071	0.18244472957761068	0.3134496995101512	0.1523388347600579	0.10566712436408095	
0.09065322414321499	0.2924521770596363	0.14755111730088372	0.205813127437517	0.422615790053901	
0.12973150723958374	0.03752214582109305	0.21408428439463223	0.10014739273266576	0.2729837414492524	
0.25966502813731135	0.08092544530204963	0.1607719137488649	0.09538325916352822	0.22561555685818485	
0.14125673717978987	0.0634486831064163	0.0	0.06601746903748923	0.3251044316729944	
0.26419309338609365	0.20922521451225612	0.1950943776613264	0.14021188764390935	0.1573355958375413	
0.24745448073970322	0.06719426821443322	0.037722950656784576	0.22800271123234295	0.0	
0.13549430625332992	0.06728199680354484	7.058028911678438E-5	0.0	0.1535242623116552	
0.0529703300405539	0.0	0.13058700098413364	0.0	0.0	
0.14026949557795995	0.37923794546706374	0.11364525126322002	0.2930353597215864	0.0	
0.021858654019668806	0.05403829892302624	0.10112757060442715	0.1727824425321779	0.03457963480691863	
0.03747865590186118	0.21940147587604958	0.1465684540909849	0.18342072400521517	0.10072112227444002	
0.24958735841583388	0.03764131121476844	0.0	0.22176973907442865	0.3341773405625955	
0.5025029043304413	0.35330944462794167	0.12290492713034167	0.5404885686447228	0.20646875339541623	
0.41602853732851675	0.1787835060856649	0.2903082736855864	0.2334144024166345	0.06961262330684033	
0.01553951303187865	0.28231866255238736	0.04750979007486528	0.1609433220657874	0.19101962094698507	
0.07033084797485983	0.22492452512067693	0.2052115211717734	0.21817945583317533	0.11378308820737647	
0.0	0.21198614215972608	0.4844274869564823	0.14864007707970095	0.18400961117349357	
0.08089028903087866	0.014084148008230728	0.06931569976093045	0.06257520951064192	0.14717521191675878	
0.20773572003534155	0.22344517363131514	0.23957029440307134	0.25966918784964366	0.2548938376089772	
0.6202707248143376	0.0	0.0	0.0	0.02678010176300307	
0.031187945873306575	0.26705430730828233	0.21950415513193428	0.14310058133229075	0.1290933872130017	
0.15665717403171078	0.06334695815947441	0.08417125451145718	0.01993559841700657	0.08743659967870142	
0.13784218351214184	0.250895648047093	0.2795217648644669	0.23139372805145722	0.25917771712212456	
0.25117053685249635	0.19027399377217882	0.0	0.017696219861522398	0.2275612057761709	
0.1764909700595299	0.2564575196813957	0.10919750501825945	0.042367137414872844	0.1782604149616096	
0.18069908122018366	0.22965424488137537	0.1873602863006023	0.10818836339130201	0.04665282475531222	
0.2637153747949166	0.2169242166897833	0.2729490996309976	0.0	0.00852594775366282	
0.025958172257181274	0.02824043480453674	0.295184912803533	0.2328737026505753	0.2694499154497761	
0.17032187446717612	0.06748137411740597	0.02700163679615996	0.22201920251446539	0.13604046005768222	
0.14197063627439357	0.005649866762497859	0.11981831067485865	0.13570139376443455	0.10926646907833931	
0.17949643126644224	0.07000157980265528	0.05754120676125084	0.1665163025066329	0.04763326616675175	
0.05034862565746726	0.05647803406385429	0.20240413113656902	0.16175822396161982	0.17439288811815978	
0.11907406546246506	0.05932016214044582	0.09144164036198528	0.23581605714783632	0.24165900718799932	
0.10738675944568096	0.20061862951208145	0.16051983971904257	0.0771193449047206	0.14013868585840997	
0.25194658628108896	0.11220739047776714	0.3623986003977895	0.1832714296811519	0.051060489514452245	
0.1361661182836035	0.27602089462204765	0.11506496040803249	0.29026296601247653	0.3669692189283473	
0.024351266288717102	0.09927463567051577	0.17317669513748457	0.06458196182783943	0.15586787390573778	
0.1512240861810151	0.24389945889759174	0.2367447003573391	0.22844751172158342	0.20324507340641312	
0.0	0.0	0.2792941357557193	0.26618847830032494	0.06405126563980013	
0.5342061871429881	0.3523261992886334	0.18627802598546428	0.5718750178944983	0.21220668003619692	
0.25224977035107876	0.16451523062841295	0.15947072353924013	0.21941914148686661	0.292336311154628	
0.2769821513571128	0.2875221363119814	0.09020201188047956	0.11360038613651628	0.1964989399906734	
0.29869040491176757	0.07079789333841437	0.2837652834072563	0.28600512237403236	0.08771350238687409	
0.05713190979595084	0.2338991946384651	0.14652543358652134	0.04430331473367417	0.2900708828958173	
0.2635336820711606	0.010726063257118945	0.1632656017016063	0.1453938189105094	0.17545270877591082	
0.29835653641081933	0.217016339866786	0.19627659048830634	0.19161399084046046	0.06752833053532423	
0.2234841772629875	0.16606064118898423	0.28015933381559116	0.26426914888543634	0.16771421431606942	
0.21364633831833435	0.21024419388080998	0.11027727802095987	0.11447511850677546	0.2599572030890488	
0.2481407492616751	0.30238720154047843	0.255911717733682	0.10179952279041012	0.2793132496880231	
0.17868391118330088	0.14333075436913337	0.1960875528018633	0.08139959462169973	0.06728641976131754	
0.1678123118072413	0.19262795109260483	0.16566190008939424	0.010065631565367864	0.1184993292139278	
0.22368321443348863	0.0	0.08933173016212267	0.0	0.0	
0.2518454756040593	0.1305573576003993	0.023526818465517713	0.28199893057736414	0.09661673069511505	
0.2654826423694744	0.5292422879845365	0.3392339280250051	0.3462069679300987	0.16730507137019734	
0.08274571497276953	0.19598231166576344	0.2737014532029536	0.0646607362835011	0.01020181861203633	
0.2830221997503246	0.033687795340202324	0.1893404195055666	0.2574877046077853	0.0693335659558439	
0.15945261348858	0.10902516160460833	0.20376345168972373	0.03295835041495603	0.10298007549139349	
0.16749976416994414	0.06375759494705265	0.22638023571235746	0.12235477869930945	0.0	
0.1598270592562749	0.1754256270630795	0.28246066050664276	0.30183648158805637	0.006372922696986685	
0.01659519346043058	0.08891995977736332	0.027943672354548466	0.18354400420328312	0.26002941768679777	
0.30173369493446567	0.03065187977885339	0.18197558478593864	0.10284938333133542	0.05266446708867167	
0.020738466777424656	0.7200491258020646	0.4025689435685653	0.24007390095814382	0.1599523334986062	
0.20275326436273666	0.14936104320231214	0.09165351640149853	0.094468873289874	0.09430712689485364	
0.027402456794992418	0.6006433301256625	0.5791900177663022	0.22983748675168533	0.2479410138015455	
0.29907133076791464	0.29577136837859663	0.04656814359955839	0.1377920019432358	0.14828114348586982	
0.04346686651402755	0.11051381824959985	0.31232232000594007	0.19044717513849352	0.08629288366125801	
0.0	0.1035834470945555	0.13888144196561342	0.09548286308879729	0.09006336953309789	
0.30205194176305705	0.25810696507941155	0.19546552791543517	0.01283569211489514	0.07917471150145096	
0.0	0.7172280183370658	0.2606283391002573	0.0	0.5031483504756679	
0.041552743732602114	0.11081218797291675	0.3004335702685082	0.15873002495992888	0.034009544889587594	
0.5007620014593176	0.11842305472375633	0.03018009479642701	0.2653314944804776	0.22357662175452844	
0.03591624603548925	0.20310633291263608	0.20746285070910406	0.2654815464219441	0.07133771570680329	
0.23687392789525188	0.20733522520031994	0.27857139502008904	0.23416487040963727	0.2218919680672379	
0.27108497459482117	0.24415692950374848	0.06890988056414833	0.2678551697902903	0.22367665556980784	
0.2915931185609458	0.3332288987410971	0.4986812428425479	0.29353928627747616	0.1675757957545608	
0.25922042758030056	0.05573823198459627	0.2518437724565595	0.09803664009612138	0.2773139661405565	
0.03557182355877936	0.1965106329332106	0.0	0.27695998582452314	0.08533961776466377	
0.20567448906195737	0.0422167218660384	0.1896618056856715	0.11507688036768597	0.16581624645620593	
0.0	0.0	0.22381688052665033	0.0	0.0	
0.2786007236763524	0.2228711934540173	0.0	0.22582999982315122	0.27826097439934433	
0.23175371100590086	0.1603219672131159	0.1290373746470375	0.0017426982992988654	0.037045814481266835	
0.3734000085959562	0.2364299464220303	0.13133454106732143	0.5293373577429734	0.13940683025956394	
0.3221190664339498	0.20258044420907675	0.11699496578410486	0.1536300354246387	0.1650582703528468	
0.06026267574475657	0.025365852992194706	0.10413655868623366	0.16407939938973554	0.007955222424622389	
0.10687079935844572	0.0	0.001814930961633716	0.15899833985155298	0.0	
0.11065827808784925	0.21090538790722443	0.10875998045192407	0.2676398737157287	0.20455431370628904	
0.2593179487331572	0.011567893965963548	0.0610571587568172	0.021024123916092718	0.1452472464893129	
0.22271651697594133	0.07106099815653716	0.03149089195069659	0.13222204281651737	0.14457881036279474	
0.02378617745161971	0.19959579966660776	0.020088047586544495	0.006185637769222661	0.15052023394347913	
0.07614171916938024	0.013014729963991544	0.21425520186497513	0.12577410366184477	0.08039387818184876	
0.142318305011612	0.17343992035493122	0.19929867820264077	0.30001291462265944	0.30403459420874596	
0.13451960198321902	0.28957492399417334	0.02377419158454849	0.098353783846815	0.13301417765433973	
0.1988382518083828	0.23748751271257593	0.046461747183031865	0.23135762679044108	0.12452140012295645	
0.0	0.14328545304011256	0.0	0.19450585216169294	0.0	
0.13772390897293044	0.20717991156084847	0.27523679001002727	0.1882099919912676	0.22334547842339214	
0.0	0.015748859641823747	0.15374224415122276	0.2072381539452094	0.0	
0.4058234692385207	0.1917045101041817	0.31903329093970073	0.5324634159588272	0.31091051658660745	
0.08891410377808784	0.002531150680733589	0.0014333648343837033	0.21063543642332086	0.05169245718218315	
0.15230097547606916	0.006983965933249769	0.09687087839501082	0.2748624747139248	0.15334472041591266	
0.2853345432042507	0.05101284785430829	0.1999689420533648	0.00845790914692218	0.026093253321723048	
0.28652627971188926	0.08213299497903845	0.15288501349253877	0.2097180112298916	0.220409371595035	
0.1901210009559275	0.07383160233427317	0.2178698344696641	0.019206129360220238	0.034422463729169864	
0.06967661474424533	0.1271117876561646	0.13753480059024503	0.2935264338210028	0.1598469107258518	
0.015323861856731655	0.21016535549143597	0.2850250193668259	0.09167495887734733	0.19083989843116714	
0.14762740985171227	0.25847170079535364	0.2852072632387249	0.09909077691780399	0.03936851387826975	
0.3845237787507889	0.08339428106359645	0.2111355315879638	0.6523707223843918	0.30032743076644375	
0.08329485351654563	0.07178019909917627	0.10171132157042119	0.23301781768363664	0.2844361594032587	
0.1731323928615566	0.21748461595556112	0.12660938663705676	0.12950763256131986	0.0859601569690159	
0.0032265075591424203	0.11273801661941957	0.061362213071053814	0.005979633115021714	0.10499419375120185	
0.22743549689616305	0.08230012847268965	0.0032924355859344574	0.1434559398204491	0.17385482490841594	
0.13167344371424894	0.08263422840153568	0.08121936971930004	0.09621075105502966	0.14722887666851278	
0.002574478501403788	0.15569098112304805	0.09147751792101151	0.2176416713355191	0.2606027761423507	
0.1680814921342239	0.2613190636377489	0.09440329396369378	0.22095120865376272	0.22975630911542264	
0.15321311682457978	0.03379748367892379	0.08467477358174798	0.06753211756191872	0.24949773852689705	
0.30745662109449673	0.03188645705282408	0.2797151922329483	0.25320080888269875	0.0503229655401142	
0.023909653637035608	0.1149768608981833	0.16266347295640532	0.2967854555005241	0.26752352662279655	
0.1952413653952371	0.06316286091599618	0.19825146922707834	0.29460195144962975	0.1606267289643333	
0.2878365164871076	0.18186714877384708	0.09024792643225253	0.200915001086635	0.13433560230257371	
0.1702033798619447	0.2691845958282309	0.2790344632427403	0.0514483648918432	0.195512861606811	
0.0	0.29304036478038886	0.19148275291293304	0.23662402490765871	0.023720013625543053	
0.19158850056991428	0.003407927207479496	0.17781744912843875	0.06407174227924861	0.2045492510364535	
0.2723788100159955	0.20534372754785646	0.20634133859466483	0.12005098098877415	0.021899128320301497	
0.038808888062895695	0.048235234270393126	0.11259757869368074	0.1845967927834352	0.07009443978880597	
0.16101394120007523	0.25774937211905036	0.12350674733569904	0.18170545964081314	0.29528098771012595	
0.004134106460875965	0.026463640520083046	0.24066860210469057	0.2061639931965477	0.007257447726458664	
0.09423118959731676	0.08890017306933969	0.10427404760561508	0.24207388797186918	0.03888937367891222	
0.015374297819194454	0.027152594741177913	0.03255799767841881	0.003901304352824424	0.0	
0.2606642529068888	0.2928924221759439	0.0467626184314289	0.19156260742870942	0.2191004384495832	
0.4006275279188828	0.5522496309399513	0.41712311524526585	0.38887255762945017	0.27249357347545367	
0.17787391940738084	1.3721328803026903E-4	0.03186482731865687	0.0019660179519977975	0.0018208305242270462	
0.42054619991530917	0.5784673418133687	0.23728172329702396	0.5179424845590695	0.36347777214555177	
0.20891293213117132	0.08493106240293136	0.039394899012206774	0.21475257413180582	0.22236277705678406	
0.08548878030282951	0.22153902965722724	0.054501833510049176	0.1413815360783677	0.2996178322079465	
0.05986984813245793	0.0026810325628700625	0.18690502439118203	0.01066509479105732	0.01042463359804866	
0.2088325115388637	0.18198117949956727	0.21764721935601186	0.07264510107442189	0.15212307603792366	
0.2938210343344079	0.16740458810641964	0.2605893508709226	0.29339444356296857	0.13224993787295633	
0.26847287894052646	0.12391751630029972	0.012821655602291678	0.18219033629174075	0.29846925700932514	
0.15722295512752063	0.16422022911800344	0.2878480097689784	0.25669134300530416	0.26052189332437753	
0.20538330377346953	0.2847930461503318	0.017646302106558213	0.0031405455326268448	0.23836299196898353	
0.23225794115686552	0.08386773333402228	0.10682966000340023	0.20437648410089707	0.11199095893585645	
0.15810034689207844	0.09689896063400326	0.2506452355734718	0.2864454323996291	0.274937691356153	
0.07321304153745452	0.23482160713607902	0.1966125247569296	0.18925607439450512	0.03344271854156985	
0.25556434306643677	0.09210827293010748	0.12888868899322234	0.19343559535146848	0.23495234967373071	
0.043860664578266116	0.02856723999781745	0.2605725195318914	0.030472125313747874	0.16192208776475867	
0.029956608928902305	0.29123480569554533	0.13115121288493545	0.44207964872009553	0.22559688389041352	
0.30718411209147967	0.23754951695869578	0.2593101773411359	0.061402211004012386	0.07932073673437587	
0.0594066753993302	0.26293767553623393	0.2802050757636206	0.18257952133392844	0.14656793757099318	
0.0	0.2846153426796721	0.0	0.0	0.13058429253289858	
0.21916852706138348	0.19000274360269664	0.31251332893659634	0.17671515647585354	0.0	
0.189337022537817	0.12372699844551432	0.029856283309145495	0.14461883756239177	0.14662721630415054	
0.21229082380107772	0.21200438337718622	0.2188007017032558	0.16694661681116008	0.24419804032612485	
0.23849820134077157	0.17641927369200855	0.16363907800523275	0.012823212315556786	0.24967298245355377	
0.15603311591341223	0.22072315072132695	0.16253835209797704	0.1727998676381797	0.10699738669011798	
0.277676157490357	0.21342952067688517	0.12900141231029713	0.005913854120924642	0.19636027355351068	
0.2829768319536766	0.2530461378113494	0.26646408697558815	0.14553466412102586	0.15658603932670268	
0.25825060383560866	0.2346604980029014	0.11521745283766223	0.2249127650752866	0.007945862624482129	
0.20601206646666198	0.03150648034693482	0.11098009282755478	0.2431000895215575	0.18647863894176248	
0.12769954314743703	0.16966854814926888	0.29482078330099887	0.0	0.1248585071452579	
0.2016722256469236	0.20383809363324518	0.24859445771826671	0.023061432889502742	0.21498059630656635	
0.2545532465619201	0.11314724970066235	0.014204966173073473	0.15814988737830418	0.17501218268686627	
0.30066439646758847	0.21241865775014276	0.2286069001886449	0.28254283878507214	0.17264217556989883	
0.3003345169611358	0.29865160970889393	0.23874961626225347	0.2422725834451594	0.20765805586455022	
0.014969429857514488	0.22029853603673094	0.23936134182615756	0.30466593295947086	0.022966763158648	
0.027828726213571915	0.09752624701463095	0.23571134890939818	0.01967164865341311	0.055921185427139586	
0.25722110924735836	0.19393223827654454	0.23442394130996844	0.2289739157200797	0.1789166661231806	
0.0011460118035313167	0.047541293993513915	0.021291216261367266	0.05614145067767213	0.0	
0.04849608230090064	0.0	0.0722567239712642	0.06655281939869646	0.12999708125814963	
0.20337460731728224	5.801540216499797E-4	0.26789489323152	0.19825745016094037	0.13079296114372543	
0.17983914254289435	0.6886712654171666	0.3528154028401614	0.16233988715764358	0.14455893660637031	
0.24370551491714648	0.0	0.2651082671401057	0.11279490266574681	0.19364757668230143	
0.01824611772474952	0.07893483308342186	0.1749617008826078	0.09132721069165282	0.2841875604047202	
0.13968698887040992	0.09286216416055432	0.09644597512101435	0.23488087043855269	0.07983592154301912	
0.08379236773217544	0.07375035238850948	0.058326496710956306	0.07681004349585187	0.27921118304558357	
0.26682510182330016	0.19302357424758237	0.24160845415226334	0.28052722675811137	0.2125715320686873	
0.4061749904251979	0.04671680704678286	0.19841982437689223	0.38932046206273135	0.0988079204367902	
0.07157819539656578	0.09141024281085276	0.17211333206429857	0.2727682297825331	0.25777867880282607	
0.18483065521745895	0.05458479967864948	0.043510300299653484	2.0490309791780848E-4	0.26228235464589567	
0.26767614706874915	0.16565107114709873	0.028471282175770486	0.26136657324751017	0.2843147883360476	
0.2802163768778374	0.06729259343711011	0.2551873898073676	0.08448077885285468	0.3186920581998197	
0.10596571101320683	0.027842135975459387	0.21596568830410356	0.2761820622086356	0.02420479236426868	
1.06070253964856	0.8520230729893901	0.4005512064818994	0.537518774031539	0.3483458235970627	
0.17423219063231649	0.21689283250986088	0.2439284822744194	0.1683700473140709	0.09831278340984237	
0.2756918750090164	0.18147136538160108	0.1962866736098526	0.13492833849770047	0.2809504186009196	
0.013838900165813768	0.1514405440842802	0.21958291498978375	0.2287872983533577	0.0770993621324173	
0.02094935704291415	0.02350955056592713	0.2689300162074563	0.03745382377042247	0.0	
0.13834822689047846	0.4050140072177369	0.33793102539975856	1.2311090294306928	0.37359927140082094	
0.10101723746259333	0.18933264947933778	0.08270744185192365	0.04491082943868639	0.21977316424322285	
0.1858355995887151	0.291183540938493	0.23689291447013996	0.22316889247050017	0.15989077275888489	
0.23976139086973275	0.1157236513957172	0.10436964304957791	0.24979166707901387	0.2506670373760711	
0.25628029101497163	0.07549334100089862	0.02106914843029318	0.22717934594954742	0.12774253823055248	
0.001753758031450123	0.09249138562132446	0.18473395849018656	0.05853367541087609	0.012165468207001663	
0.06544840325066746	0.09964264316998346	0.24407247256049425	0.17024961545236425	0.11418066668442452	
0.02560664729134633	0.13964118521715638	0.10346637781148431	0.20972184850906112	0.03527795315340214	
0.0	0.06563557483515613	0.0609843449074538	0.1493358629831629	0.0	
0.004153670014925193	0.0044713107869662205	0.14168958260277503	0.035520284048614494	0.004621381020935659	
0.3032184568088823	0.08487655651473626	0.204888439928303	0.1168213898277802	0.0	
0.2963697749124001	0.03690034532422058	0.22967563616624703	0.09630518791478881	0.3028411585188196	
0.2704025725811013	0.12031083037468661	0.233886401234774	0.2751535005904768	0.27479608156619867	
0.19134641003207195	0.05481046172487916	0.28473459230623943	0.09530281852542728	0.162718779566456	
0.18076903599918495	0.17685338191348174	0.14031016823108677	0.02284420742341535	0.28074247740071406	
0.06106297609269317	0.1534838533865063	0.18875736671966734	0.06003535584864367	0.04193598340505949	
0.04821690445244705	0.21735984860122906	0.2911406790228544	0.07502738224953218	0.03284663712389024	
0.1452528956474015	0.25830772283333986	0.17684494495005137	0.049372331393460984	0.11356083596547945	
0.2928408123985162	0.0	0.024393929303635337	0.1428617065889669	0.2310482458259909	
0.20067295056464413	0.004570938231051403	0.2686204956349377	0.2275256112569544	0.1635982406157608	
0.08781116668236996	0.08263621344269895	0.0671018453188677	0.01686040703109253	0.19110277916584142	
0.2929708204498748	0.2547655686796709	0.2410860235556325	0.019411977204091622	0.019418136690032013	
0.32030746105978525	0.0618278423125844	0.08390182364266953	0.2533992095239011	0.043245930227260705	
0.18593805530057145	0.11655818129287107	0.0730680322338992	0.14533803734341658	8.718697019227547E-4	
0.06729927123288246	0.11518472578828115	0.11157345905839103	0.0867235720901405	0.2501324454892239	
0.19512764308994968	0.19564591494209463	0.1199792029161822	0.15175492428819112	0.21850547717050864	
0.2848874280020844	0.1779885603561675	0.12102360071931231	0.12056616853343197	0.07791340732903786	
0.05483407194561696	0.14502739630436157	0.05653037672960671	0.26602621205345317	0.11895827410359723	
0.2250215909330134	0.2774878076621686	0.2837410652508863	0.02946222257434235	0.1278012857092511	
0.016349207810575455	0.0018286209970025463	0.1920836239419906	0.13710046196100473	0.02580555970759458	
0.6599652770828118	0.10990704650137818	0.08507098445460343	0.006761731535045442	0.0	
0.2604186918773059	0.07286883403013711	0.32163574661696226	0.2456353335428626	0.08610281847937899	
0.03747265488770802	0.06574666147363127	0.17979476945855627	0.10707080385694008	0.15587320670980367	
0.17352117854621943	0.07480089723006018	0.1011607832473543	0.18138120521583467	0.2199907265917483	
0.05825912737646139	0.26767091832702916	0.21159375801259964	0.16595329592162833	0.05707644631204102	
0.06222943318476784	0.29014021705347165	0.1948349898447443	0.28557286196869874	0.0	
0.0530617418911774	0.3050877308873147	0.08801375678067964	0.07153019155295048	0.10063491599346962	
0.0	0.0	0.0	0.0	0.0	
0.16916697358264188	0.0	0.04607288610724229	0.0	0.15213198226962915	
0.2567994304594436	0.02807962466102092	0.08872885269580572	0.07987632635100793	0.12741024007286028	
0.24724061905940348	0.20769691508836116	0.13558652539486155	0.1544070555865833	0.20627382105558703	
0.26178358332249024	0.03713312843286927	0.044225163791117024	0.11039536946735025	0.003781875432632843	
0.021463323650339896	0.0912499452298048	0.13189388230446686	0.15967392464231736	0.09145393337112492	
0.004924372553448075	0.0270944637211858	0.15328436079911684	0.0	0.22264457221103973	
0.3015632356661704	0.190143550101063	0.01305030946849065	0.1425988595510773	0.07342571499710036	
0.2610621947783357	0.03770221787923369	0.07445128078679766	0.09702469985059321	0.2618096873716967	
0.1750148062260115	0.24236009483613366	0.0015867304476928407	0.2835887863302958	0.013440975642629369	
0.10020140842594494	0.10828395858081949	0.2829051925589053	0.11921641233151561	0.25228264294420266	
0.20010420804849263	0.20465918673783295	0.14288397311803944	0.030373873265708444	0.30162895557094654	
0.04178731424881872	0.06187244086832348	0.2010146157827647	0.29864053093523757	0.10886013339158546	
0.12702889466736994	0.0978377923491967	0.17069031569520254	0.1200347514011883	0.02791548745403997	
0.05377139331060632	0.14424434815635168	0.08649356657645346	0.19751807453010592	0.2329870942240702	
0.04373484072044608	0.2777833257852811	0.22527685671081374	0.1755020845801661	0.02340229913779599	
0.038824034029503476	0.07258412011478961	0.039592830211133585	0.049029300462744486	0.29817614095582756	
0.12887755872743967	0.054035834961767885	0.2866517010587012	0.01005261243874868	0.18042917830178012	
0.14423146072815507	0.1281574344152583	0.08981602577479175	0.16326452897186744	0.21733464857028054	
0.1697436941652377	0.2878672625259062	0.2876655611176705	0.058556065759310376	0.0445143110597305	
0.2964063367625251	0.18196752365273308	0.19368287723645683	0.14989729153410547	0.30212014518309405	
0.3825018150171326	0.08610724811595767	0.0	0.20392572083753968	0.3061075254721496	
0.012593120870721423	0.10561304842989033	0.20773426628329156	0.2560366567549598	0.1028324602709246	
0.14169760193335457	0.13462017874818527	0.051965306776598344	0.17472125792641902	0.07332857955130757	
0.21358310193926067	0.20165421435670974	0.272612962449193	0.10940948181290448	0.21445992098947902	
0.0872134063515742	0.18147447925939666	0.07614423608618857	0.18426861836330988	0.2756643356473979	
0.11288250304506149	0.07433507128399776	0.07916118377696547	0.17102463277529137	0.0	
0.2559151683694564	0.29024490884486703	0.23932140960349732	0.10596021559894366	0.10226618301973969	
0.1903705816925944	0.27095494333647624	0.14748552382848787	0.2911303805735888	0.07097776544720613	
0.2830194580839954	0.1041695289703141	0.20957406624936664	0.15567034127531404	0.06942552032210231	
0.1198801305957029	0.25929335177422663	0.20830844192683692	0.08932073314591148	0.15798712890024408	
0.030959629438456888	0.1645106719607529	0.04527643098094798	0.2615826959068041	0.10227691546790024	
0.07062487859167103	0.03560428786462787	0.12803321489329567	0.1674859374693851	0.00814179261606093	
0.13748845163808318	0.17343230661729422	0.0019768217480731765	0.09507656409135422	0.11879692541937906	
0.1174426864638433	0.25022501351763476	0.07639015395606172	0.26661048948520727	0.04786988423388119	
0.21877443432167876	0.08686591951530549	0.28683024561645853	0.29235889680079535	0.006981879378843252	
0.21928259235365596	0.06602106728831714	0.12865845356404615	0.13701009478091347	0.028267820654762445	
0.23830103024713728	0.005375092507430382	0.09550346409686794	0.02832758801675151	0.2327158240329854	
0.05115723274463011	0.24402494641836514	0.291648351960009	0.03969719323414734	0.11014326461617988	
0.12676084502571575	0.0020189314910408402	0.27117094788808355	0.020555431435627942	0.0	
0.16508587263522104	0.11079305436186905	0.1419842575982499	0.12969044681425126	0.23633303375614226	
0.15784935325081534	0.153877078845825	0.03737145850222382	0.03448632485320985	0.2791763900986744	
0.0969216021799472	0.08519749026397809	0.23255173649678215	0.07229767150541083	0.278427404587305	
0.22389717910093979	0.09900432123002045	0.027071766758123266	0.11626595483881565	0.1418982754878712	
0.062170352478987584	0.28087157731832524	0.11108942447221612	0.2130523851144631	0.009316984303744466	
0.25946322544976613	0.13754383868541337	0.05261413881479683	0.1948875943808223	0.0	
0.2960448799451357	0.0024212189550363973	0.03773445673326908	0.24204777305108627	0.26673934010786937	
0.014217897171246167	0.2540278837263493	0.18309484491032377	0.19182058024725618	0.21189112089012832	
0.2290716963718743	0.03735504577502902	0.2316975653092029	0.23505889313375036	0.27812538106406315	
0.25538698169144486	0.05564741931988017	0.11231732809260035	0.28887423817772345	0.05086972185310164	
0.20802343036947415	0.11392407697104678	0.25437708854267216	0.01732466562512533	0.14092185321843528	
0.14711958471148748	0.10342457996166213	0.07750600977689187	0.009611839219855924	0.0	
0.13342550300885023	0.2135695455263873	0.0763511090718858	0.12580561988743913	0.03283852815540671	
0.2779271341757193	0.08497705691179473	0.06260074270189275	0.27014761601736414	0.17488267828013515	
0.03343045721666111	0.1242114180800723	0.1783531103954644	0.2407384287654757	0.06968054650687988	
0.2414070493625712	0.05974860818245766	0.2864124599337574	0.21525090707918884	0.2780119497501553	
0.08856918320086177	0.28342221398446726	0.2363050849984087	0.18040267699528192	0.2941855260619324	
0.1071129283556975	0.11181992803067654	0.13572187188400325	0.10156173474263476	0.14820373472096793	
0.03719845437873877	0.27200954799296695	0.18502268120493373	0.19067351272709543	0.08707729616954094	
0.27499456577732484	0.19811738315535288	0.18445106297422859	0.10828266724176405	0.02103272111688483	
0.22393112865411072	0.05021655802009492	0.3216848514072055	0.08856757444411535	0.15928155739186725	
0.045457804871203676	0.22199417712109915	0.02041707322678322	0.057397048187366594	0.11228229792771381	
0.1711792629081644	0.12751642902086088	0.07602201549962062	0.04899797189237986	0.2376458608393765	
0.2059944010951938	0.13958814379208553	0.2987800965327968	0.2882039879834907	0.1800556382558696	
0.039270691764475195	0.2530914018155224	0.2754079065734393	0.08831830638797877	0.25564341699282467	
0.24107301368220743	0.015428536949453866	0.014851170087492614	0.2243577702487937	0.060162490943192176	
0.10461259038776353	0.1991552457411061	0.2951258877543109	0.20511470820267513	0.2417489905778897	
0.2209857313583342	0.14279030707400883	0.24350373369418327	0.019847592630965905	0.21215382332699428	
0.26108675991829255	0.06819618152145356	0.10712805139273367	0.22126681232050996	0.0034799083207186937	
0.06898530043682805	0.2616618824801809	0.16740537495814495	0.275734113530058	0.11476604839358402	
0.16433568929952627	0.15863229764898792	0.1594644922715061	0.0	0.2203055701604832	
0.048037857318676117	0.0552703416833274	0.05158097170161617	0.17968997065040035	0.015362827788411512	
0.1106246026667973	0.12653421246477978	0.030422090392211772	0.11534227795397117	0.2558638775553285	
0.24660808115165234	0.15941935637292845	0.045524250058539516	0.1277796940613419	0.06699239999159196	
0.2952693297169606	0.024364239703654592	0.23431796527708457	0.2537569043981267	0.12178359902267284	
0.16672939890858754	0.13423147275621228	0.08673986938206331	0.10685723534651566	0.006484713103146898	
0.006375279026116451	0.19599701165341907	0.13510094739476938	0.2890544329075149	0.00979599363410422	
0.13706529236136564	0.03883940856476888	0.18198504025105014	0.1971405088592351	0.20238371425751953	
0.11003671511483606	0.20715976164811023	0.2445752895374327	0.19165285591996967	0.0832570181281818	
0.2419409860267848	0.25340843797145146	0.1809645338754213	0.2578354492512712	0.045040724650563836	
0.2618689168908729	0.17489567424084912	0.07246577388822001	0.09016853102657932	0.16526733607493682	
0.2511684392731807	0.22568172452777005	0.10673504748128018	0.11138332295110111	0.15880204409210477	
0.016553234762631083	0.2790518278762948	0.005511459506172768	0.042285166435650785	0.25756824130345535	
0.07736942731838767	0.2818379676067772	0.1559213273301049	0.19616854304260425	0.09224875157170118	
0.10190851114432903	0.1337065656543019	0.27993213787862814	0.08234280896293857	0.06063493863335055	
0.10174918126553123	0.23553449830783565	0.17333287403850886	0.2120929625007753	0.30822648426721433	
0.007351783372992033	7.496712847266373E-6	0.11522148769719238	0.10432981621454536	0.05338156862820044	
0.2082346916739243	0.13384651217522708	0.1112586492728183	0.009361083756054494	0.2947630154204348	
0.12459191058084675	0.27678492588171394	0.28297480418182697	0.25909854303847285	0.11198397330918071	
0.11121766348481199	0.2746672574707262	0.18262071696009274	0.18778904861236384	0.198424873557976	
0.08581703447304627	0.1287547680276267	0.1730290192287171	0.056903331191762815	0.09636446543380121	
0.1749183905566692	0.11294101927976784	0.2689172740203338	0.14650493844181697	0.24655942542260842	
0.11350033950484138	0.26874273925289455	0.008445942554976382	0.30504685988546393	0.09971857378738722	
0.12326747423865467	0.18536205096022587	0.19449669497388278	0.06838682625719134	0.2803841022866216	
0.3053455312033231	0.2748911831981917	0.27563786282865665	0.294086176398339	0.2418878894395688	
0.28259956940724307	0.23112071254992425	0.05049973597778621	0.05291874075936718	0.2530927138224723	
0.3015944830862241	0.24419359686770997	0.137187459878825	0.10236861612079759	0.22685898291524334	
0.29047638800192516	0.26796352948392743	0.06913215577875749	0.2774378887529347	0.13998555600063037	
0.08221537442777081	0.14359944707403333	0.03715883000928514	0.11417876008282125	0.042804057496723266	
0.14204173512296683	0.037464080219420326	0.0809484597542268	0.009513804488600404	0.18202856998912245	
0.18964438487777335	0.24457100756376277	0.24150975820038875	0.12772488156373477	0.3006193211249481	
0.25421805231639577	0.17802287543160353	0.05438073340594986	0.09046642675858527	0.024455533965541783	
0.060172551509814765	0.035204865365882326	0.14178624564586093	0.032856572382129925	0.04891539570208906	
0.29762990768720643	0.23575834935910012	0.0	0.29622712096879505	0.2609331023971776	
0.13021915519395386	0.10746212479662744	0.020459508135391866	0.028210686090708023	0.25644518513342	
0.08513328194579595	0.17679031636446643	0.2184887429206289	0.10870149835525147	0.004523840215710449	
0.3011110657800083	0.1654423297720916	0.07900585090214209	0.1804456478135855	0.008953335896095583	
0.15682387276023416	0.057650726603743825	0.239915485331411	0.13506452295727336	0.1590426897653431	
0.02682882279903251	0.2914979989680982	0.07429864321278846	0.14016103367760835	0.1709487315748185	
0.2568972647831865	0.1216760872745597	0.05120309112257148	0.14039855865532247	0.04578998529942797	
0.21291912394443166	0.03256104920920384	0.07814612054760789	0.11780506116225953	0.15220475549907467	
0.0034115321542749627	0.21323116152431126	0.008450057642858196	0.13040168324621837	0.1324601873799011	
0.06604551865190762	0.2807100625311659	0.254596288820345	0.10762457421736563	0.25018471400153713	
0.05171175210471175	0.23047239740717	0.05997838680560673	0.015828809128560262	0.2133655590183881	
0.16234028528437655	0.2543003005384131	0.2835386007977502	0.25148165758373087	0.2270368856553811	
0.19162707746177451	0.2075765944018228	0.1636732944876737	0.22711509043979786	0.10736972971719604	
0.1166394896706205	0.02446458724379686	0.06869843911926966	0.10459820448714925	0.04771506024854044	
0.2186934817048027	0.14077337330295925	0.09006634152355648	0.004390740079826016	0.12967572852198175	
0.18430489067841907	0.0	0.1766156112758599	0.2805607312119749	0.040629359719503794	
0.23599683022062082	0.181472412119925	0.14723552969342302	0.18551279135174942	0.08374290347266425	
0.0209023210979956	0.29370402339687757	0.24294241481676798	0.1105565768392968	0.04729752537083292	
0.0774691928169916	0.09247270825015903	0.1061873912569991	0.04087235545586902	0.12089614381312783	
0.10402677177501776	0.16450520946438238	0.2825527152927253	0.044164472108920556	0.06338740738268141	
0.054786991084012804	0.1316540242692545	0.24286388998264133	0.050003170330823056	0.14335958236518836	
0.09811048670201147	0.03880719095967007	0.30104092154730694	0.2029079231026879	0.11050242134587046	
0.048674847086436275	0.12391433947297291	0.10807666859705056	0.26183717300412035	0.07838078834410872	
0.19436594871531165	0.0028158396023264354	0.2902843086427376	0.18382747167723576	3.390824664494868E-4	
0.10116430005671156	0.004051300123894552	0.11674416857957001	0.17070698225163422	0.21881287276284492	
0.08712418212253381	0.018403356692721983	0.2927831482028492	0.13854253836323557	0.169988741301385	
0.07774467144788794	0.1366905279981356	0.19942795212769282	0.060202768847525415	0.16682658192831387	
0.10602154308956004	0.05743202145923761	0.2147546765280079	0.0382229749151435	0.1008263879927784	
0.2997820662351344	0.26232312351899495	0.2947018679754664	0.16322802300875572	0.26680681968255326	
0.043589051461138346	0.05316310886943864	0.27385196966854497	0.0994515096514819	0.29411828662960754	
0.18825313326103732	0.03464273358729641	0.27371520635928387	0.03570191093301698	0.27319417338122687	
0.2785200612935501	0.23567956705647916	0.05217589282248687	0.1394352899124053	0.13401362504133818	
