0.3289754020707102	0.20122995988361805	0.29966185676354423	0.0	0.04367079575257174	
0.0	0.0	0.0	0.226561500817622	0.36777928809911903	
0.033132641960677084	0.0	0.0	0.2822919103051952	0.26568108688848907	
0.0	0.0	0.0	0.0	0.0	
0.0031261851612436877	0.09870138884077916	0.13729614318180278	0.26196307293220467	0.24420343036090733	
0.15846080183046388	0.0	0.0	0.07011803513210614	0.31867442177305205	
0.0	0.0	0.0	0.0	0.0	
0.3529317338297869	0.34623404463806856	0.0	0.0	0.09019538188298401	
0.0919022067015892	0.0	0.0	0.26230670413856133	0.22299961621063122	
0.0	0.0	0.1187633225930172	0.4542573146046979	0.2350426086668701	
0.0	0.0	0.9143358954595694	0.0	0.0	
0.015094625661870245	0.0	0.17400998235119947	0.24582503143675083	0.14712241262259318	
0.08258269038276551	0.44998228391349104	1.7586577590629645E-4	0.4746604245506022	0.02586813306955832	
0.0	0.29007698433117024	0.0	0.0	0.3466681658517438	
0.0	0.0	0.0	0.625270990419046	0.0	
0.39462369430923766	0.005464260671488446	0.1251376955634459	0.3468161744799169	0.33044960820727926	
0.0	0.0	0.48862731095472844	0.0	2.3751786627420024E-4	
0.5696017424237456	0.3141468122745713	0.30632697605929593	0.45557697717154344	0.1562580698511393	
0.0	0.17608488663589097	0.28536064261188876	0.07082020531530696	0.0	
0.10518541877238737	0.30256624712870994	0.01120431243059918	0.7904993914005973	0.0	
0.679182963891211	0.5328730114846641	0.10099950723968709	0.06750636028912439	0.010539649171780031	
0.5471478062608647	9.783199529666354E-4	0.0	0.0	0.0682499979331752	
0.0	0.0	0.10992849971744462	0.3950140677075248	0.07812313372513319	
0.20154419376656574	0.12412406218560744	0.0	0.2283681941181186	0.05428998420636403	
0.0	0.20331753463676272	0.5624352492185697	0.0	0.0	
0.3569371986344234	0.04138351072336563	0.061557688900635066	0.0	0.29243913087562745	
0.14894320471761138	0.21137052091662534	0.0	0.04160529871636109	0.0	
0.27170735857575024	0.6622270099858943	0.13634169266463267	0.08414200758249078	0.10073241138696418	
0.39753069217644316	0.06997365323928482	0.0	0.15766913399113283	0.3648514791346884	
0.03279681075069241	0.2075240143848314	0.22933251848738034	0.18675226892859875	0.0	
0.0	0.0	0.16306878725793805	0.0	0.0	
0.358837996842031	0.0	0.0	0.0841869046741933	0.0	
0.0	0.9402760236281382	8.300449966466158E-4	0.4479943754679086	0.020680558358710868	
0.26045524925844005	0.11847303202119695	0.2982533347051295	0.021216273087090745	0.2513792686670353	
0.0	1.1686194699723376	0.0	0.0	0.2549773846680381	
0.15779340900595798	0.2984870477754265	0.6144557335977423	0.14192931674725662	0.4629230681628681	
0.27143024961486184	0.0	0.24686399031854758	0.0	0.030001477755320943	
0.0	0.0	0.18037352396336565	0.35790498778478536	0.01693767535127868	
0.0470289255270311	0.2298971076218808	0.13701932141839687	0.04850263924434543	0.13706195885371678	
0.0	0.0	0.1130317169769891	0.420142008557165	0.0	
0.05999339710738696	0.10732201870026174	0.10020547727300541	0.18651757976059632	0.27743442590656775	
0.0	0.49089701335514657	0.0	0.13823467785425583	0.07803554084902257	
0.21173719962027282	0.2117140280891151	0.1360504780188007	1.0332921516119529	0.0	
0.7693866725239975	0.17819057753437872	0.42982588976859804	0.46897533858190027	0.0	
0.0	0.19623067979265257	0.042558768218966064	0.26472981120315386	0.0	
0.0	0.32439030670640673	0.0	0.17826908175024161	0.2361460408774978	
0.24558858130862152	0.14909180358347346	0.16988492779005257	0.12758568340563453	0.2526849037453235	
0.24702013848330875	0.15924318936232615	0.28245825486135145	0.12060014456145396	0.11239269873616445	
0.0	0.0	0.826077292843231	0.0	0.0	
0.11543029988837678	0.0	0.0	0.0	0.29586715446378953	
0.07239815209314836	0.0	0.009241355220624664	0.4750510887743234	0.06132982491202192	
0.0	0.4020888625226835	0.40157622107906593	0.0	0.035101996873454146	
0.0	0.0	0.03658343786351098	0.7704976411330036	0.009516533260585044	
0.0	0.40059213779726577	0.004336125485996669	0.19220629858239335	0.013529616297458675	
0.1962201391900452	0.1607924646810099	0.0	0.0	0.0	
0.0	0.09144193187943357	0.033803986255403394	0.4174045724228173	0.016052665492267637	
0.22147653111336443	0.0	0.0	0.0	0.0	
0.16765486414517955	0.0	0.0	0.0	0.1454778155196357	
0.33887589262858103	0.18627243824243134	0.05359483641500028	0.0817977091601905	0.021686151546624233	
0.07454253461792291	0.0	0.0	0.2225134912126012	0.07545529630056515	
0.24591712518083927	0.10418782734939333	0.1276383373678166	0.07399219230340519	0.03688571273591809	
0.14004947201710738	0.06317041398500971	0.32516046075616095	0.28397672730153833	0.15054978472148123	
0.026115604442386146	0.0	0.345592767088834	0.0	0.6637141736796958	
0.030954442481983174	0.13579998783040234	0.06399954443046485	0.2262776214628672	0.06207610177055095	
0.0	0.1773348749097011	0.0	0.4816111514433284	0.05518586353267661	
0.0	0.07292448320367326	0.4114173526215841	0.0	0.0	
0.36848427778771936	0.47382191237191296	0.032870333288222586	0.13087175338980486	0.023423689100947043	
0.08195432024133333	0.1657078213537819	0.0	0.0	0.059123705222026694	
0.2314563713380755	0.3751932311290532	0.3437684963547652	0.3740632923446467	0.0	
0.1499259319659603	0.660154314515193	0.0	0.13367960150328065	0.33207128362072663	
0.3997119647250861	0.36856480062442304	0.5628015306990987	0.0	0.13138321735802513	
0.17687791902741265	0.3473141344571172	0.0	0.16832341055800676	0.1677508494410733	
0.0	0.0	0.0	0.0	0.0	
0.0	0.6231275802624632	0.0	0.01752451933452982	0.15395763222678419	
0.0	0.0	0.3741815230213583	0.12080649352963814	0.08253097338741905	
0.22786858070328678	0.2809192021477376	0.2907782094957095	0.16087615384089116	0.009769325531865967	
0.06237401798651844	0.0	0.2252225405579871	0.3062889261896684	0.32420137607558513	
0.38326519772896134	0.0	0.0	0.0	0.0	
0.04399818218946501	0.0	0.16193243548459987	0.0	0.0	
0.04295694236556186	0.1036093396464781	0.043960251206376394	0.061593206094905095	0.1120755575548387	
0.4318901011375962	0.0	0.005125756700504935	0.2592528449755103	0.1991687605840251	
0.16613344726357923	0.1811062552369352	0.0	0.1415268472323035	6.478780117121918E-4	
0.5820558398695072	0.0	0.08548101862147929	0.6284751847429074	0.0	
0.11217282807482488	0.22775074204743248	0.0	0.2467515125524314	0.0	
0.0	0.0	0.308865604530342	0.3678539349088036	0.0	
0.5897250054724097	0.15188737550939682	0.6094560952247321	0.0	0.0	
0.0	1.325849882917829	0.0	0.0	0.0870173545415278	
0.1317790195174379	0.33586171843748036	0.013237149397119721	0.20094116041644988	0.21845877127143384	
0.042879773775152175	0.0	0.0	0.1948802826075707	0.1073429743750124	
0.0	0.0	0.0	0.9487114785452171	0.417532142074425	
0.0	0.013081161930161237	0.039691213574837035	0.3413151036675835	0.0	
0.0	0.13273632362383642	0.00912958615707658	0.16218568691797744	0.061343101442794215	
0.3956947626624765	0.04268588828635841	0.21023917538869408	0.42654313504597374	0.07120642986987971	
0.2669501808382788	0.1604513043525583	0.25097079935383954	0.10858454156312618	0.037022663825295433	
0.0	0.14002719833753888	0.0	0.22144159710862582	0.06431850733743205	
0.07871866621136743	0.2864610064165743	0.16362162843319875	0.1986036634980686	0.04082744148643668	
0.0	0.0	0.0	0.0	0.3169083756722893	
0.007562129785688516	0.20559341673002351	0.0060533787424331695	0.08515623998701403	0.3580790113545094	
0.0	0.33854569579376115	0.26427434144685547	0.17833528243969882	0.06198588561304522	
0.5962514460002949	0.25155899653825137	0.5103898369322272	0.10647215157030389	0.0	
0.23206312437053483	0.0	0.0	0.0	0.5819453918818099	
0.0	0.09662040022579459	0.07716115914696134	0.0872175203819051	0.18299588126144642	
0.0820461345614475	0.5583937256614907	0.6054467762005833	0.24954242911022292	0.2798236332237657	
0.13562065396155268	0.12010293062657855	0.4775436785841284	0.0	0.0	
0.507573613975942	0.11941390531740041	0.20983701964960044	0.0	0.04924204672616144	
0.0	0.29454239804747706	0.2094866326595572	0.0	0.07182875232649452	
0.0	0.0	0.0	0.0	0.28052254740695354	
0.46435052806188365	0.2193087879167599	0.0	0.0950590724546965	0.24286520910218556	
0.1280621157408088	0.14262256880747853	0.28535024632626627	0.10959286482761449	0.05758035280056199	
0.22889882959386848	0.13193811928381033	0.0	0.49563987318894476	0.0	
0.15229556146572007	0.2848838885699483	0.18145862557534354	0.11666100807227003	0.16088369336762626	
0.29736199608538283	0.10272811998597559	0.10801251992083624	0.11837256847186908	0.29559927487861853	
0.06665560279297549	0.42818328517055576	0.055549478496113684	0.33407383299963606	0.07215031088054366	
0.43545668627864353	0.0	0.3032826730535748	3.3559324278317044E-5	0.0	
0.47000377792936743	0.2935876375225716	0.24925966194179705	0.371439836367955	0.3226959735569612	
0.4364058871344961	0.20759639303585142	0.09324955852407152	0.16754286052327627	0.43957307177611377	
0.09294678727729584	0.0	0.4793248534358008	0.6984313577397728	0.029866839181480535	
0.0	0.0037890670668279483	0.0	0.47263159044744474	0.0	
0.015101192185811295	0.0	0.4051879098994487	0.03220685665052701	0.0	
0.06398184130999882	0.0	0.0	0.0	0.044770346140859375	
0.0	0.03424489989714192	0.23042809286088084	0.5212474327648301	0.02606533984451301	
0.0	0.0	0.22656443839345555	0.2030885397786036	0.0	
0.3963121949559552	0.035887389055548675	0.12459957185889368	0.4991992423273627	0.01966040889234344	
2.6436013113837484E-4	0.026837410465515944	0.0031289176633017175	0.030100488063754444	4.30897332778764E-6	
0.27579120360908577	0.2680925899773989	0.15898264866690623	0.3690396887029278	0.0	
0.07304908965510164	0.5330759880039563	0.0	0.0	0.14063500819386918	
1.0063776371537432	0.06169845466384657	0.0	0.0	0.1604296524330228	
0.0	0.6326531895125734	0.0438103997512114	0.5202064350678618	0.0	
0.1470283015917339	0.3618727748529249	0.34324651036604303	0.0	0.1683445845614783	
0.0	0.029954770868329348	0.20064361779185413	0.03432303437346305	0.1361358366284839	
0.0	0.0	0.0	0.39203232642944497	0.11763974444584037	
0.13811237875494412	0.0	0.004397152258690829	0.3082032862365054	0.01599051932525275	
0.0	0.32923005250319504	0.030418559188712526	0.5427336648000743	0.002288954137673949	
0.2528056803425641	0.17939798264509377	0.00777656468299214	0.060383770853241425	0.055038011507021624	
0.33153598547297236	0.6320159269678507	0.028062949616754856	0.30412646735133103	0.2510194609800031	
0.23895359241071967	0.05344977901250662	0.18465219117227608	0.04474137590326842	0.1073433995732488	
0.012538800545922244	0.04048850661539116	0.08039300036813354	0.8730847195912295	0.026171405883981577	
0.0	0.10179358449063652	0.0	0.74373884795035	0.6952541092192375	
0.06570680445775778	0.15328319341215782	0.2843549238536398	0.0030611963587226718	0.23395793831552458	
0.24445867416598813	0.16388657887150493	0.2637043259107364	0.07946498114717065	0.192230857560713	
0.34706441719453424	0.7683164614801637	0.13774614746500832	0.006096962584567775	0.1922023485101167	
0.2341611766313812	0.0	0.0	0.007660066602244715	0.5295576376551347	
0.07570859411624954	0.1754166118264837	0.04739110151739725	0.5012118299085686	0.0	
0.25746543631303287	0.0672296763012363	0.3345271926608375	0.38518358834973093	0.09351159397284968	
0.12607212157451705	0.7267513782701374	0.5493768797576167	0.333196366053025	0.6271045964243486	
0.2666687516171349	0.09605349322613624	0.08417527560600349	0.06173552372189514	0.045664034306200654	
0.3898163034475235	0.21930440997395617	0.0	0.0	0.053194806552331574	
0.11738486949299684	0.06142246867654945	0.039463485361513846	0.23081097992144947	0.21892100947241638	
0.21572458256548208	0.17032931809893664	0.5097801370312585	0.23603106707144753	0.0	
0.13631180513084815	0.08101335078986675	0.0	0.07834306516051727	0.0	
0.19087337867460652	0.29606397404589696	0.3561816318211606	0.149606048063413	0.1844075551467881	
0.10726453460691862	0.04958845721633716	0.04861270975010293	0.3473798395545051	0.0	
0.012695218673212086	0.0	0.4269227666867404	0.738241959759843	0.012677851940007309	
0.7719800719878385	0.22394305570614523	0.0	0.21363656113120114	0.00811616126518616	
0.06859929369197869	0.202698684387723	0.06045493999751293	0.093455332615978	0.04798227899187756	
0.24949895851395865	0.366568722769573	0.32205974382981084	0.23556112494204032	0.2487327166258652	
0.0	0.1260927800833597	0.016792019318201196	0.37491807013810463	0.08716868231187452	
0.23392369782377462	0.5133973960893774	0.19735533642598493	0.5038204289183059	0.0680612155081604	
0.06451315945376247	0.19553995348632064	0.024622538791637723	0.08243934298556009	0.35526263904042926	
0.06896159612929896	0.27403999142466023	0.30608630029370076	0.20138486999297844	0.465529630969316	
0.305889654326486	0.47004007938362247	0.3831250877974507	0.1264629561333174	0.08523883473692088	
0.014609531068553418	0.0	0.0	0.0	0.0	
0.7912299273799444	0.2940424476373426	0.4508419034034055	0.3097962049261361	0.12070779255280184	
0.27147470832081694	0.22011301323013546	0.10993468841045957	0.364344560071254	0.0	
0.0	0.11009683947962273	0.0	0.0	0.0	
0.21648563474168872	0.3329096448291046	0.40365387081918286	0.2436457215408667	0.0690537344377189	
0.0	0.0	0.0	0.4153483356052719	0.0	
0.0	0.32330007790927345	0.0	0.04492430990876365	0.0038461414737797615	
0.13633556984974043	0.13734013234318915	0.09068136008547725	0.05750898787851497	0.29116806707369125	
0.2601850082043036	0.24847759518288093	0.2394720710439303	0.1909108447434144	0.06861040747167582	
0.015678033981016054	0.12142651558246152	0.08671795725278102	0.2959491875665419	0.2355587657178548	
0.0	0.8847864691405761	0.08377103942672763	0.12407878521235495	0.11683833930169102	
0.0	0.3429048604482913	0.0	0.6238169806783421	0.0	
0.08347145107703394	0.036071283113223884	0.016449484001268503	0.0	0.02308370778374116	
0.0	0.06253529699647911	0.29422709278806924	0.11251703768252301	0.0047993995860382286	
0.0	1.3707056408656157E-4	0.027937379856029117	0.061049642290173844	0.4012259886258995	
0.1379154661927242	0.19724829860215326	0.037790668865965445	0.04701733402870308	0.09707555004394955	
0.12665485479392669	0.14400754472913763	0.045648712350405206	0.5619312427668319	0.0	
0.20854750264993646	0.07507388980515463	0.02831808443683773	0.16192078607342417	0.16597429457828441	
0.0	0.0	0.15558299125448208	0.0	0.0	
0.07289782781713068	0.064655838794235	0.005030780443176754	0.23666407524778296	0.04699058240760324	
0.27869655075513294	0.16794482015116827	0.1782006893773441	0.2522601553390718	0.016826091602228595	
0.2409593229925133	0.13458548286894356	0.21002036449002773	0.0	0.0	
0.0	0.30538322757811803	0.22747277667200783	0.5495821859765738	0.02351592348415094	
0.2767171482850747	0.16646755220574097	0.2622123089650497	0.28391721163282074	0.2825590846313591	
0.2965913245386441	0.0	0.0	0.02843194258352849	0.0	
0.3343443558705457	0.0613449002924517	0.03959329816181204	0.7946857788534275	0.0	
0.05280224211899367	0.19171150214869792	9.703355221311231E-4	0.21704828712220023	0.011498731366932477	
0.11898931750922855	0.10401317169153734	0.0	0.0	0.17349252412978183	
0.15842573291600562	0.27032304061850887	0.17586957335044234	0.2587786517790158	0.28950098498093874	
0.0	0.11864110964851012	0.0	0.1701011529330284	0.0	
3.0952890473357093E-4	0.12870961332300726	0.0317005147009806	0.1244374135543188	0.2350189293087276	
0.027172635711241903	0.21564670453777557	0.11621192215415635	0.23538908294320948	0.1867512667271722	
0.41542216977538493	0.22473941573578798	0.0	0.1649244521389322	0.16791783915702227	
0.29053670941122695	0.049724416433911595	0.1311923960218445	0.06201316163026974	0.15545567384070355	
0.06605576995461666	0.207249417658276	0.172328273983882	0.2501212790190331	0.07163407939993872	
0.04642990725427901	0.031572714693643436	0.056256740368974475	0.13686587491328123	0.21432966472656695	
0.22789705833396937	0.0	0.0	0.35378291368469045	0.05546481713221392	
0.5373775832284181	0.0	0.0	0.48902363013592237	0.0018697678785510091	
0.2617761641135047	0.17123281057457634	0.060312897539989585	0.3767032015080276	0.057293675343777634	
0.24311473000287892	0.0	0.0	0.22277419341764643	0.016625671681976494	
0.0	0.0	0.194658480253291	0.31962656002574075	0.1460702234793629	
0.11221173192793582	0.3478850812572327	0.03453434454932964	0.1805366916133941	0.25008954020861546	
0.1259080065474465	0.3095074336389824	0.31511125891415487	0.5488880860938702	0.01352365927133115	
0.15312069372871692	0.18150185506318306	0.09056748972153601	0.299913125934892	0.2961825407157858	
0.0	0.42401894401354234	0.3379782152289187	0.0	0.0	
0.1043353127689716	0.0	0.231500407069043	0.1895875250057738	0.0	
0.3275218073017188	0.14450707531274304	0.09242090298700296	0.4883151868574843	0.21629874214211897	
0.2602989574161632	0.14883830558283684	0.2721647432397712	0.1250152751851312	0.051905602481492376	
0.11014702650394603	0.33824577844558	0.04566518816556489	0.034749139245556206	0.09548143743003576	
0.17827178385355358	0.1452206764791228	0.2432044737812251	0.2024080794710706	0.0641837019172253	
0.020938520008919312	0.12212268013802616	0.23190326055437246	0.2525178296668895	0.052725708719655644	
0.17025918832516687	0.0	0.31472233945305933	0.0	0.07031080903566969	
0.28224185738433644	0.06536160255277938	0.2776347780704912	0.1048060099435089	0.18217323859312493	
0.22591305356387528	0.4427299917688049	0.002071813112353123	0.19102506711890804	0.0	
0.26444906650561706	0.0	0.06934977193781552	0.0	0.19039339632181665	
0.1266320037959253	0.2716909978179579	0.2964963856829142	0.24804982880237086	0.061644038904938935	
0.2742636477676077	0.09842695892596642	0.18928109652704886	0.26117257930570736	0.17270148267119753	
0.05327200301926309	0.3122579628118337	0.0	0.6227991160367867	0.33382967110550416	
0.0	0.39504847274062344	0.0	0.43068635127229404	0.07560234080320763	
0.0	0.0	0.02885878626715313	0.03322475935604774	0.08724333236198258	
0.2736788809040134	0.4816740478534391	0.0	0.550941567360913	0.49303000259059776	
0.0	0.24563812971270169	0.0	0.10189852375638447	0.37298118938736075	
0.2232946501773746	0.07430998603264026	0.0	0.3027735859037905	0.0	
0.2002170662733789	0.2817091311454292	0.00957266443700619	0.0	0.0183523769418699	
0.247638318000884	0.272813111860303	0.2514524832828119	0.13264044527231258	0.20025332057735454	
0.0	0.47671868647576476	0.04442622885642552	0.0	0.08420723538120296	
0.0	0.13851609500538958	0.14221751912063846	0.49227333209082613	0.0	
0.24422466204196944	0.04434093268916203	0.32873593874516666	0.3235165128873864	0.4366037139700573	
1.196669229161717E-4	0.3144771195908546	0.21269565033678006	0.6073212649732493	0.27649897932790457	
0.18464019131294337	0.0	0.0	0.1839037831840128	0.477330953759977	
0.0	0.2562060959910454	0.0	0.0	0.2176006601954775	
0.20329217332821511	0.09547115827483094	0.06996972162993788	0.14409295568282646	0.0101179515722296	
0.06908114915898807	0.5455558250381908	0.06405170475154343	0.1081470294871097	0.23912407642163885	
0.048955192299822474	0.12258977940645943	0.2865494703220666	0.21412031191320757	0.16116995736751352	
0.4523370922640437	0.3310918181650362	0.12323374394815431	0.38800386501801293	0.12350773327638767	
0.18900387025859022	0.2435405729061761	0.0474549176733524	0.0986113437809182	0.05778115705597432	
0.12989629990951077	0.24462079287236227	0.08616901368069085	0.05907551596448164	0.2794639626922681	
0.17532471168881283	0.26559290939286134	0.503341290847815	0.38940992234129296	0.0942942278120682	
0.01907390467777199	0.3480584454252234	0.26789150389817934	0.3061395325452984	0.25026386577890286	
0.0730928511172643	0.30010990549466526	0.1409617084191527	0.2353289193142839	0.02429430236416635	
7.082820382377676E-4	0.2049621835709436	0.3626682009537739	0.010188950451780972	0.25035787671912924	
0.035357618705541646	0.057223387901828786	0.16611947920262357	0.18450766918160277	0.13695707171598148	
0.2739121462532857	0.07823525625132621	0.010546983524281718	0.039158992374866315	0.15745852551343806	
0.36435706131586826	0.1059722405095492	0.7544346289269764	0.2487416495815778	0.03984532264941274	
0.0	0.27561422007683595	0.6264957762348294	0.31601343561627415	0.0064196027133143424	
0.030278923354774993	0.1785319176253692	0.2521985208946536	0.2022896587754377	0.14280139983708287	
0.08144053821990656	0.11130354705748825	0.01626084330949288	0.16294179815982557	0.02095625567656371	
0.23267192210859186	0.09340468968320649	0.053294629475604066	0.3046677812842047	0.036630237671680506	
0.4029858661487571	0.3849341218200821	0.0	0.0	0.0	
0.0489365071878924	0.05729368048336106	0.04401412060402155	0.0825864176107106	0.0163465080053278	
0.13400536068884092	0.18181047870706832	0.0	0.14477536692040968	0.06694592981949173	
0.10229692185947929	0.1023228068716292	0.009028999329445439	0.22205872616853473	0.013001081394838148	
0.04752158904574237	0.0	0.01671066819848639	0.8179015453986028	0.06052530352874073	
0.04531112599540922	0.1332581891252203	0.3855235181837166	0.42974735173874307	0.3329278861440115	
0.668375132380411	0.011472176419546037	0.0	0.1561358120377224	0.01797393715177297	
0.3271425548119718	0.32866731695823453	0.05032540092330076	0.07568930747490661	0.2142825628718845	
0.3947429014896921	0.08523626075995086	0.4672398383860298	0.09199912151463634	0.0	
0.23448671051886139	0.07718811326552551	0.2027875783720463	0.035304829971432	0.2845027350399072	
0.3313038009010324	0.04546623527365914	0.0218686000774774	0.0	0.06703307950965069	
0.005235778134131804	0.04533800915726333	0.00239818470385103	0.2070325297889577	0.009550182452130747	
0.018646110042866332	0.12215588075402468	0.07192175144373879	0.20897202933827658	0.0017848892932959945	
0.08047720364053446	0.0	0.2143949104877931	0.0	0.0	
0.0	0.0	0.0	0.0	0.0	
0.2571639571621464	0.06704581374194366	0.0	0.6333644048238624	0.0	
0.22496099271402903	0.13209353809239868	0.15256121171231002	0.08119003303509133	0.14610379837850165	
0.0	0.07926034688689329	0.7585459150059752	0.16697327331156883	1.0033392971095745E-5	
0.2102129326641457	0.2740043915251994	0.023183466653808747	0.036996737966768965	0.23042774688222722	
0.13931295702287524	0.2208866198087014	0.10272266308310235	0.1800463120784548	0.10387140716190173	
0.025173073718329622	0.08819697984985804	0.139803606081068	0.09701200179932429	0.23320483703372316	
0.4289598653209251	0.22766445387758166	0.16029642581984319	0.46768935473592355	0.33832740232730596	
0.28915710673904804	0.07669910553382708	0.04595209426754443	0.0	0.0	
0.057578943551750014	0.3806162824188698	0.20737190214131654	0.08808781917191436	0.49245832306003356	
0.0	0.15748335488407608	0.137852330764525	0.08890444028702682	0.07516440364409885	
0.0	0.38317102174603607	0.10730051091318414	0.0	0.0	
0.22890433140265448	0.05252958133292744	0.22280085905396424	0.07225695115603283	0.0	
0.0	0.3731485302408457	0.0014561720740256148	0.0	0.0	
0.19975713964764386	0.09677048442277697	0.19627474793926838	0.024117579220044497	0.2949578491041556	
0.38761704755236265	0.1624718413746855	0.09841569945653991	0.23143995050732522	0.13646077671690215	
0.42470691646594644	0.5171983787423943	0.0	0.5814229054342663	0.3170280026612066	
0.4642679153807108	0.0	0.15639639595646215	0.3025725475011684	0.0	
0.45229044965268794	0.7539598749971718	0.29873930358865014	0.15200936058668824	0.15600105687743293	
0.1591494714347695	0.21634449337539222	0.30106700547405746	0.17665638936859057	0.16654209265064085	
0.2827393373348116	0.20913970700732892	0.1374627440231357	0.16204534387894817	0.1770846483156111	
0.29499522308218407	0.03214521977095688	0.04674443546844208	0.27573686926610796	0.07273359887374586	
0.0440267600100158	0.11093398818132656	0.27371948312090905	0.20177541277570357	0.1333175141413861	
0.28261436828210984	0.2674045011874951	0.1925613575725401	0.49881527560805755	0.3039085044603846	
0.24241836297898636	0.008823404804637825	0.19696960513780135	0.22234691071395257	0.15465979258836782	
0.19575503586901283	0.07598915709147121	0.30005885039229585	0.12269892628262713	0.10046185776703022	
0.2951074772888977	0.06334019505888962	0.2432722414679893	0.26234974402554023	0.057049738947470424	
0.24274141646302336	0.17869624115664565	0.23984485023647345	0.16938909604540164	0.009691417196122817	
0.5248305888934806	0.6337776583182998	0.0	0.0	0.6823144748005743	
0.10770238357837708	0.0872422611161471	0.13211111325282687	0.22543924010489988	0.061260417660487614	
0.17312811353135518	0.07382804660333675	0.11156116046613067	0.2953315043874089	0.06322702149753863	
0.16099131652886872	0.044613064134922664	0.5394301640060976	0.7796196985493385	0.2584792193380206	
0.2947769460563449	0.25171281813641994	0.281000874810226	0.038877142798796865	0.23758054971238138	
0.32914446643870443	0.25964639506763887	0.18924256142559198	0.4179338018253864	0.16019763403665827	
0.0933672044069122	0.30717975477236287	0.8458684808143307	0.14028208047281218	0.029120898089476346	
0.23658188715041306	0.21814278190308606	0.20070577344967838	0.28423654826545447	0.0895780232752699	
0.15494939193269563	0.3108251956766873	0.37215100650042493	0.27850324618856903	0.19938232957430896	
1.0455281241287593	0.6250177332611541	0.22191548925745003	0.30937777260314825	0.08598124182278043	
0.24300233966497775	0.06852821386706251	0.24115875992328886	0.3523070830332415	0.40857150172690937	
0.28934375102759596	0.13232441920451402	0.08398291688681363	0.05007080563238202	0.09094476747043402	
0.07279242060454061	0.153425132257073	0.0015780701726914063	0.28986142125777475	0.11802846694748372	
0.06641311921709965	0.21755161732881864	0.09869885478287482	0.0	0.0	
0.0	0.0	0.0	0.0	0.0	
0.1012863147925426	0.20956576072305413	0.2532669084918664	0.13663738593249813	0.2575363529676453	
0.29596537110093996	0.12670214932861348	0.1528534922961304	0.20179758618355279	0.18025755297324508	
0.0	0.20926479544137724	0.009719904927577684	0.34308648893817706	0.0	
0.318924562938937	0.10296324672181549	0.5389910792838067	0.39280619672666495	0.18986943844225215	
0.18325243171227873	0.08843528021089375	0.12804283266467745	0.06594995922114544	0.001956371019205768	
0.2478520620027457	0.28361761379141953	0.05368876486600652	0.028736641171052773	0.27668652010133316	
0.29642924150239963	0.24287399089624367	0.09260789962376773	0.07812253218262964	0.1775274174065563	
0.13305029520633546	0.06581847924759175	0.06314167877719401	0.0071939103490332	2.1970302957515216E-5	
0.2420701165013546	0.062086122774154935	0.29346924537619196	0.10823759980738033	0.14521623949890167	
0.07523236379031671	0.00725931710608683	0.08017575832744794	0.06850962187188958	0.060041381590837405	
0.25925072607939165	0.3121076757966629	0.2263414206371119	0.14901116894230867	0.07019123117850351	
0.489735604006499	0.13773945146164654	0.6090814150717898	0.22036716289536593	0.17401886354867732	
0.008074362958806619	0.2761503290290071	0.14664383000466658	0.021214889885523582	0.10862070639879692	
0.10761450122590699	0.050955778424353594	0.05349783752268487	0.28374110639210853	0.19886133328242925	
0.0	0.0	0.0	0.33102845306658213	0.005182601077454689	
0.06215628158824546	0.10178253513427793	0.011620175473957474	0.2729921556895144	0.029722151136620193	
0.04812622303978029	0.04358754645211344	0.0	0.28074074414274874	0.0	
0.021549249692699345	0.2968011324590127	0.19287608785928373	0.26421853735224576	0.19345240894257407	
0.1776660398648431	0.05133055461013195	0.22333817130654038	0.34493482424086364	0.2736766132842246	
0.0	0.0	0.4388210871259634	0.5053636612921508	0.0	
0.03247782715571749	0.07644470396855554	0.12831695609873714	0.005367253082885102	0.009082995170298029	
0.17842987327883356	0.215317535526442	0.1291085610491724	0.12408922714627106	0.05971326918801925	
0.08467191448381295	0.08759922628742844	0.06504245030789654	0.03883127898856144	0.016832715300696056	
0.2948793298096962	0.1717089453799275	0.08243817094676366	0.20018400708363007	0.21820936214460088	
0.44073011907470105	0.13025082034216795	0.00899186150766989	0.42125115962265064	0.1365931158088842	
0.1877948734299154	0.1039982498959233	0.777164367749143	0.8415005701425101	0.15503992221851806	
0.2387151498351902	0.004092037838171284	0.1326046401493129	0.15181931535218596	0.2055496092460906	
0.12234567505402723	0.48323857135784465	0.7843036449801903	0.28739925226367635	0.2639473267048225	
0.14835245046455883	0.041017160557345944	0.268826090621593	0.19867996387663148	0.20534957252059566	
0.698971265330278	0.5078215967247036	0.5746962286438316	0.2742341750809648	0.2136538753249812	
0.16148890297936888	0.0	0.0	0.0	0.0	
0.06867979649824242	0.29100259209010537	0.3753098390313228	0.5815701136223237	0.1417486993378451	
0.24251757813083108	0.29442249923368086	0.18738826721597215	0.23955396599912063	0.04862455112899391	
0.10771168163945308	0.09856528610173042	0.1326097364853326	0.05980359737091219	0.053993946782546084	
0.1522638548797717	0.01377780755695221	0.14227691144241902	0.2640142897749546	0.14966783472439543	
0.23882738706625126	0.24173696158357239	0.056008243188837105	0.1035719287273111	0.1895593320938805	
0.2869307090633895	0.06327936829681609	0.07893250502173281	0.10747762197836415	0.07825855753373455	
0.16960115913383766	0.14284541401839226	0.2533686785764001	0.27166581488844077	0.07584851028530054	
0.10791983998161402	0.021550706772023445	0.005462306955466649	0.06616481464700423	0.2705576944333526	
0.1759831867366018	0.30300324403709494	0.0	0.12115016372252758	0.12115126637202478	
0.12663851529911527	0.23285878275556862	0.2889850967424708	0.1514943461608342	0.19817768242865172	
0.051570542226533254	0.0	0.0013382885692575861	0.27136472971502895	0.06947233139705485	
0.09134902419635116	0.0030704656505231246	0.0071505315974560646	0.05655862925556979	0.12387537435945425	
0.1858292769982893	0.14063283880188288	0.30051829064828284	0.27730602800976484	0.24658602187738213	
0.1425850004356717	0.16116697546300246	0.1389571435136978	0.08477954394161577	0.09533074842605306	
0.03175982931980023	0.5312890428558485	0.7951996424121506	0.13158694857739148	0.0	
0.012487257778403664	0.0037970565077475116	0.231836605142841	0.27085537804707616	0.04554855670588205	
0.0	0.0	0.0	0.9475066155567955	0.0	
0.3557039209886519	0.12347688208381825	0.5759790947456899	0.2918985507190628	0.4848229438696418	
0.28319453171111825	0.28991761572314456	0.19955924905616748	0.00915067179692775	0.08375676318022214	
0.11714481004220306	0.6710996881006784	0.2958675793441683	0.30571580205686044	0.29348002917865673	
0.5058005445186671	0.05935399446463785	0.41198591376406724	0.5074693482813747	0.46423582509628003	
0.18265456202431607	0.0	0.16572598603557265	0.10045109655139144	0.0	
0.0	0.0	0.0	0.0	0.0	
0.1799854722745791	0.16367401304761753	0.07082261387080656	0.0	0.0	
0.0	0.1569349458985944	0.07927366612329335	0.0	0.16371271150666025	
0.09644214834648958	0.10352016744283127	0.0	0.05116556467280665	0.22209773341109132	
0.27386777165045495	0.3390451225628607	0.046503854957781955	0.3423243665735843	0.0	
0.27382109224084555	0.22782421913149192	0.28258288842856183	0.23876691808615708	0.18578860035084116	
0.10864963202781944	0.2994909302906674	0.07789178503682771	0.1720560860240805	0.18760055982570015	
0.1381771468854402	0.1594310456966553	0.1131621368918767	0.13812545794211886	0.1702782713537737	
0.11375650831695222	0.0545828748054953	0.2875053320388689	0.1649493138177943	0.19982152370717807	
0.0073257327302140365	0.04993221101636659	0.029213504668644127	0.05405435571307287	0.0759289723216381	
0.008504534539803637	0.28688961964544546	0.26600489937184096	0.28700078771045384	0.24556164445692408	
0.0	0.07235793329789694	0.0	0.1371492956535276	0.0	
0.06790121748932353	0.0	0.5913232848187435	0.0	0.03223062652654634	
0.15095643192442046	0.2647614612224541	0.0013905713638982797	0.0	0.04632708152330449	
0.25895721980604064	0.17918043863241398	0.10540375433666915	0.0	0.1565337854986537	
0.5549683997837892	0.0	0.0	0.06656947303086715	0.004585630566442901	
0.13012136736225663	0.25572675088920593	0.043232121874485566	0.14642335701138354	0.10847708873004273	
0.5115664834357452	0.0	0.3247028685108842	0.4205065545224031	0.15526593571478917	
0.17203395565836235	0.09521737644044355	0.2691661035512055	0.3033633296961186	0.06534657549788962	
0.09880844455798786	0.2882019256897515	0.17251309443956503	0.21171398745318307	0.1541148976512819	
0.2624908935774479	0.1837896776025188	0.06178631843274242	0.11446716266376258	0.16353453002163623	
0.10208392505718077	0.03653363474511469	0.08992424688975625	0.05695102912729163	0.0	
0.007697464737832031	0.22540016267050886	0.06954543736070591	0.14783608458411346	0.14853955912578493	
0.29778738925592013	0.10372474531743779	0.10913029839761837	0.22650491246987225	0.28855997180740656	
0.10036023536831222	0.09746190584390033	0.09762355900824415	0.20064748977253893	0.13389441471121044	
0.019546236982517437	0.2530752198673137	0.07389749377351543	0.0787640441442283	0.0	
0.3150923381860503	0.24604020867356277	0.569399274474019	0.27794754854697995	0.313614442425096	
0.12090887014678688	0.13260467001263126	0.09863503033468693	0.17288458891945951	0.1288586107576776	
0.03909469404518032	0.09043426606527125	0.4176841224133465	0.18114144304303526	0.06149258485512435	
0.029968669548864076	0.05779248785021711	0.07534503000916885	0.28777252841506507	0.22323827441772973	
0.0011596252972996392	0.2929957859317791	0.03880339759127029	0.022119844145331125	0.2753515941551654	
0.0	0.0	0.0542963731979786	0.269597631906492	0.08391642621163249	
0.2293675492932196	0.24769303542054938	0.23972344556483965	0.19439942174809446	0.26987836226608786	
0.10706340952496743	0.0	0.0012915821479530143	0.0	0.21331182086123762	
0.18748860676610987	0.28440647822417997	0.15051576455304566	0.29558554000687004	0.24512546468974264	
0.18694301664598095	0.25292224748091785	0.2089768818968532	0.2506205142892396	0.24091080815847363	
0.28252840350669095	0.28427411517109896	0.24118621906722726	0.20883875981084432	0.1529000582263618	
0.21394622577752742	0.0014479715573442603	0.16004258651919578	0.10290027641158556	0.04143725579997934	
0.2948779538223431	0.29366536157407863	0.23351500620931395	0.14146582042051678	0.17898288600012213	
0.3249833231800822	0.5454387253295703	0.7300455925784961	0.22286706760558778	0.5202576951231035	
0.26316817516561614	0.16793085970344857	0.13028343782214516	0.28396702475890867	0.009184404290663913	
0.1685631913074569	0.0722874052077041	0.1307702423051684	0.1259926186560053	0.11220087859158513	
0.008526083862606566	0.07877712573081384	0.27862248704837733	0.1069009463813894	0.11466284036608927	
0.07274432182335754	0.10210190118733493	0.12230630713685102	0.0637655754784891	0.1421501870687744	
0.20912590857929067	0.43320043548177156	0.08296353674536666	0.29297244077746026	0.2714862175632937	
0.4575806172076139	0.12635909040900956	0.297473169600336	0.0	0.21190346136976074	
0.17009654094375312	0.25845089389955583	0.20856537209370835	0.19646559823980211	0.2801004574358346	
0.13630638032469353	0.23873174365082925	0.18560805840337544	0.12660408475673174	0.17857409967619522	
0.10943528943495628	0.49443332081036406	0.0	0.35168538804571936	0.0	
0.03464467999913907	0.19514478137579133	0.20028003128501357	0.2019787963392801	0.19291753848101534	
0.20890533227436564	0.26245172392918453	0.012663696154802387	0.006769583307406199	0.03215703136975409	
0.21850375440468187	0.20784570363144866	0.12755826223823444	0.17000402821768554	0.2640296293235482	
0.2551446476771765	0.10844148091233169	0.14374389668982845	0.3018255655532582	0.0379089673411443	
0.07998101383926891	0.14213340812293482	0.18966140181381794	0.10573338485705087	0.1530032385575417	
0.0161636680331512	0.06281312691001746	0.12102392126079466	0.00977220496309508	0.06705972432703122	
0.12361288884090454	0.10687681053741396	0.10111285690055673	0.25200118432704693	0.24901212724393554	
0.5449088364456557	0.22348060660622246	0.02313729916021587	0.14765755401800423	0.14049927956035405	
0.13546767790085165	0.46365570631229935	0.26823615343353757	0.11576319274535593	0.17241807967749012	
0.23023790342239026	0.010239702179675021	0.057364592106614376	0.08537684717646182	0.0	
0.07168008330109409	0.44330703689107004	0.23851792861142398	0.30505934644401866	0.33553196476451314	
0.19358253496513148	0.2549170311626867	0.1708483922133322	0.11261425942394052	0.20030815127461618	
0.0	0.5671927207028254	0.11423990353591813	0.035071689580952414	0.0	
0.24553472464760842	0.24880838134315925	0.0	0.17358300304032181	0.16348121008598404	
0.20429038675516834	0.024601079714986842	0.11401886451363792	0.2453440590129915	0.2081476656803439	
0.30262169664714916	0.22708976570796272	0.24474417803318685	0.2502726537454717	0.09079063107481929	
0.1156052376731522	0.18436072170720774	0.09750209704525367	0.15997557512947677	0.24987496557573416	
0.24791764437475886	0.0850251960524629	0.4460205619353406	0.0	0.22757238457450515	
0.1690503774788499	0.02776454855636866	0.16292427279858349	0.14365163587395668	0.1817238419066768	
0.019557540181626226	0.23755168985086716	0.28770126145891434	0.07329577124536546	0.24931094402963835	
0.0	0.2241580203139077	0.062030594460910964	0.4336927189958332	0.0	
0.04296799731714994	6.759882495786891E-4	0.032938192149779236	0.3208588598600696	0.10986650216540271	
0.1341589071401677	0.26899638479074783	0.13739190697139453	0.09595575599111014	0.2590803036859055	
0.11486082671965678	0.013939597839566583	0.23092825954534849	0.0705244946114878	0.2612700742296286	
0.021879271559951386	0.2814192801866206	0.026740331630502497	0.10064162968853795	0.1153037131378588	
0.022597294212249153	0.25008764699775315	0.09787762849222553	0.02738394065367454	0.1008372573680592	
0.1901927345998487	0.02943570969324292	0.24546560181277507	0.11148197666375274	0.2689877994237363	
0.0	0.3141903773482178	0.1724831899995719	0.2101191359738141	0.30897231986234924	
0.14784713190648938	0.195672069083087	0.2971116974556427	0.1199876571947295	0.26805235080194423	
0.21746553316713255	0.03009925843600327	0.03851375430077415	0.3240806085086975	0.14908311215450293	
0.16590196248026104	0.08011904785208715	0.24370911092675746	0.21455696547039121	0.11632886930169957	
0.07915283460961335	0.18228311703308855	0.09011360974489115	0.20717057715393455	0.17399837099155843	
0.08527951443724568	0.17282341078484775	0.010008632150314471	0.29698504272888404	0.19762158795677054	
0.04318607365788158	0.157364825730961	0.007604924921042179	0.0	0.07455970872241678	
0.16583235604747795	0.07131198710552482	0.26094986080302374	0.19707203915962393	0.17814945844897273	
0.02193368283273814	0.10057044791290412	0.1212861737440775	0.20837987822355813	0.1175743016990437	
0.2635545235142065	0.19962569752286827	0.19599444035281346	0.13302038151826953	0.14564212841432203	
0.2902078621126609	0.03636271603971156	0.11099997505167988	0.03187912002269123	0.20265100981949752	
0.0821657373808676	0.011193446683520769	0.09291201920747483	0.035441738509194416	0.025139282107305247	
0.0	0.0	0.0	0.0	0.0	
0.1661065385198413	0.06860988794505155	0.007744561192956653	0.06554244378685319	0.16167474255143102	
0.3007584496874072	0.13820678967559982	0.1467654445139775	0.20246517940747308	0.2387066910584354	
0.07695791315768187	0.23674037640875975	0.20664424014365557	0.29634510859832813	0.21677303068667417	
0.23146111814594864	0.04256856003680111	0.27484043618326087	0.09622662427310388	0.14591011826364889	
0.27339828220515916	0.0729587223278896	0.05854089583762678	0.10344275812782022	0.2918178347147522	
0.007657012630765353	0.019148216785273783	0.14471876803375894	0.009962904363923776	0.1850866851514306	
0.0	0.04296443433419753	0.35249809493050666	0.0	0.1082036284528492	
0.08159239568772349	0.2932599077795598	0.05099031361009499	0.011374622398141262	0.26672425097240077	
0.15859524044023113	0.33186578558531177	0.17650487565971335	0.2694619791550819	0.10118235008675266	
0.22434127415013602	0.21987180086306968	0.261354365585578	0.11549294377383922	0.14513359938855447	
0.21633131534134153	0.26012792103262544	0.3846096710745904	0.3124690542894255	0.061537644069374425	
0.3586061004214241	0.3395609376418331	0.1970396417359736	0.24746999042251722	0.19165546940294106	
0.45412492548322686	0.40940071044780946	0.15828874207228738	0.7267374148661683	0.015968495065975148	
0.09743787073139491	0.08315794450866255	0.11315230932902674	0.0	0.023958021417170128	
0.053390512241782755	0.1791407010952504	0.026586918950572667	0.20364530592186397	0.05393671867436617	
0.0	0.9698438829566708	0.14889183625799932	0.1941095191124351	0.0	
0.11440297327588689	0.15148501610889645	0.21057582485318177	0.034736984035031566	0.03796477629174641	
0.1411362431732009	0.11383808894104562	0.26815195684563015	0.16962205744383063	0.11620674341286663	
0.0	0.019729281304864548	0.0	0.17148511462820898	0.039905673772028714	
0.07264333871928455	0.35188892373491637	0.17331015694706917	0.3610363143895524	0.25334417770712603	
0.20007091723267673	0.2496584489212295	0.18727980303944886	0.24269688514180804	0.1696310650499781	
0.33620389484012536	0.32294712819605614	0.23556318463842518	0.10440375915694601	0.30140287531228704	
0.025239406233769315	0.44761628321307856	0.2615810154081242	0.28485577209764856	0.32397567537305405	
0.3023691703721064	0.042346400540008364	0.13912533517173115	0.057241564309418264	0.22800540545146733	
0.17110019921686978	0.18032812616918592	0.11376711601804311	0.23313624839216784	0.008697620360369682	
0.1680224430506909	0.5313602062621712	0.2164727392388219	0.2853544211435678	0.12657934397383752	
0.11276693823472361	0.14703016445098924	0.07723603908807333	0.1655109463028462	0.2555548391633504	
0.0	0.0	0.0	0.0	0.0	
0.11356328277062455	0.07083546373767986	0.18864865516399607	0.05709253409578233	0.2557139565397366	
0.0	0.7147820122490425	0.0	0.20529121126513578	0.01897244695451717	
0.0	0.01844697185602614	0.13348646545242246	0.39586552597837643	0.22159052164587376	
0.0029894514885835497	0.28796739853431846	0.21350885103417663	0.13192435601498265	0.2564331795078209	
0.2297076780350002	0.09638752184198772	0.24936581871017754	0.2335484267669517	0.2930281727248786	
0.30171172314996003	0.05377091839008102	0.06770445336860487	0.16799383001004028	0.0840304701246171	
0.1209233018376377	0.1306683228831393	0.2313680513628007	0.1955406885298312	0.0040396050415404125	
0.2186526003092921	0.29163132280221654	0.21923850737643175	0.008355173599699003	0.181358941000581	
0.22866156240097407	0.23592796477075684	0.14421358647807914	0.02927855385421777	0.2566800305180634	
0.2611071017566112	0.18690782776790946	0.1473887402585948	0.29991820412791265	0.0669951638654381	
0.34747062978283216	0.4752040645240907	0.23675741084860782	0.5702873855597427	0.04189441129945618	
0.022980215853327043	0.10692601681049536	0.21680192519277813	0.06068243882264035	0.25172543851821544	
0.23059480989218403	0.12227055167990089	0.2587419047068162	0.17792011989801781	0.12532990744297062	
0.0	0.0	0.004908271617849559	0.0	0.0	
0.08850226041690404	0.012865912562416816	0.0	0.27180467416333487	0.5878249813324017	
0.05421197537781586	0.13588225406429785	0.20171794561328005	0.13548828613393665	0.1450766605889818	
0.027759709529797658	0.1336863297172532	0.09908304716377855	0.057655233021183125	0.18526777056280133	
0.06096645483040679	0.2670634693040822	0.03411812919904562	0.0866426968408563	0.0	
0.20475944962877796	0.23504430889126776	0.2128081894162043	0.14074938842238718	0.21593004619027964	
0.2213492332870849	0.34746711138447806	0.1280958005540894	0.12606542823161399	0.2295956360364598	
0.17614327965539406	0.17369017998948616	0.08787810030108008	0.12884785720851855	0.6182929214908492	
0.08654652411824384	0.16934614698201267	0.27135033036813777	0.03277188678920925	0.19477880082088891	
0.5702753299618489	0.07304721804978426	0.4371247106718069	0.29628741113126333	0.14411852544984896	
0.0	0.04356320549014592	0.1991413768576799	0.25763193186061667	0.15081024905567916	
0.05004573969982959	0.27673167428730555	0.1490343166892357	0.23869280064683643	0.24175294669615824	
0.3601376029710241	0.5574587570776922	0.0260667845510238	0.3534406013143685	0.0	
0.3426300067322152	0.30196053353679664	0.2892342842892613	0.2805154251768732	0.14734761533136048	
0.08666750182566936	0.12440947107207237	0.2920807861665318	0.0014199710060817956	0.06653053132221688	
0.0	0.027309787537268034	0.026804392736973263	0.01833183841409261	0.177392945809971	
0.3019108291344205	0.0	0.10243138291381018	0.15956615261919713	0.18043520033487648	
0.18742262707698318	0.06092295996796303	0.08980872108691025	0.09967775750544729	0.0674112757695466	
0.1482233175797139	0.1380759682473791	0.1375559866403295	0.16559754276199073	0.005543327274554982	
0.3207203086235993	0.0	0.0	0.44498447944460634	0.0	
0.4100114766798956	0.04540608607939333	0.12377496835685659	0.0	0.0057074025086291435	
0.0	0.0	0.0	0.0	0.0	
0.596201995325362	0.22291030674442466	0.4238180965451861	0.25968459958054463	0.02440379400928639	
0.013141800361875023	0.13247151291025144	0.18210720627515212	0.21708607926568818	0.15096633729516085	
0.16002742421454447	0.022234726608433064	0.12315837715045357	0.039290615996054726	0.036987366511310585	
0.035647100981481245	0.2747690386997435	0.18568342957954798	0.1908697173051967	0.0	
0.21547245054314593	0.04627797331651577	0.20029927396713143	0.17087794990145466	0.1238526035870131	
0.03412039284071457	0.018796889504809396	0.07886961759408787	0.2011972935129901	0.015595403240725501	
0.0	0.04169667604548577	0.4405121730322769	0.3422947599678846	0.3230915305299143	
0.16338749288584198	0.2624248111700002	0.0613193792227392	0.2609167626100543	0.07468280296720853	
0.24265080806539585	0.024034726848425517	0.2388760071221108	0.05794557017684492	0.2917142255248702	
0.12898429979019982	0.08520588213589524	0.02909266073572747	0.08940694708080615	0.15887079085309166	
0.11698926711775831	0.15425950891455073	0.29931387678323584	0.05845339164206484	0.22903403283355583	
0.22214986898655528	0.2577551190523748	0.008558559854054104	0.30174762426977486	0.00956120263240861	
0.28124874688918555	0.053051910054597626	0.2170168954182424	0.015165440100705974	0.26366243231997843	
0.1662133334368427	0.12359154474380067	0.001743817156810438	0.007589169660464066	0.06300992369846481	
0.2657388406085482	0.048844074570717176	0.04145696167935758	0.2902716248502028	0.11127614991557408	
0.2838201501042992	0.2512902096348943	0.08236324008694995	0.20176660642265176	0.22230687917740635	
0.0	0.0	0.0	0.0	0.0	
0.13552701263241204	0.2715012826219784	0.22562719356575597	0.0710593844984346	0.19192249660539515	
0.2920153518092763	0.16412889629123423	0.2796554890507494	0.2820421486035078	0.2730549731827172	
0.23861236432253488	0.22815686269585708	0.6148918840988479	0.05180991996526835	0.7472541998050769	
0.06645403051242225	0.06736641943444463	0.2500813356222069	0.1692632455577588	0.27902845538943755	
0.0	0.48113635774606284	0.09137603297432052	0.3718952181522707	0.4753193403984741	
0.26729272552035893	0.16261600437806262	0.13226699616031698	0.21792243186799679	0.1955423728178689	
0.13536992338455747	0.27146163193106465	0.2577681025190879	0.2770219802863517	0.033216212742518215	
0.0	0.0	0.0	0.0	0.0	
0.20863296260837844	0.19704117066567103	0.12274656031160333	0.24805211217638595	0.1563664903028673	
0.3723496938136145	0.5831212976291524	0.6371655004866561	0.35448495657452384	0.05714536893789946	
0.2381194475007247	0.14176163392790836	0.02024708213330629	0.24897749270118832	0.029561168593073502	
0.29521743099240016	0.2903909383238192	0.1091052956298274	0.08823770633302556	0.008880056663655853	
0.045671577537545624	0.05530853536531502	0.2703602122216787	0.05031535571007697	0.11149135197878902	
0.11580126161740036	0.11854259804313717	0.11362236029133436	0.2911986239392382	0.264848180652562	
0.28785639562875126	0.05879487166143589	0.1583869235434464	0.25381102024734037	0.09391499650893159	
0.5821125379588924	0.16129074434053398	0.39803126642501224	0.0	0.07847570436819189	
0.18970400542690685	0.11700472341078201	0.2318019453201402	0.2555121921472039	0.1472704847167673	
0.07096968287348847	0.26675278250241913	0.14562603939536897	0.03317308676129313	0.229125740021241	
0.17285389057437853	0.16850416404270496	0.25065201820408145	0.06095632865888079	0.010086951244610952	
0.004986450088183227	0.09406863517217408	0.2152620285010573	0.2505333600194462	0.2833734313143255	
0.11568364980142955	0.03414395166944857	0.020836051250786983	0.08316131239380933	0.18408885884098325	
0.2714523243617841	0.15288707938591237	0.22290039142008441	0.15670086543831874	0.25666888691792983	
0.2642827569164415	0.21543597229875086	0.11701055573781327	0.03248515023219341	0.0	
0.08081028527764371	0.11506743440125174	0.04722333781629754	0.12211048737259705	0.20543734373562555	
0.0734365418117209	0.017896834999386005	0.012485305956324438	9.448653454555349E-4	0.049435215232133775	
0.06872058953419569	0.169651080472718	0.1412155299501805	0.2437558649303909	0.25275024962015985	
0.2774780107683959	0.25562034077207446	0.08036181097719466	0.11135589951691346	0.2174425061693181	
0.061657011856017394	0.2932211625423607	0.1987069679278361	0.09208828034310469	0.1718443251642603	
0.1461146564412658	0.07237981858913248	0.13020298706690894	0.14314031629603222	0.1915672733360091	
0.2009099544922133	0.483318326273336	0.0190587070441338	0.4864292453403804	0.07235847020012111	
0.13262527051666306	0.00520668641669715	0.27043919200958616	0.17458928086390035	0.23774565172741666	
0.27400730636228676	0.293148278913957	0.24744540325212694	0.009013799070394261	0.011233352221644819	
0.12238407090685695	0.3549621958533764	0.3258117510980237	0.15056320040660365	0.38769424501994937	
0.027740830014483304	0.3230965143983623	0.38366359252258636	0.0	0.0807164220231539	
0.19822458330764817	0.11292637213525629	0.13292659211196528	0.028621401013762985	0.20627843746949592	
0.044907205106457064	0.20279597481445052	0.27144235411098633	0.09697132888778784	0.2916274309332858	
0.273514346216441	0.6467011653988621	0.1944414168789061	0.22750290233479276	0.12983315301356765	
0.0	0.0	0.0	0.0	0.0	
0.17023442423032403	0.12223953939065284	0.2410370305633541	0.24146769177335575	0.06843396653951116	
0.23757464637613093	0.18080645178786614	0.2783870865968601	0.12708096845007283	0.2927615082225224	
0.19937109751977977	0.09698739490481383	0.30642121159396624	0.3165000310968785	0.1023003650449993	
0.2832245623704683	0.08884219589814732	0.04298862559197088	0.14243310203611734	0.2310641861862687	
0.1287588387029247	0.0669100057328751	0.046362139519619594	0.09530019218915066	0.004937369180352411	
0.25847106098461037	0.0	0.019480602004076943	0.1281711034918949	0.2347207008845864	
0.23811881448857894	0.04080422336842432	0.1495323137269224	0.28154125683711684	0.20797206497748244	
0.3116220387711745	0.12753601480837395	0.23752770855753605	0.2832095783778632	0.0260443608101487	
0.033370655164554765	0.08485031064172051	0.1659549674963188	0.22811624718165488	0.07367405800798613	
0.1117134468179773	0.2231206479435988	0.2545557161483995	0.09371584179304378	0.023769426932733578	
0.06329493508922551	0.07900917411868068	0.06432519977846354	0.035478678364961616	0.06755738879917017	
0.1072305119192494	0.2974418191290019	0.057058901708482934	0.06239160652289036	0.08672530454909363	
0.13276887996318226	0.13274456664887563	0.26161631493663284	0.2939961243950679	0.1081343900591224	
0.22193559102760924	0.20065975499811145	0.056675520706192424	0.07529796608546778	0.12259593421375375	
0.11754481164220434	0.005568737478846795	0.055324509055089094	0.1561244650220963	0.011424660683799378	
0.23484359784590494	0.19116048873649857	0.05925527818671361	0.22569964479930116	0.1149622751262728	
0.21890867138378467	0.7410666420113092	0.2246150308628883	0.4471558218041236	0.5442369809787773	
0.24627301852105046	0.07117100400253185	0.07301500720406946	0.12088540501698786	0.1611191085073238	
0.2925060212450138	0.41363494623820213	0.1731762102071934	0.34058415257120056	0.12586474616516705	
0.27649049260659625	0.07814698668076404	0.257896770328419	0.06378087880709128	0.24594585754985654	
0.2172768749533582	0.061987339282508123	0.10830639092815694	0.0841615909684827	0.24856761755594825	
0.1998694183435869	0.009221221418512027	0.29208177035531385	0.023224193447744342	0.20854521250639727	
0.3049374765483404	0.06724760918338245	0.0	0.0	0.26150187293029403	
0.07017866714020896	0.10437535920349669	0.0	0.03630352990235732	0.033693206381164804	
0.27418457812464314	0.1058671002222659	0.27495998419350876	0.02668044131140575	0.2609763723731201	
0.22148726362799384	0.0	0.0	0.0	0.2820213910509019	
0.3327788259559424	0.09551416160215866	0.1598200879033971	0.20959006764289023	0.011159540825719044	
0.08842710662868492	0.2979487249784727	0.12758343934878272	0.09777596747844731	0.030955092284616754	
0.0	0.007542905207978248	0.11386813259468055	0.25018621388185835	0.0	
0.12372937011728152	0.1262549703710847	0.2973632501212373	0.07055956870142342	0.11270424600210101	
0.0	0.0	0.0	0.0	0.0	
0.25258022747869346	0.13893766933595245	0.09865606503518905	0.08887180544369962	0.1766604888129711	
0.17384298726528075	0.298211230740873	0.24406405451436328	0.056167290884549394	0.23794105150093092	
0.29271363702268616	0.27341431022063667	0.04165001429972378	0.10276813242378165	0.26722404793762755	
0.07388862055079126	0.1199878312800596	0.1395981328039164	0.19976959825581553	0.22159603551828685	
0.13617929354582858	0.24835180132817197	0.22816150506680366	0.29642729522742484	0.17799750268779707	
0.2976551682345294	0.16163258802676098	0.28819351420580597	0.0038228810766291585	0.11334732678135505	
0.25875437314655203	0.16393705835861436	0.2964462805553786	0.19394787668939162	0.2462880546500577	
0.04235845227154635	0.2648116124554279	0.2965683587945603	0.048207853955739316	0.1622358723136877	
0.2406886427395228	0.23325647247924602	0.04474173491262866	0.12675463640771967	0.09526069698441905	
0.0822044445730881	0.26561209262451707	0.1866921920344168	0.15353970737296305	0.23430980302021565	
0.27201314353194894	0.2151303682150106	0.26612175640137226	0.10764677269194989	0.022636612360276354	
0.16913281354063148	0.08622415239829904	0.14800343792403814	0.10247804905743339	0.21130868003898484	
0.04592514735414434	0.22461341353005373	0.11985146467821974	0.06280867701839896	0.060577185905416275	
0.05967985262971809	0.22956653803601978	0.27270599043834015	0.21799845818757763	0.15755825010007996	
0.06993865364379176	0.14274062213260316	0.2715634202206073	0.20153546198927216	0.05089413740926733	
0.0	0.0	0.1616965774492664	0.0	0.0	
0.024001451587904708	0.011219793758862697	0.09625098996252188	0.12848177021711	0.1346566605474846	
0.26754290364700983	0.2636428219784695	0.009998802289959112	0.06456379293820928	0.21776257678155067	
0.27737545231933247	0.22970990136470007	0.2083042957181967	0.14153690440424999	0.319601575919562	
0.2500609594470723	0.2027408837575766	0.0595707600423608	0.2908979533953675	0.23292378041339817	
0.013386943165261874	0.2490088884097263	0.24385500008552785	0.17246258067768255	0.1925746534003983	
0.07032608426023029	0.2145957043622334	0.19505508576750535	0.114320609046515	0.1726298836456307	
0.03591112073968246	0.02346404205797352	0.05245488441538838	0.20090246549742685	0.15979761890156172	
0.11735715998460898	0.24162509735446822	0.19066048361043159	0.17935333678315382	0.06718257429737753	
0.14243500942072201	0.2879880389337587	0.25724019100600526	0.055643891463529147	0.2833482362140283	
0.20677599242333475	0.17534288361498582	0.04247147390203032	0.019720367242687553	0.018742332629657098	
0.26195313288639444	0.09497672458896138	0.0864752166819364	0.2120999857524795	0.00933359182016643	
0.0	0.0	0.0	0.03377467603354845	0.0	
0.009151371202787782	0.15924122724690654	0.06808258544842181	0.22796086589234296	0.20783990948677966	
0.016048380131243645	0.23886209720382925	0.2261390796373232	0.007144710309783864	0.08098629226287593	
0.21871047293912735	0.06526275816157592	0.02799357548546171	0.25935204691773794	0.21985675615693745	
0.08542249468209111	0.020353661107081453	0.07335151210368981	0.18831978286234957	0.11087232610074116	
0.1829190484148845	0.2918990549225317	0.012627188563512325	0.17857777697118626	0.01814168275577743	
0.2160072730989819	0.1117622943201708	0.18872078006055426	0.22117140243940123	0.1063971622867478	
0.08396816297854595	0.2822845852689805	0.2819626111546498	0.29428584864844703	0.1369324709712147	
0.2456268884397798	0.25310757430046354	0.12955422064209224	0.24631719822351966	0.0034246157861488697	
0.23036113829301208	0.26915207547775427	0.2110200135800409	0.013700029290596544	0.0481459475396286	
0.3019307118998058	0.1940661952609831	0.21735022702935705	0.18141270857419878	0.262081419455261	
0.0025396791451725	0.8530218924247652	0.44882320989979774	0.09435931406222192	0.0	
0.3103091423702731	0.30633513746518887	0.18049617777335455	0.014909219226992877	0.26265633009347583	
0.017491683396007512	0.26913757607610456	0.025647143857628753	0.035505804349921594	3.967135502013051E-4	
0.0	0.0	0.4651624106700705	0.0	0.0	
0.2852529798073582	0.2449977293444291	0.056939858549824945	0.10486550336565764	0.065567023619667	
0.0	0.07163742995236919	0.051480112902563366	0.0	0.0	
0.07478185964595206	0.2763337378588554	0.13135895820169932	0.1742791539882684	0.15576297818498633	
0.12975572083709663	0.18199771577679755	0.3143118943844678	0.1521505158758984	0.10581076285160627	
0.09044449184043446	0.2945969024747085	0.14734106002558212	0.20661342866063426	0.4255262275023964	
0.12969119463939066	0.037359980264882554	0.2143334643382327	0.10001669748680446	0.2731425237818985	
0.2598695862288757	0.08087353788533502	0.16084524515753967	0.09519310698098006	0.22566256364806606	
0.12521406032428503	0.06664352042874068	0.0	0.05177681944503104	0.33628050990114694	
0.26430053641993173	0.20940434667132582	0.19524383691231934	0.14028410545843045	0.15711966259242877	
0.24761471566448806	0.06637099670290304	0.03713233855513013	0.2289159279290231	0.0	
0.13488174030767397	0.06568678959909038	0.0027925106422771588	0.0	0.1555307163534287	
0.05221226892827736	0.0	0.1285433608777362	0.0	0.0	
0.1413216053291051	0.37542141731666495	0.10675491758584246	0.2922717891573501	0.0	
0.021722873561808072	0.05389977315051342	0.10101035549899429	0.17339317299198911	0.03422581598229407	
0.03750339398723487	0.2195746018026255	0.1464747000217491	0.18349907685051967	0.10076129638137465	
0.24808649219889461	0.02611611017246552	0.0	0.21851395314702574	0.3376955058190645	
0.4986584440408926	0.3487292800924718	0.12023011716326437	0.5318758391650718	0.1974038402783192	
0.4247657895613912	0.18439019909575993	0.2966735855031224	0.23893607174346979	0.06988537681508467	
0.01529577542596577	0.28250996693348834	0.047381805048735175	0.1608691786542992	0.19124022203382665	
0.07021820740986068	0.2252474590792167	0.2053081885120319	0.21821990277168982	0.1135732102879009	
0.0	0.21514462722004832	0.4905109987913582	0.13229383743402448	0.17311137287246495	
0.08089650043031944	0.014083762726725232	0.06932255013352734	0.06258029996404314	0.14719211824981984	
0.20769423709677567	0.2237115641804341	0.23955779050972215	0.25978401243728283	0.25484316352582487	
0.6155645195516707	0.0	0.0	0.0	0.004721816853034074	
0.031086902255223318	0.2671560397985906	0.2195424066131829	0.14304408343104844	0.12916533535338806	
0.15667098086854128	0.06257673193041804	0.07980035608215742	0.014609744079224841	0.08332151592952367	
0.13779496102550914	0.25105107315299097	0.2798199000131765	0.2313609412257579	0.2590866190039857	
0.2530269132389803	0.1899361704695702	0.0	0.015579800464711411	0.22877116137219677	
0.17667845889654443	0.25754592540650356	0.10833816875265988	0.040849895304021354	0.17851471382806264	
0.1807371968342407	0.22994366186168075	0.1873961378205448	0.10814699221207423	0.04644575896631873	
0.26410690124052877	0.2166842207699725	0.2734488233711701	0.0	0.008398064927265074	
0.025830425020644497	0.027865669703320446	0.2955418580128777	0.23274245525835183	0.2698711287735452	
0.17052747564753726	0.06721444199322309	0.02661759478164124	0.22229685716314304	0.13613458440063156	
0.14199012916573256	0.005447245627147882	0.11991221836322416	0.13593198065156223	0.10914966319385201	
0.1802444330314281	0.07090448773020296	0.058550021092676915	0.16766630538523325	0.04843392614752372	
0.04995779394838099	0.05637818722315002	0.2025018614196677	0.16194100592032343	0.1746510440705642	
0.1189123240261406	0.05914361489006752	0.09121375874173529	0.23600508462347067	0.24191062299637373	
0.10743373443599427	0.20080631270987326	0.16062866141979476	0.07684986847708433	0.14016349298788133	
0.25414589243259494	0.10508203251954054	0.3624704832167923	0.18629489050900913	0.022557352127237956	
0.12621867617707105	0.2670972132907169	0.11415230059064048	0.28445725218893736	0.35259594162617997	
0.024285082809423753	0.0991554656210901	0.17337562820338606	0.06452068596902513	0.1558999586413477	
0.15139378874555104	0.24443070113683654	0.23663397517795623	0.22869686850926838	0.20297278398476098	
0.0	0.0	0.2803690485389186	0.2669213999689517	0.06429898944691813	
0.5332126277586642	0.35312941610625764	0.18661668746399207	0.5735460073296637	0.21225994387522032	
0.25227817113388196	0.16452498984216632	0.15961670337759623	0.219617310459362	0.29227973520536854	
0.2770223583396542	0.2874926049977525	0.09016403859690061	0.1136771092913274	0.19662760365563256	
0.29793101927775134	0.0708114350210126	0.2822657356742784	0.2865851989679293	0.08832896427655848	
0.05702984146029097	0.23394499583692832	0.14645948433392686	0.04433505871950045	0.29017203346787407	
0.2639990884530789	0.010593331127666077	0.16328716076368074	0.14538494963839885	0.1752783709367147	
0.29846277129692217	0.21732283102171182	0.1962231928126609	0.19170979615997583	0.06725275284699164	
0.22371252006385622	0.1660238325091967	0.2802483889023267	0.2645955759856167	0.16743913262872795	
0.21399485571214855	0.21052852483110726	0.11019356696813519	0.11464734522629097	0.2597946188195559	
0.24852877290031514	0.30283807986653805	0.25609829493953185	0.1014736593239348	0.2791749784434057	
0.1792857774407589	0.14330287987655174	0.19624172720189567	0.08153949354628749	0.06677857050528037	
0.16779829001266952	0.19309953647919845	0.16627577510107314	0.009130093731771477	0.11886654128818945	
0.22295268595913814	0.0	0.08573453007621801	0.0	0.0	
0.2519346947126172	0.130531827164037	0.02352291680325857	0.28203933846568363	0.09658220423701208	
0.2649109362433002	0.5281164815898942	0.334330332870337	0.3468637440171132	0.1656881782544403	
0.08274435653758025	0.19632236340326475	0.27443061209319575	0.06455216608152084	0.009249467605056098	
0.28322883147268846	0.03347835742174424	0.1893375317804347	0.2575965933436481	0.06923540609155826	
0.15977432950275705	0.10895679043960567	0.2042083076440934	0.03249140776871319	0.10320373769770744	
0.1705473973414488	0.06296675172948897	0.22952708374172562	0.1214756406897152	0.0	
0.1601161164476988	0.17574920305574224	0.28245945829598307	0.30222932949667547	0.005723583052404047	
0.016402138229255785	0.08883131683429699	0.027668305704323812	0.18372902627603602	0.2602357392164054	
0.30199201741382636	0.030416882393703413	0.1820580294273874	0.10292006376649131	0.05248483182401587	
0.011977578456314851	0.7233245677246642	0.40211461859623726	0.23880190386467756	0.14241374239516583	
0.20071813274503691	0.14858694234774905	0.08651414617275247	0.09485640754537217	0.0883242458085956	
0.027518769061592164	0.6031789039230708	0.581540713996295	0.22982332447106346	0.24888773303499606	
0.29946103741851104	0.29599010422716154	0.04643090427515677	0.13725850229770434	0.14843901088046094	
0.04309841686625613	0.10989363848604873	0.3130791115908014	0.19080553750598392	0.08589635080966186	
0.0	0.10386129934311028	0.13906367406736084	0.09545859543920966	0.09001056005122733	
0.30226094694735445	0.2582624354488351	0.1953371926285279	0.012550854911278497	0.07910141144499061	
0.0	0.6977125640442831	0.2575448232616055	0.0	0.5040071966643086	
0.04145607931419183	0.11088924571679482	0.3006042558375397	0.15892642683511318	0.03362533574517219	
0.5037267197791312	0.11730921958034406	0.026175056929610023	0.26388857042577823	0.21696247923823297	
0.03592004511777499	0.20312593403480717	0.2074822050198146	0.26550756549212967	0.07134371427616445	
0.23690223610150718	0.2071014954882935	0.27887885018377756	0.23439354196981824	0.2219939483166093	
0.271199890708892	0.244184599727156	0.06898509050899804	0.2680285099687682	0.22350492940183764	
0.294410718870145	0.33461507762690124	0.5022052610674885	0.2973901478664062	0.1672791959744475	
0.2593408491226254	0.05548564631819373	0.251914362980008	0.09788091974382386	0.2775100486692327	
0.03526676997907869	0.1966917188809521	0.0	0.2775493940999685	0.08490265644304075	
0.2059431603950078	0.041899330858080834	0.18962610017575598	0.11516091339504973	0.16587159109901156	
0.0	0.0	0.21067853596432037	0.0	0.0	
0.2787591310792159	0.22280237045370554	0.0	0.2258373372503927	0.2784222151216208	
0.23214951759045302	0.1606570662707686	0.12912161730170157	0.0014056665776781636	0.036651974951869115	
0.3691466485372875	0.23589943896426321	0.11916854972393418	0.5335884803858184	0.12694484472598816	
0.32260082345058877	0.2063903511242211	0.1268764662435662	0.15404345103298453	0.17199147457221292	
0.06024285455152969	0.025409168779438985	0.10411876233585378	0.16424407864459548	0.007752420375132509	
0.10720587691784714	0.0	0.0015585071761672214	0.1596984606531775	0.0	
0.11058920698408585	0.21089648892733245	0.10868300775614462	0.2676374532703367	0.20454084249283297	
0.2595318275108974	0.01155489736403152	0.06074535186173712	0.0210436479481011	0.14528738426092985	
0.2227398676564148	0.07106640620172743	0.03149333415050839	0.1322338681282308	0.144592419550024	
0.02378766595812069	0.19961539958505464	0.020087654816343527	0.006184278987281137	0.15053682755003595	
0.0760690053686012	0.012802341326962018	0.214778075948998	0.1260854482888078	0.08002309297447228	
0.1288746918069739	0.17394677128257346	0.1985676809090829	0.2994335043537798	0.2926961508234592	
0.13414487262971062	0.28999056180683946	0.02351939111410784	0.09831114007208452	0.13322002843725292	
0.19896544206204156	0.2379199483450307	0.046244682742746915	0.2314843596725123	0.12424646315341248	
0.0	0.1434102135295141	0.0	0.1943562152698995	0.0	
0.137736455922496	0.20719918319979783	0.27526389392914286	0.18822718248410727	0.22336841648973157	
0.0	0.01403108885144422	0.1541998658555936	0.20907027940187822	0.0	
0.39448636564783124	0.18100870871531932	0.3125243862709947	0.529769236298239	0.3082586465224493	
0.08888381739343826	0.002532741059272037	0.001200241660729923	0.21085250412490045	0.051583324890675075	
0.15190716037772625	0.006373129058023482	0.09673965836300784	0.2754265485401383	0.1538278136187439	
0.28737994578838744	0.049279413814452624	0.20048598285342217	0.006489101037779403	0.024260544090138246	
0.28692951554846735	0.08222057403554765	0.1529459810230447	0.2099089192163844	0.22018252819697468	
0.19055590748122733	0.0739529239309895	0.21828416228235195	0.01896800667201224	0.03388793839972883	
0.06968912453571809	0.12738448863512342	0.13758618321655475	0.2938165929076795	0.15956152681211247	
0.01477091838907023	0.21017777726925563	0.2855356358504647	0.09160553511359494	0.19104778116271268	
0.14740660733884642	0.25893473655625815	0.2856139944653993	0.09887209915385989	0.03913064245886945	
0.37449062528725835	0.07744330830403824	0.20522920055505467	0.6480894818370676	0.28232071041070017	
0.08322697297255333	0.07140414277805572	0.10138389635797677	0.2332830165777379	0.2847433572663926	
0.17493063556772923	0.21751018370920103	0.1261690914508275	0.12995714735154176	0.08695762997965784	
0.005215906731584631	0.11435725903389181	0.06350897690615366	0.009557968774917233	0.10627572649927639	
0.2278268093699872	0.08203095261699468	0.0032522031230613063	0.14344267936033048	0.1739277689456092	
0.13166855698740698	0.0827361962521003	0.08120713496621673	0.09629280611283833	0.1471984682245742	
0.0023756033075118047	0.155857862930184	0.09143278062318008	0.21787253777511087	0.2605977588144778	
0.16809283260294633	0.2617453379467789	0.0940176600430125	0.22129434422347707	0.22966496335950506	
0.15332119364010915	0.0338743297414236	0.08468674584401668	0.0672192912803664	0.24966038321433948	
0.3083397714482294	0.027691106150995706	0.2810580998915877	0.2537577708590851	0.041316310176973535	
0.023929086957168635	0.11484747195987384	0.16239589638989022	0.2969548502792204	0.26783819941841414	
0.1955705270260948	0.06282653122542606	0.1982893769886248	0.2950856727480255	0.16042444196263345	
0.28826707587274036	0.18170792194987914	0.09007261610908412	0.20122674680562938	0.13415286195733547	
0.17033039310856946	0.2695967502439266	0.2789318010089994	0.05117856212804483	0.19547249139961767	
0.0	0.29364538073733937	0.19110236874111447	0.23715927186861877	0.023533086692554134	
0.19189145852402517	0.003273479652058737	0.17765987434110364	0.06420329817897058	0.20454991990365354	
0.27254206461417163	0.20515934287925974	0.20659747899143568	0.12009518148752787	0.021887097294483505	
0.03858464808063915	0.0480163726583993	0.11282740879128406	0.18507286819727825	0.06987609372981246	
0.1609653434810164	0.25799687956041367	0.12342596536664276	0.18172064637581156	0.29529638973332745	
0.005927125537365928	0.026854381116934382	0.2435247659195405	0.20683273584998224	0.010905742467607267	
0.09414752438744549	0.08886428890542174	0.10408467693965492	0.24256421627295613	0.038639082152225925	
0.02874582891932467	0.04186275152047775	0.029551449724877756	0.01345138680171007	0.0	
0.26069208739613414	0.29300328320087154	0.046612173738709704	0.1917642505843911	0.2190465812771452	
0.3994735959022386	0.5510098277504408	0.41888785121209227	0.3893528769306075	0.27327613704757253	
0.179280289648018	0.0025175146744819093	0.03734233438783278	0.00946250487280397	0.009375264041510581	
0.42590264813292766	0.5865700414630507	0.24258016605810648	0.5233643707200539	0.37268736842665334	
0.2091540894433313	0.08467140814824861	0.03941578966614691	0.21488008074692025	0.22250214163724663	
0.08546272734681389	0.22174259193916354	0.05425474788904851	0.1413890445419723	0.29988903755898766	
0.06173738184398713	0.0023135251571604343	0.1896883096810711	0.011954515342368447	0.010600050876465199	
0.20776048925049223	0.182607588868607	0.21289001454383039	0.06856088495073329	0.14426055438225444	
0.2940643712838638	0.1674178319704908	0.2610214028242433	0.2939659602774051	0.13157805747013637	
0.2685206360454521	0.12409714005274317	0.012840380153054472	0.18198315760431777	0.29867315879634027	
0.15698876510240983	0.16414449717507124	0.2881017740705321	0.2569436855826951	0.260750001751917	
0.2056290616373697	0.2851124458289766	0.01733457405526407	0.0027434891968691265	0.2383653792050371	
0.23266395503828513	0.08401289327497113	0.10698848881304607	0.20426365459524046	0.11184864030159741	
0.15804203359686006	0.09689654719910447	0.250817262433256	0.2864205623837879	0.2750639150357775	
0.07304509676962731	0.2349282351618145	0.19678849129706222	0.1891988074003686	0.03348082683599665	
0.25641892483112744	0.09133049796401888	0.1286883991568216	0.1932160521762153	0.2356541517665681	
0.0436919022091985	0.028456804936977362	0.26069576687185314	0.030419675613103943	0.16203447835996349	
0.030320621009430924	0.2942730525736338	0.13584166494277497	0.4443442966917061	0.2328938868834792	
0.30781997933626404	0.23785465068051342	0.2594847887100144	0.061240561739200526	0.07869937086694251	
0.059293183786125296	0.2631345612960107	0.2803068033253206	0.18279472537444463	0.14625274829208745	
0.0	0.2831046304643632	0.0	0.0	0.12275219479506087	
0.21999807051593062	0.19018240987062207	0.31374353846453656	0.17726429338145816	0.0	
0.18998076368277383	0.12375796891956303	0.029485646972953954	0.1441575832377527	0.1467402972735855	
0.21225315747689968	0.2120450222446364	0.21879623239982604	0.16710589541371443	0.2442378298067769	
0.23881693191580936	0.17664637276098422	0.16366885527976904	0.012550260618101472	0.24961338418760606	
0.1560843750625548	0.22079746114207577	0.1625943920244307	0.17280276270582687	0.10686269024395832	
0.2776901497975152	0.21366024856579602	0.12922201343815884	0.005674539563552717	0.1962593417214797	
0.2829318150037243	0.25340382334726697	0.26658880792977213	0.14548170305383276	0.15646061248190893	
0.25849044384096015	0.23466392348541482	0.11521480822620224	0.22498535289738517	0.0076373874094849544	
0.20589973989235227	0.0314517151842241	0.11100901412796477	0.24319341860294247	0.18668245461072938	
0.12641785727377888	0.16789779050330988	0.2946243659735461	0.0	0.12343845100450601	
0.2016649262282782	0.2038818621859748	0.24881803109757	0.022841847424300607	0.21496233597275957	
0.2550386610826341	0.1134380891164647	0.014137163168917602	0.1577318322674904	0.17525908286696	
0.3008740259473134	0.2125708942112804	0.22876430303588446	0.2824852050673674	0.17254838193183278	
0.30058736962183225	0.29903053662195594	0.23876351557021794	0.24241261636301073	0.2072956985933733	
0.014985194526985534	0.2205298787885929	0.23918595973801154	0.30499188359470325	0.022973333920819978	
0.027763840465526254	0.09775495803157418	0.23612948456785243	0.01928002622936392	0.05568533814489909	
0.25709675314383174	0.19411141053875094	0.2345217008670947	0.22924650606747735	0.17885279392628073	
0.0	0.04479141054700365	0.010773380258334022	0.04780529912631649	0.0	
0.04843606103742942	0.0	0.06827687017568605	0.06293421847643096	0.12892334719439275	
0.2033030470850812	4.133662778067645E-4	0.2680428563887403	0.19849158561816305	0.13070433447701765	
0.18133381586576855	0.6785442093514638	0.3499856462386207	0.16384559338132662	0.1368192208034544	
0.24414137857527823	0.0	0.26534602869180435	0.11280956290920743	0.1938571800224116	
0.01762392603535073	0.07891445796873763	0.17504294788889777	0.09120020138700959	0.28458551567772133	
0.1400879528632505	0.09260607811820859	0.09624681023013397	0.23542211347082098	0.07958082890880176	
0.0836249478114158	0.07382997135620722	0.058442471832793275	0.07662906952897744	0.27945148204239023	
0.2665732915049996	0.17981182283316452	0.2369300363364078	0.28041583673459425	0.20479438595808147	
0.4082978115519265	0.046933812304297835	0.1988672116913172	0.39233812606957974	0.09879560632337145	
0.07179210773430028	0.09133981687258763	0.17187411073219216	0.2726620574452343	0.2585442604147639	
0.18505387974263912	0.054681754117241035	0.04323235681631652	5.0962622269663875E-5	0.2623574064334817	
0.26797719390377467	0.1658632862937055	0.027721593231981534	0.2617550820522715	0.28450172676623214	
0.28018872304046416	0.06617326390095812	0.2564663885741098	0.08351164624791169	0.3203197788749813	
0.105788096577965	0.027684985655181446	0.21651930473605854	0.27624063461539183	0.0238597794616254	
1.0605741343466861	0.8540978040556482	0.4026661911858409	0.5430710317983937	0.34299129392105027	
0.17440624524172324	0.21688468256501003	0.24417560582836967	0.16841927959936825	0.09812641493417422	
0.27587773367354784	0.18127061640849593	0.19653902692718853	0.13486526387770242	0.28104204721439935	
0.013317348743442392	0.15155425249209398	0.21957325627329993	0.2292038995345185	0.07706041738565943	
0.02078873936528265	0.02352898641857275	0.2691464340733775	0.03740409163594164	0.0	
0.13965297052720074	0.395423101140876	0.34063107110599966	1.2413364819924608	0.35484635257038033	
0.10096505033352371	0.18948265545368898	0.08260551892338681	0.04488593100338901	0.21987533855994024	
0.18602004897124563	0.2911355164212925	0.23709284858487234	0.22324290261526772	0.1598237970859376	
0.23978415416307808	0.1157337325664271	0.10437757644824196	0.24981715552152223	0.25069206627528035	
0.2566996001950333	0.07531950956511563	0.020921695508778437	0.2274941643478918	0.1273855205215971	
0.004677624273283574	0.09952516755395766	0.18728885979331647	0.06165301374073448	0.025338577855601983	
0.06513321200640604	0.09976806664354418	0.24414143320209056	0.17041819873158248	0.11428360758427414	
0.025568329330845668	0.1397359572001057	0.10347963616392561	0.20978369604353928	0.035089735481424834	
0.0	0.06373517331022932	0.05612160627057576	0.1470516737179186	0.0	
0.007702699963979988	0.008834430465619382	0.14455230159883467	0.034998256301173536	0.008943292583960866	
0.30356057869670894	0.08466876914893721	0.20512178513618867	0.11662502905544964	0.0	
0.296562255296549	0.036703452962395404	0.22966365345541379	0.09615734767514006	0.3029322991458506	
0.27035466609551095	0.1202433274624157	0.2341520509709233	0.27518279675082913	0.2748164695430603	
0.19138167916751964	0.054529947560635825	0.28498975438347596	0.09538712546784252	0.16270037093786968	
0.1811394861295496	0.1768268585494297	0.14038141189967696	0.022465162616348996	0.28083320135786116	
0.0608685408409276	0.1535772273672805	0.1888982110326529	0.06009853212738088	0.04200187557568513	
0.04794932949249898	0.21778703683318223	0.2914191286930664	0.07515618434619448	0.03223858544707496	
0.145430457810475	0.25870147697505463	0.17711453663261983	0.049045883040284136	0.11340518572010769	
0.29308364576771584	0.0	0.0243178506110846	0.14294263728801537	0.23107261987824698	
0.2006519561527135	0.004444737934350892	0.26901470807895966	0.22740663890458387	0.16369966968447924	
0.08779909257922185	0.08282403705360614	0.06692041180274619	0.016804915991331073	0.19121743998156368	
0.2934387140842035	0.25513140061676837	0.2412924332163055	0.018918847387250012	0.01909537907783336	
0.3217351211989942	0.0623528936709773	0.08435688085424675	0.2544760594367351	0.04321368707501861	
0.18602879838818856	0.11646285495050984	0.07311532954078978	0.14539700087883267	7.935272295177824E-4	
0.07350645275620024	0.12394791075988477	0.1132075306558828	0.08802520893873589	0.2573431659936645	
0.19529127952314768	0.19604432485354498	0.11963255590977362	0.1515458847871793	0.21897574550395812	
0.28536910860271675	0.17782227995474173	0.1211605464451852	0.12031723989409289	0.07781781156653213	
0.054937501787453234	0.1452311208800997	0.056595632545078677	0.2660569647106969	0.11883035621165167	
0.2253005694988028	0.2774727820483028	0.284102295110598	0.02918917818729198	0.1276974604606775	
0.02006371464661307	0.0025506982403629363	0.198558182768048	0.13874731272259125	0.03331384778060551	
0.6685665935315072	0.10575681013629451	0.08129037194263007	0.0	0.0	
0.2590068282277866	0.06513961175100186	0.3221428691246109	0.24067770241819902	0.08085152306685432	
0.03694230653928595	0.06556358857473428	0.17999893200644357	0.10687734166572987	0.15657031211802339	
0.17378942588524143	0.07468670118911884	0.10101114292808376	0.18163171018914037	0.2199608028728118	
0.05826321392981008	0.26769772701291233	0.21161405967475683	0.16596914832134713	0.05708042482396303	
0.060927505889156616	0.2909530238905175	0.19533484096315798	0.2858965772128489	0.0	
0.05328932950392689	0.3062985151283755	0.08741053558584404	0.07184721409981225	0.10001802219206957	
0.0	0.0	0.0	0.0	0.0	
0.1694670635578035	1.713028218123191E-4	0.04637508524393266	3.688760025415097E-4	0.15029058550931795	
0.25711316658695627	0.028158128914631434	0.08869322503443489	0.07989082202115348	0.12714990511992255	
0.24730570015278683	0.2079671427483038	0.1354248690478736	0.15458631769707273	0.20623599279415297	
0.2622687622626818	0.03713831812617696	0.04389557980799891	0.11052936549162613	0.0033190294057442254	
0.02136888242985521	0.09139753344748151	0.13194648550113605	0.15983251250058342	0.09133323892608343	
0.004872469597093679	0.027010289435594786	0.15338690889659123	0.0	0.22277098045861254	
0.30246609508872735	0.19022879894059513	0.01307363746844648	0.1426888031381741	0.07272878433820526	
0.26152653367785345	0.0371679343958475	0.07437626977236689	0.0972011204453124	0.2620653531327333	
0.17503115675111702	0.24238282286490476	0.0015850074355426276	0.2836176182346075	0.013441113158119355	
0.10019106685526183	0.10803824286838538	0.283402549580368	0.11903567795778627	0.2523889639132403	
0.20002129140591748	0.20488357218934083	0.1428026129981349	0.030198204247497803	0.3017535922203336	
0.04150987882369748	0.06180244171681673	0.2009704397114716	0.2988740607010359	0.10897712297538105	
0.12730901751075607	0.09780714422603105	0.17123818229426	0.11999007990219915	0.02744342431457279	
0.05363792074938276	0.14423860992065488	0.08649575963699556	0.1974097718040521	0.23325648894138268	
0.04352221016582664	0.27785658469181923	0.22547799334373936	0.17567237789601275	0.02315321089892843	
0.03893002092609699	0.07259633633321506	0.03952320969120253	0.048623853346177	0.2984349921516595	
0.128816068318155	0.05353179865138304	0.2871064327250165	0.00969237988667918	0.18081116901108446	
0.1440432357852363	0.12753101711931375	0.0896900596370167	0.163055067079999	0.21858025697004738	
0.16960649390590976	0.2882860492263359	0.2880835415683735	0.05820633568227896	0.04437565419175397	
0.2963882026562732	0.18205717405371338	0.19359123526951588	0.14987472793865406	0.3023420943524681	
0.39151074648127393	0.07981258932316562	0.0	0.1989933967843141	0.30734750009378414	
0.012580041545698653	0.10538455314991056	0.20800087889535562	0.2562687589140959	0.10256579397234507	
0.14164731469140476	0.13474849489398127	0.051982522415949695	0.17483344468996978	0.0732181043179039	
0.21354533694090921	0.20154927374932216	0.27288382631218827	0.10938320835407123	0.214515486975101	
0.0867752532571241	0.1818233519363422	0.07627365446691588	0.1842266660780813	0.27606980428940253	
0.11321282065654947	0.07383075588927733	0.07932338743839414	0.17156667737945788	0.0	
0.25616493297513215	0.29104151917591486	0.2390766287297217	0.10546488221666131	0.10212191622184773	
0.19020187912622297	0.27127723284677213	0.1473547428067023	0.2911648891969261	0.07103172036192788	
0.2831849580799669	0.10425322562276589	0.20964886029837312	0.1555843098852669	0.06927571877640448	
0.11980430933345847	0.2592553104942571	0.20849385485545477	0.0894093878423365	0.15813115610396397	
0.029094313269378672	0.16154606970951338	0.03926753055650894	0.2599492513362646	0.09602377114166509	
0.07046519317858924	0.035466392415554174	0.12830383674876644	0.16795286035064552	0.0076101679220611325	
0.13756721273842945	0.17335080734009184	0.0019095774196952635	0.09506419777430125	0.11906190633214948	
0.11738713325750155	0.2503657346905667	0.07628220390342473	0.26667872201172393	0.04773081484742728	
0.21894701474776515	0.08650315236494707	0.287179585693269	0.29255606834948017	0.006389033252539684	
0.21977977674496213	0.06604443769917379	0.1286694161880492	0.13718832050019733	0.02771913667286134	
0.23885915107949168	0.004583020030287465	0.09560058330009859	0.028042900296868786	0.23335494537457038	
0.05067478998656382	0.24497079387445184	0.29228515336095046	0.038100869073985924	0.1100807379275533	
0.12705578621858302	0.0014827078610213159	0.2716403292850204	0.020470249291999854	0.0	
0.16521271228828852	0.11074176400343827	0.14201593197963644	0.12972832294392164	0.23632496494969124	
0.15808549103415936	0.1539911083107365	0.036985539867056494	0.034530016338992726	0.27932991666792845	
0.09702874184482932	0.08504284654186185	0.23252747999990556	0.07226427560383093	0.27872852921110003	
0.2241481329233543	0.0989258562132057	0.02677668334899563	0.1163048010672009	0.14200653998618612	
0.06213452084057708	0.2815638359226862	0.11067857240141728	0.21363274373371566	0.008432960411522378	
0.2595634318617295	0.1376873728217904	0.05249753634638956	0.1950258428104238	0.0	
0.29621417762079905	0.002031772717250664	0.03769668222300112	0.24192007601697446	0.2669975309492553	
0.014129239759060792	0.25424746660361297	0.18303166753562672	0.19191649282168655	0.21181391678049832	
0.22909350419028748	0.037358091210525954	0.23172085979590773	0.23508176833597927	0.2781512775275443	
0.25575388254816506	0.05463147991123658	0.11272845587798867	0.2893102477624704	0.050936263325477335	
0.2083720909483683	0.11421074945677177	0.2545908150296115	0.016892669527139494	0.1406694073338004	
0.14075934132921258	0.10007385600471773	0.07312863813013663	0.006060908570125165	0.0	
0.13366851792716852	0.2139593883764963	0.07621887894646241	0.12577751510646676	0.03255707246547421	
0.2780234889779108	0.08497963510610096	0.062257492094690725	0.2705025975333015	0.17477276857392113	
0.0333300366400167	0.12412126012428565	0.1783770740238969	0.24121863720685832	0.06937551490467625	
0.24161438851901512	0.059625410751419146	0.2864810826771135	0.21531725952430553	0.277976795474415	
0.08839067754946842	0.2835214277075097	0.23644152551875985	0.18048829623181398	0.2942015498065639	
0.10695972596678276	0.11209909887731276	0.13598720466472847	0.1016796769153166	0.1481024359197576	
0.0368058558948375	0.2723107068426743	0.18497753274720635	0.19109889405265987	0.08686210647608884	
0.27505780212847347	0.1983336704715378	0.1845853709991765	0.10821438360378577	0.020752162857437126	
0.22156062492768697	0.04965842985109091	0.32225065593650126	0.07790419729410805	0.15068164963824537	
0.045591523663388464	0.2222315611966075	0.020060315298452615	0.057468176324590475	0.11219371262998618	
0.17119739419163252	0.12752747331106085	0.07602777195820466	0.04900050816525221	0.23767044021047806	
0.20580845725186842	0.13974640777776456	0.2990789003541874	0.28849549485754694	0.17993773345608272	
0.03907166685386569	0.25321932624775595	0.275400653577309	0.08825564505359385	0.2557900856904095	
0.24171429176577694	0.015348589033787132	0.014233006678910622	0.22443710843140133	0.060002203523043626	
0.10458196076138733	0.19908574624844436	0.29555541778428823	0.20537410265753053	0.24155458841749933	
0.22100825439191962	0.14280187454203774	0.2435274344483921	0.01984755709979292	0.21217644744214995	
0.26135024738826285	0.06815771834378376	0.10724020134465376	0.22121093218160223	0.0033511401079603905	
0.06886596225146581	0.2617702372379958	0.1674530393123143	0.27582228299001343	0.11473182143284953	
0.1644473665737044	0.15842711345872892	0.15985721954371263	0.0	0.2207883465815977	
0.04766421538885847	0.054472643836980306	0.052053594158813166	0.1811284301773503	0.014632235454127857	
0.11073011280985214	0.12644548484142445	0.030170472648895878	0.11540837700961334	0.25612980346737296	
0.24704126111354935	0.15947856551767212	0.04551234014265479	0.12794356339652652	0.06649135766942374	
0.2958068198119334	0.02436781983981695	0.2341817640712002	0.25386510003302354	0.12155424328171095	
0.16730912484957777	0.13443604819419175	0.08697553201380856	0.10719633549073519	0.005583853964824589	
0.006069217808427889	0.19596177848879565	0.1351339418810339	0.2895561112471874	0.009410889403933852	
0.13725495227455545	0.038728534619645594	0.1821336636192974	0.197036819242853	0.202433169248267	
0.10997212591426418	0.2074410043628759	0.2447704945253651	0.1916173417504815	0.0830821941791257	
0.24217227728408855	0.2533686911061085	0.18100098009097548	0.25794321781339363	0.04475703345000988	
0.2623780771520311	0.1751034051494593	0.07221421131077532	0.09029351056405498	0.1650200740208531	
0.25135932345814593	0.2256102593033224	0.10672320720575494	0.11153826975968163	0.15876162175770864	
0.016419328418887134	0.2793100747731961	0.005100286182914763	0.04221097215656645	0.25765237143220737	
0.0773959088193337	0.28220671638135386	0.15610934662743378	0.19604382516643323	0.09210271774318829	
0.10178110112163684	0.1336503768670959	0.2800608112331394	0.08248530523913847	0.060632455146305914	
0.10159912262171494	0.23574368236841461	0.17320029392223796	0.21188791638760324	0.3086469171581357	
0.007630701241286262	0.0014332537288116376	0.11580884412170851	0.1052499918513126	0.05336581513109301	
0.2083644520635964	0.1340317173591429	0.11102454932147934	0.008945454517817525	0.2950740721731813	
0.12451405550775174	0.2768285900909482	0.28302333911632466	0.25916915950094593	0.11196177201444335	
0.11106130737562239	0.2745555502640309	0.1830961563106514	0.18772849171149164	0.1987715281155594	
0.08563306661075747	0.12884062330632967	0.17329453743203427	0.05674138297571164	0.09646788410144004	
0.17503468670493574	0.11287543781338107	0.2689910582971998	0.1464188684800564	0.24660212445545207	
0.11320470199929979	0.26891418220452845	0.00802796893262134	0.30540096039642456	0.09984980782871888	
0.12312161896660846	0.18571596774854782	0.19485120079917873	0.06788307626040829	0.2807865502412446	
0.306085141292874	0.27486593321112174	0.27616178403064146	0.29474426209213683	0.24122606843877376	
0.2827933376559982	0.2316460309410443	0.04997937378529396	0.052471866138320084	0.25351245925727534	
0.30188075279364013	0.24453374787704552	0.13707739281434209	0.10222189116170409	0.22674058551229515	
0.2907985165400488	0.2676556267740832	0.06885434380154222	0.27792163993145075	0.1400807898686611	
0.08237327956102172	0.14387542804583345	0.036983656448679895	0.11443847051242537	0.04238461184559598	
0.1420559175375702	0.03746798474375116	0.08095489689580315	0.009512228311467568	0.1820489500556543	
0.18982187196097813	0.24453424106088342	0.2418497995190453	0.1273899447849927	0.30077840552365204	
0.2543720762450229	0.1779772758225295	0.05423043974802575	0.09049265936076249	0.024378475568314628	
0.06035198898434413	0.035305790484780074	0.141997208177373	0.03265842801817041	0.048693757378051025	
0.2975541850522875	0.23590476338102903	0.0	0.29627547698866036	0.26123578891512594	
0.13013315178236226	0.10753226646758546	0.020505758432439986	0.027873267886875813	0.256608435558826	
0.08484205768897933	0.17735029623159687	0.21899137307271035	0.10827944177918837	0.004369934362187664	
0.30178858904649714	0.16556596694815434	0.07861091738442758	0.1803642530280614	0.008663312761638465	
0.15694910634887851	0.057570604717901715	0.24003189933971547	0.13515999513382662	0.15894393261003373	
0.026446483959883808	0.29230485796672423	0.07362121112621357	0.14059415449410012	0.170994914618869	
0.25692367409515854	0.1217090118680052	0.051018004644071926	0.14053392555929858	0.04586983271914741	
0.21316265074115728	0.03257432917448989	0.07799589985507005	0.11777445462453924	0.15217567928064898	
0.003288465259554631	0.21332217730718464	0.008445498182532705	0.1303597323285218	0.13251780694467533	
0.06600565194400852	0.2808083169460297	0.2546236412325844	0.10757712125353783	0.2501853104044046	
0.05124965809525766	0.23103867759390948	0.05971190223817231	0.015681233689939362	0.21351062736787674	
0.1623545826399271	0.25432551212413057	0.2835650721617033	0.25150678751683775	0.2270593434577164	
0.19197616752793453	0.2075092451061685	0.16384123618718865	0.22718369553543677	0.10715622734342942	
0.1168612242138543	0.024486241172600415	0.06852715509274412	0.10482075365289098	0.04751285057986109	
0.2187051045847121	0.14078568238823924	0.09017189921575407	0.004316963271902757	0.12969047342049828	
0.18434590152358238	0.0	0.1766940641539669	0.28104771645365556	0.04040643029666863	
0.23630454303923942	0.18140346674809832	0.14717586744569813	0.1855302272648319	0.0837418968330988	
0.020613545969204568	0.29383241741137905	0.24324235399315283	0.11035213210177416	0.04721296509153151	
0.0777462139762602	0.092533726631108	0.10627638797934845	0.04086850991515903	0.12078308488655572	
0.10420455859814154	0.16454295275725014	0.2829433589277436	0.04414159465651988	0.06300783867293072	
0.054756382076821104	0.13170389376406563	0.2432301414265635	0.04970370049519876	0.1434534412091393	
0.09825322923808939	0.03858518130696268	0.30147581449608196	0.20292648960709017	0.11028350870127163	
0.048467206428023525	0.12390354322973049	0.1081274328083225	0.262072198044274	0.0781498619579549	
0.1943852064619437	0.002814156454738864	0.29031244273016027	0.18384529691940044	3.375984774399949E-4	
0.10075245912814106	0.003959207660809435	0.11669393447634017	0.1711362573949699	0.21929106741042362	
0.08701738868286589	0.018295811123283035	0.2930881572608079	0.1383334207815051	0.1701151707762905	
0.07719950118622741	0.13641312853531343	0.20039542444427544	0.059737623777405637	0.167678343606672	
0.10606955501582144	0.057264829697169624	0.21510683404490208	0.038013162035536494	0.10071374171598294	
0.3000171236867653	0.2622481833870977	0.2947301069641037	0.16331025141921532	0.2667657899950698	
0.04344826937610136	0.05301821205151208	0.27396589898902135	0.09948930861822908	0.29415567043429963	
0.18820559607903445	0.03429473622059441	0.2742294514519907	0.03575447237393827	0.27315976839248923	
0.2791619658771718	0.23616959114304478	0.05142261196316424	0.13995394943029074	0.13348086561851247	
