0.10007819642396128	0.04504210778896208	0.17916761779633425	0.14377726769260424	0.03835506855947414	
0.18678113692918136	0.17159222432642968	0.3575616125629898	0.07003194736676864	0.35312179332544275	
0.0	0.0	0.0	0.0	0.0	
0.3593051574068882	0.029309607700264407	0.09926889497890606	0.4839546259146354	0.13749731864364445	
0.0	0.0	0.0	0.0	0.0	
0.0	0.0	0.0	0.0	0.0	
1.4427764140407253	1.4085245421752972	0.5928984414558728	1.3302003052320297	0.02725055846810615	
0.8803951787383315	0.5931193759584438	0.0	0.9669790907062848	0.014654893545097915	
0.19405318038008798	0.2902305707139186	0.3354419627719512	0.6659744928818808	0.625400139808437	
0.3491843058919117	0.3236003591610636	0.0	0.3250321778866576	0.42136831710969674	
1.128646971379953	0.10949273400069891	0.899603612276058	0.5791762028848463	1.0641323288385265	
0.19301880449294395	0.9092214937258621	0.5615803678916793	0.08837823284167079	1.2409204761608958	
0.5982639671297549	0.1730478313861169	0.08057815514032754	0.1624943239312755	0.44457182901118997	
0.0	0.0	0.0	0.0	0.0	
0.0	0.0	0.0	0.0	0.0	
0.684138165158949	0.3573666727932225	0.43882539576192175	0.5511869736845765	0.3388181537709131	
2.4326766638333486	1.2448911805089122	0.7935773318054253	0.4521642952825836	0.6242811920912713	
0.0	0.007768778988237166	0.1573508740859938	0.5388312696166881	0.5442511152315355	
0.0	0.48316923513538884	0.6566836876111872	0.0	1.011447216166671	
0.0	0.0	0.0	0.0	0.0	
0.0	0.0	0.0	0.0	0.0	
0.722652931425611	1.2719903555316179	1.416650074610286	0.35412495149243706	1.1258508842583987	
0.19562516650075598	0.5818329894231322	0.0	0.12475735234658074	0.4026185154152969	
0.32700576600555714	0.39728383729011957	0.9755145194398741	0.15422706695880517	1.2478198497738553	
0.39463733301710574	0.0	1.005972900420262	0.1369381794484449	0.6083275746537448	
0.479931977783511	0.416001494994063	0.8691245788931684	0.42384614523139874	0.9547563016783236	
0.31608694904961404	0.7294227607651941	1.788954988608746	0.0	1.7365179498082053	
0.0	0.004358932631452651	0.46168894053399784	0.1637066120115589	0.8731700287203217	
0.43851236755884865	0.3113915990338412	0.22290908464209705	0.1851446686750552	0.5047165967705832	
0.3357943218936863	0.0	0.438993837547267	0.21902167505782968	0.6157557796194116	
0.0	0.0	0.0	0.0	0.0	
0.4567735603681644	0.0	0.2920131839188442	0.34581828085490574	0.7800910632155573	
0.4108665380861777	0.08202630753750269	0.7731952993607881	0.3373933300490852	0.9962694632238818	
0.1277087614903428	0.1265625986238622	0.40295460910064784	0.09623008716470849	0.9186310233662504	
0.0	0.0	0.0	0.0	0.0	
0.081027639133002	0.4982655104884261	0.621324123862706	0.4018050477697237	1.0435509124193594	
0.371058323767455	0.1520561375692921	0.3886076146775135	0.33691670244171557	0.20155972651491127	
0.5064702973013762	0.34225643059207117	3.6597801202895713E-4	0.38040455596189715	0.0823432023049063	
0.0	0.0	0.0	0.0	0.0	
0.0	0.0	0.0	0.0	0.0	
0.0	0.0	0.0	0.0	0.0	
0.5972994488401042	0.0	0.9884708244505234	0.1407590942884556	0.8078250922698414	
0.3284844424511727	0.26512727489434057	0.5753967516793308	0.3236420959994024	0.5237073080842258	
0.5330011386612491	0.24796489184336235	0.0	0.5268265193500841	0.24511787203479612	
0.3424783696429116	0.464378190005273	1.281372653728222	0.0	1.1546612531147484	
0.0	0.0	0.0	0.0	0.0	
0.0	0.0	0.0	0.0	0.0	
0.38013188132475345	0.03740892401482497	0.0	0.5852395119875226	0.7545938630808587	
0.0	0.0	0.0	0.0	0.0	
0.25042580473630727	0.684961893878674	0.7681831423333599	0.23708898136869555	1.8818598692528266	
0.008375790581012291	0.583983574589002	0.22614219107207645	0.6245411361081585	0.3196370291925223	
0.0	0.002870736664444668	0.2833873739217353	0.2404221495098423	0.36964994780757005	
0.0	0.0	0.0	0.0	0.0	
0.0	0.0	0.0	0.0	0.0	
0.08443749469695391	0.0601303246297124	0.10476862989462109	0.0022264933852978066	0.3928925119924966	
0.6897863398107849	0.5266736335650666	0.0	0.5787553535203875	1.2220971097720654	
0.10724736113988319	0.06364881233541543	0.09596401082351923	0.13089065092297253	0.2402303690537215	
0.4016069631698517	0.0238688320077037	0.8333945724094428	0.06538840256732935	0.13754741765153183	
0.2170750459554767	0.21789360843821626	0.46063506384553987	0.15004499382897216	0.5293644908590648	
0.0	0.0	0.546404912616986	0.2285493351823761	1.0267190600252611	
0.6449630557178282	0.6491568141057006	0.0	0.8897932084511647	0.021624073537145246	
0.4348972556221029	0.21169002549818988	0.31615566758666863	0.137585739540396	0.4831909879657408	
0.4775453213985477	0.4908846620558089	0.5952298245695743	0.1440998242193494	0.7492455025378165	
1.0790420211860843	0.7834924805313566	0.6999900322000792	0.8772295280462993	0.17758169441926275	
0.0	0.0	0.3656434358885936	0.2878696137200306	0.9174168934750131	
0.480561901460432	0.7797625292998865	0.6197626360813315	0.10512898427202291	0.8734820516894154	
0.37919306693583216	0.3733583571909488	0.5042801105528495	0.0021401389375468156	0.4587994927179272	
0.0	0.0	0.0	0.0	0.0	
2.4983721455315124	2.818194127194192	3.0090373497509018	2.6367474955124437	2.9137724309245256	
0.4608090266739361	0.93956078244691	0.0	0.5281457795983936	0.20088317165486572	
0.4429030568144129	0.16317700676012264	0.0	0.4177322309623228	0.3542975250070526	
0.0	0.4376136058832095	1.2355468736610982	0.11084028312635796	1.3169584197355961	
0.3640798280050083	0.5600451472634186	0.5705594229404317	0.3126544326683027	0.9910049902509211	
0.0	0.0	0.0	0.0	0.0	
0.0	0.0	0.0	0.0	0.0	
0.0	0.09008376296535359	0.34973763529403307	0.0	0.5186625341006325	
0.0	0.0	0.0	0.0	0.0	
0.407666665477733	0.2463164990882137	1.4824524342614627	2.0862421351799676	0.0	
0.2947877141970242	0.5385041200909283	0.32125077561080345	0.12329187851463791	0.9968911934366075	
0.0	0.0	0.0	0.0	0.0	
0.0	0.0	0.0	0.0	0.0	
0.07277622677001018	0.0	0.5463716202498627	0.7165519418890992	0.760605166714358	
0.25123622675402174	0.7348087456787793	0.0	0.0	0.9434062679099041	
0.17570410168301015	0.24145504110384736	0.39188684392693185	0.22336479589576688	0.9241823845502064	
0.0	0.0	0.0	0.0	0.0	
0.45315859446724166	0.28009005995298764	0.23901846524387863	0.6024045355634358	0.39570134329560397	
0.263226210091709	0.11808207450435007	0.73766479762405	0.48866653921296327	0.47045600557432593	
0.28595668438862526	0.0	5.327289011734758	0.13162436709081674	4.759493277075878	
2.2342719318941797	2.0850873919522743	2.539500262770942	2.3770597504708255	1.7660283324854007	
0.5344438245225671	0.16013534852576425	0.730062861097194	0.45338611394008405	0.7995417945967692	
0.429953808481871	0.20424777043675174	0.2743733438082969	0.5488974727204059	0.1574601154324519	
0.3388215727445687	0.32963079341224966	0.039841192003184214	0.29313252759418074	0.44356636892244977	
0.0	0.0	0.0	0.0	0.0	
0.1707094723539751	0.5619735079908665	0.19803111244786686	0.43720558826547706	0.7164549921936495	
0.029223780846518235	0.037952088897119034	0.6692068692965782	0.2666680247891101	1.2161733756977184	
0.3635330330750969	0.41622164341608286	0.1852521490006132	0.0	0.550679708641066	
0.06200232789760079	0.588847133971119	2.375771429100112	0.0	4.327391558515744	
0.0835274466756277	0.1815890971376954	0.10458459701662212	0.14715646306024766	0.32484354828744993	
0.15905737413622803	0.40356754931012073	0.9326508338282193	0.18187611546692586	1.267927390951718	
0.16989350816973836	0.4662896431916897	0.9592251628114808	0.25466319353926387	0.9763968166634958	
0.22248404994394466	0.2962910558138474	0.13611859332850954	0.4116159567336603	0.42399236667664114	
2.5845384835798533	2.519163174343542	2.049453081657689	2.5634832857018073	1.7528632230708134	
0.20958702347921504	0.3487186838633178	0.8838552616945079	0.1691531160354669	1.5082275399030491	
0.26180762240698496	0.38644359181674615	0.8583404713911271	0.100761307429944	1.074096521263821	
0.4223957823649944	0.10658746328988083	0.4146384825649522	0.32083860431283684	1.0734857366277377	
0.061333976336894365	0.7904062655998664	0.5298526248637745	0.27855245555426844	0.8291992653542761	
0.0	0.0	0.0	0.0	0.0	
0.0	0.0	0.0	0.0	0.0	
0.43960450485651065	0.25692165925065147	0.5006805819491622	0.12280194784251149	0.8427844521952954	
0.0	0.0	0.0	0.0	0.0	
0.4611127024660425	0.3747749778488727	0.8083481110301367	0.06820443004233705	0.7604424567137842	
0.177960661038033	0.28827669443561255	0.5192263054612996	0.28169821325605165	1.2202155820301053	
0.34014152897610817	0.4725362655140355	0.5823113677988613	0.2836211134567925	0.8046856876113104	
0.3751542108382653	0.006782845900631449	0.3927414604907996	0.0056139091916775855	0.5471335908616148	
0.8852049297898793	0.45272074315451316	0.37964840906518815	0.11142744025534182	0.5178903895328194	
0.1646846623729725	0.3147655215828218	0.8571795522687169	0.37883385976468087	1.1093275445187911	
0.6592475232374452	0.22820077826409066	0.2512626199793987	0.24895830039716083	0.3958698350862926	
0.7658599063300966	0.5054720311366663	0.12047239257552185	0.38327311090405375	0.5604832682964759	
0.0	0.0	0.0	0.0	0.0	
0.34416755551119754	0.30105497976750745	0.3994481386975472	0.4654858946901248	0.5886454555419819	
0.0	0.0	0.0	0.0	0.0	
0.8545756227673248	1.0058042851717304	0.5171806989811069	0.6383209718381959	0.7572755502507431	
0.8907405410862624	0.902288796846523	0.0	0.0	0.33461808635929313	
0.6332307261310747	0.4245035516179268	0.9834271618381675	0.20227014043342387	1.0133949011860302	
0.5152380869997802	0.35947998765608735	0.7310398395072532	0.038077881460565566	0.866665673106513	
0.24438729745841173	0.15186067414594875	0.2924215488418852	0.4293457994460945	0.4573728875501831	
0.2609158840293157	0.6731214927510938	0.5902703375831057	0.8159218051882694	0.6216924284031553	
0.039874013911519575	0.02267250087567642	0.6696573032582273	0.0	0.16605885964613876	
0.0	0.0	0.4548451144098496	0.30080594145749645	0.8903240767227921	
0.18669776441855723	0.03721753198862052	0.24210106876354145	0.12049865395469281	0.253176797284884	
0.45283697771096676	0.14524220087112233	0.0	0.0	0.43460042552898637	
0.29324093482278235	0.3991985330349929	0.4862952239653997	0.07435446514636745	0.7556053840624171	
1.26315720201711	1.1035894806700688	1.0305914374380594	0.7324447653630399	0.0	
0.0	0.0	0.0	0.0	0.0	
0.3042848328856232	0.4565068617616048	0.4059339305313994	0.24396325165551946	0.6285303918149995	
0.609627922149185	0.20542446435437567	0.722612684671892	0.0379597889449378	0.8177975712491704	
0.3679387245481642	0.0	0.1855778697785595	0.4422285796614978	0.6009572868264742	
3.1688988887708267	3.077034196866727	2.998731305106709	2.876263267158688	2.656860708377548	
1.1222762507996344	0.2509505952796016	0.01463781982495193	0.069014885863786	0.01476107529124749	
0.16209356288702748	0.13861874753459738	0.2599487358540361	0.47467700142797375	0.5410693758538903	
0.0965298028631355	0.5473214922623734	0.09550353221856142	0.0	0.5609869651538719	
0.444184574916349	0.4776191256703965	0.8129749465869905	0.3561284339201315	1.0338313615904522	
0.1287891004100503	0.10867300625242227	0.5479129272362522	0.16583867773554456	0.4103753496107698	
0.533331523742478	0.010461611468930496	0.21122602555234585	0.31326408167471376	0.7495158447788722	
0.004085836222528615	0.0	0.2451376983152156	0.6691581106071621	0.7678807720501419	
0.3085745360462095	0.16916643263933734	0.5791974745117344	0.3830279388136025	0.5092797517191708	
0.6874397437333932	0.0	0.8789735885509594	1.4896724398842172	0.004521132422736081	
1.4476635887780177E-4	0.06127561228195321	0.0	0.6830456525745222	0.3179579502901993	
0.09258086804080476	0.0	0.6146086921617129	0.7292267448496791	0.2633866464758692	
0.4167541568451769	0.6450998628088904	0.38887381530380805	0.22268188614367002	0.8978309179685963	
0.1499355245564267	0.5232857153741979	0.44636943151109704	0.4425416241302702	0.7117206077469349	
0.3266422634709021	0.08052508087157312	0.40862369363554124	0.3091223402918648	0.4837520401391105	
0.22105927604952208	0.20217593692216243	0.6875914861000553	0.16744904962729185	0.8094291045826012	
0.0	0.3130855753736118	1.9761709954885667	0.008780605259927686	1.9198141957095223	
0.0	0.0	0.0	0.0	0.0	
0.0	0.0	0.0	0.0	0.0	
0.1334897589469179	0.2393693651582832	0.48997606922877157	0.2922521997694301	0.6587921796572938	
0.20465522161321523	0.4689245961450193	0.8400158612602188	0.33617425352088043	0.93024502501503	
0.22596136165939204	0.5590015289986907	0.015053033072266466	0.4753554333151894	0.7065172476113559	
0.9261080493023626	1.0388938536816148	1.2936203348810933	0.7847872663134412	1.3112912500059815	
0.2561204120951965	0.0	0.3557778702234959	0.0	0.10641205523650023	
0.17471811848485458	0.02340730627264686	0.17445592741857496	0.13613858527448075	0.6404581518276085	
0.20759111665512037	0.6126808486489926	1.1441641291546425	0.0	1.1434196483427692	
0.530159055232978	0.1404494647218687	0.8747179673082625	0.20037225183963336	0.8383229656314938	
0.3044090955942789	0.0	0.7510483217600955	0.32501329763631737	0.3053773949596544	
0.344730806804039	0.24273786214663357	0.08128325122185519	0.5767678558828193	0.4052198309604115	
0.24267164212208814	0.0	0.2807488644264006	0.421833379801947	0.6409855714850331	
0.3317829801356017	0.0	0.4880732896576974	0.35529649866579666	0.26016376239671923	
0.16349731269736587	0.380869149161362	0.9475284747555893	0.0	0.5868334571065258	
0.0616929221433247	0.035099026972566345	0.14425247963556434	0.4281598042077435	0.3518526706244252	
0.0	0.0	0.0	0.0	0.0	
0.07727698575624108	0.2619326806908198	0.40708824824931705	0.34169263093802643	0.9493661016901274	
0.21193637159498163	0.018874213276019073	1.4030191973695476	0.23569758175058841	1.0613439966912506	
0.0	0.0	0.0	0.0	0.0	
0.28182956912086493	0.0	0.645111974418899	0.04201287014438603	0.418591193293477	
0.0	0.0	0.0	0.6187419767895765	0.0	
0.4181123880826059	0.2670524431903013	0.3146110672300567	0.7823802298829236	0.9650634945909573	
0.4703254444577598	0.20343511233946546	0.3590031045010283	0.03814015524684831	0.9396776244375565	
0.0	0.0	0.20350063151789863	0.2940760270504583	0.7980067862578905	
0.0018020868442417356	0.7711336808596919	0.0	0.0	0.3849208031588392	
0.0	0.0	0.0	0.0	0.0	
0.10411417056689894	0.0	0.018506077836860552	0.0	0.33855224479074925	
0.5727726889830603	0.7895355035606755	0.21017586892584914	0.6321899966728286	0.5926244709103937	
0.3431786922022617	0.14465097443926928	0.0	0.4545884190608673	0.328561008208897	
2.66080391800376E-4	0.5729504837565885	0.6992575955369693	0.2305419462146834	0.30480343377883296	
0.15725877052128281	0.21899028185705566	0.5592717628549175	0.0	0.9752174064689415	
0.024778988221636943	0.1260523093225358	0.5007376075145068	0.47314814408727457	0.21598797609690776	
0.0	0.0	0.0	0.0	0.0	
0.7595384493167998	0.40091082449251086	0.7958393606010481	0.4976228571954689	0.5120144625564612	
0.6570767568712308	0.14656281439843072	0.06746601988144758	0.5560419135918808	0.6011669002173108	
0.6670081457440539	0.8392433442290756	1.2057600309597172	0.6216285918147996	1.0843002586060484	
1.2720724127828245	1.9400962127945263	0.3874795464063091	0.2895831965004513	0.33371844861437844	
0.17035750373405176	0.42615412975824035	0.7141012906475385	0.29416079693218566	0.7239661213510525	
0.8336732258611088	0.6814458195131844	0.10094082987037328	0.707284923915649	0.29297149664767796	
0.22812352489399507	0.4463112263295061	0.5321001697437729	0.6115508510104143	0.30924497280227337	
1.2269386612699136	0.0	1.4910162952146309	1.7305851156563403	0.1505361935872914	
0.28004423795306044	0.19743128479572417	0.42002088715280905	0.263847464047711	0.7236161152441356	
0.12480996410938498	0.1674712137191736	0.3297398743721729	0.2607978747623283	0.7732938760294926	
0.026975693554754647	0.36436844036841814	0.0	0.0	0.14550161608512663	
0.0	0.0	0.0	0.0	0.0	
0.0	0.0	0.0	0.0	0.0	
0.0	0.0	0.0	0.0	0.0	
0.0	0.23881559144601935	0.3204462294298023	0.4592789958731602	1.0101081979599194	
0.47958955262377934	0.31749297564847906	0.4809140634231053	0.19212682095643938	0.29981589507038087	
0.33200659976435976	0.0	0.6024921831081987	0.5300401469337179	0.23976162435992726	
0.0	0.45801181324533435	0.4726253222935428	0.611812232409994	0.005991913389956088	
0.22306721216931963	0.6386584851111917	0.0	0.09897658608130745	1.5517303513599758	
0.3869780958960144	0.0	0.08273045932879923	0.49450800496413916	0.6916237246828608	
0.30003003674905804	0.2409676672327851	0.8938371147371712	0.7092410242603765	0.7193662109289182	
0.002889513229616573	0.2432755126895285	0.1737532451774663	0.0	0.41541690013395033	
0.19633092549689046	0.19863869636215076	0.3547804068020417	0.0983736005586924	0.3636243310601508	
0.5019497901310314	0.0	0.009057442218259515	0.2483170032978454	0.5197627925384516	
0.45294603038121906	0.13294575751264043	0.7510960865642703	0.7376599615143441	0.9287944415023661	
0.33542043658123355	0.0	0.0	0.41471059390871584	0.2561769072847802	
0.239586969427314	0.27497892701462506	1.1612181840476	0.008859519252864288	1.2145407629549534	
0.0	0.0	0.0	0.0	0.0	
0.5858092756465754	0.18207898420699936	0.1486396755540342	0.2536781755511696	0.6145215867155012	
0.8587313095460957	0.015375456642852807	0.02721957585388317	0.9957104187935095	0.2209410359014306	
1.3325141305137025	1.1884260489888347	0.5718650555188722	1.3497375034261097	0.0	
0.3999163536162591	0.3935908797812069	0.4116165790206976	0.2048539773860283	1.2632143821013488	
0.2383309751233296	0.2974049402678616	0.3262334361109049	0.22138346056355795	0.1309195003885098	
0.9225588739008628	0.5635760226122772	0.0	0.8948218225504418	0.0	
0.2676931654493958	0.5450055354369737	0.0	0.13617458778360944	0.2208998321335375	
1.1978776017051953	0.7717643770663473	0.4249990544133703	0.28892188989989065	0.3092891245251854	
0.18547286527457513	0.46500764237470626	0.3662334906693588	0.3737310049515714	1.0828179320533708	
0.47051777289062846	0.9641259072504462	1.1277327541884499	0.41127641149948185	1.0017167575796737	
0.5519829180271362	0.29079497764038975	1.026202454084087	0.07953078435679412	0.7054364904679422	
0.23509121401719105	0.0	2.5675497412442683	0.1200114157939959	2.5402734824122426	
0.2683571344018431	0.6412005017144535	0.07997692075098549	0.056475814412866455	0.3432904250726357	
0.0	0.0	0.0	0.0	0.0	
0.08188828563460701	0.043536336565041404	0.0019743267089452213	0.3294942273268188	0.17143949830639763	
0.0	0.0	0.0	0.0	0.0	
0.11550281355459534	0.2675758312219619	0.23556435166011608	0.0044166191456873624	0.10184265585636211	
0.3471407819454265	0.007640597398680897	0.049595268154042804	0.5495979219755747	0.6849637492844813	
0.0	0.0	0.0	0.0	0.0	
0.28204268546016115	0.9420498651725079	0.7167939997575424	0.2698234782753576	0.41464100677262555	
0.7730711676000829	0.5561964063592646	0.2720121218947743	0.5088322228437264	0.33964224743137117	
0.06264454329945984	0.03738094640952312	0.6552211563338435	0.1971327489998135	0.3686723098192143	
0.23239122008522506	0.06436798567954767	0.6207309765520543	0.3262510238266762	0.8256119978232997	
0.8955544623463161	1.3946376572446004	0.7362351317561122	1.1550194027123712	0.9913869171271952	
0.6049327283287655	0.11217066653239677	1.0902485334610879	0.6951445881533436	1.215100626664101	
0.377909712440748	0.08599771893854018	0.7342793161587482	0.04270447327110364	0.7111701535958993	
0.36319526888932857	0.36905835262443687	0.4288375910310926	0.26681701605069064	1.188998020435619	
0.44716439048156426	0.24922790871648623	0.2391149316640415	0.4593129655464541	0.2518239369895146	
0.2734836609152802	0.04087383039932766	0.8905319501820728	0.027742230134390516	1.0342445241452285	
0.27012948511952195	0.6408834203044733	0.4825806912884652	0.25506158072802826	0.5102838360182608	
0.5538277371848964	0.6107307027437471	0.4081267179330508	0.410064023748903	0.3905667581182977	
2.6615339374999354	1.824123803325132	0.0	2.25103874153933	1.0476050677133752	
0.21645860585371293	0.07270870288555008	0.37983607292332566	0.0	0.28648297451007343	
0.18671198757461394	0.23245005132108876	0.5465071664430515	0.4005486891592221	0.5306795545155312	
0.0	0.2524098605047361	0.49677668453092494	0.2771564990070861	0.0	
0.30412770831400904	0.4247301079597805	0.3762173503402348	0.00820924497247785	0.42287577059600895	
0.45135367708882185	0.567094618026001	0.9261297121440202	0.18664699106986846	1.1156272819139148	
0.14973476136146238	0.3999006417185495	0.2001149075183181	0.36057559753576757	0.6732565218769724	
0.3727453465741638	0.5024786929778313	0.1446462635356723	0.16673418453094896	0.516515429686906	
3.6457484219172764	3.745845054180096	0.0	1.7885613660290995	0.0	
0.033509712936722995	0.033296405307387415	0.7929072042567012	0.6508038650661178	0.27744909132533685	
0.5929202623429964	0.6372163353499244	0.0	0.41197832667015516	0.0	
0.19534706826378176	0.0	0.9491498663816871	0.46500730673362717	0.2581087302070323	
0.34104957938306274	0.31767510773162516	0.0	0.6149661009011692	0.2596994240587388	
4.352310834705918E-4	0.14189447160266536	0.3512409405710369	0.2961530209273639	0.313764811631958	
0.4517716846516711	0.30452472227305716	0.13951526284268612	0.27417724431766155	0.0	
0.580180921300953	0.014486070061629878	0.40382534702265593	0.4206609015529198	0.35840237147356535	
0.014425726058000464	0.04776396527636141	0.29165863596067265	0.37552062576241513	0.19647231546450344	
0.0	0.0	0.0	0.0	0.0	
0.555813820631166	0.19614524006666464	0.086581651298015	0.0028177276929060397	0.363570707360634	
0.12068168168820602	0.0	0.47135120982972806	0.4178926758775314	0.3285110717021071	
0.2718842874265227	0.2997512769865087	0.33725804822204075	0.21435392420720462	0.41717577880917267	
0.48392532238656033	0.28788129843456417	0.1208037466680227	0.4270648080488126	0.8964004181268861	
0.341723923813359	0.322601883938631	0.09159480795337371	0.3724573754227991	0.4816015892719507	
0.5731876390146237	0.040346516887739194	0.24195559697638847	0.5267894496957651	0.41256599172591657	
0.009804474659876387	0.41988917891972133	0.32584395585410864	0.0	0.5990937988738797	
0.2137017355725279	0.3264265690514659	0.009996852790301547	0.04374266110457513	0.2967360064006529	
0.5245447199964688	0.6455228631124528	0.0	0.2925700879059079	0.0	
0.0	0.5499590327161202	0.24752599653001328	0.38707896091347854	0.4022976450708201	
0.7798251326856773	0.5635402102824545	0.37653384432803044	0.7746066453203938	0.23527350279305922	
5.688551275587104	5.960780399065193	5.045067760385835	5.814142695693345	4.9139051851776285	
0.30587882648253206	0.5838213450797758	0.12590296558460498	0.5105865244137334	0.23305744679285467	
0.0	0.0	0.17191125302123011	0.5577498759203404	0.6034752473573977	
0.3126008720784373	0.587270909181243	0.0	0.1297319051983084	0.2809139988629116	
0.20639279881530367	0.0	1.5626432083683606	0.09633313502500364	0.8978427898405473	
0.11806567516959013	0.0	0.03413215644174818	0.3318614912396298	0.35411905149691353	
0.2722463294814173	0.4079331812652175	0.22787534901601356	0.0	0.4008472515523898	
0.0	0.0	0.0	0.0	0.0	
0.0	0.24151329812532568	0.17066970572865564	0.6583190938116296	0.08255936709607274	
0.3020046486695311	0.08041692668809589	0.37655843282780294	0.2561113325253697	0.23951826420609224	
0.900803715781978	1.4678276092799405	0.6771644806358336	0.3171955779917548	0.763921507784752	
0.0	0.0	0.0	0.0	0.0	
0.5848119290409737	0.3072850330921093	0.7777699725324099	0.492920300325071	0.7701445458547784	
0.0	0.0	0.4275892899698564	0.46768206996051986	0.7603895378489147	
0.48448389171890166	0.26804405500560435	0.5183395279985263	0.2707873090860972	0.2051998854309225	
0.4106724038462427	0.5088224327744832	0.13981957708772202	0.6241976551664136	0.24460592074563034	
0.0	0.2744438458068101	0.13448822999275536	0.12760579296893745	0.008039197295777747	
0.0	0.030085112369121755	1.0498089935561123	0.29384642371888153	0.8990381473845536	
0.25600115403529256	0.25027523056200973	0.5257748415320247	0.4037962492107178	0.5961519167608111	
0.13112094438711747	0.0	0.3256162896599766	0.03203072486879647	0.0	
1.0127173049012719	1.7257902471884798	0.27409886236892683	0.9641985067620104	0.1757790806264896	
0.3733638736728569	0.3926012132647135	0.2521746981117566	0.3877037465514387	0.43784307409608586	
0.16772480059727582	0.0	0.772978030961114	0.45972578020984667	1.0335093633452241	
0.6191932482830188	0.7470623881314268	0.2929006684745301	0.29744731175574596	0.5161168089986948	
0.25223461913753453	0.43843981290552086	0.3918903579583679	0.3440548201320034	0.7231352092995108	
0.4175302335139637	0.6270957531519785	2.655780766041295	0.0	2.284776903896847	
0.578205599914261	0.6264292746446222	6.444092067533075E-4	0.4906693352713586	0.0	
0.43435066793991656	0.2600457971442309	0.21518628595182462	0.0015319575155481916	0.32898836055919195	
0.2637432244360045	0.0	0.5727209243718344	0.793232948065354	0.9102744137792345	
0.10310888639167494	0.3329374405300508	0.6217222177587042	0.04260502611658422	1.0129996590876853	
1.0638556464633078	0.8657283104298529	0.9231633576498318	0.27345539583585204	1.209137347910527	
0.49448509733683177	0.13988517172589746	1.4782200553813467	0.0	1.1920911356237176	
0.29789928186535714	0.0363236423052811	0.6876473910734353	0.6967416356023662	0.1889367115038733	
0.5855960997860539	0.15098434609705907	0.3638227240526606	0.726626858562812	0.0989246765918095	
0.0	0.0	0.0	0.0	0.0	
0.4487901507300019	0.3170375405673786	0.5575033381205712	0.34948626050299847	0.4674382112728293	
0.24568563941343563	0.039023842905157154	1.1081661072883962	0.4109220914144997	1.2081390136718388	
0.001846295878306807	0.29587231742859593	0.48238268890832653	0.5199700913805061	1.2054945062241844	
0.0	0.0	0.0	0.0	0.0	
0.0	0.0	0.0	0.0	0.0	
0.004133462120500288	0.4025500973239523	0.931171999179343	0.18176322168068618	0.9912757244115291	
0.41540969332972344	0.2692958262929955	0.32760761236960495	0.6561224698532558	0.4443801478155707	
0.0	0.4403438629524548	0.5496456562130165	0.0	0.4920074163296819	
0.5361285371813421	0.1693716447410842	0.23197360217395066	0.13587572692526534	0.4797893881620467	
0.7530579008846481	0.9445193734956586	0.6786769042328147	0.5773648304207507	0.6806058606014022	
0.04209951167941956	0.34100920546067065	2.05933751998224E-5	0.4789721057300108	0.364317418156382	
0.25350747135534063	0.0	0.3306508076996709	0.3201554963333422	0.1451780804859333	
0.42401787613228964	0.4491549911425004	1.1632497731480453	0.2697380969531436	1.2967822172979517	
0.35267034731201763	1.4340470385938333	0.056268860326327746	0.2956900394452121	0.009138176900856578	
0.08351429937266319	0.9774640123067242	0.16814128608787396	0.26658970249762587	0.548382258962311	
0.43941064842927596	0.24177241193922447	0.6964995778718194	0.019295262160792123	0.5536083816823297	
0.07277369919667379	0.39945529438769756	0.21153817995593469	0.09544250870816842	0.3228159374172583	
0.09897470300182132	0.0	0.7135699501370854	0.6847910093163883	0.0	
0.2580769953848127	0.22785211692923502	0.24745812155345148	0.47937992344728503	0.6678455576890489	
0.0	0.0	0.0	0.0	0.0	
0.36936978105652113	0.3824365695679506	0.33141062810348043	0.22637883733925052	0.5614999663810261	
0.26172745066171327	0.41933358958436945	0.4836212120429598	0.41484270958144587	0.865874826085918	
0.5040886903507064	0.3444113801377229	0.8693013788950049	0.5859642344270518	0.776106355863464	
0.37630851780912705	0.10523978024520748	0.343857289440349	0.0	0.3517930008073123	
0.7382275401348571	0.2703978477351002	0.20330394302356938	0.7797796897832507	0.5265396221273109	
0.28782043244321315	0.0	0.2967745293319818	0.40542355233323285	0.057487004436499005	
0.4363161861037672	0.0	0.5107652357050662	0.29802805273910654	1.308527815544348	
0.0	0.0	0.0	0.0	0.0	
0.2506374148824721	0.2500818610847966	0.30466286587072966	0.6241627137039698	0.31586926630571194	
0.29810833565879147	0.46177314951046566	0.5048590980236448	0.49117151003905307	0.7979416207225869	
0.0	0.0	0.0	0.0	0.0	
6.534306124208293E-4	0.10664759027628268	0.22813284178116042	0.00873171338165509	0.1874848655706765	
0.5107533719806256	0.28949020967342526	0.4293879140132456	0.0	0.15437167325346035	
0.6006550891137233	1.1045412051358023	0.5074421695056713	0.5224259052367675	0.26992217983038286	
0.22454776026619808	0.5153515192838624	0.35893193151388963	0.17315627169157805	0.9031463338534806	
0.39064448219013154	0.37145926772216825	0.0	0.5602371405346155	0.049100794227539254	
0.49753867243576183	0.6722105253563295	0.6005138663569829	0.09571382532936497	0.5890587914260383	
0.0	0.0	0.0	0.0	0.0	
0.46272932412723733	0.22147013599589224	0.772179054823727	0.2675559736551986	0.38708620074654515	
0.3500396976911791	0.2047374971106384	1.0019675314847942	0.44225097165766647	0.9722050907056575	
0.6879904837983354	0.3435924955209849	0.6129657010552574	0.0598132626232589	0.11017557626505609	
0.8001646162126465	0.3773997788315124	0.3194623497437633	0.34664278285502687	0.5628913877472809	
0.18614102179993286	0.48506065852972535	0.2431111359132154	0.1127527328945094	0.029037653293004843	
0.26843005673738085	0.3524944394536174	0.8030203465996943	0.14032173865453226	0.9145575144933439	
0.0	0.5137359894103358	0.0	0.7485425990379934	0.23710723690724797	
0.8270585118933912	0.5451391502465912	0.1392821526895265	0.7749130898681965	0.5956205747830234	
0.33785211185563463	0.21050739509375962	0.0	0.34967434150354576	0.32022906400728335	
0.0	0.13670764739837782	1.1058950763060262	0.5130022806353355	0.6203147546024745	
0.6699366238636685	0.5309895434569054	0.5026760924940458	0.2914687801870007	0.11445666794529619	
0.0	0.0	0.0	0.0	0.0	
0.3073082297860378	0.05836566167674776	0.01008672059168936	0.3208771584528777	0.29672905529960814	
0.26914336195744887	0.22878328692512245	0.8682201250902275	0.23170371586188632	0.8933106010423357	
0.11091320376809446	0.3346172900748888	0.2147198857877369	0.3054102201884443	0.5186304339504952	
0.5030508999533553	0.09273352856380586	0.9108136981252583	0.6773460501118991	0.5215865649652205	
0.3306497932743319	0.0012269978115412325	0.6934899648544796	0.05378278811086289	0.6486055789881205	
0.09507278788618496	0.0748634784192701	0.3242814598107547	0.369673331387426	0.5862059422832853	
0.09046163912732783	0.1211908759443777	0.5101014923691961	0.2907197464849587	0.29809830719787817	
0.0	0.0	0.0	0.0	0.0	
0.5762279502906739	0.46960111833232177	0.0	0.5608898885270616	0.10037846472154946	
0.0	0.0	0.1127338931912518	0.16342679119301426	0.32309218831669423	
0.2580326107629645	0.6461452834720993	0.0	0.27961285003970254	0.17567185558681872	
0.2962024127196566	0.12325886588284773	0.19541106998736646	0.13584554691481301	0.12156396429692316	
0.23674102293883853	0.3596234460127147	0.3059830578569613	0.1384788122816451	0.5210086507067542	
0.0	0.37426357894566653	0.4686660998827797	0.288935549903755	0.24819914715934105	
0.43298311906343384	0.23535742900819384	0.35521115739692943	0.4614194354718589	0.3308250443339985	
0.014233517987286368	0.0	0.0	0.31802481195245397	0.45782532240216617	
0.26089675068184986	0.11758343117008938	0.2679082704000837	0.05357039651973354	0.5020271713979518	
0.0	0.36129603491985207	0.5385833606286895	0.1677506021890631	0.7285829679726635	
0.47666553119552413	0.14857988490522828	0.8985124031206945	0.1279992735203984	1.283427294307297	
0.18300205845395262	0.41510274754927207	0.32398717190308246	0.12375244275830866	0.6018327412715241	
0.2585018119731237	0.0	0.2265766406486558	0.14931243262424226	0.39633577931757097	
0.0	0.0	0.0	0.0	0.0	
0.0	0.7368202718434815	0.561180423564989	0.32463326873159865	0.35522217403194295	
0.41011462666580945	0.5762587718395503	0.044101989204199	0.5747078240768551	0.6379090994475985	
0.7971521780793354	1.869906667648424	0.0	0.2588985269560428	0.0	
1.5995974661862797	2.202015582177811	0.930862344890747	2.0463952209320695	1.2166116974305272	
0.24098319158044906	0.32469020355913236	0.10109993699621714	0.025979019033438217	0.3080181939446356	
0.015899008834521475	0.07437355826576353	0.09301556304194002	0.4529381723032588	0.3365905016619679	
0.08089113789104399	0.024355040134256198	0.44037340915072876	0.30697893827357947	0.621047912876738	
0.5285194332174723	0.0052390436000818354	1.5941926917335016	0.697706379802353	1.4589009984541201	
0.0	0.42169126759158265	0.20101319008278304	0.0	0.0	
1.2744918202844566	0.8475417354116005	0.2847703370227698	1.3793040752403865	0.6663985225666597	
0.10607878632503999	0.7410169748631618	0.22057043126569764	0.3236066640173814	0.2489399654194849	
1.5392928196809224	1.6795741351059421	1.2902791200673611	1.6108861280639544	1.2491521244584547	
0.7043417390976002	1.138683582011347	1.166259784571863	1.469680056230878	1.5837418506763559	
0.4851395230827872	0.0	0.17054044514719396	0.07428574765630577	0.5129400246257165	
0.11159170024497529	0.0	2.7929672594885258	0.0	2.1681851906522507	
0.32943674086026803	0.3503654874246161	0.44591062938493065	0.0	0.8580193830196193	
0.00960140592884209	0.41646143917395173	0.0	0.2839325843775486	0.21606404853380917	
0.9157630903764943	0.1253581198194702	0.529262980594528	0.5504040366021118	0.9389048261942878	
0.7423787852765819	0.15135503686911217	0.39926405179110896	0.23807385973554393	0.4070003880050374	
0.3805608072004169	0.4690956838838881	0.16406031558476958	0.2717065273034329	0.36807373297390017	
0.0	0.2817823011736689	0.0	0.14172520631842134	1.1231388804909213	
0.35846746980570626	0.49455879722238727	0.04450856412258081	0.5931752241569843	0.15148329576514288	
0.062034153447521556	0.33524110390662404	0.5302314684081608	0.030813209529210357	0.797837368429791	
0.968296262943436	0.9240372879843546	0.0	1.1266661506714888	0.0	
0.12093327267644163	0.2664880510692726	0.4225304972711468	0.1022868340965928	0.8984690829581168	
0.21895723205086273	0.011642949125448068	0.003925507218173292	0.49628124256236894	0.7654536056201501	
0.0	0.0	0.0	0.0	0.0	
0.2521814161860464	0.1135065368352708	0.032201630208880304	0.08477591949459627	0.5476149096214811	
0.6197397380507716	0.28608518008914524	0.38412144216677563	0.520105271524611	0.5099637821230982	
0.45270076469682324	0.09198259656523605	0.80431553827096	0.4066044497132078	0.9329115367497443	
0.013526510300117273	0.0	0.5271304239628011	0.44390885618250026	0.3819598221840792	
0.46246803638553574	0.4796063308398261	0.5730208758554728	0.1932200542442257	0.5090790293534916	
0.3467550314879218	0.43988752549595184	0.6976517849670972	0.24782906221867895	0.8951074951360912	
0.5508400996341754	0.05115817814185823	0.1250210462212364	0.6348153740437793	0.23298826821176213	
1.1801744984299953	0.7093331194065173	0.9248105513059062	0.5628527402565011	0.47018789469483224	
0.0	0.27122789370695244	0.10713493714733825	0.316916011833481	0.19220142411047525	
0.1985896282280486	0.4171325869099492	0.8759867998843305	0.3789591489989174	0.9033924815558754	
0.16945449343674213	0.3175361915188513	0.3453948200023238	0.13381021123330442	0.16826076758511896	
0.1687782468895623	0.4262198278921684	0.7754221414341474	0.2718670065127052	0.8964447852950205	
0.8938242148731801	1.1130237328040005	0.03019400652443911	0.9589646801138981	0.0929989885342074	
0.24245455737148244	0.552475174604254	0.8558341328953785	0.0	1.091882102767347	
0.0	0.0	0.0	0.0	0.0	
0.0	0.47115487864582156	0.11858504387025513	0.42436335715740636	0.20750286603448861	
0.016965348060001897	0.14847985641077274	0.31682728616690714	0.5146709225681987	0.902309456921931	
0.2818662913006912	0.47972682495529256	0.2592547971568259	0.43016290333988083	0.35363188316339617	
0.3163297738795477	0.0	0.7291229852297917	0.6417477280075198	0.19002859991144205	
0.7899666058144593	1.3811828000850852	0.22333492497489127	0.07609013672737837	0.5567263142807389	
0.7974633914188077	0.6854958322738989	0.5441388645742075	0.002197320765024013	0.7581648212735179	
0.38769421097812645	0.0	0.8791378335929143	0.24966842570255834	0.049377702792936844	
0.4817319472668327	0.46782152350216316	1.027432709822562	0.09244317306976918	1.123535526377308	
0.0	0.0	0.0	0.0	0.0	
0.0	0.0	0.0	0.0	0.0	
0.4871912528396917	0.04995491882882263	0.09681603383568754	0.08157789214356163	0.2350315828261307	
0.10022996666099539	0.019173479117323776	0.2672034005178952	0.5650022856670918	0.25826311918176886	
0.0	0.82903253360069	0.02706653362910233	0.4657019870695625	0.1297081924072186	
0.16965791353840454	0.05572859027591796	0.6870692053071419	0.35452038856466883	0.1228521222136891	
0.3935427713576487	0.4940725899042225	0.0	0.3572871035420901	0.0	
0.0	0.0	0.0	0.0	0.0	
0.8714301689049352	0.22743819177961835	0.26596205193652744	0.06872588273088208	0.5349349107715957	
0.32148616572743305	0.15282553351852013	0.09306868160400271	0.1486802276927665	0.39352003271066366	
0.0	0.0	0.0	0.0	0.0	
0.01028483481790583	0.6992154713753035	0.3343190948504025	0.0	0.62688137659432	
0.0	0.17871477269333078	1.084858922167832	0.0	1.1226901490183787	
0.7397215118500309	1.1381558262536036	0.053935136039656634	0.7946576224795472	0.0	
0.0	0.6037171828517	0.5414694416061343	0.020433160186260693	0.03229226042292341	
0.5895759457689181	1.0789732917097399	0.0	0.9400255713992922	0.28782765244055275	
0.3347721607523799	0.0	0.06707381772972434	0.692131160442115	0.0	
0.23828546849043936	0.36993190932864106	0.2504643466976796	0.28985096476129246	0.26061852009263864	
0.0	0.0	0.0	0.0	0.0	
0.35985720783804254	0.5767650710244082	5.881038500289357E-4	0.5022447228266989	0.5225378248410361	
0.0	0.0	0.0	0.0	0.0	
0.24405419192468966	0.5520813237143931	0.0	0.4110743970514151	0.009996608028758989	
0.5105405238246588	0.16364926799203922	0.09226093479043622	0.1825762242294646	0.3998756659592686	
0.07517644538959933	0.05691989744347852	0.5839467624568923	0.11914103561873146	0.43102770579790445	
0.0	0.0	0.0	0.0	0.0	
0.0	0.0	0.0	0.0	0.0	
0.19128903475049666	0.30322070347348823	0.36584874308638027	0.5453605398590721	0.0654240596151945	
0.4271621670853458	6.637419155770805E-5	0.5694489647288035	0.45215402412959116	0.24179677748763187	
0.5208954134463089	0.20983626962641405	0.1803795555088407	0.2553902734811672	0.2734775988026209	
0.23106670012598546	0.0	2.102098766214506	1.743890413514034	0.08558440510689325	
0.54778943937202	0.24920313965689403	1.2037648978738789	0.10890960277382926	1.7612292174477182	
0.5197022499981132	0.7031255581966955	0.2410741280287316	0.2777966201986276	0.5801437457540738	
0.0	0.0	0.49961755997493473	0.0	0.0	
0.2939204347679175	0.42277395672317736	0.26170027763110276	0.19949137826637933	0.2715769295165478	
0.2630629739529223	0.6822268360261603	0.4913127898558879	0.09201998905488264	0.8205904965770937	
0.0	0.0	0.0	0.0	0.0	
0.007242761836185755	0.005358018373291193	0.43684421438767596	0.5184519540300753	0.19240766015206673	
0.26408926848159464	0.600868664116224	0.11128537402502789	0.5417339515057301	0.7894535858493552	
0.15558942911937493	0.06356691645066734	0.2212830411051054	0.39481799253719596	0.0	
0.3417549477139839	0.7703403495734253	0.4867849756539185	0.2764032751649087	0.1369862068943286	
0.39207340631492144	0.0	0.12353721123346778	0.49156912912023126	0.4513465702533333	
0.0	0.0	0.0	0.0	0.0	
0.18978892704408365	0.13171030890968197	0.5335485226005064	0.20062737786122598	1.4067847393497133	
0.4430646151397614	0.0	0.4511449637107694	0.09823487224522998	0.44706045665622907	
0.017080279267796244	0.05347242224912708	0.24983199752148863	0.4405187742563823	0.6154192899954445	
0.7727392605417602	0.09176271217976602	0.42744279591696505	0.1814863630148791	1.001521999460523	
1.2447142322130216E-4	0.0	0.691732419721245	0.0	0.13646447664663075	
0.10570580186908975	0.2770265042074497	0.46175234146145605	0.3847859822630801	0.42794584668316016	
0.0	0.15615966658322455	0.1556340319943162	0.0	0.36663512777198004	
0.12369558947370447	0.0	0.1126448190877068	0.2203167420601354	0.11593323402586712	
0.6364581122525025	0.21486018579616717	0.19945569430403368	0.3088972581990199	0.2850832712213606	
0.5539212732894353	0.5332319953613689	0.5971236751934187	0.12746795039163994	1.0418800447253458	
0.5303813002853144	0.5095724655485222	0.2781429901377738	0.29329952867040743	0.23224705210079535	
0.48593267355734276	0.6881392902622324	0.1439652605177642	0.13393134811967172	0.5277702369845775	
0.17570436278742466	0.02953829309935338	0.37532272800095345	0.2117222382438749	0.6613355933676853	
0.0	0.0	0.0	0.0	0.0	
0.0	0.6735919771546712	0.0	0.49744022100512386	0.3292957115506263	
0.1964858083582573	0.09269540638941358	0.3905901931854153	0.18765775292035922	1.0566704551966146	
0.4652919306927304	0.07301958183587495	0.42800935406337837	0.01714030109500618	0.5711636348138728	
0.5337390294621324	1.2823933819626063	0.314224841394096	0.901192205330908	0.49860784863823954	
0.01923063263326476	0.3452035119715301	0.4140824271714083	0.2788863215955454	1.1917153749018188	
0.7830500397725064	0.014359482662008375	0.09155296739658095	0.32072666895932006	0.0	
0.46682857798776056	0.45909193656325853	0.4535295062100301	0.128517443286331	0.35399475939970665	
0.33669623286641426	0.6151621078816781	0.07142533536060156	0.23802711035318025	1.5145933526933097	
0.34946913773174926	0.0847018713707921	0.5850244365202801	0.0	0.33014459991502315	
0.2851144144710949	0.054449832303024394	0.7689419945400161	0.035619172919206195	0.22664244502929523	
1.2717542972297442	1.1069267481027807	1.0768087195206715	0.6082609152909934	0.6570111749636476	
0.395135799856723	0.34176629822396226	0.5591209507356854	0.4203392325588085	0.37215018378558584	
0.0	0.0	0.0	0.0	0.0	
0.5775270627987997	0.2577534063890965	0.0	0.2789014080323394	0.0	
0.44598214204218395	0.3273594509487925	0.133558032458326	0.0	0.7338879808358516	
0.6296688409037515	0.2581848787938519	0.745258788505337	0.4667038396318608	0.38039560753851015	
0.3988322038462442	0.5088979716007234	0.6653304031334173	0.25763022461288376	0.37781578744375016	
0.2550347361909312	0.6595947998794053	0.4715162354317896	0.6439538157926424	0.12990308019014266	
0.3574173024215548	0.5296990216116252	0.6138565251483432	0.16440689277531026	1.0253220455091583	
0.0	0.02917743737707549	0.5960524270071527	0.17770819756354791	0.09419952983626684	
0.0	0.0	0.0	0.0	0.0	
0.009920000090574201	0.17237172147787816	0.05152911079542432	0.0	0.04833548320454184	
0.34624781224544915	0.28253531903547857	0.3749565695414725	0.26241994009234554	0.3449833240896111	
0.5177202212392001	0.16306162271914118	0.0	0.0	0.31644157224938857	
0.0	0.0	0.0	0.0	0.0	
0.5550002300653343	1.468566279012092	0.0	1.1499556503217485	0.05996562021198327	
0.10742224350765492	0.4488259000442864	0.0	0.34231905960123005	0.4521096724415934	
0.1530740536094843	0.6418785076035439	0.863875961260636	0.3405841428408509	0.41265988223461747	
0.44877775856843954	0.9578641476680886	0.0	0.36281837991899174	0.023774466147545383	
0.2629687764857752	0.19550076828966625	0.1124226289670747	0.5929799526294727	0.058720448050962534	
0.06797962466057061	0.0	0.3435896163106974	0.6986404172424677	0.496518877830507	
0.3697810912823369	0.08931762235823847	0.13441463515781835	0.7273805125682932	0.6047000615176261	
0.311910754094732	0.14345225247639828	0.4465399503792681	0.07824910944700482	0.04065249033249119	
0.4399827800843003	0.053283914990906005	0.6614947042007702	0.08271176195667154	0.7456808714055965	
0.516327476279922	0.3336816405861004	0.430201164434435	0.019250997197328895	0.3666930323393353	
0.0	0.0	0.4131160433326956	0.21200405461035227	0.06058337504436902	
0.11011423026147346	0.49211507108243924	0.5538079052052817	0.371213469808239	0.5402094135310985	
0.16296654054480916	0.3139270532104591	0.6095226521559115	0.0	0.6200689068731063	
0.7796679111477395	0.6160782650822815	0.7304217228146365	0.5013368108767187	0.36612266051448267	
0.37472342924003466	0.06848419231792295	0.18017423334612878	0.0	0.7569670947183337	
0.32768388642875423	0.0	0.07882750864709635	0.4093257002806873	0.3410059803286116	
0.7195475988734349	0.4837510385962094	1.1510352601487266	0.7783101977549741	0.3810494033308472	
0.5962655244492976	0.5452142426264344	1.368702886579957	0.5551324555444581	0.3383731070800121	
0.6132082242175675	0.1621822410258415	0.5040851373757762	0.07926723936886727	1.69363241340197	
0.0	0.0	0.0	0.0	0.0	
0.6105634871808606	0.3496937293388037	0.9261464434601835	0.07800443252030824	1.3908462513319235	
0.23221953876775522	0.0	0.3586380669278992	0.15560337019303566	0.5971924899873824	
0.47651834696567746	0.12171475264047311	0.2701767091957254	0.5082359841247838	0.27362346947226035	
0.5747258366523174	0.07530670318711723	0.8051011507428347	0.3422038195362335	0.6201093473872932	
0.42275771825171304	0.0637283192652773	0.5976638523025524	0.06124600505107739	0.4712849410112479	
0.9626241040959602	0.6112110265122127	1.0468780204113046	1.143602806915205	0.14403915426515398	
0.546207493704987	0.0017374863643754594	0.0022306513455618657	0.0	0.6460069164127751	
0.5556268585369801	0.2659966980170513	0.194946136969156	0.0	0.0	
0.0	0.3426352638967074	0.984851901255654	0.7630961603182398	0.9528258391537654	
0.5124086659713508	0.038617611385587815	0.902614182369912	0.1665501498119972	0.3205254137272127	
0.0	0.0	0.0	0.0	0.0	
0.3227246926486886	0.2350849831625014	0.5763978607197852	0.4342203431297141	0.5887910421034774	
0.33665457114077807	0.06724163910945878	0.18696100894237602	0.437096932754594	0.3964743471333257	
0.31637682974693554	0.3336989512633675	0.12951833558210177	0.28336560171474545	0.4453757647592801	
0.5283031994679556	0.5256638213055641	0.3583398848369144	0.4650705990440846	0.4095737184960322	
0.0	0.2991830714015171	0.0	0.16549141930450625	0.7290966136713086	
0.12261084681490625	0.3129317806972059	0.3217845667181761	0.08945135379885301	0.4650526813127296	
0.0	0.0	0.0	0.0	0.0	
0.23101645154735262	0.3320035943795209	0.661609719876157	0.24923732033435414	0.27917299775838506	
0.3544730780452099	0.3321297991743104	0.06716548536899657	0.19120519086177376	0.22077291525448922	
0.6578474642963236	0.0	0.1483547320132067	0.46579572375110967	0.29781342707361363	
0.14304085900498995	0.19307176370656784	0.0	0.0	0.21138812999997733	
0.6822684721143107	0.9862933880203042	0.025008500340454033	0.4416747123860133	0.01827639022141779	
0.5650436814950262	0.36242245385565225	0.7217160223618357	0.3174791434340948	1.2265470059221504	
0.4788500970233237	0.24608071293520017	0.13352531354438918	0.0	0.2981307600762342	
0.4297206098472144	0.0	0.18970065165568598	0.17688361157324908	0.26301614004956897	
0.3974453903407618	0.11244922597520779	0.0025644607303484984	0.30431263434183964	0.25114923615069357	
0.4828338393662315	0.1751684240780214	0.14181309556864785	0.0	0.0076567516077161255	
0.21561473066199927	0.7579336176853957	0.21690822347320338	0.14576450027463392	0.2926318582552861	
0.143655778967405	0.2861052575600196	0.7944030875993401	0.25469096276642333	1.0378481182838448	
0.0	0.0	0.0	0.0	0.0	
0.1279156652199272	1.0638093220574119	1.6161590606640057	0.0	1.4679909855107833	
0.0	0.0	0.0	0.0	0.0	
0.2618414155875695	0.6162872667451934	0.6699183260987359	0.8318885049668462	0.3525367382005828	
1.9457191329648442	1.7050111736625033	0.0	0.20825473387374985	0.021307039056829156	
0.6366013285971239	0.17375200078260308	0.17813210280079786	0.2841026650588515	0.3976818181019842	
0.0	0.0	0.0	0.0	0.0	
0.2554086841855532	0.27676434891968377	0.4782681079226878	0.03131022810721548	0.7354281365523626	
0.4181853488817762	0.0615604587252992	0.048601994294433744	0.28181660328164476	0.5157233443604399	
0.14726705429778006	0.2924929739765017	0.31305582349886485	0.25499656745865273	0.4846801924539835	
0.8595935549027178	0.22601115196846377	0.3093082309307423	0.6082449594781237	0.33276682722570666	
0.1383747919112835	0.37249092755401364	0.039681192857679896	0.543636003974656	0.12889207394649	
0.0	0.0	0.8447375447112935	0.34202485373931635	0.9149434601714028	
0.6446029012570725	0.18669841749294236	0.7021279115507729	0.0	0.6548617077224952	
0.0	0.3960317215959722	0.6459522280348218	0.5361808564737934	1.259524143641708	
0.12120733153164709	0.1256194785688029	0.16057398285678115	0.20712509613846256	0.05359171943568564	
0.3973625111734475	0.8435144248663027	0.7050136203191799	0.15395495403882695	0.8656739356157417	
0.28263664758243057	0.052894288881361065	0.11758656475582253	0.14945530620462624	0.13744659248782634	
0.05508739957929452	0.0021696801748182703	0.12313910013310489	0.9058535905252209	0.0	
0.19952640398954938	0.23902848990407818	0.15943042257719076	0.0	0.2522686856892574	
0.17991879244877418	0.4217727740432485	0.33858111270890967	0.12770897052919317	0.5010932391122029	
0.21299799420289395	0.3634822678039263	0.8866421187217265	0.3214800244513193	0.9074685919351396	
1.5497363076028763	0.3403811411431882	0.47587427701374124	1.0684441117703865	1.1695104974085495	
0.0	0.0	0.0	0.0	0.0	
2.298681268859029	2.1878115765899957	1.7965796207919338	1.9985012772783761	1.3816649157440506	
0.40357913077095214	0.38866231085789327	1.27696164298079	0.6935205374138566	1.3872543177907395	
0.6209144763933195	0.8864461865225874	0.4553057540047107	0.3911816207861605	0.5585495023843695	
0.1554364867037517	0.5943229699749409	1.0030188456070348	0.04593104251975713	0.8850092690537603	
9.573622621850923	9.126324542760013	8.055980746972962	9.309054315045453	7.060993112042195	
0.0	0.385239735600488	0.3683437716020427	0.29533174285527186	0.540535471848166	
0.0	0.0	0.0	0.0	0.0	
0.0	0.3178706355676505	0.09331587710373188	0.21291553212159467	0.6169473042870776	
0.5041791733347895	0.653903288415374	0.5242296663922971	0.42446523634915334	0.5710964147870969	
0.2821954088060786	0.06749542214506697	0.24325658758557553	0.0692453505050806	0.18096418672138445	
0.07835579094752411	0.5633036712144429	0.2530225492311777	0.0	0.1423189864407879	
0.0	0.046170693477313056	0.0	0.4368145584829878	0.4426714275046982	
0.0	0.0	0.0	0.0	0.0	
0.24031874012240723	0.41685844225906027	0.5990270938893274	0.6519963095107415	1.0420150428959114	
0.2784168937126438	0.0	0.32519149729838676	0.3551408641872954	0.5341486965888501	
0.0	0.17570888545676472	0.3089170815674635	0.0193545201980469	0.31451060456255103	
0.1785027625949907	0.28956295297036155	0.3510495475689952	0.6664564854436654	0.05386596189221113	
0.28206589674767435	0.18711117487565238	0.07212119087191664	0.18695286850474285	0.31641953241748416	
0.4397231765790339	0.5817281521335465	0.7386373300248081	0.0	0.43038003334036445	
0.0769160638330078	0.2722465192168683	0.0	0.5270155380362193	0.5152951085551193	
0.6510752744292678	0.2680202410625306	0.4801452430258933	0.0	0.48975525435493206	
0.17757098658665665	0.37753250577790554	0.0	0.35537322791004805	0.24597691550865705	
0.19241248519337548	0.17001056325430397	0.36495457676042814	0.5314692605529201	0.2832954545294119	
0.0	0.0	0.0	0.1924925655001926	0.1624284332814945	
0.3003465058990499	0.5250439395087276	0.8949417548598595	0.09811982686617737	1.0200199724091077	
0.0	0.16745742409591885	0.040465900209310866	0.3150323624001936	0.09090296043111268	
0.20230396129306935	0.03639249705676624	0.511553355048511	0.06230180972177828	0.8229114156612568	
0.0	0.0	0.0	0.0	0.0	
0.7983642498101573	2.6498950585226164	0.3563144718827496	0.406213695014359	0.3601511459406468	
0.22430496188040513	0.29537221386689316	0.04105281501135098	0.10285895953584939	0.25054122874634727	
0.0	1.2250321303192964	0.47865672969563977	0.541841710602907	2.7255935687541877	
0.36162966794874946	0.28708987407723	0.16794941093656077	0.0	0.365931537522046	
0.34483394172384857	0.0	0.20085765000817085	0.18487046022721237	0.6908210194371551	
0.5500516117069318	0.7050950531142862	0.07333625274233412	0.795652838457165	0.5011663755302692	
0.1999455721790243	0.10263284980471347	0.02343146181571155	0.21231435510226995	0.2852604192531591	
0.43924294236960093	0.3053789738710724	0.09729261731595609	0.44931517638800944	0.5972883201712204	
0.2324988583779856	0.4308008961380158	0.0	0.16303744030964742	0.538335589980247	
2.6531598618359116	2.781085930986096	2.1676735264607867	2.3390918381001744	2.100939370015784	
0.0	0.0	0.0	0.0	0.0	
0.1486111619746717	0.3734151427609186	0.0	0.38620108440297296	0.16073895409678512	
0.0	0.10696638336611768	0.1485876005636849	0.4584440649985485	0.5224148621918533	
0.12007914709316164	0.0	0.13398067343015704	0.3802494903399656	0.0	
0.10123094250516812	0.21524989335885628	0.09184775675526073	0.5760004945684407	0.8100918505457179	
0.4088927025193924	0.24468916309273056	0.1396406755754411	0.06018931894764687	0.4096602236374353	
0.20872768292821212	0.301029259300124	0.5316247393808123	0.5240084720968956	0.7033212834472009	
0.6640854214770406	0.3560874961348518	0.0	0.43922391084946977	0.26356284443631617	
0.3036606606312688	0.5278409682230907	0.5479353327529083	0.48333528185058416	1.0315662380141168	
0.21785771594244743	0.042196624342851326	0.7197183303256779	0.3068405619378592	1.040323616273053	
0.48904069994230176	0.2586891959178271	0.21767792598811989	0.31838843403195294	0.6573813299308896	
0.00536545913718982	0.18205981186204073	0.1724342202335398	0.0024942236573500245	0.06410178510827001	
1.1577612006867999	1.358968766698612	0.0	0.4792221840771773	0.0	
0.1791118213653084	0.3534233344679203	0.0	0.10707308716197898	0.3946395857954176	
0.7540388765881798	0.07565863194147553	0.14997100793621068	0.0	0.025846398288894845	
0.08748775906236485	0.5400466973606945	0.2424251232811589	0.008415883516294796	0.0	
0.0	1.422563724680959	0.0529902761121792	1.004353565123049	0.10623393209012084	
0.375998436130905	0.014037349169049217	0.49501810163174675	0.4955607899992678	0.3503058901311976	
0.3136899774177615	0.3875161589751463	0.034433896998593776	0.2884970848228028	0.2264901768213911	
0.2463981690131835	0.20201333022330245	0.15531005350564156	0.4363761145048055	0.2674312550411268	
0.15434668220310582	0.3881667308160297	0.17127519632784846	0.5013795806044358	0.5405286918810414	
0.2963517660115649	0.14121682038978933	0.12543774178729264	0.04025650838396852	0.7078214429752063	
2.5935030899889493	2.027497107742153	1.369859722071463	1.3031329890259051	1.0354617430775888	
0.398690857914918	0.4556039472058088	0.1298190313730032	0.37344439871046753	0.5642752846305371	
0.0	0.0	0.0	0.0	0.0	
0.3274117762291634	0.2297393941507029	0.6184624581130941	0.0	0.7813307994931833	
0.269867388920183	0.5619535741218065	0.8136133358384017	0.2074219177045116	0.7888785038839041	
0.0	0.0	0.3045264245187609	0.1660457556303255	0.16249237314261472	
0.06392350570440192	0.9861490671063371	0.5064783000334737	0.2264334664059554	0.2792753178213958	
0.0	0.0	1.958605198249244	0.3329014966557023	1.768218471266767	
0.0	0.0	0.0	0.0	0.0	
0.3397439965526484	0.19437410367142915	0.2307006938488939	0.3195446320829426	0.011788808153492102	
0.351444633339002	0.1132279923820704	0.3531629008816318	0.4554152882147844	0.5684562380997453	
0.4381258151745579	0.33590074185587043	0.1725314748191662	0.4900145105127321	0.30362245740498106	
0.0	0.0	0.0	0.0	0.0	
0.3619428108510033	0.0	0.39916611480034336	0.28506302022898583	0.5551519844661256	
0.772089228718794	0.5812353576837553	0.0	0.9119259956386084	0.23031028518048363	
0.06498944994442034	0.1336320650692874	0.12335898254147658	0.21735701770518523	0.00614854831851553	
0.6973716432268404	0.4405642517678828	0.019261977351478624	0.7423353812311729	0.121795064376902	
0.19395057896454979	0.20415746216957445	0.0	0.363873436289972	0.5173287579736702	
0.6210774050414052	3.045884465630926	1.4013648343801304	3.5089614518778403	1.2828331989942743	
3.1896788658618265	3.2058078605617775	3.444250821021116	3.30503342488761	3.293124057790015	
0.27496725827783597	0.0	0.27498218393809976	0.20576754769926725	0.3601670283472842	
0.15753685698292816	0.8724091738145574	0.0	0.41841461264744817	0.08394070628769386	
0.2745813139022013	0.6032133768524851	0.19319512927549667	0.6969727754036558	0.0	
0.2934060956739728	0.5708354685059038	0.5935147956538861	0.38620539432122053	0.3282021206440219	
0.411668930540721	0.25184087311596	0.26802276562651844	0.10068724628677773	0.5544151583836301	
0.16241299647459786	0.0	0.32233606432630796	0.12247010810320691	0.471041005848894	
0.7700691735054346	0.3549762992885596	0.5737819145997146	0.276890591227345	0.23167136488381324	
0.6273595730137513	0.47238688542768464	0.5734335127811874	0.467826683363064	0.43249349936994297	
0.2577294326784881	0.3254786267622468	0.30989068991912627	0.613818135636634	0.261503524862629	
0.4952327086839964	0.43877650156586284	0.34462085855617397	0.21269921247931833	0.25316898719242475	
0.31017914188831075	0.07382261975545015	0.3009850547380255	0.18179993522860172	0.24251151564023932	
0.19801358762867746	0.45434204306496784	0.258347954518872	0.3011928107287779	0.4476908494407182	
0.20022568228950308	0.0	0.9230878678523486	0.27593914909872874	1.0427664877927025	
1.5181210267663923	1.7871030952789937	0.30214436300721115	0.7689794066992179	0.0	
0.1668635979991285	0.07503882827512368	0.29987527659716207	0.3862660438858227	0.24813099271229933	
0.2337292792645398	0.1312091647633167	1.7464843584630123E-5	0.0	0.4323924153668529	
0.4383504345205572	0.5796513906259825	0.22279045626655447	0.1341434953077756	0.2375317912459742	
0.642956632703519	1.1506083674463905	0.19110776623370182	0.0	0.2397449805997611	
0.2899372965163737	0.4486232350481388	0.3904796324403982	0.10023997814181118	0.4299991216954843	
0.0343315619278101	0.24221284790795564	0.41618619974678295	0.4504932126499265	0.7307973850856506	
0.3901419328284431	0.010950675853843178	0.4282468177941936	0.23601250562309328	0.47819524960954407	
0.2128975126533793	0.4388656587044149	0.5360757704705917	0.15400553137159906	0.7591585149824124	
0.0	0.12834921048683035	0.4342333103305121	0.026601392767520705	0.783255189841956	
0.0	0.0	0.23346545704109112	0.548123316364056	0.5313423428023825	
0.053059685046333904	0.7817505386574201	0.8022989992290415	0.16540633710565403	1.0837803903903884	
0.9581636383881103	0.35334003472069114	0.004831957198856412	1.344981822571737	0.04583279314077532	
0.1285560691548042	0.0	0.0	0.5163760389737275	0.432544340794836	
0.18565619765721292	0.153255963329845	0.08174471277137839	0.2822661329466283	0.14675283675604622	
0.3083930300988953	0.0	0.18435445146446228	0.0	0.6641846723850982	
0.4717669102636369	0.5140384680963946	0.3466124527661479	0.5343704056568852	1.5115693302888988	
0.1360264062776573	0.3652915944723121	0.3310789375168206	0.21787993907259673	0.26497062372125607	
0.07722781274782044	0.5305959961688796	0.0	0.8088165958462629	0.0	
0.08712644896777279	0.061392830204131145	0.3224805185799376	0.015621485131968727	0.6177743286408731	
0.14438528723946237	0.15614144186271917	0.91278161068045	0.4500624365510253	0.9321428824666279	
0.3092570843049494	0.35986500674786953	0.49086422574961613	0.24771560297387712	0.3242369707443069	
0.12074990831399235	0.3866337960980487	0.19363913121244644	0.10515910627914389	0.37615467931088353	
0.09218216966386734	0.17756953264249856	0.2074689930512293	0.6229856278879998	0.1849119046369222	
0.20569586862034778	0.3457207259632471	0.520555063656914	0.12195131800747298	0.3853884159728489	
0.09835066198793106	0.018778734616778436	0.5589407862695907	0.0	0.7970538689764581	
0.5267482180432237	0.7643271204952513	0.22586649870910455	1.2110081824495083	0.16629052954135928	
0.8624414414936071	1.661762114715104	0.9021920571643417	0.7273725144009568	1.1244603142960374	
0.4858792949204301	0.03884764779366796	0.33230022891922384	0.41714958495968885	0.42218538314392373	
0.4681858691434455	0.4612943909724762	0.7131808661250485	0.5202585407713175	0.367190912611094	
0.2184339767125024	0.06083061944726891	0.7274254649686672	0.0	0.026091190059738905	
0.2527377952298624	0.21028500120998558	0.5838188184676685	0.21177476029397507	0.6479263821088477	
0.18007148198939602	0.06655683211185148	0.61543387642661	0.1771907524603667	0.3473948523156164	
0.0	0.0	0.0	0.0	0.0	
0.32261316245499844	0.6164020171025236	0.0	0.0	0.19193474079107647	
0.3202551561425272	0.35638192691115966	0.014807984380368892	0.26769373635706556	0.5674212139305662	
0.21866417162873508	0.07991691177939933	0.08714079284365583	0.20972905896279956	0.5122650352791032	
0.392235369881835	0.42997003378119053	0.4982768170541986	0.3889151082273653	0.30141458097036145	
0.5749991112507186	0.6000542628881093	0.5708523998979792	0.3288046382918399	1.003346317040759	
0.31820715040066366	0.5730231116084935	0.6712709426878096	0.2814695031326472	0.498630797565343	
0.18111973172164622	0.4608968669150693	0.221029580377327	0.0	0.3972570270285595	
0.0	0.27031228496019766	0.0983744390490552	0.21812084924565692	0.0	
0.14955495019779108	0.0	0.32056105116260264	0.45269091954505275	0.6517855721193794	
0.09780267412338162	1.3389643408885608	0.4385155156746547	0.04949385138647813	3.020692036129464	
0.6092911410489967	0.39483904055124847	0.8844870347728473	0.48835672699955485	1.4507733112056846	
0.24530140494530286	0.0	0.3447131139093603	0.2302396578296028	0.35479321361496075	
0.38047265067150454	0.7215741237268973	0.442850582769718	0.21562691857038147	1.1669697941488366	
0.0	0.0	0.0	0.0	0.0	
0.5293086853235788	0.05106555641626429	0.6065907948346522	0.05613561834329811	0.416015521481422	
0.0	0.0	0.0	0.0	0.0	
0.0	0.0	0.0	0.0	0.0	
0.417241051743277	0.33462235457532613	0.03762942600237254	0.037512317808761284	0.845507514148964	
0.29114798459518926	0.0	0.5555011309463701	0.3792664083298809	0.4058248465232076	
1.0940672738918842	0.6216054653114019	0.48356507464842313	0.4851707125288454	0.28148723843697865	
0.2723417399362745	0.0	0.4088153479732293	0.35852032955863966	0.6336226006985332	
0.17911365855012104	0.0	1.8443138623760076	0.0	1.1756190032001053	
0.0	0.0	0.0	0.0	0.0	
3.4804037726521377	3.116656593602182	3.8586223500196533	3.514868465596713	2.922116327099359	
0.3070841484569437	0.055267340061544386	0.21317266057641238	1.3415494119263006E-4	0.28317935359134433	
0.33639728076200787	0.0	0.26910471253274704	0.24989617003351688	0.22614580955448174	
1.6030095608188515	1.0251811215428162	0.8247159487292305	0.9389794442462808	0.3582321473985407	
3.5032308802912246	3.815637214809989	3.8148146932389593	3.370394256077801	3.5542271771680882	
0.0	0.0	0.2202095634577036	0.13594880269418214	0.7321054064432619	
0.0	0.0	0.13706335120604848	0.3099166091500321	0.8773748823901633	
0.05596951530417572	0.0	0.21909166250875572	0.40352276245035135	0.4181199427848599	
0.7520824161382933	0.5209671210661234	0.015936713251214284	0.29515942419759555	0.14552937806569638	
0.6514818384678311	0.0	0.11954231178610665	0.40391176037057075	0.2013527694026462	
0.0	0.7502715666389371	0.5707555965098581	0.23979114622252096	0.7826517629057712	
0.5260480461853606	0.8840594915682717	0.975056609255973	0.704390487167167	0.8651885739228667	
0.8430983052235328	0.2565562173512446	1.0602961928972037	0.2477330134446737	0.0	
0.0	0.0	0.0	0.0	0.0	
0.0	0.45593523380267525	0.0	0.320532357218383	0.2724207887215392	
0.8682484018792666	0.4032391466061396	0.578492936270167	0.4919802789123159	1.0367214390987387	
0.3421917827662847	0.0	0.22708390707563114	0.0	0.43937873732981136	
0.4600510624314397	0.1557370463781297	0.8149507721133322	0.23677154265438463	0.8709348829184462	
0.3757046290280395	0.0	0.24072408042203974	0.60419813354632	0.5560351068840663	
0.13413007999870133	0.027512821345572612	0.12055439837206279	0.16665518300752077	0.5938644911106106	
0.05211067644958286	0.49950388164387133	0.7809689732127761	0.5381197476007687	0.23873005033616532	
0.04665618956382904	0.6612229797638571	0.49989837282119	0.13983575414573213	0.6941484622861064	
0.1408072283425364	0.6394741078366626	0.4739223939807584	0.13388189314445006	0.5929103144065035	
0.37925216310339066	0.3129195288517095	1.0836703830802537	0.5371811298357416	0.7146830334873947	
0.0	0.0	1.1463154337620005	0.0	0.45940673942745486	
0.42134059721290446	0.16356774847271674	1.0687840397909372	0.05070652673812641	1.031928920596026	
0.29822169601431664	0.6973521261322393	0.023789162552104722	0.1592988501261529	0.013480536996715822	
0.3640229029735191	0.43960964141161424	0.094741848854594	0.08674358608738936	0.5581107599828369	
0.3270080141648667	0.10289506536913035	0.36180211856463895	0.2791186711755162	0.45564115913265163	
0.0	0.0	0.0	0.0	0.0	
0.4032356257298632	0.3738825431833787	0.5697993176311109	0.1548675878379253	0.48029392781683494	
0.23406179071626235	0.1153615466062367	0.3753594219401126	0.32887576236713495	0.08095327672953526	
0.3844801573281093	0.35745431445724596	0.30047657237885195	0.0	0.4710875343526837	
0.07283940320678055	0.23866793055344135	0.43521297467639086	0.2898571573393368	0.43003644359639775	
0.3800069289983576	0.39425681196440976	0.056856021861490955	0.1364801394206961	0.5137565134930665	
0.623515333830501	0.0	1.2053842947390752	1.3709868250048782	0.0	
0.0	0.4603270947239906	0.0	0.17748545292892104	0.2440458939033691	
0.1753830062854823	0.0	0.4430973909286268	0.22228546033018512	0.0	
0.6456263034558692	0.6938065811672053	0.14255225338651165	0.22651481847739385	0.37365647478671343	
0.4670688166173899	0.28117805651135097	0.7704497618682556	0.8264687793275509	0.20061387579701648	
0.5910166695827346	0.6168247648233046	0.24961201926881876	0.12229689472931687	1.4056228902072592	
0.6317341467495342	0.13214408057921598	0.0	0.7418308643466901	0.45855083923772366	
0.503530413124892	0.3543981603966659	0.022567097744571007	0.0	0.052036301991853495	
0.21214518341511276	0.29424138899791724	0.506006916893203	0.5271597636919473	0.5751145116708396	
0.0	0.0	0.029534222317292507	0.6574773689751158	0.46583987103543034	
0.2515055436728737	0.22607135423325886	0.0	0.3664285795852534	0.14401293572088833	
0.35974385117018265	0.36287782182519807	0.22299220850181475	0.4875935327312104	0.019939528650261003	
0.6635779554746422	1.910048452512121	1.318684401456457	1.7425561622110461	0.7251732489829426	
0.3158993407329293	0.07009706897909457	0.2670348903576902	0.1602586950428003	0.0025672360735336927	
0.5231921792398961	0.40532784502433383	0.8198117208855857	0.1610829138090743	1.3541854233050472	
0.0	0.2927727453997175	0.5896277857734544	0.41317191983262386	1.1464375449215662	
0.28604284001901836	0.5661788787236796	0.79989673136808	0.27122515628127475	0.9453802816916148	
0.4284824177765131	0.0010906659334929715	0.9544614132180869	0.0	0.5862408540036734	
0.04129863880628618	0.8711245453673926	0.08151643100926166	0.12193493333125975	2.3145595382811117	
1.1597214718857518	1.3549168231448274	0.9224413882286033	2.3022164171922257	1.440709005531557	
0.38026706785456743	0.30844881544012664	0.3812609546062179	0.05447432676536044	0.352616853107416	
0.0	0.0	0.1105943925906453	0.227875294111032	0.41645034728051045	
0.4759664158713363	0.6891445232657467	0.5035419074492964	0.6197611485239738	0.5593390229530733	
0.7061837438526539	0.29037173644555103	0.07919313013947879	0.32072510390437553	0.6553788415812898	
0.5543162283308981	0.0	0.3457276093726174	0.32000606088272154	0.4898472090650879	
0.2076931709609931	0.4836358111369524	0.2474912176180087	0.30074856137794626	0.43167576206112107	
0.5479867180263336	0.13857454574295258	0.17925466873017873	0.4274737751491998	0.1256244613887824	
1.1934644847130822	0.7043022821140166	0.9392186591338112	0.8621966590580957	0.40813720024639716	
0.3374374913843863	0.33157776133798156	0.17357141103203105	0.2211304663180714	0.30122772663433334	
0.24712115101745674	0.0	0.17580597333671844	1.1947016781629907	0.03964815799274594	
0.06825092449439873	0.0	0.014964903358236713	0.30958836182061833	0.31177844208832717	
0.35562398632476566	0.15140747436663723	0.5364390659562855	0.35541002140967787	0.9699772964030603	
0.0	0.0	0.5229754665372993	0.0	0.0	
0.1449107691210631	0.0	0.22383366211322606	0.5407480496520437	0.465024472622926	
0.5802195686681689	0.15740529302273384	0.29488254830685595	0.0057786022948986505	0.38498750668023035	
0.11937433543683351	0.3097774533124895	0.21611050252361502	0.495270009095727	0.6571209025131219	
0.010596193431488035	0.6780466054631665	0.2560037702806865	0.4413721867705711	0.1861063192768472	
0.45483036005893784	0.25817784779833824	0.33662400066872916	0.0350122606262875	0.34025194378053053	
0.4456257974171025	0.38486551249668965	0.2700056212687284	0.0	0.48202853908388904	
0.0	0.8770553924792458	0.42476969399746634	0.1661820441510811	0.1396261392774862	
0.9793403587034694	0.39976082568692	0.709728363336739	0.6298103018201113	0.7567193129512391	
0.0	0.8101623037690779	0.7249296228105226	0.21376328947314	0.7024823948011715	
0.3648166037078972	9.599681306536826E-4	0.0	0.45075017554466806	0.15059991220660046	
0.0	0.0	0.0	0.0	0.0	
2.1877762317724954	0.5320328465782793	1.7615514736440756	1.5108926549514756	1.0029847026904857	
0.0	0.5357976708129629	1.2023416894559293	1.400013075570064	0.0	
0.202603723627738	0.011485764646284844	0.5632727857259413	0.1638811547497173	0.6946130668812927	
0.2924105421857264	0.09480710083625198	1.0006097569542067	0.23021290423856705	0.5068991335153049	
2.1799591427013807	2.1718117094515237	0.0	2.1271601539369827	0.0	
0.6447164126869676	0.3598299120010071	0.10276830044344043	0.9575343145321779	0.6396101257412203	
0.5345322496527486	0.22055922806574735	0.0	0.41575497950390855	0.48887600813215976	
0.0	0.26975815095985667	0.0	0.11957893771675694	0.3624910626699032	
0.251879997074078	0.716069066589352	0.02623170095920619	0.3418718241335028	0.3950860813733898	
0.6792512822116196	0.37656118569815494	0.7789708788016404	0.17312999559067752	0.1702222496391949	
0.30419189414191355	0.05072956217726303	0.5360777387524752	0.14660324947895978	0.5188983913314869	
0.43309773424133213	1.6317898779491031	0.45624423591677443	0.0	2.6441433679200044	
0.20744485096993087	0.0344729718786081	0.2280128114339865	0.11922069308862882	0.13771362026016623	
0.0	0.4180043670123207	0.09619516955097832	0.26349353774416123	0.38461712191932357	
0.0	0.0	0.0	0.0	0.0	
0.17339905245651235	0.4707091956189911	0.2663564658810276	0.23488899401398	0.9050252418622913	
1.0526802863868732	0.4246751412903578	0.06673143264339781	0.7190357228608132	0.521825833016761	
0.6685171516341808	0.15047738997349308	0.6938865943724304	0.4201822383946494	0.23655236293979628	
0.05762601466713362	0.26209807311537003	0.22061906194367834	0.47213030505163267	0.14600657365305697	
0.0	0.24487396961656055	0.27241600283027195	0.5937355332193757	0.3371835311612933	
0.4444345679320565	0.7076763760699755	0.027120884984624172	0.44331708382252527	0.1172532714476209	
0.19814536861303275	0.3731089714872541	0.0903572509137262	0.4269318702171269	0.2372189572330362	
0.3557787907620659	0.3539867926217983	0.5349212658687442	0.4407639952803451	0.5616403388314608	
0.650906921624588	0.33938651823121285	0.14361570305389001	0.5243737074384237	0.5249351864838072	
0.25844017486271686	0.44846149309372835	0.15221530196938643	0.11233784943596321	0.3175597629332263	
0.0	0.5135809279741723	0.3137261783296774	0.5480092141482449	0.6596167741930936	
0.36545840419528935	0.22106853256520992	0.04332199857101732	0.00365089871852013	0.0	
0.5207392562039335	0.22961324022906848	0.6927747955893352	0.11913941836064237	1.0542700293864242	
0.09903792994688834	0.0	0.0	0.528100009992352	0.388992852389696	
0.26750672072192927	0.5188485687852422	0.1630329012519982	0.15633978770933257	0.4398534890980266	
0.5335915865848917	0.28209114886912484	0.0	0.6115081680360509	0.06717715828259355	
0.33500002171770854	0.03752177549564024	0.49938877579333696	0.11050301635708339	0.5715922974782556	
0.0	0.0	0.1995362635728803	0.6213528107966988	0.12756238728362373	
0.4610372374518927	0.02450869718422687	0.09110137713199591	0.3576591456660215	0.5901478299746273	
0.2903273427951308	0.3573411240060367	0.10114253401628025	0.3060795513645951	0.12411261473332205	
0.334685695835834	0.0	0.0	0.42331306132135915	0.0	
0.4504475672869539	0.09466356720087798	0.8684019737081615	0.817644567606178	0.024228747736942446	
0.2990784150516969	0.8325668442770237	0.08568531196457148	0.7516010772175132	0.39531493037509635	
0.0	0.1554843316627664	0.03486088860250877	0.6728620073233784	0.3243987579473673	
0.0	0.5674807176650631	0.0	0.3752046051796464	0.3556873051186681	
0.32737933094580335	0.178896050446106	0.39354365879467584	0.0	0.45341187151180035	
0.5272446086019367	0.10760227518989306	0.7216424950644399	0.3071113398036037	0.6158244088540004	
0.15948265844764137	0.29790994628886686	0.6523277235751679	0.29663987578064993	0.7279759981702045	
1.1241777810538682	0.8002739451252039	1.1623377500256875	1.30838228912495	0.36256266044608787	
0.13456690624561846	0.432273015031673	0.5487694676210194	0.1950525210776321	0.714834914867459	
0.0	0.0	0.0	0.0	0.0	
2.6843214749791144	2.3892251354967473	1.6217871162998816	3.0806933334589113	2.25558666714943	
0.0	0.31871011689151174	1.5367840513274003	0.0	1.5986183014424722	
0.0	0.012086152897366493	0.09485871899691731	0.4906150231120789	0.301182696378343	
0.4743265394724067	1.2680465252372357	0.2707505165388692	0.11992833232400105	2.380992116947972	
0.49493277723463674	0.0	0.28124591060435744	0.16271431464863428	0.4403185401764273	
0.29032246517143834	0.0	0.4385047265685552	0.0	0.4216098703885148	
0.2964251969541331	0.17250496861761622	0.6526550777612699	0.24103889773217432	0.6705172558287381	
0.18142950892962045	0.0	0.295943485082279	0.0571074114864277	0.22813420078766522	
0.13560707490160487	0.20745167397013392	0.25554725730710376	0.2852273966676648	0.1590679719023937	
0.0	0.627957645758069	0.0	0.4741658976210192	1.2828462683775328	
0.052186499669208734	0.8621699665349533	0.310342191596695	0.003179976396817214	0.1406032250910898	
0.0	0.0	0.0	0.0	0.0	
0.27939660431312435	0.5876685668832757	0.0	0.569467684177997	0.49396845508380804	
0.5722870491109157	0.2290448315768965	0.5013978726928365	0.30792781962326055	0.6181662055793897	
0.46778411199327014	0.32165676913236896	0.5629414302120623	0.4306106904197483	0.0696675324663639	
0.17764706441424377	0.4359366038142946	0.0	0.3834827961712734	0.48021453178732587	
0.3727425968196872	0.4999605223174699	0.264898120046923	0.7699901433665441	0.3536942745389804	
0.40475906674679557	0.4803346798806753	0.21552804808515783	0.11724681423785517	0.4102621791307158	
0.05226400260788864	0.3531064350459516	0.33430314813884315	0.860025242369916	1.2287198746477666	
0.5354560293296926	0.8815372198620652	0.37359215653744515	0.5349662378184951	0.09975544403180445	
2.687629390862067	3.0114083903462854	1.8150359826729838	2.985431994457451	1.730272438816138	
0.502344754838547	0.0	0.012520809117066557	0.5885647438827778	0.186723636985307	
0.43809513503685305	0.1430615409487361	0.3611106123981311	0.2484049222569644	0.1345090250432191	
0.7583854958525965	0.2884305822095009	0.7510997810255023	0.24679669533967963	0.34378578377471164	
0.05869617081136711	0.6451554733401648	0.3049584157794175	0.5131406650530136	0.6395605958632904	
0.3533316409748032	0.17506605415452892	0.0	0.20768183406464283	0.2906371685256905	
1.5174761721893648	1.4926754794964028	1.358779261153351	0.8412400354425118	1.3090235170659108	
0.820099142681209	0.02063673418356275	0.0	0.5140440955690719	0.07732202957513586	
0.056407489758742727	1.0366635939443103	0.051704543405828314	0.0	5.89321062135997E-4	
0.9641401397979523	0.40611069110671644	1.561209087414549	1.2446161891020169	0.7347141392490132	
0.9596456189373985	0.6172235752948817	0.7309148237682743	1.075630927087592	0.21010036116002176	
0.24359222042855036	0.08254097090892375	0.20771087854521766	0.37036604963237824	0.3481703822192028	
0.3375569570642991	0.4646637303976362	0.05215205307145512	0.0	0.0	
0.3369731039982809	0.1331124589518858	0.2542752474675414	0.6470537310587646	0.3058176246144814	
0.5782413987646394	0.3499597221930995	0.2531855334558378	0.19707965740149072	0.750373823478022	
0.3173602795796127	0.7380428053156733	7.916560114716401E-4	0.33089693041222257	0.0	
0.39827142798958065	0.45383227992626085	0.3956443909775746	0.6353662398001142	0.32739400262482166	
0.535422516414096	0.8287478570627294	0.5386260622121632	0.7293937956069189	0.8458481532555948	
0.18110141228692095	0.21993642254456908	0.46698097792662796	0.2493960753781323	0.9917949034071406	
0.0	1.1222490387479047	0.036318636883018465	0.4853140292655183	0.0	
1.2154563879665161	1.1116237639820488	2.0836071214808305	2.7594950644968144	1.2452073970145021	
0.0	0.679810010047851	0.13542065840253767	0.1570615975915981	0.433779636826865	
0.03391785107770537	0.24306693193122372	0.20282296488842616	0.0	0.43032024399645963	
0.1516544612863358	0.25996183458414085	0.660717498092836	0.027835004067837073	0.525525637672139	
0.0	0.42253861754993827	0.36920665607398423	0.1779912106504984	0.0	
0.047985395956790175	0.3099224386094985	0.453347460304585	0.23386649643466487	0.0	
0.3981876881427651	0.4681959839089597	1.182387248158162	0.26530272085634005	1.332107327516823	
0.3735620454843306	0.09210876736751787	0.294427010918316	0.15297402409468958	0.41017513900886055	
0.6557278711311977	0.5633840629128548	0.1180229653717975	0.8780252638553019	0.36358066514037424	
0.1708565745050807	0.21742603525522636	0.48552659229558787	0.2647447756517351	0.6192189704085244	
0.0	0.0	0.0	0.0	0.0	
0.8756044567912331	1.7627807141878418	0.0	1.0314497252415373	0.08753433285905404	
0.22176837193832455	0.0	0.601066556328554	0.6164903457712931	0.8893758392715625	
0.3638896286029457	0.5084592177928383	0.15001292581005232	0.06815962180282528	0.22249157498964572	
0.0033579610985051203	0.020453670835450428	0.46493009893894044	0.46532596011918714	0.5963713858625002	
0.8179054155703689	0.25241542393705024	0.6570581437563325	0.42382307588672785	0.7030240503567969	
0.2165782069875034	0.536118238841678	0.5655899145324934	0.14901815715687122	0.659780478978606	
0.0	0.3471139131939563	0.3501872616151815	0.16633016756213947	0.48695176846895466	
0.3398745533697004	0.24341417408413984	0.18108118803665094	0.04318216553152613	0.43500486973936997	
0.5044084158410119	0.0	0.09250785639857866	0.10108474525308739	0.5698995100997273	
0.5740101417910926	0.44549720005726867	0.6979635748798331	0.06653738936809918	0.6243631444839919	
0.5358186615039365	0.29061659662520223	0.3175206456710591	0.3331467543526293	0.2686114966277237	
0.28610297608178203	0.8067395784386718	0.470512862865854	0.0	0.2652582912448785	
0.0	0.655725536745846	0.5641372762700493	0.14128390981504696	0.6270499700243187	
0.0	0.0	0.0	0.0	0.0	
0.5147324235348616	0.0	0.012197145686905341	0.0046036749155934885	0.37137487052557544	
0.34994007467279376	0.23638330260605359	0.4605670055002531	0.2707933518524691	0.2545387638732605	
0.13370208660965205	0.16583211871660192	0.8081030620337897	0.7355124405492919	0.3485410139771842	
0.34118716405723665	0.5691466434218962	0.19722931387804638	0.1640001966495303	0.9340745033974746	
0.0	0.0	0.0	0.0	0.0	
0.0	0.17702991656056938	0.0	0.373352871356185	0.22596858847983603	
0.23917260414914343	0.1209375677240172	0.09753741524706427	0.15276422764544667	0.16573792317450906	
0.4802742677962994	0.9724339401525419	0.0	0.7488276100227671	0.18966701962416777	
1.315082268808059	2.0673943487022344	0.0	0.6265773736205043	1.4132554538847093	
0.06540106040241923	0.3686171271334231	0.39404910923608916	0.1252253076830656	0.10453690862027773	
0.3314979978046489	0.5275404754591132	0.20498996128530086	0.2346213823358596	0.9522131454117437	
0.0	0.06759138849350241	0.7857539949590462	0.5186406912981829	0.6768355732524461	
0.22446067927269914	0.5255563666520535	0.16972944769583756	0.1594918916812764	1.3355056931372509	
0.4644175031151525	0.6366919493903971	0.37168560320820765	0.16420456225195393	0.6063176156421987	
0.09893915843721104	0.1938230286054203	0.1935442684754469	0.5767078690195262	0.3211988522034485	
0.3378058525813217	0.0	0.18299001143816	0.5241842692652595	0.2863396228514436	
0.2363020031629775	0.6304749171973847	0.3641499898547076	0.41993972862497636	0.508847069447667	
0.087385483019966	0.29377229893748324	0.6232537671853986	0.17171193962311862	0.9269377424556928	
0.08918764932895838	0.45426020807207174	0.16442992373348622	0.0	0.38780305289256156	
0.20494563232716356	0.40184381253718865	0.5781207359061474	0.23061628865999578	0.6011455668018209	
0.11332489539626764	0.0	0.03141939175609975	0.5743195154434805	0.3242898827610301	
0.4078707105658928	0.4080912233013468	0.572862013330087	0.0	0.17899989620564555	
0.46593895136631885	0.34828016962518826	0.5562013620339322	0.8649934380416017	0.13965917597327523	
0.33774775826698467	0.19059462448479017	0.2073408922771686	0.4189636937966835	0.4110355872687669	
0.3393605252343818	0.10259301781040879	0.5902877560787859	0.5106500948178179	0.2369418331109645	
0.3341288535813484	0.34014781780601877	0.3760002805523796	0.28810552845424553	0.21570885329305492	
0.6313193399110878	1.2470494317845926	0.0	0.6222890871142579	0.10197647941976005	
0.4741667713950421	0.28983606079964247	0.17419318072500284	0.4593078006234423	0.14999147205206487	
0.3162310230856781	0.40348423806350736	0.6367696081892273	0.579567020023933	0.6530134844842752	
0.7926347216871632	0.5495644203360259	0.6548721554531012	0.37561001066641303	0.11909825555029158	
0.5707075558087987	0.0	0.0	0.9154915100551162	0.19742626128696583	
0.0	0.9543747306406116	0.28324042479656414	0.14668458511030424	1.7824869290096192	
0.6381788479915064	0.0	0.9005181818718615	0.8610012042481321	0.27540913180489146	
0.2057081841168664	0.0	0.449270279754079	0.38507989387821145	0.5592121935726904	
0.6677065920228726	1.4626239003945722	0.7310523912311844	0.5313858025934121	0.5635604029101599	
0.24331888421567607	0.3948308666198166	0.511910298102632	0.16857632324084393	0.7931066345774647	
0.0	0.0	0.0	0.0	0.0	
0.20161189830606865	0.6239402590997719	0.08378971779642187	0.6898884306219408	0.3655382080396922	
0.5788209964793684	0.5821388961134344	0.3307386694042976	0.2209854716392199	0.07433876332374138	
0.08326854313101087	0.002916827373005299	0.3905953995950693	0.33733604962832797	0.5010777719105087	
0.6082298464972649	0.2350185235306197	0.3601727412328204	0.4714167509292243	0.040974821605553165	
0.8608580194862175	0.5289032215981784	0.07997200176779254	0.6815237662215813	1.2209593884787364	
0.9104040744658554	0.14993033260808916	0.3731165541499319	1.1689531142707008	0.3192977901318541	
0.0	0.34857462569331055	0.780105447398353	0.6127187329256192	0.32694785930810666	
0.07966689087677858	0.20518674240401885	0.23107624012229366	0.12208002661106636	0.4244498588662235	
0.6870978994562098	0.318685200686076	1.3020349855916846	0.11770994889636073	0.8411826354530411	
0.796288884296595	0.3490052603298405	0.3931419251252075	0.21931970343622242	0.0017277761323149423	
0.23711301448691413	0.012193809725426148	0.3979504618594725	0.25562466703629116	0.2758754696053787	
0.006486997261896558	0.26969060466196326	0.0	0.27269489894155763	0.0	
0.1431757916503773	0.3747704210773239	0.4156950206233585	0.20802655815585222	0.4375300779280499	
0.8009428081692309	0.16113064750498368	0.6160758938027052	0.25352055521976213	0.6766834338547661	
0.0	0.0	0.0	0.0	0.0	
0.0	0.6080903636860507	0.18945303257870938	0.41402304181055766	0.5414757879087121	
0.25054263545816846	0.08979023030618445	0.5556371487143675	0.11307937185161376	0.537905633401665	
0.7347669626932246	0.475576285620096	0.12369722468574675	0.0	0.2863702798866271	
0.493206479220973	0.7749610182065872	0.4262924802666629	0.29000816113245653	0.39181062190102994	
0.0	0.40525956305828453	0.3328053990722087	0.28495597696135716	0.08677369069917386	
0.4901119840163163	0.7131973891663872	0.3380836919752428	0.5097921510788921	0.08508912033958646	
0.0	0.39669638667675644	0.46690313216944435	0.22161984037526128	0.8302236205557006	
0.0	0.3511438545836589	0.1390934115336254	0.0647754704463947	0.6000194619158702	
0.09013991978956203	0.08393367345310841	0.0	0.3949777699022505	0.0015160344562425796	
0.02553509150233072	0.42304621938833187	0.06993249558622727	0.41420534508131995	0.5146278930636494	
0.4870455729777107	0.515724374712757	0.3461650622542225	0.6648216333276697	0.5865214927135513	
0.0	0.0	0.0	0.0	0.0	
0.9135051252160942	0.11390430808456473	0.44958690150213637	0.0	0.10705657319314672	
0.3248051316378043	0.14909613304219815	0.20438778507836552	0.5612687333169732	0.20896071670162364	
1.4313564531916696	1.5130452799221394	0.24983225613315557	1.2262100268105485	0.10261583921919462	
0.2869480894342325	0.4408076490780323	0.20850874422046015	0.4026930016313634	0.4943682291534784	
0.3054397365881646	0.6625940569362279	0.6000118343605009	0.20344308539999995	0.5548778635743606	
0.4013470219618255	0.4146936825097471	0.9339113881171877	0.33321211506561277	1.1549748004029494	
0.5623094983848963	0.5727099745013422	0.11231406674898425	0.0	0.6402186298436392	
0.7107773017813006	0.7692889007376097	1.439899518710456	0.0	1.6109506272367344	
