0.3029108832079488	0.04235688800235374	0.31293306680052224	0.0	0.11044264538636656	
0.0	0.0	0.0	0.3185851310114846	0.3584228398333306	
0.0	0.0	0.0	0.14604591784124454	0.3680575880218206	
0.0	0.0	0.0	0.0	0.0	
0.05588724325675019	0.13396779887876845	0.04971054100931024	0.05518293702942093	0.42149137505360573	
0.0	0.0	0.0	0.16038113687727393	0.34750859638535936	
0.0	0.0	0.0	0.0	0.0	
0.33324776328699873	0.3229074488267114	0.0	0.0	0.05163150100962337	
0.1118553183642332	0.0	0.0	0.17936175894004233	0.2765183165111597	
0.0	0.0	0.11282404504105775	0.4320014484913871	0.2191055082152299	
0.0	0.0	0.9361562627380652	0.0	0.0	
0.00743269911307809	0.0	0.1611433418596669	0.20735267402323515	0.16209122742062732	
0.17116306535773104	0.5669803164990711	0.0	0.5406112683547589	0.1184999468094233	
0.0	0.18237729757331012	0.0	0.0	0.4213086652476949	
0.0	0.0	0.0	0.5592926494293851	0.0	
0.38547955777618786	0.017238454895463377	0.1642778124571088	0.3649807944755736	0.35066063779668627	
0.0	0.0	0.5138704456328529	0.029051090149358645	0.0	
0.5726538969998464	0.31067394829610384	0.30664510807585393	0.457566944775837	0.15327133523777192	
0.0	0.2416878255741071	0.17766375653143626	0.07263919984197477	0.0	
0.15734221569979193	0.302178366863476	0.0	0.7940677622502722	0.0	
0.5667420639449513	0.39284048241070696	0.07805475504247372	0.06659020999769702	0.0	
0.5966377081497051	0.03262768272237668	0.0	0.0	0.09600952922768263	
0.0	0.0	0.06398887495986638	0.3265571170267981	0.049355889028769646	
0.2265683524763028	0.125244390911852	0.0	0.2129019912027826	0.0	
0.0	0.21703371044900807	0.6153732461143452	0.0	0.0	
0.34177334201903115	0.0	0.0	0.0	0.30646415354184253	
0.15820503146110163	0.2366299690722691	0.0	0.020491052264056543	0.0	
0.305126412483455	0.7214804058244522	0.13628843350890568	0.12246942350381534	0.06175516941858347	
0.1612528623557378	0.0	0.0	0.02776114035383392	0.39147933541662533	
0.0056865537694726805	0.17682882235577801	0.2607706567101221	0.20948053489368257	0.0	
0.0	0.0	0.203227054877873	0.0	0.0	
0.36033399182766607	0.0	0.03366059629086004	0.14177451521203827	0.0	
0.0	0.9738586744566813	0.0	0.5044030670392791	0.0	
0.24999682868553222	0.09452761500195248	0.262261598955509	0.031536016339524575	0.21357172519715242	
0.0	1.120624371167915	0.0	0.0	0.23082548867205685	
0.16452310460471506	0.3080671882995343	0.6069004964667603	0.1466735973301641	0.45680461012317625	
0.26589633413963587	0.0	0.25842108038720224	0.06155369003291258	0.054122504666266155	
0.0	0.0	0.15900324108946967	0.3667292962354907	0.03801338526871358	
0.04700247780305168	0.22979795292317665	0.13693226346957535	0.048432323782985405	0.1370217644298927	
0.0	0.0	0.12122656793503005	0.3815228443375305	0.0	
0.05998671169224884	0.10730749589211631	0.10018821735346266	0.18648337751881738	0.2773850423195205	
0.0	0.5034818676151951	0.0	0.1813262325381429	0.13717413770357925	
0.1635885574768038	0.13970993549464586	0.08268280794890752	1.0106355892011674	0.0	
0.8236901049186219	0.18620628640912645	0.42076242681392545	0.43976075123669234	0.0	
0.01154749206900916	0.20326314836471396	0.04714985281282428	0.2707578527273096	0.0	
0.0	0.29498336878641856	0.0	0.19902730041278696	0.224805442855475	
0.24554349268300837	0.149066196909942	0.16985779768316445	0.12756844737229442	0.2526409815867061	
0.26110314456138456	0.18331903658515708	0.3135961167730717	0.1386916834098837	0.15355074078486472	
0.0	0.0	0.8125686714151987	0.0	0.0	
0.0	0.0	0.0	0.0	0.2487645273381958	
0.06265571290685501	0.0	0.0	0.4923575719949784	0.053568416835368886	
0.0	0.4618764922020876	0.4016852372070917	0.0	0.14389558194552693	
0.0	0.0	0.003954456402891079	0.803026007769636	0.0	
0.0	0.397637804151387	0.0	0.18553003812000274	0.04568864517893295	
0.1893541012290206	0.11684585608822912	0.0	0.0	0.0	
0.0	0.0798514242896455	0.0	0.4416214112191478	0.0	
0.24720430261368392	0.0	0.0	0.0	0.0	
0.1791097231333025	0.0	0.0	0.0	0.14944465929985734	
0.34707814905460077	0.20511632636202828	0.05564211046622989	0.10038970347742168	0.030273764900264	
0.03628719375638464	0.0	0.0	0.22833214573788532	0.11954071192072957	
0.24647831899958797	0.10537461025774796	0.12745351330701493	0.07487808110926171	0.03741154125019831	
0.14104495302485046	0.07836065397801265	0.30369035782058673	0.2797835164914104	0.11945696343673265	
0.06122785058948796	0.0	0.3585168668617087	0.0	0.660452114528821	
0.025866483818613516	0.12716931554281724	0.05647997784309187	0.22380961064141375	0.053661188892116386	
0.0	0.19691683405259708	0.0	0.5021629266372587	0.08871367402752926	
0.0	0.0761590937091284	0.41477949211259124	0.01502942993464891	0.017812877688906666	
0.37769239362533086	0.46386063952711465	0.055380521149573855	0.14008581038702742	0.05942411034409588	
0.10052809774728927	0.20828227807129104	0.0	0.0	0.1170081024370515	
0.23052226559106623	0.4133769462076006	0.3544112555046362	0.40882989643958884	0.0	
0.07575662052421368	0.6885041417721992	0.0	0.06430481162069947	0.3408483657237534	
0.39753483675436957	0.3612411158134095	0.5792024118039696	0.0	0.14279513749630646	
0.1859246342162722	0.32198648199439356	0.0	0.15136368659222987	0.1686784262097127	
0.0	0.0	0.0	0.0	0.0	
0.0	0.6043154589567947	0.0	0.040707990549774434	0.10858911878427502	
0.0	0.0	0.3817063110613272	0.1381753376118788	0.10923595583792378	
0.22750593360006002	0.2806143394880333	0.2906463915671556	0.16070078066866392	0.010335391202207642	
0.06670584512464739	0.0	0.2208283870174595	0.2821072696069013	0.2990828867458151	
0.33903100980004375	0.0	0.0	0.0	0.0	
0.05681100763244845	0.0	0.2031229802706011	0.0	0.0	
0.03988210245809371	0.101347846075831	0.039506390882859704	0.05974101767733669	0.10996322150048903	
0.43958946550154454	0.0	0.007703237901963297	0.26946600961587897	0.21043250935912253	
0.1674709742859274	0.18207113770122874	0.0	0.1426733983429051	0.0	
0.5697841296683585	0.0	0.11101666717547988	0.6450421396892662	0.0	
0.11391487255910443	0.22566207659344342	0.0	0.24069877668812745	0.0	
0.0	0.0	0.296916600725049	0.38248745255316513	0.0	
0.6117321495690731	0.17902465181900756	0.6190460487798536	0.0	0.0	
0.0	1.3546887073294844	0.0	0.0	0.060559965029483485	
0.12978063663675868	0.3399155646143469	0.03490321828208037	0.20641207828572677	0.22343587674812884	
0.05059792553485144	0.0	0.0	0.20212920147142185	0.11809746608180259	
0.0	0.0	0.0	0.9640691377733592	0.4550064132182163	
0.0	0.004730436120038895	0.03784503888269974	0.2995734618327526	0.0	
0.0	0.1593258039656793	2.9779019285407476E-4	0.14454443358692393	0.052401830089131796	
0.3904302914325925	0.033346989047023	0.19168191015928487	0.4291184301208708	0.07812943013812491	
0.26645732161732283	0.1670954315045354	0.23166848433417267	0.08382175082252243	0.0016306200685738544	
0.0	0.10619976846300258	0.0	0.2181144653966598	0.10994953647120165	
0.0789508275550319	0.2861751178717262	0.1634580464241148	0.19814567752816323	0.04134017367417066	
0.0	0.0	0.0	0.0	0.30822491354499204	
0.02145213221032609	0.1614771660398447	0.04508183892519151	0.11246968389773544	0.4050501806686499	
0.0	0.3290050163151575	0.2652814200789751	0.15421178624213305	0.055243569100817104	
0.5962070845398861	0.262806736966496	0.5143276228537829	0.10785011562626917	0.03816733853070558	
0.25303834800103864	0.0	0.0	0.0	0.5544937145640667	
0.0	0.09578404622707036	0.07017035933331017	0.08401851955523666	0.2195169665565787	
0.08362883143821334	0.5584550179191896	0.5975251510999584	0.24556856490943815	0.28597924038799805	
0.16235128939447677	0.1198925531803138	0.46707081479945056	0.0	0.0	
0.5168016837589136	0.14031815052127425	0.23152980035841272	0.0	0.06370171882466713	
0.0	0.3187510531594007	0.20883686587040348	0.0	0.08728578106327409	
0.0	0.0	0.0	0.0	0.3175867775164444	
0.46448145341061164	0.2067309197221748	0.0	0.12248028318404694	0.2270025457707244	
0.1281582320415164	0.14242744810851762	0.2848427510102216	0.10938732987806561	0.058329737928803055	
0.2031918373748081	0.11445232996907623	0.0	0.48654606996966143	0.008897271354836606	
0.15269387244301758	0.2827868617380696	0.18292719285544162	0.11477666633953426	0.16214669701363432	
0.2963894266322393	0.10269919294126577	0.10815123313935487	0.11829099485884548	0.2959479340021822	
0.06773372037602378	0.42420351127151684	0.07498804268861753	0.31718556525354924	0.08371002131586307	
0.4204205013988735	0.011912654481002209	0.3099375141620627	0.0	0.0	
0.4790202282392587	0.3048093754644891	0.25899019320298977	0.3742724539270783	0.33127439524660146	
0.45530748462367826	0.22361260451650802	0.10962872242498431	0.19774828237646863	0.44746771204689834	
0.09520131854324373	0.006836053954848992	0.47615225051908733	0.6710451946778588	0.04763776640320146	
0.0	0.0	0.0	0.46867414561641585	0.0	
0.044463488086534525	0.007094424500935194	0.422609404273063	0.06317951412118648	0.050675662125059466	
0.06559572596650769	0.0	0.0	0.0	0.07876361561003112	
0.013765776118001071	0.05111478234023391	0.24810282182247648	0.5174021643329476	0.07528515681473165	
0.0	0.0	0.23379851073586605	0.21251449213366788	0.0	
0.38542218258599475	0.04005502496943107	0.12296706418477962	0.4796172032484449	0.004454793336847614	
0.0	0.03202807873087985	0.00915863107561564	0.03456891941251826	0.0	
0.28426954757975254	0.3068565585803796	0.18594498249831762	0.371901444287921	0.0	
0.06552820575617742	0.6074792750745164	0.0	0.0	0.14453023587566374	
0.9986800007749654	0.07986920976348554	0.011610711089052473	0.0	0.1373153704992241	
0.0	0.632409184096436	0.07598272191097921	0.5039600447055754	0.0	
0.11686351666854287	0.3257557503991497	0.33690463000690846	0.0	0.2129090350367295	
0.0	0.03779272491997615	0.19128428571992342	0.05511948180727634	0.1441446561789301	
0.0	0.0	0.0	0.33868353949967356	0.10118733753601392	
0.14094908927168126	0.0	0.0	0.26923045127267703	0.0	
0.0	0.3117251298664533	0.0492751677184048	0.5326132966397263	0.0	
0.2402754176886874	0.1722127619941483	0.008882602205398007	0.04872009467823475	0.05537743705502415	
0.3327475300084535	0.6252123311453864	0.04027799518316529	0.3040174562033862	0.26272370575170934	
0.23936498590456184	0.05335837025112073	0.1867384711490388	0.05993886436642019	0.12201577611025716	
0.02672747546060987	0.04398983987736216	0.09109341852900396	0.8589695237935293	0.054611250677661136	
0.0	0.1176375683143178	0.0	0.7156926123004584	0.7173039887353784	
0.06692896978193852	0.15302877091487313	0.2831611974685645	0.0033065892298844773	0.23337276847969873	
0.24409901440087003	0.16365221466758614	0.26342696420395945	0.07975395079988286	0.19243148777631655	
0.3718176084806477	0.8001201129999158	0.17274385469831052	0.0349418156953755	0.26322509047264614	
0.23048622522444073	0.0	0.0	0.029594290673682355	0.5116283050816414	
0.10289996259425642	0.1622105122503799	0.034019227127902917	0.5102225475180948	0.0	
0.24925614214118555	0.06595157420252376	0.3193029215943959	0.3700691016787745	0.0963861069588502	
0.12387816025586637	0.7156738108816606	0.5420965690160652	0.3303810327892865	0.6251957597914652	
0.25956482754822496	0.09286471256263049	0.07939431849198357	0.05927510682666368	0.04198433021943503	
0.42569838122214515	0.20860765991617972	0.0	0.0	0.08930602688479507	
0.11184611790923385	0.0860127551172877	0.046973236816638037	0.24034355523269615	0.20912178129699566	
0.22865104758953833	0.1915301846143797	0.5332918791578967	0.2538684002180558	0.0	
0.14199009111094113	0.09126256520423313	0.0	0.08041989029455503	0.0	
0.17426221700232605	0.29598525467496184	0.3485928819235605	0.158016176355035	0.19173597023103384	
0.09859775935344124	0.05331016557045639	0.05125174731388976	0.35314762185795073	0.0	
0.03116037851973691	0.0	0.43625237633004094	0.7159577920181743	0.005908795442358384	
0.7439373162672248	0.23008430582024314	0.0	0.23201473416541474	0.05144330252620089	
0.07724802152725435	0.20291501397349515	0.06007589180121071	0.10565604631846348	0.06262987082684117	
0.25486866509770534	0.38313172014471614	0.3208160068419622	0.2451280382284075	0.2574864558926695	
0.0	0.09264028252932079	0.004697598462728471	0.38147710568155596	0.06810792612242005	
0.231568793534449	0.5046752479104867	0.19517358635610874	0.4944162606546947	0.07200525342597668	
0.059966754596042206	0.1903083736993038	0.03946665431703501	0.06947483536500242	0.34696535463460526	
0.06874835805711557	0.27224710537705593	0.30523953725664776	0.19763201489693433	0.4662620966564534	
0.28407888167772294	0.444627404776721	0.3669588110373746	0.08479214444857787	0.09690917475119855	
0.026783819521782885	0.0	0.0	0.0	0.0	
0.7933233513204113	0.32045978576421597	0.4677984289616663	0.34304976216435507	0.15159918436134198	
0.27017611350073395	0.22288555494085857	0.11299429887827575	0.3628296221364797	0.0	
0.0	0.1121175846650189	0.0	0.0	0.0	
0.22162058639982235	0.33324211139916243	0.4095455853645635	0.254790850525946	0.09823714120174434	
0.0	0.0	0.0	0.39393913906812417	0.0	
0.0	0.32366964688337807	0.0	0.05359122822850915	0.02114700445555801	
0.1361400543068668	0.13758637140683416	0.09171768486938384	0.05762552970860904	0.2908671088709272	
0.2598021592301658	0.24807699220599091	0.23922232823912182	0.19112428387247818	0.06902183787218	
0.015529567749144641	0.12118378829002578	0.08661316317748498	0.2956331355029885	0.23529046591293099	
0.0	0.8705044152008184	0.0571937954377276	0.15460762231258693	0.12092206353600089	
0.0	0.37989181452860665	0.0	0.6281466828703763	0.0	
0.08495313861555209	0.046006789700273554	0.023429993515453457	0.0	0.023226397350265757	
0.0	0.08840714904896928	0.3122692702540993	0.11644775477504117	0.0	
0.0	0.0	0.029822778846770925	0.0752794179633801	0.42621051192155873	
0.13746880527531966	0.1962157777293305	0.037922900061564506	0.04769447006018451	0.09766546446512381	
0.13239708865482208	0.16253311740391876	0.06969953165075515	0.5794320989169697	0.0	
0.20786484369814948	0.07484050722766668	0.028431360813051667	0.161755287417564	0.1663259555437059	
0.0	0.0	0.1630055400456237	0.0	0.0	
0.07288384127589252	0.06464492736476422	0.005031425044578668	0.23662196685013354	0.046987100176736046	
0.2784768722739109	0.16783317355622232	0.17805239857125502	0.25196265946966867	0.017242122859113952	
0.23593178484218702	0.1322076994700263	0.20622195929409756	0.0	0.0	
0.04705000479704143	0.3076881782575638	0.21752519852928878	0.54090571210529	0.05728272410844578	
0.27252836364624333	0.16390937860663657	0.25904603166571577	0.2825006385553254	0.28080230745173507	
0.31223683524957274	0.0	0.0	0.0523846221925988	0.0	
0.33210128937666605	0.07125912386213012	0.0588036728731312	0.7782052046593377	0.0	
0.05279713704829642	0.19167862709569627	9.751154965245484E-4	0.2170062412928624	0.011500875014583911	
0.12853570302721265	0.1288783461150297	0.0	0.0011666172476707242	0.1826439575057679	
0.15704038865671419	0.2712041795384586	0.174084897332803	0.2576643722109308	0.29101962604953774	
0.0	0.16570262067472916	0.0	0.18998386059765754	0.0	
0.0	0.10975324894970805	0.023172729798662726	0.07175201392854648	0.22273702076156182	
0.027210708375614522	0.21529676100600245	0.11664502286535985	0.23489629451246938	0.18692095123987035	
0.3890323101549146	0.21064809388047107	0.0	0.18242083542358745	0.1839746485787673	
0.2898491099802664	0.05018710336157659	0.13132382503383833	0.06248376069142903	0.15515257913897493	
0.06698401069149952	0.20561610689009852	0.17280404159935628	0.2502070384539225	0.07190244011980285	
0.046882758098902744	0.031968455291682116	0.057091782724907184	0.137508993541941	0.21470534712493097	
0.22433102686464543	0.0	0.0	0.35667188486766627	0.05739677090592568	
0.5677135841918374	0.0	0.0	0.5541720806375436	0.0	
0.2596402927512501	0.17042458759328283	0.05907946433870226	0.40022140345057894	0.07435802057838287	
0.2599750871775	0.0	0.0	0.2097128678349109	0.05746349186528131	
0.0	0.0	0.195093531657217	0.33894589977296913	0.16510260799751791	
0.11932367135938617	0.3568031927817044	0.037665330562347776	0.1922336673219351	0.2550763639086945	
0.16263677484770128	0.30425386422992684	0.33331197235351806	0.5436819492407643	0.041257530090226514	
0.15312479095825127	0.18109312896154905	0.09104467607879985	0.299861427536525	0.29581753040564324	
0.012883212381460236	0.4258131721212985	0.3521178744098456	0.0	0.0	
0.0947346637620391	0.0	0.23223129720658506	0.18138502053514724	0.0	
0.32789341406057065	0.14382616783097898	0.09318156129086605	0.4831859315490135	0.23461093747402617	
0.2595876418032229	0.14852120155877838	0.27214710845267814	0.1253209174692708	0.05250932131651526	
0.11062121665093973	0.3515665298329	0.060463334247963824	0.04419606751179088	0.11942748836692516	
0.17820674616267412	0.14515612915408763	0.24309351840279753	0.2021732944229225	0.06453870582383493	
0.017709302787664513	0.1200546928714303	0.2266885168069281	0.24993605109369246	0.053110723496983835	
0.14691018744078185	0.0	0.3132193874504465	0.0	0.05996738729794418	
0.28215649404393284	0.0652760662348454	0.27719594054904917	0.10510778187992631	0.1821204431488714	
0.22275231535323173	0.4089465075433066	0.0	0.2012199866819613	0.0	
0.25648826042254297	0.0	0.04737831865662916	0.0	0.1871638288388099	
0.1270097381856141	0.2712311722677576	0.2959633473620288	0.24775214569286855	0.06223170913175242	
0.274186833699654	0.09832587049006304	0.18866613172531826	0.26131807246497607	0.17267554988893954	
0.07523594189206718	0.32104819002643076	0.0	0.6090661393699053	0.3404434221116007	
0.0	0.3962776776341314	0.0	0.442408430934147	0.1494512318475149	
0.0	0.0	0.006012366501667525	0.039357991795945124	0.06916095491808018	
0.3116187761779856	0.5050578750004241	0.0	0.5671924597462036	0.5046252623166846	
0.0	0.23467600224416094	0.0	0.07107034928804702	0.3323182844589708	
0.21299634643180246	0.05520427183554388	0.0	0.29871655263812863	0.0	
0.19787068056541365	0.2861357208526291	0.020755394818139185	0.0	0.03068353258705468	
0.24705677788777453	0.272718295600839	0.251577794175773	0.132527515465166	0.2005471505506127	
0.0	0.49419673242345796	0.06800686389762006	0.0	0.08913467882711704	
3.3044447934178463E-4	0.1814434321546735	0.0990822888546368	0.32773498084161695	0.0	
0.24336189403033662	0.044769586934140626	0.3260354317654624	0.31905536832020065	0.43181128224681953	
0.04493147790902681	0.3434331193135735	0.22848816435156533	0.6251996442645978	0.30030134085969096	
0.17957762161321736	0.008750494360472405	0.0	0.17880018422066096	0.4538950816156109	
0.0	0.2309817429902865	0.0	0.0	0.21148444391619595	
0.20237788603691406	0.09179324975518376	0.06493741569263554	0.1385419163500394	0.0	
0.08900437630650114	0.5296367784338554	0.0560513031894879	0.11625595225130612	0.23210587335298336	
0.04895067538002283	0.12257053644385976	0.286499806112621	0.21408342051961873	0.1611430323248421	
0.45814148014111145	0.3326678912548526	0.12574030552522866	0.3942201058704228	0.1386737418504734	
0.17950409301330555	0.21477455292362352	0.03870077651173931	0.09388403291289395	0.023630899151898355	
0.129727328032727	0.24396409395360194	0.08673653283947555	0.059375533974560274	0.27924973039533424	
0.18370762883160793	0.26465055409199806	0.5091561758107848	0.3878693136119198	0.10964701073149755	
0.049065367900174295	0.3730822684794571	0.25831187032934394	0.36559658121060973	0.2613109854274104	
0.07344215385860987	0.298498173085149	0.1415154837037836	0.234795164400153	0.025647306878711407	
0.0019988252397799213	0.21726000643434398	0.37081714923967035	0.011884220365354876	0.2672010782018755	
0.035641483288390716	0.057341086463264836	0.16562448667916585	0.18378245076657004	0.13754473515252907	
0.2735824763522277	0.07833555993497977	0.010810518209765587	0.03964053715137476	0.15725320902505316	
0.36807360750617063	0.09881472433335878	0.7288258485857108	0.24301258370729886	0.010862366148845847	
0.0	0.23881599270604437	0.59178036264833	0.3050769510958165	0.0	
0.031516768268614895	0.17533611052147627	0.2504099098856105	0.19832306522008428	0.14203861906252965	
0.08229929159782362	0.10633756735706074	0.0019571544576145964	0.1563038340973308	0.0034446224178982477	
0.23251405387720178	0.09339737099829908	0.05369625794661631	0.30407443719525834	0.0369262374810658	
0.3800506652106988	0.3597149231162443	0.0	0.0	0.0	
0.06720883072779113	0.07193797963437694	0.053399241885758765	0.08860160892966851	0.02702361958526422	
0.12369222309369929	0.17154210879312448	0.0	0.15105849305298114	0.06369151465125182	
0.10197588246184516	0.10212737127191848	0.010086445416149642	0.22048807630737843	0.014281709134169212	
0.05111618978061791	0.0	0.0026738745504838023	0.7958288240983161	0.03147942189214529	
0.04820529020764479	0.13210344436482274	0.38766807340923204	0.4339420511519576	0.33953263790254623	
0.6583470456555562	0.048944353529221885	0.008523309583409527	0.18879383985587142	0.05167298238953629	
0.3626042074198065	0.3430242910298524	0.09277882313866959	0.08132226607566696	0.22841375682167442	
0.40771778298966965	0.07221085856027121	0.4811123838745544	0.08900727352396687	0.0	
0.23402387253424278	0.07694485331925352	0.20316123304277053	0.03586345559293921	0.28409362607914856	
0.3307331397367315	0.04135353935514425	0.031466994507825544	0.0	0.10176076680744865	
0.0	0.044755130717061296	0.0	0.2055079955364909	0.009128466798715523	
0.005751208672428265	0.11560985708600599	0.0631500354940106	0.21077070189163227	8.597213900093218E-5	
0.07097650157392245	0.0	0.21188499861385907	0.0	0.0	
0.0	0.0	0.0	0.0	0.0	
0.2740961704733791	0.09908517950595504	0.0	0.6365763899890882	0.0	
0.23258712769508869	0.1338835377928488	0.16038662253082514	0.08622695996009337	0.14757321903041268	
0.0	0.08490935960610299	0.7268758804384026	0.1628485945708518	0.0	
0.2099658051872117	0.2734031549042492	0.02383862794359564	0.03730250481116366	0.23040222757019405	
0.16037650998616967	0.2189317698533457	0.12137663615167359	0.19484560568595805	0.12995743073052995	
0.025500089686549418	0.0882477754517457	0.13946911384819197	0.09716778461018445	0.23302419624629997	
0.424669325189612	0.22378844942258433	0.1644013345518939	0.45934427463990524	0.3357810275874196	
0.2638339573529518	0.10294282891051407	0.06462087826680221	0.0	0.0	
0.05702191487440177	0.3875220893905152	0.22239498679284234	0.09587292753772785	0.49111022693732453	
0.0	0.15748929956411625	0.1373333155220362	0.08870539714327987	0.07487369229042998	
0.0	0.3567230447420396	0.09657622974097368	0.008100781306832778	0.0	
0.22868832739547743	0.052987121321690284	0.2221376627354897	0.07284086681016219	0.0	
0.0	0.3819172959820019	0.001847591144149029	0.0	0.0	
0.19959345848776977	0.09722702372504567	0.19594650081520346	0.02462073146776707	0.29442555931920716	
0.381291540395009	0.1548115631580299	0.09502172871306819	0.22853141800673596	0.13221905839305734	
0.4254116042526745	0.5200762650594957	0.0	0.5827312550888522	0.34720319911825603	
0.47403877068586137	0.0	0.1895911066672565	0.3300181452117077	0.0	
0.4455612512309821	0.7350233081174314	0.29280019600376983	0.151546198604759	0.1549545535531665	
0.15931116898735923	0.21628558375226523	0.30055275307128454	0.17624080700636754	0.16667765712789995	
0.2826933243285583	0.2091040303319276	0.13743787052491444	0.16201869111579506	0.17705418328014821	
0.29429752398592646	0.032329254713535746	0.046850076777681306	0.27591718447718505	0.07262706034736412	
0.037967540852081406	0.09830671098318633	0.2728611053955843	0.20241963100690605	0.13580069817257287	
0.2807572273738842	0.2661598145083237	0.18921439552595706	0.49501270175818773	0.30215799680271493	
0.2423759147232722	0.008823057450418035	0.1969367743421811	0.22230943204395587	0.15463585806396166	
0.1956598402691408	0.07603821413021362	0.2996317316328255	0.12281579963092762	0.10093537109632428	
0.29436381260042327	0.0632221119098283	0.24308410823606508	0.2622328391190318	0.05774586875325344	
0.2426833413227992	0.17856051124802044	0.23988654872809917	0.16925278517414913	0.009945059050678362	
0.5561078841699759	0.6347667092158201	0.0	0.0	0.7021237417488864	
0.10753272282310831	0.08752457701278168	0.13205716926599131	0.22506974580776185	0.06149299387112965	
0.17239183294964572	0.07358613529318561	0.11233187128938066	0.294394125094257	0.06403943935627851	
0.15865304917453793	0.044789202982559825	0.5591101970535158	0.785983884452878	0.2712700486041092	
0.2945696481732187	0.2513703872366676	0.2811839213451857	0.03898204606296177	0.23735754884944116	
0.32060472362798137	0.2574366034734457	0.18563337945074132	0.40808207836947813	0.15575307560302487	
0.09462667256673499	0.30148058842304576	0.8307572721639418	0.13499194762317904	0.030637793537249512	
0.24027812174670418	0.22154196113616395	0.20254197051614353	0.2854584872424465	0.0926211630463981	
0.1574016880898931	0.31439907560048674	0.37510046601281427	0.2792199890828004	0.20195196823306857	
1.0315575139892705	0.6147587931293373	0.23144397150829893	0.30553155979270386	0.13595075987543054	
0.2450506886978147	0.06928546653390312	0.2438877233850218	0.3545269185803642	0.4137993071106095	
0.28902968519421707	0.13257390363107194	0.08375966263503536	0.05047611854914118	0.09066387280180803	
0.07316452942707269	0.1533425806999257	0.0018382151408503078	0.28919674483424507	0.11813937719357409	
0.06703409578899144	0.19633161652599854	0.07842038547833717	0.0	0.0	
0.0	0.0	0.0	0.0	0.0	
0.1021476044163891	0.20943525480333733	0.252862263992561	0.13614460765824943	0.25740402035527343	
0.2947916815891731	0.12613949340259742	0.15379747143231212	0.200685500840983	0.18053838928325922	
0.0	0.21667970523201815	0.01925234948427938	0.3570034436761028	0.0	
0.31823922463547805	0.11232971124388555	0.5405937528050725	0.3980457685617154	0.2224693055232393	
0.1776336152878579	0.07736609814924142	0.12611069193098395	0.06668978018473455	0.0	
0.24778899780016042	0.28330327114637865	0.054138817644334064	0.02898913900206065	0.2765079498538709	
0.2952363753799686	0.2417268330124257	0.0935140223552838	0.0782684972562548	0.17809242997385263	
0.13642607656960445	0.0673435814644476	0.0692086356539759	0.012104480192758133	0.0	
0.24961301923786935	0.09921633482077395	0.30365804476657077	0.11204119854651132	0.1625357020577477	
0.07618844953635948	0.0	0.06515538033723246	0.0486263844811353	0.057243375712454164	
0.2828380541974529	0.32919432088937406	0.2480145224541617	0.16568406248396753	0.08531786254105464	
0.4892067639999951	0.13581762675295062	0.6074865086105992	0.2198185880754138	0.17355832488956519	
0.008203920987545375	0.27579773824451853	0.14679584636328555	0.02115094422153399	0.10881512697754378	
0.10801903451258361	0.05098051009303219	0.05364690957866459	0.28296219226683017	0.19894113626954474	
0.0	0.0	0.0	0.33380297448666807	0.0	
0.06200637285404839	0.10181011994847296	0.011579132650938044	0.27270391404777183	0.030249847984605116	
0.08645555079108717	0.06656133831262144	0.0	0.26615748970510944	0.0	
0.021943034997096447	0.29587805370821907	0.19336188751673009	0.2632880269698429	0.19403856967906785	
0.18097977711819094	0.05410054062636933	0.19337946116091037	0.33404878608033245	0.2719234282500271	
0.0	0.0	0.41036424141282635	0.46535358969054963	0.0	
0.047974085997561595	0.09981214010158183	0.13141262069684082	0.009885664516874195	0.026903463049199796	
0.17161534228123612	0.20406188074852533	0.1274821585951745	0.11665460454466285	0.06020312536510051	
0.0841269546216529	0.08680468603329183	0.06529101990854493	0.03937274642857636	0.016834273116271753	
0.294399082142498	0.1715569393464925	0.08250889469973015	0.20026351931761294	0.2184407619116761	
0.4446813522747982	0.13007386515728692	0.013349151526640528	0.41696270709789635	0.14059929088358578	
0.18508091881084346	0.09241304454670568	0.7897955300864524	0.8315980144407896	0.13649375969227162	
0.2380606868396259	0.004610599223606451	0.13266084561042388	0.15177081530009037	0.2057314099542664	
0.14202183839636318	0.5180049968762106	0.7913343301030011	0.29957711831314515	0.2737113012913059	
0.14851599389714698	0.041040912951176074	0.2686386855018812	0.19829509742636534	0.2054168532217739	
0.6861891618212052	0.4978291927442057	0.5648268080926624	0.26963666521102464	0.20953545444473703	
0.16186836111477695	0.0	0.0	0.0	0.0	
0.07284829466496481	0.3101528692768212	0.37188988091766095	0.5712349643043246	0.13811820321573717	
0.24247698497243653	0.29437245658953526	0.18735690879040767	0.23951490326169475	0.04861574492551921	
0.1062637442058858	0.09777451387081297	0.12925288161281992	0.05211078502511642	0.04283506526849207	
0.1519805035461277	0.01428106914386065	0.1422992151029491	0.2635218156660534	0.15001838788210578	
0.23878284808293226	0.24169468092697888	0.056003580641769614	0.10355363181227906	0.18952887468670856	
0.2864419118881904	0.06339762825656076	0.07919502265760134	0.10735908996029307	0.07844909245864427	
0.1698416825487771	0.14286622750853245	0.25331429611536305	0.2711158757027318	0.07585617712322228	
0.1080086850796448	0.022745832807740167	0.006073614344704019	0.06634609282614848	0.26923200594685254	
0.18846768346127502	0.3008973660348026	0.0	0.13778116809428026	0.12869211547242634	
0.12681371199278108	0.23277810937262713	0.28832837098521197	0.15188607671518226	0.19775983829660215	
0.061611424973267714	0.0	0.005539086841861995	0.28304758165363986	0.08357432657231953	
0.08936933785702239	0.0014825170262966398	0.004252675482589812	0.058660030767798264	0.1189693377141258	
0.1911843099839528	0.13994281279980686	0.30231097182135513	0.2763999619554287	0.2502785315131107	
0.14205801119080472	0.1604695671226552	0.13939567054811125	0.08484286075614793	0.0959465950968639	
0.04957243736572241	0.5342082759382569	0.7884136877784274	0.1401491172297257	0.03765347556089819	
0.031231840305021945	0.014995281834696552	0.24692095030995273	0.29701309865574627	0.07524423088633532	
0.0	0.0	0.0	0.9762321069388457	0.0	
0.3561426975865722	0.12293249494877201	0.5820554819302914	0.288051914998164	0.4870846452879174	
0.2824885329261897	0.2897883088860161	0.19905939963840902	0.009977925714498981	0.08378725689333287	
0.12452751999169404	0.6728381916107219	0.3006779444524675	0.306995967856828	0.2996273381684951	
0.5102707929328287	0.05901799968317173	0.4163433473796458	0.5254424824784855	0.49065050708676244	
0.1981395394112549	0.0	0.1833575713976152	0.10785432842419006	0.0	
0.0	0.0	0.0	0.0	0.0	
0.18190051567180496	0.18238925623351981	0.09536282037757435	0.0	0.02088524841391146	
0.0	0.15937054341314633	0.08377657432241375	0.0	0.16440258549782585	
0.07354690430487251	0.10369245723724006	0.0	0.04352399177115278	0.2103065149499671	
0.29417536529555943	0.35140753402090064	0.07936199635147984	0.34862594049833007	0.0	
0.27346966237438014	0.22713590313479826	0.28279038111153515	0.23886715093234034	0.1858683133407939	
0.10873016437806693	0.2984224227147337	0.07862007262216891	0.17169778077134654	0.18779690320701467	
0.13783451050492393	0.1590031474074574	0.11312001298380316	0.1381714886575578	0.17046836645490174	
0.11359153687707184	0.05453628862322461	0.2875201245372206	0.16491377383094774	0.19973976677730973	
2.9640785603148436E-5	0.03434426524315545	0.013305234060408124	0.030872652589055628	0.05213162927334069	
0.009154333338268388	0.2867585312381745	0.265435002488756	0.2870729519782461	0.2452273745689198	
0.0	0.09496621009162053	0.0	0.1804695460080846	0.0	
0.07922787179901807	0.0	0.6095177281725819	0.0	0.0625209013754666	
0.15598133530793243	0.2623784912266258	0.020935700371257034	0.0	0.0702112598112967	
0.25927123720168166	0.18830646081125987	0.1219666016660996	0.0	0.16198260456057464	
0.504380059699156	0.0	0.01212204985490061	0.06616462839983041	0.0	
0.1466909188361466	0.25765596828390785	0.04556072209540727	0.15667149307270967	0.12831570311302565	
0.5094617368840401	0.0	0.3229044553084776	0.41973681230203486	0.15992676130146685	
0.1718662963079148	0.09518135583740471	0.26877245985117854	0.3025089105555044	0.06625239156999839	
0.1007060644117667	0.29294605440071947	0.17843047130183554	0.22319780005091525	0.1559615182829674	
0.2615523678720422	0.1829325168937679	0.06262021116590145	0.11407567352465846	0.16420201767257128	
0.11090700360509904	0.0478069283191079	0.0926853443053625	0.06600793759621745	0.0	
0.008007226489738367	0.2248485881169691	0.06968079402200983	0.14771783337338953	0.14866855712643917	
0.29773778639583026	0.10370961779161583	0.10911178573038847	0.2264652436734541	0.2885115516128542	
0.09990249417007348	0.09796601585219679	0.09782018836404008	0.20013624540825486	0.1337077741723663	
0.030744616340756963	0.2609391649852905	0.0913450079914917	0.09764229611512032	0.0	
0.3199176306326379	0.24581349616455472	0.5761624935593649	0.2879726460351379	0.3249818479217343	
0.1209149574653437	0.13320236131248292	0.09815740154368376	0.17278364318592362	0.12836357499111611	
0.0332455886404471	0.0752110762382192	0.38220173881582437	0.1671731503958464	0.07049779635110195	
0.02991680521890818	0.05777459999795038	0.07533378555992959	0.28770050717096673	0.22321945545282446	
0.0013121794960465716	0.29236501909306495	0.039231752691104016	0.02240916116756238	0.27533609689549643	
0.0	0.0	0.05508608179090757	0.2607764322298578	0.08516836421190847	
0.22982835154252676	0.24863699738663178	0.2402649192083346	0.19483218426396795	0.2701403223311798	
0.10737766843733201	0.0	0.001633487059596481	0.0	0.21165269095591638	
0.18722200000762884	0.2847098395693554	0.15043950238789552	0.29531481153968764	0.24485065958233826	
0.1872715052251594	0.25305122514474715	0.2088722321720307	0.2505215486306071	0.24039036471580216	
0.2815147184332853	0.2838033501615815	0.2410054257814763	0.209265842606249	0.15381644667322028	
0.1992409862213592	2.4045691615005342E-4	0.11108338320568763	0.1023233573464896	0.006315047508731661	
0.2924161504570091	0.29118258103253347	0.23497080079985386	0.1403214522306259	0.18005855586141212	
0.33257367935964355	0.542252896398186	0.7310686388842542	0.23572630884587123	0.5488544903567446	
0.26259273981809794	0.16823473633557887	0.1299958417281247	0.2837968166275916	0.009595309353946153	
0.16798150229513592	0.07090299544669547	0.11927980120717836	0.13079952242813006	0.09417716395846326	
0.009446883365016234	0.07862865805771854	0.27797711997983543	0.1068025711278772	0.11472287468836381	
0.07288933836991601	0.1022664165381133	0.12195549936150837	0.06391913055082094	0.14194117775928797	
0.19898855967060464	0.4207176855999396	0.09354688263465163	0.29077579924432934	0.27102657877002795	
0.4920784047625296	0.14618134310291508	0.32554503620663516	0.0	0.22244154694982207	
0.1697469849847382	0.25818643080959375	0.20863190357852843	0.1960130265732562	0.28032235949659784	
0.13682191818266595	0.23727445738317926	0.1859495228054193	0.1262824311939819	0.1919298443662789	
0.11573864868517836	0.4905384056745974	0.015804881383330065	0.3511955533742861	0.0	
0.02001423990353813	0.19473114674310207	0.20096447474093446	0.19799888986237865	0.19354109401613748	
0.20886769678711647	0.26240279110921394	0.012664811730584435	0.006773648827622688	0.03215689782559803	
0.21844651318170213	0.20759425938716813	0.12733672592935213	0.16979488529022524	0.2642101811083196	
0.2550635863467258	0.10840743780843798	0.14374608651562315	0.30149600883290006	0.03851055491026006	
0.08015375780779439	0.14145474109726608	0.18957999391457467	0.10568831813108011	0.15322444107875893	
0.0055548099768262076	0.053573538122786805	0.11755787832078275	0.013068253990709822	0.07540569837230329	
0.12375577277598171	0.10711850888437353	0.10147559215956943	0.2513636697634767	0.2487777783022285	
0.536498523566913	0.22921380198243418	0.03850575333605331	0.15757779302652072	0.1518667338157724	
0.1369938343155301	0.49673465152168833	0.2863047843509301	0.12542773517269723	0.18313318031327008	
0.22963699911895546	0.010866121054459174	0.057957517851939394	0.08532774799388046	0.0	
0.07668256151012837	0.442940728852706	0.24129769976825635	0.30958731188119765	0.3455086024511148	
0.19290542394868299	0.2542392222535968	0.1711919352588281	0.11267785810517011	0.20060012916002115	
0.0	0.5561444595065002	0.13883840609931114	0.0389321401978251	0.0	
0.2434841803200748	0.2509104970531375	0.0	0.18395732807982595	0.1712205696184202	
0.20425374682038822	0.025773309236904168	0.11348725840769444	0.24516349589118286	0.20712677196131313	
0.3002971450044359	0.22136690308163223	0.23461502704947876	0.2476025132792832	0.08430214288303962	
0.11558880629608902	0.18432812405316681	0.09748353969009187	0.15994865275366327	0.24983275898424018	
0.26471071179996075	0.10983795094927468	0.4463463949829934	0.0	0.2746638489718836	
0.1680735089329229	0.02878735224260207	0.16905762771238617	0.15065238708347603	0.1839491078051181	
0.01983499067488808	0.23755213286682447	0.2873296187590244	0.07369278327797045	0.2491362908305155	
0.0	0.2369793862767276	0.07896696787623209	0.44268677347043833	0.004958489276743625	
0.050242665912058886	0.0	0.033251295405249265	0.3048779135810296	0.09897114186563831	
0.13463400767504158	0.26875310784764067	0.1373821307473694	0.09555650658037056	0.25883164135888204	
0.11494284423790557	0.013893846331715394	0.23119776081278384	0.0705812311322696	0.26048829171761767	
0.022324766555364278	0.2801644467945956	0.02780697088404634	0.10008248953121937	0.11588248268462963	
0.022598516665014248	0.25003960933403474	0.0978591930063083	0.02738312759763845	0.10082171727096083	
0.1901593655523484	0.029430578568757703	0.24542605655335145	0.11146545773257209	0.2689397295874529	
0.0	0.32389156876006703	0.1933980173738335	0.20136523952114077	0.3188883214145634	
0.14762774813811486	0.1952671747479861	0.29692418367138457	0.12047718679523035	0.26785764210664703	
0.2156221171938443	0.03196706231041448	0.044292005162329715	0.3216632288624778	0.16328316891763567	
0.16572172841905894	0.0799400849404496	0.2438382778289468	0.21442508569083932	0.11626368793590244	
0.079180855018713	0.18164333911225047	0.0893421893537476	0.2061554390437451	0.17287178286672242	
0.0852696557549711	0.17279354070029318	0.0100106605477643	0.29692968727686375	0.19758761191423224	
0.048406022664915366	0.16026083865962235	0.009181331249196513	0.0	0.0775609432498992	
0.1659683230633984	0.07134872712150701	0.2605324479017593	0.1968758457428317	0.17829468646286942	
0.02193252466733774	0.10055212833692012	0.12126425523880249	0.2083433383385904	0.11755578404906054	
0.26276181448736213	0.19993812477057518	0.19576419291636898	0.1326996539656463	0.1459321838085214	
0.28865323887454364	0.03639270806406913	0.11169679273497359	0.031864932268791175	0.20290920106890237	
0.08181740647046302	0.012347390543716924	0.09169242099230893	0.035916371040791824	0.024816468655047063	
0.0	0.0	0.0037712310634840747	0.0	0.0	
0.16551756623663377	0.06932387394036493	0.007704219905069128	0.06612268950687793	0.16075614389048062	
0.3005552449476535	0.13790025567166742	0.14656794598544198	0.20285366828546533	0.2382115275982108	
0.08496485681656327	0.24736085489232662	0.2147606237513918	0.30684660675635933	0.22699166101142218	
0.23142212345945526	0.042567222567598276	0.27478761557489184	0.09621072430584393	0.14588738814908814	
0.27297590023833584	0.07338196018628063	0.058412683333672374	0.10378102137419509	0.29156564712749	
0.007661688859546345	0.019149032642723728	0.1446943073542923	0.00996163615665945	0.18504831007593442	
0.0	0.057303348199074816	0.3545369585774633	0.0	0.12346763991722524	
0.08205941055493982	0.2927130924026884	0.05093247323456814	0.011615412787501916	0.26661317073125057	
0.15444165564116005	0.32107522500295244	0.16927623443678338	0.2583082814340532	0.10083103616368973	
0.22430287133946664	0.21983569197385625	0.26130998571245134	0.11547632871465022	0.1451061876379484	
0.21698306922005142	0.25851643809939	0.38342932385805484	0.30818939316970434	0.0653424860255601	
0.3539062473797423	0.34019589920409526	0.1954156185250658	0.2431163951586138	0.1895681919572103	
0.4660586498265371	0.40730455010303696	0.16696039721821004	0.7317179714722019	0.052980269828304914	
0.09754411355216565	0.0829491013086495	0.11275358022105243	0.0	0.024249295174271594	
0.0529954796374574	0.17705264441183938	0.028727616627248976	0.20320659348377396	0.05403912266360539	
0.0	0.9866303879424306	0.17679360854173257	0.23506244448707805	0.0	
0.11449725954717209	0.15152466980456555	0.20970649489829188	0.03495306068384261	0.038643962230304744	
0.14086166305683762	0.11361601877776338	0.2683105681670665	0.16929027400439264	0.1159833178520413	
0.0	0.02571086224921964	0.0	0.17524394827785564	0.04828875116888608	
0.05159618620022337	0.31613474871391195	0.15678302898389482	0.36639539361567586	0.2649151141441146	
0.1997238920132749	0.24938771513293076	0.16952888375797237	0.23607616154142724	0.1650730257711329	
0.3300581537228333	0.31614200304864964	0.23251452893319804	0.1016881148947954	0.295978668477955	
0.026919034731020423	0.4521915774377461	0.25287989201730643	0.28792744374992774	0.3199620038890613	
0.3019746695959922	0.04241374093105026	0.13922505407899183	0.05770015137464645	0.22758407893777055	
0.170868337944957	0.18062365000015962	0.11395124309178799	0.2325679366593441	0.008945924691340076	
0.168550948740298	0.5336708347172834	0.2227316064557121	0.28665888218975216	0.12581526988326258	
0.11274766352497385	0.14700417044545513	0.07722606620336256	0.16548548023153245	0.2555087671318661	
0.0	0.0	0.0	0.0	0.0	
0.11376677833744495	0.07065531937231063	0.18863791334529545	0.057068440192124294	0.2555134406456244	
0.0	0.7177643584630906	0.0	0.2151828434584823	0.03238082463208924	
0.0	0.021241670673431506	0.13098243234814913	0.39549540506053477	0.23322508764403538	
0.0031994412497723767	0.28722238178116344	0.21400258039280737	0.131742832342735	0.2562083777771293	
0.22941053226194535	0.09649555188064919	0.24937250260863542	0.23354338770231667	0.2929740231417313	
0.30125272762176275	0.05385119012538471	0.06777315130114359	0.16775117580360271	0.08431248777598405	
0.12091160755221735	0.13051478153688442	0.2312204681707149	0.1955956168022594	0.004119516523426428	
0.21888305713459336	0.2911833678926252	0.21896425870355157	0.008726609830415065	0.18126845977606823	
0.22845035531957114	0.23559494411267112	0.14432627442796944	0.029465843514367204	0.25683248295712435	
0.2611284628377716	0.1870637291471345	0.1473911029726003	0.2995077181600882	0.06715035515915732	
0.3735922973302893	0.47891317064975547	0.2503917550855477	0.5840911420109031	0.09286808500664652	
0.023096525664314103	0.10661228596133088	0.21653960555890167	0.06090622586199332	0.25175249977886727	
0.23055357101570204	0.12225194513897815	0.25869622901705935	0.17788976082058083	0.12531162590024442	
0.0	0.0	0.013524595880930185	0.0	0.0	
0.09219664286897111	0.014708162961742221	0.029695071854901386	0.2645945882156318	0.5748755592912238	
0.054560175119838884	0.13548779472188677	0.2015413196934214	0.13512024836454747	0.1452583693346589	
0.028931475606883684	0.13445353787315134	0.11117987580360336	0.06022047785577894	0.19771941598158638	
0.060644795288821524	0.26584667722755334	0.034441950263742895	0.08655085328469898	0.0	
0.20522925826289157	0.23449261788312134	0.21232501598416095	0.14074425692094636	0.2154072504240134	
0.2171731914220849	0.3234993601061892	0.11527996811928135	0.12469554001173404	0.2027060132161016	
0.19240995266334865	0.18724055307962031	0.09098304772125472	0.12996520432717434	0.6455588528083303	
0.086782417678374	0.1690632755984948	0.27135891471054174	0.03269428718098031	0.19460234134975615	
0.5670611431576272	0.07790851432997278	0.4455686390606997	0.3005031313402426	0.17510630303076552	
8.387182261525438E-4	0.0444965454202616	0.19902049381432618	0.25642285936956105	0.15042885366234693	
0.050392602828973794	0.2764023698885642	0.14931228488969972	0.2385903041754942	0.2415392569523467	
0.377054838370756	0.5932116819796355	0.07166461445058811	0.3767823065033383	0.04856621711896573	
0.34429427814507	0.30433706595971116	0.2900657825476307	0.28317170270695957	0.14828599967710127	
0.08308313025457371	0.11456339944113468	0.293989229837259	0.0	0.06832403987971146	
0.0	0.018235410492333223	0.023056024601387302	0.010813519619136722	0.15266291037106808	
0.3036415653930341	9.597523987259131E-4	0.10640176012122901	0.16079934535838183	0.1803969621608747	
0.18676440821520415	0.061394739004331386	0.08985477047598779	0.09988878679672604	0.06724898665361101	
0.1477619696282546	0.13790260540229096	0.13750466256225322	0.1648371228586306	0.006777411485416403	
0.30117555590990575	0.0	0.0	0.41810997753085966	0.0	
0.4037911483071562	0.02047292318140247	0.11232857932078044	0.0	0.013448253018188316	
0.0	0.0	1.544921366552275E-4	0.0	0.0	
0.5954944769970174	0.22235812927002177	0.41911170497977024	0.2591459245047654	0.02937610017337485	
0.013792540469575978	0.13233713607005945	0.18161872851561686	0.21650144289029313	0.15106508046685146	
0.1579582994675637	0.015513866299121335	0.11632864546820207	0.03680100903967219	0.03402916159693399	
0.04410528913298532	0.2786720141550552	0.18646441487832363	0.20374662948718875	0.0	
0.21496193482404857	0.04678332387033294	0.19973911989793203	0.17079137402909356	0.12411851791081582	
0.023392014299511224	0.008837684678239132	0.06172206501023892	0.19367000470726	0.003253498245408047	
0.0	0.03751250259163263	0.4178172965886821	0.3173424949143721	0.3021544845886624	
0.16337927742922587	0.26203805702139854	0.061399934181377465	0.2610353113953104	0.07466957356883419	
0.24195967870683535	0.02397176833564527	0.23853269109587732	0.05876877938605649	0.2915932989834123	
0.1286865089413461	0.08482205408953958	0.029143844004588033	0.0897680731658957	0.158791134506974	
0.11707521610243343	0.15413802923763967	0.2993407497692521	0.058409146307732966	0.2286962411419554	
0.22205857964551498	0.2570025430406827	0.009328501908479194	0.3008951353882671	0.010349072103844876	
0.28123171775841627	0.053311154663347814	0.2169917674141825	0.01516383384586037	0.2634231360977659	
0.16690300621732776	0.11822647092546076	7.604645584464591E-4	0.004194421128206784	0.04946381644348006	
0.2650727311997755	0.04928072356463008	0.041982646730906	0.28981397051523927	0.11158592390346302	
0.2832497239773429	0.25101783770675284	0.08288858768531776	0.20125434139045645	0.22250242114779847	
0.0	0.0	0.0	0.0	0.0	
0.13567289799127105	0.27091451531525806	0.22523195001494048	0.07088214455889442	0.19232666899777875	
0.29199895216824506	0.1638868898358078	0.2793010076407003	0.28213310889855503	0.27302508182383234	
0.2380673997476109	0.22520741704161054	0.6063597496324096	0.05293861964786376	0.7360906698667505	
0.06678721525946132	0.06761367448310202	0.2504908640461711	0.16892900393014174	0.27796221196196497	
0.0	0.4961147584410187	0.10268140911079446	0.3977720094995642	0.5151140021269266	
0.26088849571323136	0.14895363700682676	0.13492003166658867	0.21634545506039302	0.17829640094763805	
0.13548329399778772	0.27051884599499826	0.2576378383537788	0.27578747705227785	0.034807844724796706	
0.0	0.0	0.0	0.018381833601841376	0.0	
0.20871532656553915	0.1967179061664774	0.12272725835570676	0.24803018431688537	0.15631100159190864	
0.4312205330814795	0.6174970375240457	0.6444508872651272	0.36955899024306776	0.11703616424656005	
0.23786361258747443	0.14138478158655682	0.020921911673059124	0.2481861461335256	0.030179030211850734	
0.29472495399724863	0.28949988893629325	0.10976968067001043	0.08909079479612747	0.009163156690729616	
0.04628194326177015	0.05523087429032478	0.2693013697610698	0.050117213755718426	0.11187503829529999	
0.11628037243553216	0.1186538118175315	0.11368659807985479	0.2905663743782337	0.26431056539376385	
0.2843141861970054	0.057983796863142555	0.1569798256382543	0.2516789484018892	0.09371277857492921	
0.5881763243184923	0.16555705831090053	0.4170667366991883	0.0	0.11039048734523403	
0.19095535425644636	0.11509849661001181	0.23463265039800132	0.25712411916158434	0.14944926588228702	
0.07116096986172872	0.26610771765080865	0.14586221657987444	0.03365623202703325	0.2289712604268798	
0.17274392162994362	0.16807815916788577	0.2500930490261242	0.061278211339222545	0.01074794612567095	
0.00538746863580509	0.09428163401224787	0.21495577558271567	0.2503392497263597	0.28331564620046634	
0.11567570697324428	0.03461373776650173	0.02122769874491664	0.08328632708871163	0.18351413659457508	
0.2707734165218881	0.15289030043544008	0.22234915555006848	0.156838544494466	0.2569674117708878	
0.2637773336053437	0.21523472696852994	0.11715986235739982	0.03249957804867784	0.0	
0.08080023883853073	0.115047524993121	0.04721562506430671	0.12208808376302352	0.20540128486288076	
0.06482529501524098	0.009727202456697575	0.006854923190499651	2.819226219928294E-4	0.044645358113793665	
0.06902261491673346	0.1697615064731655	0.14103791786592262	0.24354919038447265	0.2525248061696788	
0.2776090799882128	0.25504705083813617	0.08033022813108856	0.11158805067570955	0.2172239920344086	
0.06178827423430379	0.29311047554378644	0.19848991558761983	0.09198838676248958	0.17189576885262453	
0.14618241761670386	0.0732020458794648	0.12960471385811168	0.14300517835040824	0.19069011484407192	
0.19778874467583055	0.46798041373859256	0.042104291070731034	0.4906647601367981	0.11119318586283394	
0.13302984548366828	0.00556232767101813	0.27000367745111287	0.1741967271954919	0.2375892973833716	
0.2740704518654346	0.29264496923935296	0.2472680170342186	0.009246158008951883	0.011575846654827198	
0.1303607363469067	0.35888194768515536	0.3292085712921394	0.16116992942825148	0.39451390695548333	
0.02855563169093122	0.3259140295315846	0.39476762216900296	0.0	0.08736364882243658	
0.19776349670821822	0.1134601393944326	0.132699929123753	0.028678572191037702	0.20598840336764934	
0.04491347426802733	0.2023473321099858	0.2713992694889503	0.09694105505556994	0.2917524740124132	
0.2692667785763295	0.6573750213349993	0.21545756092680052	0.23072095322920852	0.14991582307695736	
0.0	0.0	0.0	0.0	0.0	
0.17020703448794658	0.12221895669525637	0.24099438232466353	0.24142649839449165	0.06842598473255558	
0.23707513103519903	0.18097943972249383	0.2782593943021601	0.12774484879257952	0.2921995984189543	
0.20042132427134143	0.09844055356943981	0.3044620027393144	0.31476918839471174	0.10184108622098408	
0.28321607403177446	0.08882799042961327	0.043123690056032046	0.14238409467245633	0.2309359772305016	
0.1253992789051188	0.06720994659504308	0.04311133062291147	0.08986896464341368	5.375745383642667E-5	
0.25790031991583584	0.0	0.01996290606559659	0.12781853808283825	0.2348600727766909	
0.2381034178087984	0.04080102552527453	0.1492121795659998	0.2812221622965923	0.20822317265560433	
0.3194046186049984	0.131380355528704	0.24092986268567965	0.2910910550497118	0.040557861879611	
0.03757744651681245	0.07680797892128592	0.15653909156377652	0.22117719535686553	0.0729537120660714	
0.11155878385946502	0.2230508007039133	0.254027769665097	0.09409785087656988	0.023863840020330734	
0.06453992949663412	0.08153700243889282	0.06710086351940571	0.039167395219189785	0.07121410754666499	
0.10763419421898811	0.29651455394412213	0.05755822958266036	0.062140891848877236	0.08700943998148854	
0.13215769323306742	0.13261784860085668	0.26121337789852855	0.2932629323811429	0.10921141800653644	
0.2217265811392549	0.20052127570062292	0.05676489522652591	0.07543908086094679	0.12261502960208363	
0.11477908030921587	0.003588394995237987	0.05332521011963101	0.14971448187844186	0.008004702637450673	
0.23483813055355016	0.19098389854752218	0.05936978408230241	0.2255468757500924	0.11494025788372696	
0.2159708020336898	0.7247134305081891	0.21851263973277063	0.43959534121290156	0.5322491363509717	
0.24601043536793968	0.0713304354885322	0.07319510530130224	0.12065612248587607	0.1611081439455088	
0.28551423099323503	0.4189819386901551	0.18731384873284954	0.338212362801734	0.14712372045032251	
0.27564205543980347	0.07828246684160628	0.2579888670241061	0.06394794876126303	0.24612875150218988	
0.21747875075549905	0.06189600850932371	0.10803559289086004	0.0847291151669044	0.24804730273903897	
0.19983206183013233	0.009225976613658924	0.29202886264639916	0.023226613017549715	0.2085097933453977	
0.30378230506191256	0.06900850811191546	0.0	0.0	0.2596937684831378	
0.07266399477741144	0.10720704325028774	0.007446945130003584	0.04445956212352777	0.04714106687323119	
0.27396780715241253	0.10654890428890632	0.2745030299201412	0.02709066281974742	0.26071226689474775	
0.23880316475176006	0.0	0.0	0.0	0.2901292038772031	
0.32715080625056814	0.10039672196874956	0.16062151943106703	0.20930540417409335	0.017615694651834643	
0.08817569598949723	0.2975482785368989	0.12765984119949755	0.09781157429497762	0.031490127141350584	
0.0	0.02293553329229074	0.11296208920603042	0.2512599716187548	0.0	
0.12343271522255934	0.12635284631784277	0.29673302994515544	0.07066902231665888	0.11309628205025794	
0.0	0.0	0.0	0.0	0.0	
0.2524830779834419	0.13876146572025416	0.09877336072046898	0.08885398916618	0.17663738902638196	
0.17362836082584723	0.29831502538212956	0.24391832147802572	0.056166405258029184	0.2377689106951019	
0.292093223276922	0.2729784462921494	0.041565919249046845	0.10322611248017867	0.26732142264576386	
0.07387880981962426	0.11996860453892355	0.13957406986187104	0.19973564849346345	0.22155781578474873	
0.13593505631891403	0.24791967794671876	0.22798053425217746	0.2960928068834424	0.17864071555876826	
0.2973187827549141	0.16127720940697635	0.28791537294688957	0.004262308984729185	0.11375450556064194	
0.27828617411800705	0.1664218397452076	0.30901452366027726	0.2268720581728072	0.28457290468471735	
0.042516455459907045	0.26444053780355814	0.29620281531961634	0.04902235295068498	0.16186588427232765	
0.24058840489451147	0.2330319661029407	0.04476680606685587	0.12675223152927928	0.09549615230798074	
0.08249472776669417	0.26546424157595977	0.18696550439302123	0.15303603308629476	0.23400648245438013	
0.2713962388399488	0.21494782540861365	0.2654298617307009	0.10810431879795006	0.023300518274357165	
0.16935969466497394	0.08630846114098231	0.14799102331112027	0.10206650466968606	0.21099550160457156	
0.04597875369669527	0.22431745026313776	0.11948322783437712	0.06312860941627545	0.060794477022519104	
0.05980497771220495	0.229194687001492	0.2725164548144774	0.2181287730361656	0.15766187680428334	
0.06993885420679467	0.14264605832823524	0.27126806559782995	0.2015329667062277	0.05109042948916279	
0.0	0.0	0.16300008988667597	0.0	0.0	
0.021183042885593813	0.010094219102033718	0.09382417823796997	0.12658457328367567	0.13277382218058342	
0.2670390561808439	0.2629081820029279	0.010628173274186093	0.06450343046418167	0.21807191121310554	
0.2793740617016721	0.2296105811307441	0.21227339660008146	0.14665679337534737	0.3232141307556264	
0.24916961644852167	0.20442041490925733	0.059673989850379715	0.2893226813487819	0.23171027647491255	
0.013598610685525966	0.2489151125923566	0.2435916941641798	0.17228540280217325	0.1926562600256599	
0.06958782606603992	0.2137872292839504	0.19347538416546434	0.1135652284793894	0.17404320767449552	
0.03629366281709724	0.02364578607454479	0.05246113449399454	0.20022631137938682	0.15983651651570552	
0.11753449936682524	0.24099667202012393	0.1903756762867633	0.17907051953599007	0.06771995052944157	
0.1425964598522556	0.28791136766323433	0.2564618158246626	0.056377174616384314	0.2830265396000581	
0.20657306748241114	0.1750472721733493	0.04240339909476726	0.0199926995371187	0.019112934836796134	
0.2665228461769184	0.09599276802571875	0.0884748563956355	0.21460564044074418	0.02652599711551108	
0.0	0.0	0.0	0.035256849468328216	0.0	
0.012008840962098005	0.15970499116493614	0.06932228300780129	0.22637653678140035	0.20646466360472768	
0.016051787403019577	0.238820796972052	0.2260962850786549	0.00714794191479059	0.0809736542519914	
0.2184841761654809	0.06567538614892746	0.02794323753854155	0.2593129951047378	0.21959205160475398	
0.08508754979448524	0.020441017264357795	0.07326075056750156	0.18816830000370013	0.11109489229284876	
0.18280846753305355	0.29151116186895054	0.012772395761402268	0.17873646183856917	0.018130228689585585	
0.21539833460513894	0.11167055294991596	0.18818904988091112	0.22116637115227486	0.10700072606790136	
0.08436688284585836	0.28213109339805836	0.28163631397487704	0.29380080110851003	0.13714918590886185	
0.24511509578117405	0.25269272775850654	0.1297693877271679	0.24618657901041197	0.004264771895333683	
0.2305298646690467	0.26873290145193895	0.21041722459409942	0.014240876445467404	0.04835853801165989	
0.30131547727156854	0.19406711611947391	0.21728359176925333	0.18140923570904646	0.26238338438331416	
0.019718353553169806	0.88226537421674	0.465449389492056	0.10397521211681426	0.0	
0.3262300742561256	0.31159520058731394	0.1788360125968637	0.01535532023929322	0.26417860973600527	
0.012608318052385641	0.283639049355147	0.038688362297122386	0.02523826569175704	2.8213229328338596E-6	
0.0	0.0	0.43845157026715376	0.0	0.0	
0.28491256831462103	0.24499805975309372	0.05683624528226821	0.10480478775477778	0.06584284817307963	
0.0	0.11748275963140886	0.06858420328631656	0.0	0.007979954456282582	
0.07472627544235728	0.27639381428264836	0.1314940918890645	0.173874964111935	0.1553939253168033	
0.12920153599789022	0.1827770335563278	0.31279950387013056	0.1524901411187599	0.10555671586047544	
0.09082194849389862	0.29008353013607996	0.14771318775072498	0.2047903766683462	0.41942832420372395	
0.12976207351082455	0.037646249719135515	0.21390445201493202	0.10023640101718664	0.2728636705321811	
0.25951822539655295	0.08096497639537265	0.1607170177813718	0.09552187633783023	0.22557593120417177	
0.155679376477248	0.06139179228597365	0.0	0.07862907296947928	0.31700209966856024	
0.264111037660188	0.20909284863568622	0.194985379003829	0.14015432070050574	0.1574958628117299	
0.24732493273004186	0.06780605621829913	0.038168788306452345	0.227321530316026	0.0	
0.1366117487431715	0.06866016651280292	0.0	0.0	0.15340006330079312	
0.05364174449291175	0.0	0.1323968952249046	0.0	0.0	
0.13932162788370625	0.383247106854787	0.1202712426286825	0.29394859967936765	0.002265416187188898	
0.021954426026506435	0.0541450279360612	0.10120751630731079	0.1723320007251251	0.0348389066556457	
0.037459910467902285	0.21927157860215543	0.1466356912876034	0.18336636290295366	0.1006962648702449	
0.2501604245158635	0.0445976715543265	0.0	0.22305005544373702	0.3306613683564092	
0.5040075441580786	0.3557819407168047	0.1244820926934578	0.5452433737994459	0.21248244552502912	
0.4088265150073183	0.17418790330023634	0.2851184958346259	0.22878147433575258	0.06937218580739755	
0.015721782932767388	0.28217454008387716	0.04760607932628937	0.16099611356157037	0.19085520090887725	
0.07041548386138655	0.22468921757167148	0.20514043059678425	0.21815032740657603	0.11393422140391074	
0.0	0.20995183318077495	0.47996196076800557	0.16266485508122297	0.1933543660853693	
0.08088583330593584	0.014084670006858048	0.06931052983987801	0.06257151009545228	0.1471621456275388	
0.20776159473685937	0.22325160457344284	0.23957879632482676	0.25958480292507496	0.25493245704627787	
0.6217160785770525	0.0	0.0025240488448230606	0.0	0.04311667705174995	
0.03126169784067651	0.2669790427991576	0.21947506718344814	0.1431445722487666	0.1290376654154852	
0.15666521222841898	0.06362520443557455	0.08187214870219228	0.021123330625050656	0.08615761708320181	
0.1378737362458141	0.2507845779075825	0.2793035192708392	0.2314154134812554	0.25924558871313846	
0.24979027994955458	0.19051160809945897	0.0	0.01927084984152852	0.22666077698726267	
0.1763513079437699	0.2556492461061016	0.10981847248714678	0.043478750414735354	0.17808119390826638	
0.18067310113364488	0.22944092600082236	0.18733289908225384	0.10821448111982435	0.046806054078578546	
0.2634300769914452	0.21710229744332965	0.27257865080259	0.0	0.008615277520922945	
0.026053983093313842	0.028514627371173152	0.2949258316780189	0.232968104492682	0.26914062894737784	
0.17017108396190328	0.06767715457936004	0.0272845728985859	0.22181595180870542	0.13597124466202407	
0.14195109227789088	0.00579837798458889	0.1197501168295567	0.13553324261643535	0.10935240048609438	
0.17789590455510984	0.06811825593971359	0.05382555572698594	0.16461073160418074	0.04355467218554637	
0.05063903036528565	0.05655105596208303	0.20233065711069553	0.16161931728374768	0.1742005943429658	
0.11919492996550134	0.05945881195316168	0.09161072991808374	0.2356708861021441	0.24146954110772917	
0.10735241863175135	0.20048268694917226	0.16044117773388644	0.07731706172654633	0.14011384166913748	
0.25040353506330615	0.11864493639175412	0.3626745885989211	0.18069086972883286	0.07541863605842763	
0.14266804860383198	0.28137808798535574	0.11571420161401451	0.2937512156203254	0.3759376358070735	
0.024401073857797814	0.09936117977943226	0.1730298399381927	0.06462873963191243	0.15584309637551239	
0.15110051363333005	0.2435080677302997	0.23682504821985506	0.22826036682316675	0.20344352317463515	
0.0	0.0	0.2784927347072279	0.26564255540333914	0.06386842274705735	
0.5337121299288021	0.35131767548304166	0.1855484949956775	0.5696853623295478	0.212000150306412	
0.25222696647269477	0.16450522140934362	0.15936422635375927	0.2192747238392542	0.2923785586065128	
0.27694693349225175	0.2875442459102432	0.09023074899098642	0.11354448322679475	0.19640758677981482	
0.29928832102835407	0.07070061438279518	0.28485911513256723	0.2854647778011915	0.08716232016921494	
0.05720925582771931	0.2338676224521008	0.14657327823721955	0.044283094695220536	0.28999185978770997	
0.26319024614312375	0.010825160276734224	0.16325275296989203	0.14540406498708128	0.17557496916375712	
0.2982773473921014	0.216795898391251	0.19631589201305585	0.19154280528751935	0.06772753863185522	
0.2233215794799271	0.1660934233449611	0.2800877321331943	0.2640324924091787	0.16790917735562888	
0.21339279545075085	0.21004216680869803	0.11033952255351176	0.11435148162754738	0.26007170801483126	
0.24786012698167453	0.3020647229668801	0.2557791079339412	0.10204249490278937	0.2793985800184207	
0.17824168880303462	0.1433545814862495	0.19597294275819194	0.08129497835390095	0.0676559954466333	
0.16782507657165008	0.19227417780277958	0.16520652587945042	0.010761100053427352	0.11821956863104109	
0.2244082651439719	0.0	0.0922362456302726	0.0	0.0	
0.2517791708981191	0.1305726159660612	0.023532349739808694	0.2819716062731617	0.09664006310280987	
0.26574624028478366	0.5289784448565956	0.3420057618125947	0.34519417542360337	0.1681970672986074	
0.08275189337507453	0.19573127022532696	0.2731692815751107	0.0647406242029915	0.010895867493189269	
0.2828693869564215	0.03384393949124233	0.18934323408093545	0.2574035249603426	0.06940607325794967	
0.1592173417992777	0.10907748687426097	0.20343295073087714	0.0333028258576784	0.10281407307260465	
0.1627880103821633	0.064178825887085	0.22107941087615546	0.12254406248636344	0.0	
0.15962386612895924	0.17519702219712158	0.28245092248862497	0.3015573746595003	0.006844662047091046	
0.016737394556483962	0.08898556076239973	0.0281482344283566	0.18341018110715793	0.2598726282704993	
0.30153828467308713	0.03082693671730942	0.181913041252932	0.10280094415572769	0.052797684659505725	
0.028479779705168996	0.7171975977560024	0.4029841469164478	0.2411631675633228	0.17544667054295898	
0.20446622798258596	0.14998182674713786	0.09600792178291988	0.09414513229171433	0.09939005985150859	
0.027295671736184843	0.5975256370065767	0.5759746905482951	0.22942780487635428	0.24705412170881375	
0.298782490502715	0.29561011260913905	0.04666552256566972	0.13818962901030934	0.1481511090038519	
0.04374628293676251	0.1109781448810358	0.31175423127630425	0.19018204430034627	0.08658940723243293	
0.0	0.10337793703982791	0.1387490266206397	0.0955019320583539	0.09009736175884209	
0.3018937309843486	0.2579907420941326	0.19555764519397995	0.01305153218643961	0.07923142387465673	
0.0	0.7309169360328415	0.26358580121180486	0.0	0.5022339503010582	
0.041624727769666636	0.1107589668035126	0.30030330719714093	0.15859080690600025	0.03429003278049691	
0.4981522012914992	0.11934365163263613	0.03351161158120161	0.2665288309740267	0.22912421254312407	
0.03591334643246443	0.2030916014616542	0.2074483936554966	0.2654619384153812	0.07133332546232699	
0.23685454190015948	0.20750682470557802	0.27834588560178086	0.2339926513998052	0.22181499652567155	
0.2709994801936616	0.24413575630154188	0.06885731375716143	0.2677310760215495	0.223799877072025	
0.28803658431855783	0.3319476184053195	0.4931480670732757	0.2879367814809467	0.16779325984583857	
0.2591406329117527	0.055918610916455745	0.2517851613930211	0.09814607343708001	0.277165795081696	
0.03579645084598391	0.19637634946649934	0.0	0.2765249428720039	0.08565939209503008	
0.20547767180514656	0.04245513028731361	0.18968109345828746	0.11501931444442447	0.16577017054695653	
0.0	0.0	0.2337318007060624	0.0	0.0	
0.2784845858512732	0.22291935735374416	0.0	0.22582509879661178	0.2781421019342046	
0.2314644703757746	0.16007543333874763	0.12897890769520987	0.001989317046916945	0.037333197090292446	
0.37609099063120943	0.23637701221616028	0.1399578371903727	0.5255575245606428	0.1480467411661035	
0.3217810589483231	0.19973729963797293	0.10981881452951761	0.15329937822651016	0.16005067711364704	
0.06027810794925252	0.025333316704151967	0.10414852360842994	0.16395643566170098	0.008107611118020863	
0.1066289103813323	0.0	0.0020073661298446468	0.15848200588874486	1.58631768974913E-4	
0.11072081517912459	0.21091597366311512	0.1088294844715152	0.2676454567777115	0.2045688633142983	
0.2591596487245896	0.011577233500987213	0.061285191514759044	0.021014017973999478	0.14521744976208006	
0.22269872006920163	0.07105712685034339	0.03148913601537978	0.13221327994532847	0.14456862800610384	
0.023785166274103126	0.19958102414046655	0.020088653412361972	0.006186919559093238	0.15050748736701394	
0.07619465874495064	0.013168956929708072	0.21386852432795792	0.12554447869041788	0.08066573484422916	
0.15175873884626226	0.1730238458023352	0.20036411681412974	0.3005800860377891	0.31196542550849526	
0.1347984423740671	0.28926089553630585	0.02396931107010711	0.09838808006889281	0.13286241728671852	
0.1987456482147517	0.23717247878738235	0.04661700311287391	0.231267647184766	0.12471893511756155	
0.0	0.1433132813348709	0.0	0.19482785491828014	0.0	
0.13771457834153417	0.20716552401713426	0.27521634756576563	0.1881972019231537	0.22332805468561193	
0.0	0.016979459845788632	0.1533891631934542	0.20589961436844262	0.0	
0.4128877246973824	0.19880037239206658	0.3231755920910461	0.5335024052948566	0.3124682615659401	
0.0889359485051297	0.002530491643957508	0.0016050090791173033	0.21047695407590702	0.05176731688718399	
0.15258989703445575	0.00743909783946859	0.0969680625142854	0.27444300838877245	0.1529962073943573	
0.2838374831925857	0.05225907743516823	0.19957795918637675	0.009889936653347637	0.0274229366768237	
0.28623047043730165	0.08207298220050949	0.15284246410735794	0.20958310007712982	0.22056964691115843	
0.1897936306590256	0.07373969394054818	0.21756039051846363	0.01938576796679381	0.03482729682577292	
0.06967193514260749	0.12691546169248497	0.13750353523138986	0.29332498133767004	0.16003872844781292	
0.015733901390250615	0.21015514113883635	0.2846420525451767	0.0917265858539242	0.19068633610846475	
0.14779783464634935	0.258129824666725	0.2849092320506581	0.09924978435646187	0.03953090667710955	
0.3913513741857964	0.0876261799878044	0.2149256108781951	0.6538541388644543	0.31235911732255794	
0.08334977648604261	0.07206270885417612	0.10195768610832812	0.23281852769833145	0.2842029209620226	
0.17252088049944364	0.21771052660577292	0.1271870846935949	0.12954537470525124	0.08567173652651977	
0.001969733173539846	0.11161767489028715	0.05982288581470924	0.0037028779736114287	0.10415291986206895	
0.22714266819558832	0.08249856088937563	0.003321496796829018	0.14347066095041994	0.1738004393967787	
0.13167940701736297	0.08255858705755272	0.08122709100051295	0.096151932586262	0.14724645148268142	
0.00272461654977744	0.15556719038754407	0.09151050411561051	0.21747076352350633	0.2606046853813042	
0.16807129038263163	0.26100651837128996	0.09468155283594577	0.22070640477105263	0.22982240488633773	
0.15313783877809006	0.03374062269335324	0.08466786466521695	0.06776195191729426	0.2493727505161553	
0.30539447951691917	0.0314161320169186	0.2780866063789377	0.2521834367888959	0.0504577235208068	
0.02389751151923659	0.1150757057663064	0.16285517669430594	0.2966622172272317	0.26729009763571215	
0.1950025944336597	0.06341709982623865	0.19822018945730238	0.29424783067868227	0.16076864769940133	
0.2875234923767672	0.181981462970852	0.0903758806671954	0.20069010693822162	0.1344671249380952	
0.1701101333212673	0.26888460479429593	0.2791060788964508	0.051648702517377264	0.1955389570346804	
0.0	0.29260324714839325	0.19175079988479746	0.23622973649366127	0.023861726573050496	
0.1913609928451241	0.0035036408065559207	0.17793117326826713	0.0639745756894409	0.2045508752310592	
0.2722571338744243	0.20548012891506648	0.20615260908723426	0.12001741147607545	0.02190647445394855	
0.038967729521737195	0.04839340382799098	0.11243124251791782	0.18425162107622034	0.07025345868827793	
0.16104937201649974	0.25756817613565636	0.12356939167723886	0.18169269311746317	0.29526714788641756	
0.003390890806092472	0.026402184441992674	0.23898533597623026	0.20599725183540057	0.0049741584435937175	
0.09429056509967594	0.08893004027594595	0.1044119628579847	0.24171078449825809	0.03907607070791355	
0.009557717541232462	0.020542355936567364	0.03546251504937778	1.4191659192543192E-4	0.0	
0.2606416210530467	0.29281240890165633	0.046873845155582836	0.19141277858750358	0.21913998962501718	
0.39976698989051374	0.5504446264278204	0.4144628462278621	0.38699082717909605	0.2711895922454436	
0.17805518432060818	0.0	0.031168452622831733	8.898067854217318E-5	4.848930913164651E-5	
0.41578008247897025	0.5712216787774907	0.23230756509316758	0.5130843093558511	0.3549283639911911	
0.2087286891771639	0.08512520006670324	0.03938152967541063	0.21466191609197063	0.2222627533929477	
0.08550845882084852	0.2213876350681833	0.054684102413185026	0.14137864699894984	0.2994167080243077	
0.06430858544433136	0.003632576624478737	0.18937862854315304	0.013457594742706294	0.01291673544883632	
0.20971267711102493	0.1814651971389084	0.22160803466668938	0.07596312617624959	0.15870543705417647	
0.29363593662387	0.1674062197452577	0.26027462590963113	0.29297404771317875	0.1327349047627743	
0.26843547988365013	0.12378816669743944	0.012808148901176611	0.1823444691461846	0.2983163064997439	
0.1573926876746061	0.164278810199668	0.28766160073626323	0.25650462970524196	0.26035366495438883	
0.20520487332789072	0.28455939933575014	0.01787227069497008	0.00342935723828937	0.23836081347602564	
0.23195808366746284	0.08376026103713936	0.10671444891678	0.20446157166990914	0.11209093566860329	
0.15814193911513358	0.09690703702506336	0.2505159546227697	0.28646329424333483	0.2748442851470707	
0.07333751556517369	0.23474144614132278	0.19648497673455814	0.189298226616061	0.033416049808628015	
0.2549238077392588	0.09269405797597141	0.12905468167897663	0.19359158282382585	0.23443494932112813	
0.043984160720894616	0.028645813850322634	0.26048161793215363	0.030514740604649135	0.1618344834637924	
0.029721163531578165	0.289019944775391	0.128199274638012	0.44023650263356134	0.22094265841747876	
0.3067144742377378	0.23732600125889705	0.2591829035215572	0.06152396934443691	0.07977493700581811	
0.059484900550433775	0.2627942237766236	0.2801291942425508	0.18242269061492355	0.14679699190482728	
0.0	0.2865362277518087	0.0031737486647941235	0.0	0.13888380845827136	
0.21857460856446895	0.18986662400477725	0.3116245593956173	0.1763199107427311	0.0	
0.18885892047410466	0.12370700867724975	0.030134475492202124	0.14495867865380824	0.14654030126119694	
0.21231582546537003	0.211975627988171	0.2188056629057156	0.1668302545137489	0.2441677383763015	
0.23826673309598081	0.17625578646969367	0.16361391794592503	0.01302391127087559	0.24971522473888164	
0.15599472560532954	0.22066723188566098	0.16249794705520526	0.1727980072152017	0.10709674001576101	
0.2776623330650402	0.21326502927307942	0.12884235724459123	0.006088681635071111	0.19643249530908158	
0.2830073269158043	0.25278698309307207	0.2663735063395981	0.1455716549449078	0.15667741722966674	
0.2580755543101794	0.23465974396157593	0.1152216177480496	0.22485091932586915	0.008175228913208644	
0.20609224889419603	0.03154748241865018	0.11095852037304951	0.2430346908051432	0.18632867294706354	
0.12889012521662063	0.17154538474331213	0.29514490529575965	0.0	0.1263685538282134	
0.2016784963363205	0.20380991963842504	0.24843263350762823	0.023222499038519865	0.2149862344572504	
0.25419359149984566	0.11292633448889963	0.014268263653128761	0.1584632353513252	0.1748176147155059	
0.30051155729970586	0.21230687781056226	0.22849113494147713	0.2825837406743847	0.1727113371558422	
0.30015531809249413	0.298372379635373	0.2387411381666918	0.24217130002882303	0.2079162667010416	
0.014957914739034576	0.22012965613175786	0.2394885767856671	0.30442705909054907	0.02296468239790619	
0.027877504245692488	0.0973594748181073	0.23540257905103965	0.019959342231795362	0.056093018030330836	
0.25730746094386864	0.19380653024898314	0.2343551981232461	0.22877553965839245	0.1789622108209645	
0.0069681933986425705	0.050119310869257166	0.03383443999611877	0.06643745061457648	0.0	
0.048572917976675595	0.0	0.07649128144103899	0.07039219706219196	0.13139218571020692	
0.2034253179244708	7.061870883559582E-4	0.2677887602905247	0.19808324848853287	0.1308560013859038	
0.17840649858601168	0.6942005000722599	0.3541338378045113	0.16102388825058525	0.1495862425847431	
0.2433818489762325	0.0	0.2649336696719165	0.1127860023990227	0.1934874193845754	
0.018712172186804585	0.07895079499751234	0.1749009847312147	0.09142322780828133	0.2838881335961127	
0.13939183586531723	0.09305472446234946	0.09659000484227805	0.23448068070937303	0.08002022569051445	
0.08391985862073591	0.07369173057289763	0.05824055208165487	0.07695238221850463	0.27901691033978404	
0.26700760098289333	0.20276869805547523	0.24507588830528956	0.28062939193868386	0.21844617924957846	
0.40447223115654884	0.04652627512739059	0.19803268820616104	0.3869672935933926	0.0988170242825304	
0.07141700532944992	0.09146876387882906	0.17229703852344372	0.27284347070406006	0.257201657721037	
0.18466459875645222	0.054514899524570413	0.043716389220444664	3.16620690786276E-4	0.26222529555672847	
0.26745664679634806	0.1654948218510823	0.02900528123165195	0.26108594725162854	0.2841849699316386	
0.28023196314024434	0.06812977476070171	0.2542275202361854	0.08521158858267096	0.31746639365128954	
0.10609706720461393	0.02796505052942499	0.21555545261557052	0.2761326537662813	0.024470270717387513	
1.0571314729384687	0.8479524250522922	0.39783411126069773	0.5322189698882486	0.3504969912019945	
0.17410315154216557	0.21689759640872566	0.24374477812307704	0.16833316150808664	0.09845243156416172	
0.2755534271993472	0.18162079049721205	0.19610108037079943	0.13497280152716695	0.28088129383411536	
0.014220732454510122	0.15135843520214814	0.21959335759337173	0.22847192604549377	0.07712130826423537	
0.021066031861861016	0.023496234745559688	0.2687712173830625	0.037486635228192434	0.0	
0.13718907264992508	0.4107148924712855	0.3355963599211117	1.2210058206882175	0.3849079613899255	
0.10105769191027916	0.1892217170901243	0.08277899736025207	0.044934773019420865	0.21969430277259494	
0.18569896748685008	0.291212038944364	0.23674858652489844	0.22312017274904625	0.15994238514215695	
0.2397443328554188	0.11571621959778969	0.10436396560720146	0.24977232682400133	0.25064811498144624	
0.2559696190213234	0.07562221315055612	0.021175813387461953	0.22694665098251854	0.12800344730561086	
4.4173475618390444E-4	0.08876867155355442	0.1833888799387663	0.05684854962768225	0.005052767532386923	
0.06567958167123028	0.09955001554788057	0.24401811779216262	0.17013271596425217	0.11410446459809763	
0.025636152803086416	0.13957347412537352	0.10345907336346952	0.20967568154435212	0.03541062982081384	
0.0	0.06758340203505303	0.06652136711828825	0.15244959213525733	0.0	
0.002038851022889523	0.001976660971298254	0.14001614902778323	0.03615562441104623	0.0021267917903266555	
0.3029659123489664	0.08502679611700181	0.20471196377364353	0.11696404107511442	0.0	
0.2962262137661589	0.03704766768647165	0.22968297338593052	0.09641745160604111	0.3027688171091515	
0.2704391783349883	0.12036105709246255	0.2336909782020909	0.2751308008551674	0.2747794985037121	
0.19131734653574445	0.05501494981868027	0.2845458907444679	0.09524620058940074	0.16273368192378287	
0.18049726494120977	0.17687229163014326	0.14025757576422437	0.0231241926064837	0.28067264301239675	
0.06120637582691093	0.15342020934050069	0.18864139913382863	0.05999398999170784	0.04188783419563871	
0.04840997986157666	0.21704635968646324	0.29093616797996563	0.07493309678410828	0.033292360365675504	
0.14512518389883722	0.25801959347250947	0.17664766891694447	0.0496121591034932	0.11367165806278773	
0.29266168904555784	0.0	0.024451026293165968	0.14279967711134026	0.2310299803212151	
0.2006925488203628	0.004679763404175781	0.2683145012126902	0.2276131806976496	0.16351956935699352	
0.08781842508608559	0.08249921708397574	0.06723615714904045	0.016902086479409193	0.19101590699187007	
0.29262317611424443	0.25449957474466484	0.2409389617465398	0.019784696999065793	0.01964041758273848	
0.31964214406308333	0.06161459008290878	0.08520348044401951	0.2529266521818782	0.045089669147708095	
0.18587116015691119	0.11662480590001231	0.07303228237260197	0.14529855026753669	9.316559439623406E-4	
0.06179191411913716	0.10748564696105727	0.11015610117903632	0.08555423198373	0.24382139244131748	
0.19500635223102442	0.19535105864253374	0.12023870537873702	0.15191123401347453	0.21815682116421503	
0.2845286005941734	0.1781132138448985	0.12091321023799009	0.12075168206472976	0.07798498641538164	
0.05476077114092356	0.1448841684933097	0.05648157229505356	0.2660059961027501	0.11904246965138593	
0.22481779879789346	0.277502027089606	0.2834757308951697	0.02965656641423324	0.12787685727891132	
0.014124102359637658	0.0015380086337229548	0.18746353916599046	0.13623332300903074	0.02034455595927717	
0.6544601030961029	0.1144330029506652	0.0904919837923014	0.021591028811431042	0.0	
0.2616845300989195	0.07957824416166509	0.3211882145290966	0.2499739544923036	0.09061635981043803	
0.03786478973799998	0.06588053673009239	0.17963616082905207	0.10721908432913309	0.15536609688073452	
0.17332068821307622	0.07489259227608054	0.10126857556962365	0.18119992565184395	0.2200067313917325	
0.058256260714806544	0.267650639819654	0.21157851585865628	0.1659414036119483	0.05707366003805062	
0.06319023608750562	0.2895387498881731	0.19446044200233972	0.28533065814976255	0.0	
0.05289583494656903	0.3042085549802332	0.0884540358452859	0.07129749677700031	0.10108128285240885	
0.0	0.0	0.0	0.0056921380778699295	0.0	
0.17064575484047076	0.0	0.045850967400390547	0.00149926131969038	0.15681080656851842	
0.2565789070720836	0.028023245488830714	0.08875914856377504	0.07987028403067727	0.12758460746757905	
0.24718561321836632	0.20749797826681007	0.13570851573204734	0.15427124097217212	0.2063043896897679	
0.2614304174590673	0.03713298852155566	0.044465363172854516	0.11029994427366423	0.004117633270662877	
0.02153223864861778	0.0911420494108303	0.13186221799588502	0.15955701533501507	0.0915349568097546	
0.004967221925595958	0.02715944472624206	0.15321349020453556	0.0	0.22254342391860918	
0.30090259995836716	0.19007538958209752	0.013035648856862075	0.14254447229669298	0.07392640706651213	
0.26072086550386353	0.03809866193265664	0.07450799964294591	0.09689516236994063	0.26161025083900796	
0.17500258969191607	0.24234310143940796	0.0015882753737843645	0.2835669223569723	0.013441026799645116	
0.10021166856132638	0.10845907255254604	0.2825429344378637	0.1193485565511978	0.2522051445525547	
0.20016127680750231	0.2044976661861778	0.14294265078387922	0.03050191874985967	0.301538268628638	
0.041990468456681425	0.061931562192904306	0.20104411555416507	0.2984678648932624	0.10876999158768552	
0.12683517583403858	0.09786775819232653	0.17028727960631604	0.12006679998950516	0.028250046797024978	
0.053873051596600365	0.14425166139603895	0.0864906663368756	0.19759762190971672	0.2327817454865542	
0.043898248004833815	0.27772513964994683	0.22512832391733	0.17537264043501077	0.023592644767043	
0.03875271319681086	0.07257315120141551	0.03965474169816267	0.049338677805980655	0.2979661111132107	
0.12892094923484143	0.0544118595830437	0.286311892694543	0.010325320737173892	0.18014691046723494	
0.14436760877032745	0.1286070548619073	0.0899201273775446	0.16341320135198759	0.21642929712382727	
0.16984435672723258	0.2875596134540595	0.2873585813285723	0.05881626401218953	0.044611213729165086	
0.2964195904478533	0.18190368100736035	0.19374724545482858	0.1499154496190677	0.3019560690222076	
0.3739708062205962	0.08949836264914725	0.0	0.2057041750880209	0.30321300204334733	
0.012604086657925595	0.10578250683941891	0.2075368808537189	0.2558660705042347	0.10302635184580851	
0.14173466451576847	0.13452874071525556	0.05195040586208396	0.17463490544342342	0.0734128024067334	
0.21362418263161306	0.20173716104743641	0.27239132070382793	0.10944218597004256	0.21440019231793017	
0.08754025613391449	0.181217896935868	0.0760516914025449	0.18429979683652364	0.27535365015720503	
0.11263399584771698	0.07470642749548129	0.0790372375271153	0.17061845534986014	0.0	
0.2557290491670079	0.28965537861650903	0.23950267028331662	0.10632903470181287	0.10237421694601191	
0.1904946638870169	0.27071738160978087	0.1475818376387767	0.29110420678899507	0.07094087917055031	
0.2828955609076538	0.10411125724330382	0.2095141993912232	0.15573412109194656	0.0695379815401238	
0.11993772138073949	0.2593199311515861	0.2081702619427272	0.08925506094637972	0.1578805439721427	
0.033127080645051196	0.16808575721295	0.05206081210301827	0.26348054793457015	0.10931728814804051	
0.07074426919875078	0.035709026822067884	0.12783206356702234	0.16713763751839547	0.008536770709899976	
0.13743008961266587	0.17349086523239368	0.0020247927371803997	0.09508855428072882	0.11859858829230091	
0.11748730684626973	0.25011232429276214	0.07647863699557672	0.26655601028705345	0.047980968682688224	
0.21865030670346103	0.0871305551869538	0.2865742014686829	0.2922149006702346	0.0074117671643124106	
0.21891970394039095	0.06600309549326587	0.12864672260896753	0.13687413663519715	0.028674197902719543	
0.23787799303859758	0.005968846269549618	0.09542318942584364	0.02854615977805713	0.23223417254579065	
0.051513567081986865	0.24332013205358582	0.29117388755988555	0.040879467253650596	0.11019016570383092	
0.1265428761967502	0.0024146734571740052	0.27081877608926064	0.020619982510858354	0.0	
0.16498852688478177	0.11083217784332479	0.141963074647381	0.129653189045634	0.23634037158495666	
0.15768133371570592	0.15379558526374199	0.03765371463148771	0.03445660526248569	0.2790612234083173	
0.09684205454271606	0.08531358339582061	0.23256765052577338	0.07232237342144876	0.27820477680900224	
0.22370546080682022	0.0990628804605274	0.027293073413840813	0.11624257145246401	0.14180819026430802	
0.06219921565234265	0.2803633156115289	0.1113883756816181	0.2126252161870182	0.009963369160552163	
0.2593901263197849	0.1374397755069558	0.052702008312035226	0.19478243353090474	0.0	
0.2959226910702545	0.002713807483270321	0.03776129410810389	0.24214205700421026	0.2665360873946542	
0.014284316406987536	0.2538659457051224	0.18313998885818514	0.1917478168191652	0.21194816587195583	
0.2290553463093555	0.03735283150035512	0.23167993360564512	0.23504167563522987	0.2781060441208861	
0.25510989371028847	0.05640399351779344	0.11200613039306727	0.2885497600545546	0.050824313509827926	
0.2077692337293832	0.11371513907061177	0.2542214058056291	0.017637248578111876	0.14110389074915766	
0.14950592546542307	0.10507776093837025	0.07979553925695555	0.011668228930741565	0.0	
0.13324365563774077	0.21327771023799286	0.07645098301802931	0.12582314331219135	0.03305105958326224	
0.2778619058262283	0.08497842141209982	0.0628472522820131	0.2698906641743336	0.17495327342031514	
0.03350101618301016	0.12427984640916348	0.17833359711241992	0.24038606303491633	0.06990264073512177	
0.2412492217377574	0.0598473674018733	0.2863608104469022	0.2151961708943376	0.2780354879455302	
0.08869693226262054	0.283347745269832	0.23620808242093388	0.1803374007971859	0.2941749748435978	
0.10722415662116845	0.11161783265831797	0.13553115843058033	0.10147625471565586	0.14827437205824606	
0.03747730346947744	0.2717910535964134	0.18505609734299186	0.190366233466548	0.08723549927775634	
0.27493731812954264	0.19797055606906744	0.18436225386690525	0.10833262146552747	0.02123014843233784	
0.22591129465376142	0.050637715807323486	0.32121599204421475	0.09729158753156757	0.16631011118965885	
0.04535872252900272	0.22182430125703134	0.02067332719849087	0.05734923276532312	0.11234130229773366	
0.1711654214376874	0.12750829669122676	0.07601789970813597	0.04899635783601969	0.2376271687548441	
0.20612942986976843	0.13947256096259764	0.29856226203102065	0.28799197444459346	0.18013982024629957	
0.03941799170845676	0.2529951658891017	0.2754101082005708	0.0883710396889376	0.25553346278490274	
0.24060819815121112	0.01548869248600222	0.015300950659821897	0.22429564135801539	0.0602748441090755	
0.104642754178744	0.1991992399696044	0.2948163631235808	0.20492748966301075	0.241885355388357	
0.22096864449918213	0.14278190823530335	0.24348589433437365	0.01984787927939403	0.21213653346560418	
0.26089306477210905	0.06822344338088125	0.10704500348684824	0.22130432697061053	0.003580322839835959	
0.06907360867964618	0.2615826039425128	0.1673708091745186	0.2756683824051104	0.11479232488423388	
0.16425275183997362	0.1587842408281417	0.15917565401320338	0.0	0.21995395678742793	
0.048312916947245974	0.05585870832821467	0.051226546059961874	0.17862432775314127	0.015914965239185053	
0.1105471289971961	0.12660037057403167	0.030604480858024457	0.11529440524440561	0.2556674049365133	
0.2462951684260397	0.1593753379859111	0.04553587266692329	0.12766239784437103	0.06735201285830063	
0.29487213554458774	0.024362084722508347	0.23441523969291828	0.25368103398057523	0.12195117745346248	
0.16631152085826292	0.13407863793193306	0.08657209806345596	0.10661548656620326	0.007134709207083285	
0.00660032129510103	0.19602220630751205	0.135076557372646	0.2886871523451624	0.010080070115105946	
0.13692945154886557	0.03891998750810034	0.18187691776307743	0.19721755090549084	0.20234264314616218	
0.11008573000775744	0.20695222456743767	0.24442973866629503	0.19168512063324297	0.08337588083280649	
0.24176882761025906	0.25343729669761456	0.18093708354608082	0.25775426633568344	0.04525439583678911	
0.2614909905476911	0.1747451707252286	0.07265132251097266	0.09008352709504573	0.16544755816172252	
0.2510242505514835	0.22573280028304837	0.1067425850804432	0.11127006411839807	0.15883392784884842	
0.016651805299508896	0.2788651821779	0.0058093870045402346	0.04234315854142212	0.25750234673554573	
0.07734955086985522	0.28156749610303516	0.15578583614320737	0.1962612257574556	0.09235105305727934	
0.10199871898825856	0.13374844246960635	0.2798385067423201	0.08223936526821839	0.06063712313877264	
0.10186101282327774	0.23538418231983974	0.17342352810564424	0.21224718093406808	0.3079054795567341	
0.00853986211203927	0.0	0.11640399727918785	0.10495346903663963	0.05432718066414107	
0.20814083134088246	0.13371328137458058	0.11143342165961745	0.009666032651098206	0.29452536504112675	
0.12465018809519451	0.2767520088532495	0.2829388670774036	0.2590442729894639	0.11200100223392401	
0.11133900354116988	0.2747523303500941	0.18226624854916465	0.18782534439271215	0.19816568970197182	
0.08594835883825569	0.1286909233959503	0.17283491857266833	0.057026092681778724	0.09628630131028192	
0.17483137381412928	0.11298673163160361	0.268860731835967	0.14657385415644172	0.24652468615219647	
0.11372488366113769	0.26861189708106575	0.008763514957675852	0.30477732022303267	0.09962687160042372	
0.12338144176580522	0.18509233333654693	0.19422859560647388	0.06876878464133064	0.28008513675558494	
0.3048089016019587	0.2749053874678232	0.2752623003021283	0.2936158888215676	0.24236469512907868	
0.2824568621605202	0.2307352677081752	0.05087819135528787	0.053247731929275746	0.25278653718535726	
0.30138711229301524	0.24394371339491427	0.13727023847504272	0.10247899488587338	0.22693982849271546	
0.29023779074938905	0.268184151520356	0.06934267206793156	0.2770903504098801	0.13992519847323415	
0.08210115269590203	0.14339376531694056	0.03729149321674793	0.11398782653298853	0.04310913668922868	
0.142031012951045	0.03746110722399074	0.08094380504037473	0.009515321425237708	0.1820128782987265	
0.18951599410633907	0.24460291182527993	0.2412609125264264	0.1279705507934899	0.3004953974750213	
0.2541050100913893	0.1780552375427364	0.05449222735651538	0.09044673744317677	0.024511608519568344	
0.060043292673883975	0.0351319068351795	0.1416296811269411	0.03299680156608573	0.0490789653714459	
0.2976837399216371	0.23565286408121042	0.0	0.2961912054849759	0.26071031294758173	
0.130282218080357	0.10741097931712908	0.020430557710684815	0.02846567224170467	0.25632039725424277	
0.08535328013046593	0.17637487332740504	0.21811127039804115	0.10901497529439358	0.00464498717723122	
0.30061351607502756	0.16535350424281495	0.0792976222279661	0.18050397791732586	0.009161257086911767	
0.15673256157851168	0.05771159111430031	0.23982693178222508	0.1349977130472785	0.15911304933122747	
0.027120285868403156	0.2909140693054641	0.07478368928687772	0.13984916664072466	0.17090909046295927	
0.2568750216253003	0.12165357224077951	0.05134344387901313	0.14029698902610496	0.045729883683278676	
0.2127472734201576	0.03255267813311665	0.07825995693869722	0.11782604554395158	0.15221291482536123	
0.003498479300627215	0.21316563618018222	0.008455985442956617	0.13043510748880754	0.13240887247361183	
0.06607557362901528	0.28063645258334546	0.254575620954114	0.10766105620452941	0.25018315294561727	
0.052042646315049235	0.23006264093835255	0.06017106876114271	0.01593902722840635	0.2132578893595676	
0.16232972242162044	0.2542812632208978	0.2835188247879058	0.2514626562689982	0.22701993432172243	
0.1913692763013623	0.2076279835959725	0.16354782409110946	0.22706203519980642	0.10752668203574665	
0.11648006777017793	0.024449355823175686	0.06882068769031939	0.10443224260034979	0.047861820234154404	
0.21868573045113682	0.1407664747072762	0.08998877084479683	0.004449067097770878	0.1296559287215857	
0.18426739634887496	0.0	0.17655300812010916	0.28020566619108955	0.04079049536992702	
0.23577172893241163	0.18152232913727998	0.14728030861093486	0.18549961590109934	0.08373932714630367	
0.021124787065458447	0.2936078403166718	0.2427254377228571	0.11070402534090887	0.04735487218147055	
0.07726404129839579	0.09243267966159822	0.10611943790292096	0.040879133849462235	0.12097317236624107	
0.10389685837893185	0.16448204428045415	0.28226907903091036	0.04418014591929947	0.0636608681765777	
0.05481479528527937	0.13160990165139255	0.24259153979180492	0.05022706385916529	0.1432843121875894	
0.09800702372856752	0.038973275076783755	0.30072314583456056	0.2028938855329978	0.11065912316693398	
0.04883279319659054	0.12392363441826512	0.10803924233955436	0.26165935591801265	0.07855093474201538	
0.19435140869510648	0.002817365060716155	0.2902631481930094	0.18381406362953082	3.4039986170454113E-4	
0.10146953244411008	0.004121615132780194	0.11677605453565666	0.17038962104205557	0.21845754074301993	
0.08720348032211135	0.01848104619620385	0.29255508065586155	0.13869721933983561	0.16989538771038787	
0.07814306987122854	0.13688985451330912	0.19872323858153265	0.060547935574502325	0.16620451207154854	
0.10598534368818911	0.05755887623698911	0.21449016530349832	0.03837896290862251	0.10090989743156802	
0.2996118843513283	0.2623782319561854	0.2946828629940129	0.16316833680949064	0.2668317721829419	
0.04369633985685769	0.05327285802460133	0.27376419635355076	0.09942624950076386	0.2940872429633688	
0.18829120183361148	0.03490427071059245	0.27333910520718935	0.035663945284768545	0.2732053423003876	
0.278046579177363	0.23532226909445225	0.05273063868402084	0.13905205172507606	0.13440555236502633	
