999|1,0,1,0,1,1,1,0,1,1,0
998|1,0,1,0,1,1,0,1,1,0,1,1,0,1,1,1,0,1,0
997|1,0,1,1,1,0,1,0,0,1,1,1,1,0
996|1,1,1,0,1,0,1,0,1,1,1,0,1,1,0
995|1,1,0,1,0,0,1,1,1,0,1,1,0,1
994|1,0,1,0,1,1,1,0,1,1,0,1,0,0
993|1,1,1,1,1
992|1,0,1,1,0,1,0,1,0,1,0,1,1,0,1,1,1,0
991|1,0,1,1,1,1,0
990|1,1,0,1,0,1,1,1,0,1,0,1,0,1,1,1,0
989|1,0,1,0,1,1,0,1,0,1,1,0,0,1,1
988|1,0,1,1,1,0,0,1,0,1,0,1,0,1,1,1
987|1,0,1,1,0,1,0,1,0,0,0,1,1
986|1,0,1,0,1,0,1,1,1,1,0,1,0,1
985|1,0,1,0,1,1,0,1,1,1,1,0,1
984|1,1,0,0,1,1,1,1
983|1,1,1,0,1,1,0,1,0,0,1,0,1,0,1,1,1,0,0
982|1,0,1,0,1,0,1,1,1,0,1,0,1,1,0,1,0,1,1,0,1
981|1,1,0,1,1,0,1,1,0,1,1
980|1,1,0,1,0,1,1,1,0,1,0,1,1,0,1,0,1
979|1,1,1
978|1,1,0,1,0,1,1,0,1,1,0,1,1
977|1,0,1,1,0,1,1,1,0,1,1,1,0,1,0
976|1,1,0,1,1,0,1,1,0,1,0,1
975|1,1,0,1,1,0,1,0,1,0,1,0,1,1,1,0,1
974|1,1,1,1,1,0,1,0,1,0,1,1,0,0,1,0
973|1,0,1,1,0,1,0,1,1,0,1,0,1,1,0,1,0,1,0,1,0,1,1,1,0
972|1,0,1,1,1,1,0,1,1,1,0
971|1,1,0,1,1,1,1,0,1,0
970|1,0,1,0,1,1,1,0,1,0,0,1,0,1,0,1
969|1,0,1,1,1,1,0,1,0,0,1,1,1,0
968|1,1,1,0,1,1,0,1,0,1
967|1,0,1,1,1,1,0,1,1,0,0,1
966|1,0,1,1,1,1,0,1,0,1,1,0,1
965|1,0,1,0,1,0,1,1,0,0,1,1,1,0,1,0,1,1
964|
963|1,1,0,1,1,0,1,0,1,1,1,1,0
962|1,1,1,1,1
961|1,1,0,1,0,1,0,1,1,1,1
960|1,1,1,1,1,1,0,1,0,1,0,1,0
959|1,1,0,1,1,1,0,0,1,0,1,0,1,0,1,0,1,0,1,1,0,1
958|1,0,1,1,0,1,1,0,1,1,0,1,1,0,1,0,1,0,1,1,0,0,1,0
957|1,1,0,1,1,0,0,1,0,1,1,0,1,1,0,1,0
956|1,1,0,1,0,1,1,1,1,0,1
955|1,0,1,1,0,1,1,1,1,0
954|1,0,1,1,0,1,1,0,1,1,0,1,0,1,1,0,1,0,1,0,1,1,0
953|1,1,1,1,0,1,1,0,1,0,1
952|1,1,1,0,1,1,0,0,1,0,1,0,1,0,1,1,0,1,1,0,1,0
951|1,0,1,0,0,1,1,0,1,0,1,1,1,1,1,0
950|1,0,1,0,1,1,1,0,1,1,0,1,0,1,0,1,0,1,1,0,1,1,0,0
949|1,1,1,1,0,1,0,0,0,1
948|1,0,0,1,0,1,1,1,1,1,0,1,0,0
947|1,0,1,0,1,0,1,0,1,1,1,0,1
946|1,0,1,0,1,0,1,0,1,1,1,1,0,1,0,1,1,0
945|1,0,1,0,1,1,1,0,1,1,0,1,1
944|1,0,1,0,1,0,1,1,1,1,1,0,1,0,1,0,1,0,1,0,1
943|1,0,1,1,1,1,0,1
942|1,1,1,0,1,0,1,0,1,1,1,0,1
941|1,1,1,0,0,1,1,0,1,1
940|1,0,1,0,1,1,1,1,0,1,0,1,1,0,1
939|1,1,0,1,0,1,0,1,1,1,1
938|1,1,0,1,0,0,1,0,1,0,1,1,0,1,1,1,1,0
937|1,0,0,1,1,0,1,0,1,1,0,1
936|1,1,0,1,1,0,1,1,0,1
935|1,0,1,1,0,1,1,0,1
934|1,1,1,1,1,1,0
933|1,1,0,1,1
932|1,0,1,1,1,1
931|1,1,1,1,1
930|1,0,1,0,1,0,1,0,1,1,1,0,1,0,1,1,1,0
929|1,1,1,1,1,0,1,0,1,0,1,0,1,1,0,1,0,0
928|1,0,1,1,1,0,1,0,1,0,1,1
927|1,1,1,0,1,0,1,1,0,1
926|1,0,1,1,0,0,1,0,1,1,1,0,1
925|1,1,1,0,1,0,1,1,1,0,1,0,0
924|1,0,1,0,1,1,1,0,1,1,1,0,1
923|1,0,1,0,1,0,1,0,0,1,1,0,1,1,0,1,1,0,1,1,0,1
922|1,0,1,0,1,1,1,1,1,0,1,1,0
921|1,0,1,1,1,1,0,1
920|1,1,1,1,1,0,0
919|1,1,0,1,1,0,1,0,1,1,1,1,0,1,0
918|1,0,1,0,1,0,1,0,1,1,1,0,1,1,0,1,1,1,0,0,1,0
917|1,1,1,0,1,1
916|1,0,1,0,1,0,1,1,1,1,0,1,0,1,1,1,0,1,0
915|1,0,1,0,0,1,0,1,1,0,1,1,1,1,0,1,0,1
914|1,0,1,1,0,0,1,0,1,1,0,1,0,1,0,1,1,0,1,1,1,0,1,0,1,0
913|1,1
912|1,1,1,0,1,0,1,1,0,1,0,0,1,1
911|1,0,1,0,0,1,1,0,1,0,1,1,0,1,0,1,0,1,1,1,0,1,0,1,0,1,1,0
910|1,1,1,1
909|1,0,1,0,1,1,1,1,0,1,1,0,1,1,0,1,0
908|1,1,1,1
907|1,0,1,1,1,0,1,0,1,0,1,0,1
906|1,0,1,0,1,0,1,0,1,0,1,1,1,0,1,1,0
905|1,0,1,1,1,0,0,1,1,0,1,0,1,1
904|1,0,1,0,1,1,0,0,1,0,1,1,1,0,1,0,1,1
903|1,0,0,1,1,1,1,0,1,0,1,0,1,0,1,0,1,0,1,0,1,0,1,1,1,0
902|1,1,1,1,0,1,0,1,1,0,1,1,0,1,0
901|1,0,1,0,1,1,0,1,0,1,1,0,1
900|1,0,1,1,0,1,1,0,1,0,1,1,0,0,1,1,1,0
899|1,0,1,0,1,1,1,1,0,1,0,0,1,1,0,1,0,1,0,1,0,1,1,0,1,0,0
898|1,1,0,1,0,1,1,0,1,0,1,1,1,1,0,0
897|1,0,1,1,0,1,0,0,1,0,1,1,1,1,1,0,1,0,1,0,1,0
896|1,1,1,1,1,0,1,1,0
895|1,1,1,0,1,0,1,0,0
894|1,0,1,1,1,0,1,1,1,1,0,1,0
893|1,1,1,0,1,0,1,1,0,1,0,1,0,1,1
892|1,0,0,1,1,0,1,1,1,0,1,1,0,1
891|1,0,1,1,0,1,1,1,1,0
890|1,0,1,0,1,1,0,1,1,1,0,0,1,0,1,1,0
889|1,1,1,1,0,1,0,1,1,0,1,0,0,1,0,1,0,1,0,1,1,0,1,0
888|1,1,0,1,0,1,0,1,1,0,1,1,0,1,1
887|1,0,1,0,1,1,1,0,1,1,0,1,0,1,1,1,0,1,0,1,0
886|1,1,1,1,1,1,0
885|1,0,1,1,1,1,1,0,1
884|1,1,1,0,1,1,0,1,1,1,0
883|1,0,1,1,0,0,1,1,0,1,1,1
882|1,1,1,0,1,1,0,1,0,1,1,0,1,0,0,1,0,1,0,0,1,1,0
881|1,0,0,1,1,1,0,1,1,1,1,0
880|1,1,0,1,1,0,1,0,1,0,1,1,1,0,0,1
879|1,0,1,1,0,1,1,0,0,1,1,0,0,1,0,1,0,1,1
878|1,0,1,0,1,0,1,0,1,0,1,1,1,0,1,1,1,0,1,0,1,1,0
877|1,1,0,1,0,1,1,0,1,1,1,0,1,0
876|1,0,0,1,1,1,0,1,0,1,1,0,1,1,1,0,1,0
875|1,1,1,0,1,1,1,0,1,1,0,1,0,1,0
874|1,1,0,0,1,0,1,1,1,1,0
873|1,0,1,1,1,1,1,0
872|1,0,1,1,0,1,1,0,1,1,1,0,0,1,0,1,0,1,0
871|1,0,1,1,0,1,0,1,1,1,0
870|1,1,1,1,1,0,1
869|1,1,1,1,0,1,1,0,1
868|1,1,1,1,0,1,0,1,0,1,1
867|1,0,1,1,0,1,0,1,0,1,1,0,1,0,1,1,0,0,1,0,1,0,1,1
866|1,0,1,0,1,0,1,1,0,0,1,0,1,0,1,1,1,1,0,1
865|1,0,1,1,0,1,1,0,1,1,1
864|1,0,1,0,1,0,0,1,1,0,0,1,1,1,0,1,1,1,0
863|1,1,1,0,1,1,0,1,1,0,0,1,0,0,1,0,1,0,1,1,0,1,0,1,0,0,1,0,1,0,0,1,0,1,0,1,0
862|1,0,1,1,0,1,0,1,1,0,1,1,0
861|1,0,1,1,0,0,1,1,0,1,0,1,0,0,1,1,1,1,0,1,0
860|1,0,1,1,1,0,1,0,1,1
859|1,0,1,0,1,1,0,1,1,0,1,0,1,1,0,1,0,0,1,1,1,0,1,0
858|1,0,1,0,1,1,0,1,1,1,0,1,0,1,0,1,0,1,0,1,1
857|1,1,1,0,1,1,0,1,1
856|1,1,1,1,0,0,1,0,1,1,1,0
855|1,1,0,1,1,1,1,0,1,0,1,0,0,0,1,0,1,0,1
854|1,1,1,1,1,0,1,0,1,0,1,1,0
853|1,0,1,1,0,1,0,0,1,1,0,1,1,1
852|1,0,0,1,1,1,1,0,1,1,0,0,1,0,1,0,1,1,0
851|1,1,1,1,1,0,1,0,0,1,0
850|1,0,1,0,1,1,1,1,1,0,1,1,0
849|1,0,0,1,0,1,0,0,1,1,1,1,1,1,0,1,0
848|1,0,1,1,1,1,1,0,1
847|1,1,0,1,1,0,0,1,1,0,1,0,1,1,0,1
846|1,0,1,1,1,1,1,1,0,0,1,0,1,0,0
845|1,0,0,1,0,1,1,1,0,1,1,0,1
844|1,0,1,1,1,0,1,0,1,0,0,1,1,1,0,1,1,0
843|1,0,1,1,1,1
842|1,0,1,1,1,1,0,0,1,1,0,1,0
841|1,1,1,1,1,0
840|1,0,1,0,1,1,1,1,0,1,1,0
839|1,1,1,0,1,1,0,1,0,1,1,0,1,1,0,1,0,0,1,0
838|1,0,0,1,0,1,1,1,0,1,1,1,0,1,1,0,1,0
837|1,1,1,1,0,1,0,1,1,1,0,1,0,1,0
836|1,0,1,0,1,1,0,0,1,1,1,1,0,1,0,1,0,1,1,0,0
835|1,1,1,1,0,0,1,1,0,0,1,0,1,0,0,1
834|1,0,1,0,1,0,1,0,1,1,1,0,0,1,1,1
833|1,0,1,0,1,1,0,1,1,0,1,0,0,1,0,1,1,0,1,0,1,1,0,0
832|1,0,1,1,0,1,1,0,1,0,1,1,1,0,1,1,0
831|1,1,1,1,1,1,0
830|1,1,0,1,1,0,1,1,1,0,1,1,0,0
829|1,1,0,1,1,0,1,1,1
828|1,0,1,0,1,1,1,1,1,0,0,1
827|1,1,0,1,1,1,0,0,1,1,0,0,1,0,1,0,1
826|1,1,0,1,0,1,1,1,1,0,1,0,1,0,1,1,0,1,0,1,0
825|1,0,1,1,0,1,1,0,1,1,1,0,1,1,0
824|1,0,1,0,1,1,1,1,0,1
823|1,1,0,0,1,0,0,1,1
822|1,0,1,1,0,1,0,1,0,1,0,1,1,1,0,0,1,0,1,1
821|1,0,0,1,0,1,0,1,0,0,1,0,1,1,1,0,1,1,1,0,1,1,0
820|1,0,1,1,1,0,1,1,1,0
819|1,1,0,1,1,1,1,0,1,0,1,1,0,1,0,0,0
818|1,1,0,1,1,1,1,0,1,0,0,1,1,0
817|1,0,1,1,1,0,1,1,1
816|1,0,1,1,1,1,0
815|1,1,1,0,1,0,1,0,1,1,1,0,1,0,0,1,0
814|1,1,1,0,1,0,1,1,0,1,1
813|1,1,0,1,0,1,1,0,1,1,1,0,1,0,1
812|1,0,0,1,1,0,1,0,1,1,0,1,1,1,0,1
811|1,0,1,0,1,0,1,0,1,1,1,0,0,1,0,1,1,1
810|1,0,1,0,1,1,1,1,1,1,0,1,0,1,0
809|1,1,0,1,1,0,1,0,1,0,1,0,1,1,0,1,1,0
808|1,1,0,1,1,0,1,0,1,0,1,0,1,0,1,0,1,1,1,1,0
807|1,0,1,1,0,1,0,0,1,1,0,1,1
806|1,1,0,1,1,0,1,0,1,1,1,0,1,1,0,1,0,1,0
805|1,0,1,1,1,0
804|1,0,1,1,0,1,1,0,1,0,1,1,1,0,1,0,1,0,1
803|1,1,1,0,1,1
802|1,0,1,0,1,1,0,0,1,0,0,1,1,0,1,1,1,1,0
801|1,0,1,1,1,0,1,1,0,1,0,1,1,1,0
800|1,1,1,0,1,0,1,1,0,1,0,1,1,0,1,1,0,1,0,0
799|1,1,0,1,1,1,0,1,0,1,0,0
798|1,1,0,1,0,1,0,1,1,0,0,1,1,1,1,0
797|1,1,1,1,1,1,0,1,0
796|1,1,0,1,0,1,1,1,1
795|1,1,1,1,1,0,0,1,1,0,1,0,1,0,0,1,0
794|1,1,1,1,0,1,0,0,1,1,0,1,0,1
793|1,1,0,1,1,0,1,1,0
792|1,1,1,0,1,0,1,0,1,1,1
791|1,0,1,0,1,0,1,0,1,0,0,1,0,1,1,0,1,1,0,1,0,1,1,0,1,1
790|1,0,1,1,1,0,1,0,1,1,1,0,1,1,0
789|1,0,1,0,1,0,1,1,0,1,1,1,1,0,1
788|1,0,1,0,1,0,1,1,1,0,1
787|1,0,1,0,1,0,1,1,0,1,0,1,1,1,0,1,0,1,1,0,0
786|1,0,1,1,1,1,0,1,1,0
785|1,0,1,1,1,0,1,0,1,0,1,1,0,1,0,1,0,1,0,1,0,1,1,0,1,1,0
784|1,0,1,0,1,0,1,1,0,1,0,1,1,1
783|1,1,1,0,0,1,1,0,1
782|1,0,1,1,1,1,0,1,1,1,0
781|1,1,1,0,1,0,1,0,0,1,0,1,0,0,1,0,1
780|1,1,0,1,1,1,1
779|1,0,1,0,1,1,0,1,1,1,0,1,1,0
778|1,0,1,0,1,1,1,1,0,1,1,1,0,1,0,0,0
777|1,0,0,1,0,1,0,1,1,0,0,1,1,1,1,0,0,0,1,0,1,0,1,0,1,0,1,0,1
776|1,1
775|1,0,0,1,0,1,1,1
774|1,0,1,1,1,1,0,1,1
773|1,0,1,0,1,1,1,0,1,0,1,0,1,0,0,1,0,1,1,0,1,1,1,0
772|1,1,0,1,1,1,0,1,0,1,1,1,0,1,0
771|1,0,1,0,1,1,1,1,1
770|1,1,0,1,1,0,1,0,1,1,1,1,0
769|1,1,0,1,1,1,1
768|1,0,1,1,1,1,1,1,0
767|1,1
766|1,1,0,1,1,1,1,0
765|1,0,1,0,1,0,1,1,1,0,1,1,1,0,1,0,1,1,0
764|1,1,1,0,1,1,1,0
763|1,0,1,1,1,1,0,1
762|1,0,0,1,1,0,1,0,1,1,1,0,1
761|1,0,1,0,1,0,1,0,1,1,0,0,1,0,1,1,1
760|1,0,1,0,1,0,0,1,0,1,1,0,1,0,1,1,1
759|1,0,1,0,1,1,0,1,1,1,1,0,1,0,0,0
758|1,1,1,1,1
757|1,0,1,1,1,1,0,1,1,0
756|1,0,1,1,0,1,1,0,0,1,0,1,1,0,1,1,1,0
755|1,1,0,1,1,0,0,1,0,0,1,1,1,0,1,1,0,1,0
754|1,1,1,1,0,1
753|1,0,1,0,1,0,1,0,0,1,1,0,0,1,0,1,1,0,1,0,1,0,1,1
752|1,1,0,1,1,0,1,1,0,1,1,0,1
751|1,0,1,0,1,1,0,1,1,0,1
750|1,0,1,1,0,1,0,1,0,1,0,0,1,1,1,1,0,0,1,1,0,0
749|1,1,1,0,0,1,0,1,1,0,0,1,0,1,0,1,1,1,0,1,0
748|1,1,1,1,1,1,0
747|1,1,0,1,1,1,0,1,1,1,0,0,1,0
746|1,0,1,0,1,1,0,0,1,1,1,0,1,1,0,0,1,1,0,0
745|1,0,1,0,1,0,1,0,1,0,1,1,1,0,0,1,1,1,1,0
744|1,0,1,0,1,1,1,0,1,1,1
743|1,0,1,0,1,1,0,1,1,1,1,1,0,1,0
742|1,1,0,1,1,0,0,1,0,1,1,0,1
741|1,0,1,1,1,1,1
740|1,1,1,1,0,1,1,0,1,0
739|1,0,1,1,1,1,0,1,1,0
738|1,1,1,0,1,1,1,0,1,0
737|1,1,1,1,0,1
736|1,0,1,0,1,1,0,1,1,0,1,1
735|1,1,0,1,0,1,1,1,1,1,0
734|1,0,1,1,0,1,1,0,1,1,1,0,1
733|1,0,1,1,1,1,1,0,1,0,1,0
732|1,1,0,1,0,1,1,0,0,1,1
731|1,0,1,1,1,0,1,1,1
730|1,0,1,1,1,1,0,1,0
729|1,0,1,0,0,1,1,1,1,0,1,1,0,1,0,1,1,0
728|1,1,1,1,1,0,1,0,1,0
727|1,1,0,1,1,0,1,1,0,1,1,1,0
726|1,1,1,0,1,0,1,1
725|1,0,0,1,0,0,1,0,1,1,0,1,1,0,1,1,0,1,0,1,1,1,0
724|1,1,0,1,1,1,1,0,1,0,1
723|1,0,1,1,1,1,1,1,0,1,0,0,1,0
722|1,1,0,1,0,1
721|1,1,0,1,1,0,1,1,0,1,1,0,0,1,1,0,1,0
720|1,1,0,1,1,1,0,0,0,1,1,0,1
719|1,1,0,1,1,0,1,0,1,1
718|1,1,0,1,0,1,0,1,1,1,0,1,1,1,0
717|1,0,1,1,1,1,1,0,1,0,1,0,1
716|1,0,1,1,0,1,1,0,1,0,1,1,0,1,0,1,0,1,1,1,0,1,0
715|1,0,1,0,1,0,1,0,1,1,0,0,1,1,1
714|1,1,1,0
713|1,0,1,1,0,1,1,1,1,0
712|1,1,1,0,1,1
711|1,0,1,1,1,1,0,1
710|1,0,1,1,1,1,1,0,0,1,0,0,1
709|1,0,1,1,0,1,0,1,0,1,0,1,1,1,0,1
708|1,0,1,0,1,0,1,1,0,1,0,0,1,1,1,1,1,0,1,0,1,0,1,0
707|1,0,1,0,1,0,1,0,1,0,1,0,1,1,1,0,1,1,0,1,0,1,0,1,1
706|1,1,1,1,1,1,0,1,0
705|1,1,1,1,0,1,0,1,1
704|1,1,1,1,0,1
703|1,1,1,0,1,0,1,0,0,1,1,0,1,0,1,1,0,0
702|1,0,1,1,1,1,1
701|1,0,1,0,1,0,1,1,0,1,1,1,1
700|1,1,0,0,0,1,1,1,0
699|1,1,1,0,1,0,1,1,0,1,0,1
698|1,1,0,1,1,0,1,1,0
697|1,0,1,0,0,1,0,1,1,1,1,0,1,1
696|1,1,0,1,1,0,1,1,1,0,1,0,1,1,0,1,0
695|1,1,1,1,1,0,0
694|1,1,1,0,1,0,1,0,0,1,0,1
693|1,1,1,0,1,1,0,1,0,1,1,0,1,0,1,0,1,0,1,0,1,1,0,1,0
692|1,0,1,0,1,0,1,0,1,0,1,1,0,1,1,0,1,1,1
691|1,0,1,1,1,1,1,0,1,0,1
690|1,1,0,1,1,0,1,0,0,1,1,1,0
689|1,0,0,1,1,1,1,1,1,0
688|1,0,1,0,1,0,0,1,1,1,1,1
687|1,0,1,0,1,0,0,1,1,1,1,1,1,0
686|1,0,1,1,0,1,1,0,1
685|1,1,0,1,0,1,1,0,1,1,0,1,1,1,0
684|1,1,1,0,1,1,0,1,0,1,1,0,0,1
683|1,1,0,1,1,0,1,1,1,0
682|1,0,1,1,1,0,1,1,1,1,0
681|1,1,1,1,0,1,0,1,1,1,0
680|1,0,1,1,1,0,1,1,1,0
679|1,0,1,1,0,1,0,1,1,1
678|1,1,1
677|1,0,1,0,1,1,1,1,0,1,1,0,1,1,0,1,0,1,0
676|1,1,0,0,1,1,0,1,1,0,1,0,1,0,1,1
675|1,1,0,1,0,1,1,1,0,1,1,1,0,1,0
674|1,1,0,1,1,1,1,0
673|1,0,1,1,1,1,1,0
672|1,0,1,1,0,1,0,1,1,1,0,1,1,0,1
671|1,1,0,1,0,1,0,1,1,0,1,1,0,1,0,1,1,0
670|1,0,1,1,1,1
669|1,1,0,1,0,1,0,1,0,1,1,0,1,0,1,1,0,1
668|1,1,0,1,1,1,0,1,1,0,0,1,0,1,0
667|1,0,0,1,1,1,1,0,1
666|1,0,0,1,0,1,1,1,1,1,0,1,0,1,0,1,0,1,0,1
665|1,1,0,1,1,0,1,1
664|1,0,1,0,1,1,0,1,0,0,1,1,1,1,0,1,1,0
663|1,1,0,1,0,0,1,1,0,1,1
662|1,0,0,1,1,0,1,1,0,1,1,0,0,1,1,0,1,0,0,1,1,0,1,0
661|1,0,1,0,1,1,1,0,1,1,1,0,1,1,0
660|1,0,1,0,1,0,1,0,1,1,0,1,1,1,1,0,1,0
659|1,0,1,1,1,1,0,1,0,1,0,1,1,0
658|1,1,1,0,1
657|1,0,1,1,0,1,1,1,1,1,0
656|1,0,1,1,1,0,1,1,0
655|1,1,0,0,1,0,1,0,1,0,1,0,1,0,1,1,0,1,0,1,0,1,1,1,1,0
654|1,0,1,0,1,0,1,0,1,0,1,1,1,1,0,1,0,1,1
653|1,1,1
652|1,0,1,1,0,1,1,1,0,1,0,1,1,1,0
651|1,0,1,0,1,1,0,1,1,1,0,1,1,1,0,1,0,0
650|1,1,1,0,1,1,0,1,0,1
649|1,1,1,0,1,1,0,1,1,0,1,0,1,1,0,0,1,0,1,0,0
648|1,1,0,1,1,0,1,1,0,0,1,0,1,1,1,0
647|1,1,1,0,1,1,1,1,0,1,0,1,0,1,0
646|1,0,1,1,0,1,1,1,1,1,0,0,1,0,0
645|1,1,0,1,1,0,1
644|1,1,1,1,0,1,0,1,1,0,1,0
643|1,0,0,1,0,1,0,1,0,1,1,0,0,1,0,0,1,1,0,1,1,0,0,1,0,0,1,1,0,1,0
642|1,0,1,1,1,1,0,1,0,1,1,0,1,0,0
641|1,0,1,1,0,1,1
640|1,0,1,1,1
639|1,1,0,1,1,1,0,1,1,0,1,0
638|1,0,1,1,0,1,1,1,0,1,1,0,1,1,0,1,0,1,0,0
637|1,1,1,0,1,0,1
636|1,0,0,1,0,1,0,1,1,1,0,1,1,1,0,1,1,0,1,0,0
635|1,1,1,0,1,0,0,1,1,0,1,1,0,1
634|1,1,0,1,1,0,1,1,0,1,0,0,1,1,0,1,1,0
633|1,1,1,0,1,0,0,1,0,1,0,1,0,1,1,0,1,0,1,1
632|1,1,1,1,0,1,1,0,0,1,0,0,1,0
631|1,0,1,1,0,1,1,1,1,0
630|1,1,1,0,1,0,1,1,1,0
629|1,0,1,0,1,1,1,1,0
628|1,0,1,0,1,1,1,1,0,1
627|1,0,1,1,0,1,1,0,0,1,0,1,1,0,1,1,0,1,0
626|1,1,0,0,1,0,0,1,1,1,1,0
625|1,1,1,0,1,0,1,1,0,0
624|1,0,1,1,1,0,1,1,1
623|1,0,1,0,0,1,1,1,1,1
622|1,1,1,0,1,1,1,0,1
621|1,1,0,0,1,0,1,1,1,1,0,1,0,1
620|1,1,1,0,1,1
619|1,1,0,1,0,1,0,1,0,1,1
618|1,0,1,1,0,1,0,1,1,0,1,1,0,1,0,1,1,0,1
617|1,0,1,1,0,1,1,1
616|1,0,1,0,1,0,1,1,1,0,0,1,1,1,1,0
615|1,1,1,1
614|1,0,1,0,1,1,1,1,1,0,1,0
613|1,1,1,1,0,0,1,0,1,0,0
612|1,0,1,0,1,0,1,1,0,1,1,1,1
611|1,1,0,1
610|1,0,1,1,0,1,1,1,0,1,0,1,1,0
609|1,1,0,1,1,0,1,1,1,0,1,1,0
608|1,0,1,1,0,1,0,1,1,1,1,1,0,0,0
607|1,0,1,0,1,0,1,1,0,1,1,1,1,0
606|1,1,1,1
605|1,1,0,1,0,1,0,1,1,0,1,1,1,0,1,1,0
604|1,0,1,1,1,1,0,1,1,0
603|1,1,1,0,1,1
602|1,0,1,0,1,1,0,1,0,1,1,0,1,1,0,1,1
601|1,0,1,1,0,1,0,1,1,1,1,0,0,1,0,1
600|1,0,1,0,1,1,0,1,1,0,1
599|1,0,0,1,1,0,1,1,1,1,1,0,0,1,0
598|1,0,1,1,1,0,1,1,1,1,0
597|1,0,1,1,1,1
596|1,0,1,0,1,0,1,1,0,1,1,0,1,1,1,0,1,0,1,0,1,1,0
595|1,1,1,0,1,1,0,1,1,1,0
594|1,1,1,1,1,1,0
593|1,1,1,1,0,1,1
592|1,0,1,1,0,1,0,1,1,0,1,1,1,1,0
591|1,0,1,0,0,1,1,0,1,1,1,0,1,0,1,0,1,0,1,1,1,0
590|1,1,0,0,1,1,1,0,1,1,0,1,0,1,1,0,1,0
589|1,1,0,1,0,1,0,1,0,1,0,1,1,1,1,0,1
588|1,0,1,1,1,1,0,1,1,0,1
587|1,1,1,0,1,0,1,1,1,0,1
586|1,0,1,0,1,0,1,1,0,1,1,1,1,0,1,1,0,1,0
585|1,0,1,1,0,1,0,1,0,1,1,1,0,1
584|1,0,1,1,1,0,1,0,1,0,1,1,0,1,1
583|1,1,1,1,1,0,1,0
582|1,1,1,1,0,1,0,1,1,0,1,1,0,1,0
581|1,1,1,1,0,1,1,0,1,0
580|1,0,1,0,1,1,1,0,1,0,1,1,0,1,1,1,0,1,0
579|1,1,1,1,1,0
578|1,0,1,1,1,0,1,1,0,1,0,1,1,0,1,0,0,1,0,1,0,0
577|1,1,0,1,1,1,1,0,0,1,0,1
576|1,0,1,0,1,0,1,1,1,0,1,0,1,0,1,1,0,1,1,1,0
575|1,1,0,1,0,1,1
574|1,0,1,1,0,1,1,1,1
573|1,1,1,1,0,0,1,1,0,1,0,1,0,1,0,1,0,0
572|1,1,1,0,1,1,1,0,0,1,0,0,0,1
571|1,1,1,1,0,1
570|1,1,1,1
569|1,0,1,0,1,0,1,1,1,1,1,1,0
568|1,0,1,1,0,1,0,1,1,1,0,1,0,1,1,1,0,1,0
567|1,0,1,0,1,0,1,0,1,0,1,0,0,1,1,1,1,0,1,0,1,1,1,0
566|1,1,1,0,1
565|1,1,0,1,1,0,1,1,0,1,1
564|1,0,1
563|1,1,0,1,0,1,1,1,1,0
562|1,0,1,0,1,1,1,0,1
561|1,1,0,1,1,0,1,1,1
560|1,0,0,1,1,1,1,1,0,1,0,1
559|1,1,1,1,1
558|1,0,1,0,1,1,1,1,1,1,0
557|1,0,1,0,1,1,1,1,0,1,0,1,0,1,1,0,0,1,0,1,1,0
556|1,1,1,0,1,0,1,0,1,0,0,1,1,0,1,1,0,0,1,0
555|1,0,1,1,1
554|1,0,1,1,0,1,0,1,1,0,0,1
553|1,1,1,1,0,1,0,1,0,1,1
552|1,0,1,1,1,0,1,1,1,0,1
551|1,1,1,0
550|1,0,1,1,1,0,1,1,0,1,1,1,0
549|1,0,1,1,1,0,1,0,1,1,0,1,1,0,1
548|1,0,1,1,0,1,1,0,1,1,0,0,1,1,0,1
547|1,1,0,1,1,0,1,0,1,1,0,1,1,1,0
546|1,0,0,0,1,1,0,1,1
545|1,0,1,0,1,1,1,0,1,1,1,0,1
544|1,1,0,1,0,1,1,0,1,1,0,1
543|1,1,1,0,1,0,1,1,1,0,1,0,1,0
542|1,0,1,0,1,1,1,1,0,1,1,1,0,1,0,0
541|1,1,0,1,1,0,0,1
540|1,0,1,1,1,0,1,1,1,0,1,1,0
539|1,1,0,1,0,1,1,0,0,1,0,1,0,1,0,1,0,1,0,1,0,1,1,1
538|1,1,1,0,1,0,0,1,0,1,1,0,1,0
537|1,0,1,1,0,1,1,1,1,0,1,0,1,0
536|1,0,1,1,1,1,0
535|1,0,0,1,0,1,1,0,1,1,1,1,0,1,0
534|1,1,0,1,0,1,1,1,0,1,0,1,1,0
533|1,1,1,0,1,1
532|1,1,1,0,0,1,1,1,0,1,0,1,1,0,1,0
531|1,1,0,0,1,1,1,0,1,1,0,1,0,1
530|1,0,1,1,0,1,1,1,0,1,0,1,1
529|1,0,1,1,1,1,0,0,1,0,1
528|1,0,1,1,0,1,1,1,1
527|1,1,1,1,0,1
526|1,0,1,1,1,1,1,0,1,1,0,1,0
525|1,1,1,0,1,0,1,1,0,1,1,0,1,0,0,1,0,1
524|1,1,0,0,1,1,1
523|1,0,1,1,0,1,1,1,0,0,1
522|1,1,1,1,0,1,1
521|1,1,0,1,0,1,1,0
520|1,1,0,1,1,1,0,1,1,0,1,1,0,1,0,0,1,0
519|1,0,0,1,0,1,1,0,1,0,1,1,0,1,0,0,1,1,0,1,1,0,1,0,1,1,0
518|1,0,0,0,1,1,1,0,1,1,0,1,1,0,0,1
517|1,0,0,1,0,1,0,1,0,1,0,1,0,1,1,1,0,1,0,1,1,0,1,1
516|1,0,1,1,1,1,1,0,1,0
515|1,1,1,0,1,0,1,1,0,1
514|1,1,0,1,1,0,1,1,1,0,1,0,1,0,1,0,1,1,0
513|1,0,1,1,0,1
512|1,1,1,0,1,1,0,1,0,1,1,0,1
511|1,0,0,1,1,0,0,1,1,0,1,0,1,1,0,0,1
510|1,1
509|1,0,1,0,1,1,1,1
508|1,1,1,0,1,1,0,1
507|1,1,1,0,1,1,1,0,1,0,1,1,0,1,0,1,0
506|1,1,0,1,1,0,1,1,0,1,1,0,1,0,0,1,0,1
505|1,0,1,0,1,0,1,0,1,1,0,1,1,1,1,0,1,0,1
504|1,0,1,1,1,1,1,0,0,1,0,1,0,0,1,0,1
503|1,1,0,1,0,1,0,1,1,0,1,1,1,0,1,0
502|1,0,1,1,1,0,0,1,1,1,0
501|1,0,1,1,0,1,1,1,1
500|1,1,0,1,0,0,1,1,1
499|1,0,1,0,1,1,1,0,1,1,1,0,1
498|1,0,1,1,0,0,1,0,1,1,1,0,1,1
497|1,1,1,1,1
496|1,1,0,0,1,0,1,0,0,1,1,1,0,1,1,0,1,1,0,1,0
495|1,1,0,1,1,0,1,1,0,1,1,0,1,1,0,1,0
494|1,0,1,1,1
493|1,1,1,0,1,0,1,1,0,1,1,1,0,0,1,0
492|1,1,1,0
491|1,1,1,1,1,1,0,1,0
490|1,1,0,1,0,1,0,1,1,1,1,0,1
489|1,0,1,0,1,0,1,0,1,1,1,1,0,1,1,0,0,1,0
488|1,0,1
487|1,0,1,1,1,0,1,1,1,0
486|1,1,0,1,0,1,1,0,0,1,0,1,1,1,0,1
485|1,0,1,1,1,1,0,1,0,1,0,0,1,0,1
484|1,0,1,0,1,1,0,1,0,1,1,0,1,1,1,0,1,0,1
483|1,0,1,1,0,0,1,1,0,0,1,0,1,1,1
482|1,0,1,1,1
481|1,1,1,1,0,1,1
480|1,1,0,1,0,1,1,1,1,1,0,0,1,0,0,1,0
479|1,0,1,0,0,1,0,1,1,1,1,1,1,0,1,0,1,0,1,0
478|1,0,1,1,1,1,0,1,0,1,1,0,0,1,0,1,1,0
477|1,1,1,1,0,1,0,1,0,1,1,0,0,1,0,1
476|1,0,0,1,1,0,1,1,0,1,0,1,1,0,1
475|1,0,0,1,0,1,0,1,0,1,0,1,0,1,0,1,1,0,1,1,1,1,1,0
474|1,1,0,1,1,0
473|1,1,1,1,0,1,0,1,1,0,1,1,0,1,0
472|1,1,0,1,0,1,1,0,1,1,0,0,1,0,1,1,1,0
471|1,0,1,1,0,1,1,1,0,1,0,0
470|1,0,1,1,1,1,0,1,0,1,1,1,0,1,0
469|1,1,0,1,0,1,1,0,1,1,1,1,0,0
468|1,1,0,1,1,0,1,1,0,1,1,0,0,1,0,1,0
467|1,1,1,0,1,0,1,0,0,1,1
466|1,0,1,0,1,1,1,0,1,0,1,1
465|1,1
464|1,0,1,1,0,1,0,1,1,0,1,0,1,0,1,0,0,1,1,0,0,1,1,1,0
463|1,0,1,0,1,0,1,0,1,0,1,0,1,1,0,1,1,0,1,1,1
462|1,1,0,1,0,1,0,1,1,0,1,1,0,1,1,0,1,1,0,0,1,0,1,0
461|1,1,0,1,1,1,1,0,1,1,0
460|1,0,0,1,1,1,0,0,1,1,1,0,1,0,1,1,0
459|1,0,1,1,1,0,1,1,1,0,0
458|1,1,1,1,1
457|1,0,1,1,1,1,0,1,0,1,1
456|1,0,1,1,1,0,1,1,0,1,0,1,0,0,1,1,0,1,0,1
455|1,0,1,0,1,1,1,0,1,1,0,1
454|1,0,1,0,0,0,1,0,1,1,1,0,1,1,1
453|1,1,1,0
452|1,0,1,0,1,0,0,1,0,1,0,1,1,0,1,0,1,0,1,1,0,1,1,1,0,0
451|1,1,0,1,1,0,1,1,0,1,1
450|1,1,0,1,0,1,1,0,1,0,1,0,1,0,1,1,1,0,1
449|1,0,1,1,1,0,1,0,1,1,1,0
448|1,1,1,1,0,1,0,1,1,0
447|1,1,0,1,1,1,1,0,1,0
446|1,0,1,0,1,0,1,1,0,1,1,1,1,0,1,1,0
445|1,0,1,1,0,1,0,1,1,1,0,1,1,1,0,1,0
444|1,0,1,1,0,0,0,1,0,1,0,1,1,1,0,1,0,1,1,0,1
443|1,1,1
442|1,0,1,0,1,1,0,1,1,0,1
441|1,0,1,0,1,1,0,1,0,1,0,0,1,1,0,1,1,1,1,0,1,0,0
440|1,1,1,1,0,1
439|1,0,1,1
438|1,0,1,1,0,1,1,1,0,1,1,0,1,0,1,1,0
437|1,0,1,1,0,1,1,0,0,1,1,1,0,1,0,1,1,0,1,0
436|1,1,1,0,1,0,1,0,1,1,0
435|1,0,1,1,0,1,1,1,1
434|1,1,1,1
433|1,1,0,1,1,1
432|1,1,1,0,1,0,1,1,1,1,0
431|1,1,1,1,1
430|1,0,1,0,1,0,1,0,0,1,0,1,1,1,0,0,1,0
429|1,0,1,0,1,0,0,1,1,0,1,0,1,1,0,1,1,0,1,1,0,1,0,1,0,1,1,0
428|1,1,0,1,1,1,0,0,1,0,1,1,0,0
427|1,0,1,1,0,1,0,1,1,1,1,0,0,1,0,0,1,1,0,1,0,1,0
426|1,0,1,0,1,0,0,1,0,1,1,1,0,1,0,1,0,1,1,1,0,0,1
425|1,1,1,1,0,1,1,0,1,1,0,1,0,1,0
424|1,0,0,1,1,1,1,0,0
423|1,0,0,1,0,1,1,0,1,0,1,1,1,0,1,1,0,1,0,1
422|1,0,1,1,1,0,0,1,1,1,0
421|1,0,1,0,1,0,0,1,1,1,1,1,1,0,1,0,1,0
420|1,1,1,1,1,0,1
419|1,1,0,1,0,1,1,0,1,0,1,1,1,0,1,1,0
418|1,1,1,0,1,0,1,1,1,0
417|1,0,1,0,0,1,0,0,0,1,1,1,1,1,0,1,0,1,0,1,0,1,0,1,1,0,1,0
416|1,0,1,0,0,1,1,0,1,1,0,1,1,0,1,1,0,1,0,1
415|1,1,0,1,1,0,1,0,1,1,0,1,1,1,0
414|1,1,1,0,0,1,1,0,1,1,0
413|1,1,1,0,1,1,1,0,1,1,0
412|1,0,1,1,1,1,1,1,0,1,0,0
411|1,1,0,1,1,0,1,1,0,1,0,1,1,0,1,0,1,0,1
410|1,1,1,1,0,0,1,1
409|1,0,1,0,1,1,1,1,0,0,0,1,1
408|1,0,1,0,1,1,1,1,0,1,0,1,1,1,0,1,0,0
407|1,1,0,1,0,1,1,0,0,1,1,0,1,1,1,0,1,0,1,0,1,0,0
406|1,0,1,0,1,1,0,1,0,1,0,1,1,1,1,1,0
405|1,1,0,1,1,0,1,1,1,1,0,0,1,0,1,0
404|1,0,0,1,0,1,1,1,1,0,0,1,1
403|1,1,0,0,1,1,1,1,1,0
402|1,0,1,0,1,1,1,1,0,1,1,0,1
401|1,0,1,0,1,1,0,1,1,0,1,1,1,1,0,1,0
400|1,0,1,1,0,1,0,0,1,0,1,0,1,0,1,0,1,0,1,1,1,0,1,1,0,1,0,1
399|1,0,1,0,1,1,1,1,0,0,1,0,1,1,0
398|1,0,1,1,0,1,1,0,1,0,1,1,0,1,1,0,1,1,0
397|1,0,1,0,0,1,1,0,1,1,0,1,0,0,1,0,1,1,0,1,1
396|1,0,1,1,0,1,1,1,1,0,1
395|1,0,0,1,1,0,1,0,1,0,1,1,1,1
394|1,0,1,1,1,1,1,0,1,1,0,1,0
393|1,0,1,0,1,1,1,1,0,1,0,1
392|1,0,1,0,1,0,1,1,1,1,0,0,1,0,1,0,1,1,0,1,1,0,1,0
391|1,0,1,1,1,1,1,0
390|1,0,0,1,0,1,0,0,1,0,1,0,1,1,0,1,0,1,1,1,0,0,1,1,0,1
389|1,1,1,1,1,1,0,0
388|1,1,1,0,1,1,0,1,1,0,1
387|1,0,1,1,1,1,1,0,0,1
386|1,1,0,1,0,0,1,1,0,1,1
385|1,1,0,1,1,0,1,0,0,1,1,0,1,0,1,1
384|1,0,1,0,1,1,1,0,1,1,1,1,0,1,0,1,0
383|1,0,1,1,0,1,0,1,0,1,1,1,0,1
382|1,1,1,0,1,1,0,1
381|1,0,1,1,1,0,1,1,0,1,1,0,1
380|1,1,1,1,0,1
379|1,0,1,1,1,0,1,0,0,1,0,0,1,0,1,0,1,0,0,1,0,0,1,0,1,1,0,1,0,1
378|1,0,1,0,0,1,0,1,1,1,0,1,1,1,0
377|1,0,1,0,1,0,1,1,0,1,1,1,0,0,1,0,1,0,1,1
376|1,1,1,1,0,1,1,0,1,0,1
375|1,0,1,0,1,1,0,1,1,0,1,1,1,1,0
374|1,0,0,1,1,0,1,0,1,1,1,1,1,0
373|1,1,0,1,1,0,1,1,0,1,1
372|1,1,1,1,1,0,1,0,1,0,1,1,0,1,0,1,0
371|1,0,1,1,1,1,1,1,0
370|1,1,1,1,1,0,1,1,0
369|1,1,1,0,1,1,1,1,0,1,0,1,0
368|1,0,1,1,1,1,1
367|1,1,1,1,0,1,0,0,1,1,0,1,0
366|1,1,1,1,0,1,1,1,0
365|1,1,1,0,1,1,0,1,0,1,1,1,0
364|1,0,1,1,1,0,1,0,1,0,0,1,0,1,0,1,1,0,1
363|1,0,1,1,1,0,0,1,1,1,1,0,0
362|1,0,1,1,1,0,1,1,0,1,1
361|1,1,1,1,1,1,0
360|1,0,1,1,1,1,1,1,0
359|1,0,1,0,1,1,0,1,1,1,0,1,1,0,1
358|1,1,0,1,1,1,0,0,1,1,0,1,0
357|1,1,1,1,0,1,1,1,0
356|1,1,1,1,1,1,0,1,0,1,0,1,0,1,0,1,0
355|1,0,1,1,1,1,0,1
354|1,1,1,1,1,0,1,0,1,1,0,1,0
353|1,1,0,1,1,1,0,1,0,1,1,0
352|1,0,1,1,1,1,1,1,0,1,0,0
351|1,0,1,1,1,0,1,0,1,1,1,1,0
350|1,0,1,1,1,1,0,1,1,0,1,0,1,0
349|1,0,1,1,1,0,1,1,0,0,1,0,1,0,1,1,1,0,1,0
348|1,1,1,1,0,0,1
347|1,0,0,1,0,1,0,1,0,1,1,1,0,1,1,1,1,0
346|1,0,0,1,1,1,0,1,1
345|1,1,1,0,0,1,1,1,1,0
344|1,0,0,1,0,1,0,1,1,0,1,1,0,1,1,0,1,0,1,0,1,1,1,0,1,0,1,0
343|1,0,1,0,1,0,1,1,0,1,1,0,1,1
342|1,0,1,1,1,1,1,1,0,0
341|1,1,1,0,1,1
340|1,0,1,1,1,1,0,1,0,1,0,1,1,0,1,1,0
339|1,0,0,1,0,1,1,0,1,1,1,1,1,0
338|1,1,0,1,1,0,1,1
337|1,0,1,1,0,1,0,1,1,1,0,1,1,0,1,1,0,0
336|1,0,1,1,1,1,1,0
335|1,1,1,1,0,1,1,1,0,0
334|1,1,0,1,1,1,1,1,0
333|1,0,1,0,1,1,1,0,1,0,0,1,0,1,0,1,0,1,1,1,0,0,1,0,0,1,1,0
332|1,0,1,1,1,1,0,1,0,0,1,0,1,0,1,1
331|1,0,1,0,1,1,1,1,0,1,1,0,1
330|1,0,1,0,1,1,1,0,0,0,1,1,0
329|1,0,0,1,1,0,1,0,1,0,1,0,1,1,0,1,1,0,1,0,1,1
328|1,0,1,1,0,1,1,0,1,1,0,0,1,0,1,0,1,0
327|1,1,0,1,1,0,1,1,0,1,1,0,1,0
326|1,1,1,1,0,1,0,1,1
325|1,0,1,0,1,1,0,1,0,1,0,1,0,1,1,0,1,0,1,1
324|1,0,1,1,1,0,1,0,1,1,0,1,0,1,1
323|1,0,1,0,1,0,1,0,1,1,0,1,0,0,1,1,0,1,1,1
322|1,0,1,1,1,0,1,0,1,1,1,0
321|1,0,0,1,0,1,1,1,0,1,1,1,0,1,0
320|1,0,0,1,0,1,0,1,1,1,0,1,1,0,1,1
319|1,1,0,1,1,1,1
318|1,1,0,1,1,1,0,1,1,1,0,1,0,1,0,1,0
317|1,0,1,0,1,0,1,0,1,1,1,1,0,1,0,1,1,0,0,1,0,1,1,0
316|1,1,1,0,1,1,0,1,1,1,0,1,0,1,0,1,0
315|1,0,1,1,0,1,1,1,0,1,0,1,0,0
314|1,1,0,1,1,0,1
313|1,0,0,1,0,1,1,0,1,0,1,1,1,1,1,0
312|1,0,1,0,1,1,1,1,0,1,0,1,0,1
311|1,0,1,1,1,0,1,1,0,1,1,0,1,0
310|1,1,0,1,0,1,1,1,1,1,0
309|1,0,1,1,0,1,1,1,0,0,1,1,1,0,0,0,1,0,1,0,1,0
308|1,1,1,0,1,0,1,1,0,1,0,0,1,0,1,1,1,0
307|1,0,1,0,1,1,1,1,1,0,1
306|1,0,1,1,0,0,1,0,1,0,1,0,1,0,1,0,1,1,0,1,1,0,1,1,1,0,0
305|1,1,0,0,1,0,1,1,1,1,1,0
304|1,0,1,0,1,1,0,1,0,1,1,1,0,1,1,1,0,1,0,0
303|1,0,0,1,1,0,0,1,1,0,1,1,1,1,0
302|1,0,1,1,1,0,1,1,1,0,1,0,1,0,1,0,1,0,0,1,1,0
301|1,0,1,0,1,0,1,0,1,0,1,0,1,0,0,1,0,1,1,1,1,1
300|1,1,0,1,0,1,1,1,1,1,0
299|1,0,1,0,1,0,0,1,1,1,0,1,1,0,1,1,0,1,0,1,0,1,1,0
298|1,1,0,1,0,1,1,1,1,0
297|1,0,1,1,1,1,1,1,0,1,0,0
296|1,0,1,0,0,1,0,0,1,1,0,1,1,0,1,1,1,0,1,0,1,1,0,1,0
295|1,0,1,0,1,1,1,1,1
294|1,1,0,0,1,1,1,1,1,0
293|1,0,1,0,1,0,1,0,1,1,0,1,1,0,1,1,0,1,1,1,0,1,0
292|1,1,1,1,1,0,1,0,1,0,1
291|1,0,1,0,1,1,1,1,1,0,1,1,0,1,0
290|1,1,0,1,1,1,1,0,1,0,1,0,1,1,0,1,0
289|1,1,0,1,1,1,1,0,1,0,0
288|1,0,1,1,1,1,0,1,0,1,1,1,0
287|1,0,0,1,1,1,1,1,1,0
286|1,1,0,1,0,1,1,1,0,1,0,1,0,0,1,0,1,1,0
285|1,0,1,1,0,1,0,1,0,1,1
284|1,1,1,0,1,1,1,0
283|1,1,0,1,0,1,1,1,1
282|1,0,0,1,0,1,0,1,1,1,1,0,1,1,0,1
281|1,1,1,0,1,1
280|1,0,1,1,1,0,1,0,1,0,1,1,1,0,0,1,1,0,1,0
279|1,0,1,0,1,1,1,0,1,0,1,1,0,1,1
278|1,1,0,1,0,1,1,0,1,0,1,1,1,1,0,1,0,1,0
277|1,1,1,0,0,1,1,1
276|1,0,1,1,1,0,1,1,0,1,1,0,1
275|1,0,1,1,0,1,1,1,0,1,1,1,0,1,0
274|1,1,1,0,1,0,1,1,0,1,1,0,1,0,1
273|1,0,1,0,1,1,1,0,1,1,0
272|1,0,1,1,1,1,1
271|1,0,1,1,1,1,0,1,1,0,1,0,0,0,1,1,0,1,0
270|1,1,0,1,1,1,1,0,1,0,1,0
269|1,0,1,1,1,1,1
268|1,1,1,0,0,1,1,1,1,0,0
267|1,0,1,0,1,0,1,1,0,1,0,1,1,0,1,1,1,0
266|1,0,1,1,1,1,1,0
265|1,1,1,1,1,1,0
264|1,0,1,1,1
263|1,0,1,0,1,1,0,1,1,1,1,0,1,1,0
262|1,1,1,1,0,1,1,0,1,1,0,1,0
261|1,1,1,1,1,0,1
260|1,0,1,0,1,1,0,1,1,1,1,0,0,1
259|1,0,0,1,0,1,1,1,1,0,1,1,1,0,1,0
258|1,0,1,0,1,0,1,1,0,1,1,1,0,1,1,0,1,1,0
257|1,1,1,1,0,1,1,1,0,1,0,0
256|1,0,1,1,1,0,1,1,0,1,0,1,1,1,0,1,0
255|1,0,1,0,1,0,0,1,1,0,1,1,0,1,0,1,1,0,1,0,1,0,1,0,1,1
254|1,1,0,1,1,1,1,1,0,1,0,0
253|1,0,1,1,1,1,0,1,1,0,1,0
252|1,0,1,1,1,0,1,1,0,1,0,1,1,0,1,0,1,0,1,0
251|1,0,1,1,1,1,1,1,0,1,0
250|1,1,1,0,1,0,1,1,1,0,1,0,1
249|1,1,0,1,1,1,0,1,0,1,1,0,1
248|1,1,1,0,1,0,1,1
247|1,0,1,1,0,1,1,0,1,1,0,1,1,0,0,1,0,1
246|1,0,1,0,1,1,0,1,0,1,0,1,0,1,1,0,1,1,1,0,1
245|1,1,0,1,0,1,0,1,1,0,1,1,0,1
244|1,1,0,1,1,1,0
243|1,1,1,0,1,1,0,1,1,1,0
242|1,0,1,0,1,0,1,1,1,0,1,0,1,0,1,0,0,1,1,0,1,1
241|1,1,0,0,1,0,1,1,0,1,0,1,1,1,0,1,0
240|1,0,0,1,0,1,0,1,0,1,1,0,1,0,1,0,1,1,0,0,1,0,1,1,1,1,0,1,0
239|1,0,1,0,1,0,1,0,1,1,1,0,1,1
238|1,1,0,1,1,0,1,0,1,1,1,0,1,1,0,1,0
237|1,1,1,1,0,1,1,0,1,0,1
236|1,1,1,0,1,0,1,1,1,0,1,0,0,1,0
235|1,1,1,1
234|1,1,1,1,1,1,0,0
233|1,0,1,0,0,1,0,1,0,1,1,1,1,0,1,1
232|1,1,1,1,1,1,0
231|1,0,1,1,1,0,1,0,1
230|1,0,0,1,1,0,1,0,1,1,0,1,1
229|1,1,1,1,0,1
228|1,0,1,1,1,0,1,1,1,1,0
227|1,0,0,1,0,1,0,1,0,1,1,0,1,1,1,0,1,1,0,1,1,0,1,0,0
226|1,1,0,1,1,0,1,0,0,0,1,0,1,0,1,0,1,0,1,0,1,0,1,1
225|1,1,1,0,1,1,1,1,0,1,0
224|1,0,1,1,1,0,1,1,1,0
223|1,0,1,1,0,1,1,1,1,0,1,0,1,0
222|1,0,0,1,1,1,1,0,1
221|1,1,1,0,1,1,1
220|1,1,1,1,0,1,1,0
219|1,0,1,1,0,1,1,1,1,0,0,1,1,0
218|1,1,1,0,1,1,0,1,1,0,1,0,1,0
217|1,0,1,0,1,0,1,0,1,1,0,1,0,1,1,0,1,1,1,1,0,1,0,1,0
216|1,1,1,1,0,1,1,1,0,1,0
215|1,0,1,1,1,0,1,0,0
214|1,0,1,0,1,0,1,1,1,0,1,1,1
213|1,1,0,1,1,0,1,1,0
212|1,0,1,1,1,1,0,1,1,1,0
211|1,0,1,0,1,1,0,0,1,1,1,1,1,0,0,1,0
210|1,1,1,1,0,0,1,1,0,1,0,1
209|1,0,1,0,1,1,1,1
208|1,1,0,1,0,1,0,1,0,1,1,0,0,1,0,1,0,1,1,0,1
207|1,0,1,0,1,1,1,1,1,0,1,0
206|1,0,1,0,1,1,1,1,1,0,1,0
205|1,0,1,1,0,1,0,1,1,1,0,1,0,0,1,1,0,0,1,0,1,1,0
204|1,0,1,1,0,1,0,1,1,1,0,1,0,1,0,0,1
203|1,1,0,1,1,1,0,1,1,1,0
202|1,0,0,1,0,1,0,0,1,0,1,1,0,1,1,0,1,1,1
201|1,0,1,0,1,1,1,0
200|1,0,1,1,0,1,1,1,1,0,1,0,1,0
199|1,1,1,0,1,1,1,1,0
198|1,1,0,1,1,1,1
197|1,0,1,1,1,1,0,1,0,0,1,0,1,1
196|1,0,1,1,1,1,1
195|1,0,1,0,1,1,0,1,0,1,1,1,0,1,0,1,1,0,1,0,1,1,0
194|1,0,1,0,1,0,1,0,1,0,1,1,1,0,1,1
193|1,0,1,1,1,1,0,1,1
192|1,0,1,1,0,1,1,0,1,1,1,0,1,0
191|1,1,0,1,1,0,1,1,1,0,1,1,0,1,0,1,0,1,0,0,1,0
190|1,0,1,1,0,1,1,0,1,1,1,1,0,1,0,0,1,0,1,0
189|1,1,0,1,0,0,1,1,0,1,0,1,0,1,0,1,0,1,1,1,0,1,1,0
188|1,0,1,0,1,1,1,1,0,1
187|1,0,1,1,0,1,1,1,1,0,1,0,0,1,0
186|1,1,0,1,0,1,0,0,1,0,1,1,1,1,0
185|1,1,1,1,0,1,1,0
184|1,1,0,1,0,1,0,1,1,0,1,0,1,0,1,1,0,1,1,1,0
183|1,0,0,1,0,1,1,1,1,0,1,1
182|1,0,1,1,1,0,1,1,1,0,1,0,1,0,1,1,0,1,0,1,0,1,0
181|1,0,1,0,1,1,1,1,1,0
180|1,1,1,0,1,0,0,1
179|1,0,1,0,1,1,1,0,1,1,1,0,1,1,0,1,0,1,0
178|1,0,1,0,1,0,1,0,1,1,1
177|1,0,1,1,0,1,0,1,0,1,1,1,0,1,1,0,1,0
176|1,0,1,1,0,0,1,0,1,0,1,0,1,0,1,1,0,1,1,1,1,0,0,1,0
175|1,1,0,1,0,1,0,1,1
174|1,1,0,1,0,1,0,1,0,1,0,1,1,0,0,1,0,1,1,1,1,0
173|1,1,0,1,1,1,1,0,1,0
172|1,0,1,1,1,1,0,1,1,1,0,1,0
171|1,0,1,1,0,1,0,1,0,1,0,1,1,0,1,0,1,1,0,1,1,0,1
170|1,1,1
169|1,1,1,1,1,0,1,1,0
168|1,1,0,1,1,0,1,1,0,1,1
167|1,0,1,1,1,0,0
166|1,1,1,0,1,0,1,0,1,1,0,1,1
165|1,1,0,1,1,0,0,1,0,1,1,0,1,1,0,1,0,1,1,0,0,1,0,1,0,0
164|1,1,0,1,1,1,1,0,1,0,1
163|1,0,0,1,0,1,1,0,1,0,1,1,0,1,1,0,1,1,1,0
162|1,0,1,0,1,0,1,0,0,1,1,0,1,0,1,1,0,1,1,1,0,0,1
161|1,1,1,0,1,1,0,1,0,0,1,1,0,1,0,1,0
160|1,0,1,1,1,0,1,0,1,1,0
159|1,0,0,1,0,1,0,1,0,0,1,1,1,1,0,0,1,0,1,0,1,0,0,1,1
158|1,1,0,0,1,0,0,1,0,1,1,0,1,0,1,1,1,0,1,0,1,1,0,1,0,1,0,1,0,1,0
157|1,0,1,1,0,1,0,1,1,1,0
156|1,1,0,1,0,1,1,1,1,1,0
155|1,1,0,1,1,1
154|1,1,0,1,0,1,0,1
153|1,1,0,1,1,1,0,1,0,1,1,1,0,1,0
152|1,1,1,0,1,0,1,0,1,1,1,0,1
151|1,1,1,1,1,1,0,1,0
150|1,1,0,0,1,0,0,1,0,1,1,1,0,1,1,0,1
149|1,1,0,1,0,1,0,1,1,0,0,1,1,0,1,1,0,1,0,0
148|1,0,1,0,1,1,0,1,0,1,1,1,1,1,0,1,0
147|1,0,1,1,0,1,0,1,1,1,1,0,1,0,1
146|1,0,1,1,1,0,1,0,1,1,1,1,0,1,0
145|1,0,1,1,1,0,1,0,1,1,0,1,0,1,0,1
144|1,1,0,1,1,1,0,1,0,1,1
143|1,1,0,1,0,1,1,1,1,0,1,0,1,0,1,0,1
142|1,0,1,1,0,1,1,0,1,1,1
141|1,0,0,1,1,0,1,0,1,1,1,0,1,1,0,1,1,0,1,0,0
140|1,1,0,1,1,1,1,1,0
139|1,1,1,1,0,1,0,1,1
138|1,0,1,0,1,0,0,1,1,1,1,1,1,0,0,1,0
137|1,0,1,1,0,1,1,1
136|1,0,1,0,1,1,1,1,1,0,1,0,1,0,1,0,1,0,1
135|1,0,1,1,0,1,0,1,1,1,1,0,0,1,0,0,1
134|1,0,1,1,1,1,0,1,1,0,1,0,1
133|1,1,1,0,1,1,1,1,0
132|1,1,1,0,1,1,0,1,0,1,0,1,1,0,1,0,1,0,1,0,1,0,0,1,1,0
131|1,1,0,1,1,1,0,1,0,1,1
130|1,1,0,1,0,1,1,0,1,1,1,0,1
129|1,1,0,1,1,0,1,0,0,1,1
128|1,0,1,1,0,1,1,0,1,1,1,0,1,0,1,0,1
127|1,0,1,0,1,1,0,1,1,1,0,1,1,1,0,1,0
126|1,1,0,0,1,0,1,0,1,0,0,1,1,1,0,1,1,1,0,1,0
125|1,0,1,0,0,1,0,1,1,0,1,0,1,1,0,1,1,0,1,1,1,0
124|1,0,1,1,1,0,1,1,1,0,0,1
123|1,1,0,1,0,1,0,1,1,0,1,1,0,1,0,1,0,1,1,1,0
122|1,1,1,1,0,1,0,1,1,1,0,1,0
121|1,0,1,1,1,0,1,0,1,0,0,1,0,1,1,1,0,1,0
120|1,0,1,1,1,0
119|1,0,1,0,1,0,1,1,1,1,1,0,0,1,1,0
118|1,0,0,1,1,1,0,0,1,1,0,1,1,0
117|1,0,1,0,1,0,1,1,0,0,1,0,1,1,0,1,1,1
116|1,1,1,0,1,1,0,1,0,1,0
115|1,0,1,1,0,1,1,0,1,1,1,0,1
114|1,1,0,0,1,0,1,1,0,1,0,1,0,1,1,0,1,0,0,1
113|1,0,1,1,0,1,1,0,1,1,0,1,1
112|1,1,0,1,0,1,1,0,0,1,1,1
111|1,0,1,1,0,1,0,0,1,1,0,1,1,0,1,1,0
110|1,0,1,1,0,1,1,0,1,1,1,0,1,0,1
109|1,1,0,1,1,1,0,1,1
108|1,1,0,1,0,1,1,1,0,1,0,1,0,1,1,1,0
107|1,1,0,1,1,1,0,0
106|1,0,1,1,1,1,1,0,1,0,0
105|1,0,1,0,1,1,0,1,1,1,0,1,0,1,0,1,0,1,1,1,0,1,0,0
104|1,1,1,0,1,0,1,0,1,1,0,1,1,1,0
103|1,0,1,0,1,0,1,0,1,1,1,1,0,1,1,0
102|1,0,1,0,1,0,1,0,1,1,1,1,1,0
101|1,1,0,1,1,0,0,1,1,1,0,1,0
100|1,0,1,0,1,0,1,0,1,0,0,1,0,1,1,0,0,1,1,0,1,0,1,1,1
99|1,0,1,0,1,0,1,1,1,1,0,1,0
98|1,0,1,1,1,0,1,0,1,1,0,1,1,0
97|1,0,1,1,1,0,1,0,1,1,0,1,0
96|1,0,1,0,1,0,1,1,0,1,1,0,1,1,0,1,0,1,0,1,1,1,0,0
95|1,0,1,0,1,1,0,0,1,1,1,1
94|1,1,1,1,0,1,1,1,0,1,0,1,0,1,0
93|1,0,0,1,0,1,1,0,1,1,1,0,1,0,1,0,1,1,0
92|1,0,1,1,1
91|1,0,0,1,0,1,1,1,0,0,1,0,1,1
90|1,1,0,1,1,0,0,1,1,0
89|1,0,1,1,0,1,1,0,1,0,1,0,1,1,1,0,1,1,0
88|1,0,1,1,1,1,1,0,1
87|1,0,1,0,1,0,1,1,0,1,1,1,1,0,1,1,0
86|1,1,0,1,1,0,1,1,0,1,1
85|1,0,1,0,1,0,1,1,1,1,1,0,1,1,0,1,0
84|1,0,1,1,1
83|1,0,1,1,1,0,1,1,0,1,0,1,1,0,1,0,1
82|1,0,1,1,1,1,0,1,0,1,1,1,0
81|1,1,0,1,1,1,1
80|1,1,1,0,1
79|1,0,1,1,0,1,0,1,1,0,1,1,1,0,1,0
78|1,0,1,1,0,1,0,1,1,1,1,0,1,1,0
77|1,0,1,0,1,0,1,0,1,1,1,1,1
76|1,0,1,1,1,1,1,1,0,1,0,0,1,0,1,0
75|1,0,0,1,1,0,1,1,0,1,1,0,1
74|1,1,1,0,1,1,0,1
73|1,0,1,1,1,0,1,1
72|1,1,0,1,0,1,0,1,0,1,1,1,1,1,0
71|1,0,1,0,1,1,0,1,1,0,1,0,0,1,1,0,0,0
70|1,0,0,1,1,0,1,1,1,1,0
69|1,1,0,1,0,1,0,1,1,0,0,1,0,1,1,1,1,0
68|1,0,1,1,1,1,0,1,1,0,1
67|1,0,1,1,1
66|1,0,1,0,1,1,1,0,1,1,0,1,1,0,1
65|1,0,1,0,1,1,1,1,1,0,1,0,1,0,0
64|1,0,0,1,0,1,1,0,1,1,1,0,1,1,0,1,0,1,1,0
63|1,0,0,1,1,0,1,0,1,1,1,0,1,1
62|1,1,0,1,0,1,1,0,1,1,0,1,0,1,0,0,1,1
61|1,0,0,1,1,0,0,1,1,0,1,1,0,1,1,0,1
60|1,0,1,0,1,0,1,0,1,0,1,1,1,1,1,1,0,1,0
59|1,0,1,0,1,0,1,1,1,1,0,1,1,0,1,0,1,0
58|1,1,0,1,1,0,1,1,1
57|1,1,0,1,1,1,1,0,0,1,1,0,1,0
56|1,0,1,0,1,1,1,0,1,1
55|1,0,0,1,0,0,1,1,0,1,0,1,1,1,0,1,0,1,0,1,0,0,1,1
54|1,1,1,0,1,0,1,1,0,1,1,0
53|1,0,1,1,0,1,1,1,0,1
52|1,0,1,0,1,0,1,1,1,1,1,0,1
51|1,1,1,0,1,0,1,1,0,1,1,0,1,1,0
50|1,0,1,1,0,0,1,0,1,1,0,1,1,0,1,0,1,0,1,0,0,1,1
49|1,0,1,0,0,1,0,1,0,1,1,1,0,1,1,0,1,0,1,1,1,0,0,1,0
48|1,1,1,1,1,1,0
47|1,0,1,0,1,1,0,0,1,1,1,0,1,0,1,1,0,1,0,1,1,0
46|1,1,1,0,1,0,1,1,1,0,1,0
45|1,1,0,1,0
44|1,0,1,0,1,0,1,0,1,1,0,1,0,1,0,0,1,0,1,0,1,1,1,0,1
43|1,0,1,1,1,1,1
42|1,0,1,0,1,1,1,1,0,1,1,0,1,0,1,0,1
41|1,0,1,1,0,0,1,0,1,0,1,0,1,1,1,1,0,1,0,1
40|1,1,0,1,0,1,1
39|1,1,1,0,1,1
38|1,0,1,1
37|1,0,1,0,1,1,0,1,1,1,0,1,1
36|1,1,0,1,0,0,1,1,1,1,1,0,1,0,1,0,0
35|1,1,1,1,0,1,0,1,0,1,1,1,0,1,0,0,1,0,1,0
34|1,0,0,1,0,1,1,0,0,1,1,0,1,0,0,1
33|1,1,0,1,1,0,1,0,1,1,1,0,1,0,0,1
32|1,0,1,0,0,1,0,1,1,0,1,1,1,1,0,1,1,0,0,1,0
31|1,1,0,1,1,1,1,0,1,1,0,1,0
30|1,1,1,1,1,0
29|1,0,1,1,0,1,1,1,1,0,0,1,0
28|1,0,1,1,0,1,1,0,1,1
27|1,0,1,0,1,1,1,1,0,1,1,1,0,0
26|1,0,1,1,0,1,0,1,0,1,0,1,1,1,0,1,0,1,1,0,1
25|1,1,1,0,1,1,0,1,1,0,0,1,0
24|1,0,1,0,1,1,1,1,1,1,0
23|1,0,1,0,1,1,0,1,0,1,1,0,1,1,0,0,1,1,1,0,0,1,0
22|1,0,1,1,1,0,1,1,1,1,0,1,0
21|1,1,1,0,1,0,1,1,1,0,1,0,1,0,1,1,0,1,0,0
20|1,1,0,1,1
19|1,1,1,1,1
18|1,0,1,1,0,0,1,1,0,1,1,0,1,1
17|1,1,0,0,1,0,1,1,0,1,0,0,1,1,1,0,1,1,0,1,0
16|1,0,1,0,1,0,1,0,1,0,1,0,1,0,0,1,0,1,1,1,1,1
15|1,0,1,0,1,1,0,1,1,0,1,1,0,0,1,1,1,0,1,0
14|1,1,1,1,1,0
13|1,1,1,1,0,1,1,0
12|1,0,0,1,0,1,1,1,1,0,1,0,1,0,1,1,1,0,0
11|1,0,1,1,1,1,0,1,0,1,1,0,1,1,0,0,1,0
10|1,1,1,0,1,1,0,1,1,0,1,0,1
9|1,0,1,0,1,1,1,0,1,0,1,1,0,1,1,1,0
8|1,0,1,0,1,1,0,1,1,1,1,0,1
7|1,0,1,0,0,1,1,1,1,1,1,0
6|1,0,1,0,1,1,0,1,1,1,0,1,0,1,1,0
5|1,0,0,1,0,1,0,1,1,0,1,1,1,0,1,0,1,1,0,0
4|1,0,1,0,1,0,1,1,1,0,0,1
3|1,1,1
2|1,1
1|1
0|
